global_step,stage_index,stage_name,level,domain_json
0,1,matlab_nominal_reproduction,0.0,"{'level': 0.0, 'physical': {'g': 9.8, 'c_theta': 0.025, 'c_alpha': 0.001, 'k_t': 0.231, 'k_b': 0.1875, 'k_u': 0.04706, 'R': 4.2857, 'm1': 0.20625, 'm2': 0.15845, 'l1cg': 0.080305, 'l1': 0.151894, 'l2cg': 0.066733, 'I1z': 0.00049228, 'I2x': 0.00036892, 'I2y': 2.3641e-05, 'I2z': 0.00036139}, 'init_theta_std_deg': 5.0, 'init_alpha_std_deg': 8.0, 'init_theta_dot_std': 0.0, 'init_alpha_dot_std': 0.0, 'pwm_limit': 150.0, 'pwm_gain': 1.0, 'pwm_bias': 0.0, 'pwm_deadzone': 0.0, 'pwm_noise_sigma': 0.0, 'actuator_tau': 0.0, 'action_delay_steps': 0, 'theta_bias': 0.0, 'alpha_bias': 0.0, 'theta_sigma': 0.0, 'alpha_sigma': 0.0, 'theta_dot_sigma': 0.0, 'alpha_dot_sigma': 0.0, 'encoder_quantization_rad': 0.0, 'velocity_lpf': 0.25, 'process_theta_dot_sigma': 0.0, 'process_alpha_dot_sigma': 0.0}"
2000,1,matlab_nominal_reproduction,0.0,"{'level': 0.0, 'physical': {'g': 9.8, 'c_theta': 0.025, 'c_alpha': 0.001, 'k_t': 0.231, 'k_b': 0.1875, 'k_u': 0.04706, 'R': 4.2857, 'm1': 0.20625, 'm2': 0.15845, 'l1cg': 0.080305, 'l1': 0.151894, 'l2cg': 0.066733, 'I1z': 0.00049228, 'I2x': 0.00036892, 'I2y': 2.3641e-05, 'I2z': 0.00036139}, 'init_theta_std_deg': 5.0, 'init_alpha_std_deg': 8.0, 'init_theta_dot_std': 0.0, 'init_alpha_dot_std': 0.0, 'pwm_limit': 150.0, 'pwm_gain': 1.0, 'pwm_bias': 0.0, 'pwm_deadzone': 0.0, 'pwm_noise_sigma': 0.0, 'actuator_tau': 0.0, 'action_delay_steps': 0, 'theta_bias': 0.0, 'alpha_bias': 0.0, 'theta_sigma': 0.0, 'alpha_sigma': 0.0, 'theta_dot_sigma': 0.0, 'alpha_dot_sigma': 0.0, 'encoder_quantization_rad': 0.0, 'velocity_lpf': 0.25, 'process_theta_dot_sigma': 0.0, 'process_alpha_dot_sigma': 0.0}"
4000,1,matlab_nominal_reproduction,0.0,"{'level': 0.0, 'physical': {'g': 9.8, 'c_theta': 0.025, 'c_alpha': 0.001, 'k_t': 0.231, 'k_b': 0.1875, 'k_u': 0.04706, 'R': 4.2857, 'm1': 0.20625, 'm2': 0.15845, 'l1cg': 0.080305, 'l1': 0.151894, 'l2cg': 0.066733, 'I1z': 0.00049228, 'I2x': 0.00036892, 'I2y': 2.3641e-05, 'I2z': 0.00036139}, 'init_theta_std_deg': 5.0, 'init_alpha_std_deg': 8.0, 'init_theta_dot_std': 0.0, 'init_alpha_dot_std': 0.0, 'pwm_limit': 150.0, 'pwm_gain': 1.0, 'pwm_bias': 0.0, 'pwm_deadzone': 0.0, 'pwm_noise_sigma': 0.0, 'actuator_tau': 0.0, 'action_delay_steps': 0, 'theta_bias': 0.0, 'alpha_bias': 0.0, 'theta_sigma': 0.0, 'alpha_sigma': 0.0, 'theta_dot_sigma': 0.0, 'alpha_dot_sigma': 0.0, 'encoder_quantization_rad': 0.0, 'velocity_lpf': 0.25, 'process_theta_dot_sigma': 0.0, 'process_alpha_dot_sigma': 0.0}"
6000,1,matlab_nominal_reproduction,0.0,"{'level': 0.0, 'physical': {'g': 9.8, 'c_theta': 0.025, 'c_alpha': 0.001, 'k_t': 0.231, 'k_b': 0.1875, 'k_u': 0.04706, 'R': 4.2857, 'm1': 0.20625, 'm2': 0.15845, 'l1cg': 0.080305, 'l1': 0.151894, 'l2cg': 0.066733, 'I1z': 0.00049228, 'I2x': 0.00036892, 'I2y': 2.3641e-05, 'I2z': 0.00036139}, 'init_theta_std_deg': 5.0, 'init_alpha_std_deg': 8.0, 'init_theta_dot_std': 0.0, 'init_alpha_dot_std': 0.0, 'pwm_limit': 150.0, 'pwm_gain': 1.0, 'pwm_bias': 0.0, 'pwm_deadzone': 0.0, 'pwm_noise_sigma': 0.0, 'actuator_tau': 0.0, 'action_delay_steps': 0, 'theta_bias': 0.0, 'alpha_bias': 0.0, 'theta_sigma': 0.0, 'alpha_sigma': 0.0, 'theta_dot_sigma': 0.0, 'alpha_dot_sigma': 0.0, 'encoder_quantization_rad': 0.0, 'velocity_lpf': 0.25, 'process_theta_dot_sigma': 0.0, 'process_alpha_dot_sigma': 0.0}"
8000,1,matlab_nominal_reproduction,0.0,"{'level': 0.0, 'physical': {'g': 9.8, 'c_theta': 0.025, 'c_alpha': 0.001, 'k_t': 0.231, 'k_b': 0.1875, 'k_u': 0.04706, 'R': 4.2857, 'm1': 0.20625, 'm2': 0.15845, 'l1cg': 0.080305, 'l1': 0.151894, 'l2cg': 0.066733, 'I1z': 0.00049228, 'I2x': 0.00036892, 'I2y': 2.3641e-05, 'I2z': 0.00036139}, 'init_theta_std_deg': 5.0, 'init_alpha_std_deg': 8.0, 'init_theta_dot_std': 0.0, 'init_alpha_dot_std': 0.0, 'pwm_limit': 150.0, 'pwm_gain': 1.0, 'pwm_bias': 0.0, 'pwm_deadzone': 0.0, 'pwm_noise_sigma': 0.0, 'actuator_tau': 0.0, 'action_delay_steps': 0, 'theta_bias': 0.0, 'alpha_bias': 0.0, 'theta_sigma': 0.0, 'alpha_sigma': 0.0, 'theta_dot_sigma': 0.0, 'alpha_dot_sigma': 0.0, 'encoder_quantization_rad': 0.0, 'velocity_lpf': 0.25, 'process_theta_dot_sigma': 0.0, 'process_alpha_dot_sigma': 0.0}"
10000,1,matlab_nominal_reproduction,0.0,"{'level': 0.0, 'physical': {'g': 9.8, 'c_theta': 0.025, 'c_alpha': 0.001, 'k_t': 0.231, 'k_b': 0.1875, 'k_u': 0.04706, 'R': 4.2857, 'm1': 0.20625, 'm2': 0.15845, 'l1cg': 0.080305, 'l1': 0.151894, 'l2cg': 0.066733, 'I1z': 0.00049228, 'I2x': 0.00036892, 'I2y': 2.3641e-05, 'I2z': 0.00036139}, 'init_theta_std_deg': 5.0, 'init_alpha_std_deg': 8.0, 'init_theta_dot_std': 0.0, 'init_alpha_dot_std': 0.0, 'pwm_limit': 150.0, 'pwm_gain': 1.0, 'pwm_bias': 0.0, 'pwm_deadzone': 0.0, 'pwm_noise_sigma': 0.0, 'actuator_tau': 0.0, 'action_delay_steps': 0, 'theta_bias': 0.0, 'alpha_bias': 0.0, 'theta_sigma': 0.0, 'alpha_sigma': 0.0, 'theta_dot_sigma': 0.0, 'alpha_dot_sigma': 0.0, 'encoder_quantization_rad': 0.0, 'velocity_lpf': 0.25, 'process_theta_dot_sigma': 0.0, 'process_alpha_dot_sigma': 0.0}"
12000,1,matlab_nominal_reproduction,0.0,"{'level': 0.0, 'physical': {'g': 9.8, 'c_theta': 0.025, 'c_alpha': 0.001, 'k_t': 0.231, 'k_b': 0.1875, 'k_u': 0.04706, 'R': 4.2857, 'm1': 0.20625, 'm2': 0.15845, 'l1cg': 0.080305, 'l1': 0.151894, 'l2cg': 0.066733, 'I1z': 0.00049228, 'I2x': 0.00036892, 'I2y': 2.3641e-05, 'I2z': 0.00036139}, 'init_theta_std_deg': 5.0, 'init_alpha_std_deg': 8.0, 'init_theta_dot_std': 0.0, 'init_alpha_dot_std': 0.0, 'pwm_limit': 150.0, 'pwm_gain': 1.0, 'pwm_bias': 0.0, 'pwm_deadzone': 0.0, 'pwm_noise_sigma': 0.0, 'actuator_tau': 0.0, 'action_delay_steps': 0, 'theta_bias': 0.0, 'alpha_bias': 0.0, 'theta_sigma': 0.0, 'alpha_sigma': 0.0, 'theta_dot_sigma': 0.0, 'alpha_dot_sigma': 0.0, 'encoder_quantization_rad': 0.0, 'velocity_lpf': 0.25, 'process_theta_dot_sigma': 0.0, 'process_alpha_dot_sigma': 0.0}"
14000,1,matlab_nominal_reproduction,0.0,"{'level': 0.0, 'physical': {'g': 9.8, 'c_theta': 0.025, 'c_alpha': 0.001, 'k_t': 0.231, 'k_b': 0.1875, 'k_u': 0.04706, 'R': 4.2857, 'm1': 0.20625, 'm2': 0.15845, 'l1cg': 0.080305, 'l1': 0.151894, 'l2cg': 0.066733, 'I1z': 0.00049228, 'I2x': 0.00036892, 'I2y': 2.3641e-05, 'I2z': 0.00036139}, 'init_theta_std_deg': 5.0, 'init_alpha_std_deg': 8.0, 'init_theta_dot_std': 0.0, 'init_alpha_dot_std': 0.0, 'pwm_limit': 150.0, 'pwm_gain': 1.0, 'pwm_bias': 0.0, 'pwm_deadzone': 0.0, 'pwm_noise_sigma': 0.0, 'actuator_tau': 0.0, 'action_delay_steps': 0, 'theta_bias': 0.0, 'alpha_bias': 0.0, 'theta_sigma': 0.0, 'alpha_sigma': 0.0, 'theta_dot_sigma': 0.0, 'alpha_dot_sigma': 0.0, 'encoder_quantization_rad': 0.0, 'velocity_lpf': 0.25, 'process_theta_dot_sigma': 0.0, 'process_alpha_dot_sigma': 0.0}"
16000,1,matlab_nominal_reproduction,0.0,"{'level': 0.0, 'physical': {'g': 9.8, 'c_theta': 0.025, 'c_alpha': 0.001, 'k_t': 0.231, 'k_b': 0.1875, 'k_u': 0.04706, 'R': 4.2857, 'm1': 0.20625, 'm2': 0.15845, 'l1cg': 0.080305, 'l1': 0.151894, 'l2cg': 0.066733, 'I1z': 0.00049228, 'I2x': 0.00036892, 'I2y': 2.3641e-05, 'I2z': 0.00036139}, 'init_theta_std_deg': 5.0, 'init_alpha_std_deg': 8.0, 'init_theta_dot_std': 0.0, 'init_alpha_dot_std': 0.0, 'pwm_limit': 150.0, 'pwm_gain': 1.0, 'pwm_bias': 0.0, 'pwm_deadzone': 0.0, 'pwm_noise_sigma': 0.0, 'actuator_tau': 0.0, 'action_delay_steps': 0, 'theta_bias': 0.0, 'alpha_bias': 0.0, 'theta_sigma': 0.0, 'alpha_sigma': 0.0, 'theta_dot_sigma': 0.0, 'alpha_dot_sigma': 0.0, 'encoder_quantization_rad': 0.0, 'velocity_lpf': 0.25, 'process_theta_dot_sigma': 0.0, 'process_alpha_dot_sigma': 0.0}"
18000,1,matlab_nominal_reproduction,0.0,"{'level': 0.0, 'physical': {'g': 9.8, 'c_theta': 0.025, 'c_alpha': 0.001, 'k_t': 0.231, 'k_b': 0.1875, 'k_u': 0.04706, 'R': 4.2857, 'm1': 0.20625, 'm2': 0.15845, 'l1cg': 0.080305, 'l1': 0.151894, 'l2cg': 0.066733, 'I1z': 0.00049228, 'I2x': 0.00036892, 'I2y': 2.3641e-05, 'I2z': 0.00036139}, 'init_theta_std_deg': 5.0, 'init_alpha_std_deg': 8.0, 'init_theta_dot_std': 0.0, 'init_alpha_dot_std': 0.0, 'pwm_limit': 150.0, 'pwm_gain': 1.0, 'pwm_bias': 0.0, 'pwm_deadzone': 0.0, 'pwm_noise_sigma': 0.0, 'actuator_tau': 0.0, 'action_delay_steps': 0, 'theta_bias': 0.0, 'alpha_bias': 0.0, 'theta_sigma': 0.0, 'alpha_sigma': 0.0, 'theta_dot_sigma': 0.0, 'alpha_dot_sigma': 0.0, 'encoder_quantization_rad': 0.0, 'velocity_lpf': 0.25, 'process_theta_dot_sigma': 0.0, 'process_alpha_dot_sigma': 0.0}"
20000,1,matlab_nominal_reproduction,0.0,"{'level': 0.0, 'physical': {'g': 9.8, 'c_theta': 0.025, 'c_alpha': 0.001, 'k_t': 0.231, 'k_b': 0.1875, 'k_u': 0.04706, 'R': 4.2857, 'm1': 0.20625, 'm2': 0.15845, 'l1cg': 0.080305, 'l1': 0.151894, 'l2cg': 0.066733, 'I1z': 0.00049228, 'I2x': 0.00036892, 'I2y': 2.3641e-05, 'I2z': 0.00036139}, 'init_theta_std_deg': 5.0, 'init_alpha_std_deg': 8.0, 'init_theta_dot_std': 0.0, 'init_alpha_dot_std': 0.0, 'pwm_limit': 150.0, 'pwm_gain': 1.0, 'pwm_bias': 0.0, 'pwm_deadzone': 0.0, 'pwm_noise_sigma': 0.0, 'actuator_tau': 0.0, 'action_delay_steps': 0, 'theta_bias': 0.0, 'alpha_bias': 0.0, 'theta_sigma': 0.0, 'alpha_sigma': 0.0, 'theta_dot_sigma': 0.0, 'alpha_dot_sigma': 0.0, 'encoder_quantization_rad': 0.0, 'velocity_lpf': 0.25, 'process_theta_dot_sigma': 0.0, 'process_alpha_dot_sigma': 0.0}"
22000,1,matlab_nominal_reproduction,0.0,"{'level': 0.0, 'physical': {'g': 9.8, 'c_theta': 0.025, 'c_alpha': 0.001, 'k_t': 0.231, 'k_b': 0.1875, 'k_u': 0.04706, 'R': 4.2857, 'm1': 0.20625, 'm2': 0.15845, 'l1cg': 0.080305, 'l1': 0.151894, 'l2cg': 0.066733, 'I1z': 0.00049228, 'I2x': 0.00036892, 'I2y': 2.3641e-05, 'I2z': 0.00036139}, 'init_theta_std_deg': 5.0, 'init_alpha_std_deg': 8.0, 'init_theta_dot_std': 0.0, 'init_alpha_dot_std': 0.0, 'pwm_limit': 150.0, 'pwm_gain': 1.0, 'pwm_bias': 0.0, 'pwm_deadzone': 0.0, 'pwm_noise_sigma': 0.0, 'actuator_tau': 0.0, 'action_delay_steps': 0, 'theta_bias': 0.0, 'alpha_bias': 0.0, 'theta_sigma': 0.0, 'alpha_sigma': 0.0, 'theta_dot_sigma': 0.0, 'alpha_dot_sigma': 0.0, 'encoder_quantization_rad': 0.0, 'velocity_lpf': 0.25, 'process_theta_dot_sigma': 0.0, 'process_alpha_dot_sigma': 0.0}"
24000,1,matlab_nominal_reproduction,0.0,"{'level': 0.0, 'physical': {'g': 9.8, 'c_theta': 0.025, 'c_alpha': 0.001, 'k_t': 0.231, 'k_b': 0.1875, 'k_u': 0.04706, 'R': 4.2857, 'm1': 0.20625, 'm2': 0.15845, 'l1cg': 0.080305, 'l1': 0.151894, 'l2cg': 0.066733, 'I1z': 0.00049228, 'I2x': 0.00036892, 'I2y': 2.3641e-05, 'I2z': 0.00036139}, 'init_theta_std_deg': 5.0, 'init_alpha_std_deg': 8.0, 'init_theta_dot_std': 0.0, 'init_alpha_dot_std': 0.0, 'pwm_limit': 150.0, 'pwm_gain': 1.0, 'pwm_bias': 0.0, 'pwm_deadzone': 0.0, 'pwm_noise_sigma': 0.0, 'actuator_tau': 0.0, 'action_delay_steps': 0, 'theta_bias': 0.0, 'alpha_bias': 0.0, 'theta_sigma': 0.0, 'alpha_sigma': 0.0, 'theta_dot_sigma': 0.0, 'alpha_dot_sigma': 0.0, 'encoder_quantization_rad': 0.0, 'velocity_lpf': 0.25, 'process_theta_dot_sigma': 0.0, 'process_alpha_dot_sigma': 0.0}"
26000,1,matlab_nominal_reproduction,0.0,"{'level': 0.0, 'physical': {'g': 9.8, 'c_theta': 0.025, 'c_alpha': 0.001, 'k_t': 0.231, 'k_b': 0.1875, 'k_u': 0.04706, 'R': 4.2857, 'm1': 0.20625, 'm2': 0.15845, 'l1cg': 0.080305, 'l1': 0.151894, 'l2cg': 0.066733, 'I1z': 0.00049228, 'I2x': 0.00036892, 'I2y': 2.3641e-05, 'I2z': 0.00036139}, 'init_theta_std_deg': 5.0, 'init_alpha_std_deg': 8.0, 'init_theta_dot_std': 0.0, 'init_alpha_dot_std': 0.0, 'pwm_limit': 150.0, 'pwm_gain': 1.0, 'pwm_bias': 0.0, 'pwm_deadzone': 0.0, 'pwm_noise_sigma': 0.0, 'actuator_tau': 0.0, 'action_delay_steps': 0, 'theta_bias': 0.0, 'alpha_bias': 0.0, 'theta_sigma': 0.0, 'alpha_sigma': 0.0, 'theta_dot_sigma': 0.0, 'alpha_dot_sigma': 0.0, 'encoder_quantization_rad': 0.0, 'velocity_lpf': 0.25, 'process_theta_dot_sigma': 0.0, 'process_alpha_dot_sigma': 0.0}"
28000,1,matlab_nominal_reproduction,0.0,"{'level': 0.0, 'physical': {'g': 9.8, 'c_theta': 0.025, 'c_alpha': 0.001, 'k_t': 0.231, 'k_b': 0.1875, 'k_u': 0.04706, 'R': 4.2857, 'm1': 0.20625, 'm2': 0.15845, 'l1cg': 0.080305, 'l1': 0.151894, 'l2cg': 0.066733, 'I1z': 0.00049228, 'I2x': 0.00036892, 'I2y': 2.3641e-05, 'I2z': 0.00036139}, 'init_theta_std_deg': 5.0, 'init_alpha_std_deg': 8.0, 'init_theta_dot_std': 0.0, 'init_alpha_dot_std': 0.0, 'pwm_limit': 150.0, 'pwm_gain': 1.0, 'pwm_bias': 0.0, 'pwm_deadzone': 0.0, 'pwm_noise_sigma': 0.0, 'actuator_tau': 0.0, 'action_delay_steps': 0, 'theta_bias': 0.0, 'alpha_bias': 0.0, 'theta_sigma': 0.0, 'alpha_sigma': 0.0, 'theta_dot_sigma': 0.0, 'alpha_dot_sigma': 0.0, 'encoder_quantization_rad': 0.0, 'velocity_lpf': 0.25, 'process_theta_dot_sigma': 0.0, 'process_alpha_dot_sigma': 0.0}"
30000,1,matlab_nominal_reproduction,0.0,"{'level': 0.0, 'physical': {'g': 9.8, 'c_theta': 0.025, 'c_alpha': 0.001, 'k_t': 0.231, 'k_b': 0.1875, 'k_u': 0.04706, 'R': 4.2857, 'm1': 0.20625, 'm2': 0.15845, 'l1cg': 0.080305, 'l1': 0.151894, 'l2cg': 0.066733, 'I1z': 0.00049228, 'I2x': 0.00036892, 'I2y': 2.3641e-05, 'I2z': 0.00036139}, 'init_theta_std_deg': 5.0, 'init_alpha_std_deg': 8.0, 'init_theta_dot_std': 0.0, 'init_alpha_dot_std': 0.0, 'pwm_limit': 150.0, 'pwm_gain': 1.0, 'pwm_bias': 0.0, 'pwm_deadzone': 0.0, 'pwm_noise_sigma': 0.0, 'actuator_tau': 0.0, 'action_delay_steps': 0, 'theta_bias': 0.0, 'alpha_bias': 0.0, 'theta_sigma': 0.0, 'alpha_sigma': 0.0, 'theta_dot_sigma': 0.0, 'alpha_dot_sigma': 0.0, 'encoder_quantization_rad': 0.0, 'velocity_lpf': 0.25, 'process_theta_dot_sigma': 0.0, 'process_alpha_dot_sigma': 0.0}"
32000,1,matlab_nominal_reproduction,0.0,"{'level': 0.0, 'physical': {'g': 9.8, 'c_theta': 0.025, 'c_alpha': 0.001, 'k_t': 0.231, 'k_b': 0.1875, 'k_u': 0.04706, 'R': 4.2857, 'm1': 0.20625, 'm2': 0.15845, 'l1cg': 0.080305, 'l1': 0.151894, 'l2cg': 0.066733, 'I1z': 0.00049228, 'I2x': 0.00036892, 'I2y': 2.3641e-05, 'I2z': 0.00036139}, 'init_theta_std_deg': 5.0, 'init_alpha_std_deg': 8.0, 'init_theta_dot_std': 0.0, 'init_alpha_dot_std': 0.0, 'pwm_limit': 150.0, 'pwm_gain': 1.0, 'pwm_bias': 0.0, 'pwm_deadzone': 0.0, 'pwm_noise_sigma': 0.0, 'actuator_tau': 0.0, 'action_delay_steps': 0, 'theta_bias': 0.0, 'alpha_bias': 0.0, 'theta_sigma': 0.0, 'alpha_sigma': 0.0, 'theta_dot_sigma': 0.0, 'alpha_dot_sigma': 0.0, 'encoder_quantization_rad': 0.0, 'velocity_lpf': 0.25, 'process_theta_dot_sigma': 0.0, 'process_alpha_dot_sigma': 0.0}"
34000,1,matlab_nominal_reproduction,0.0,"{'level': 0.0, 'physical': {'g': 9.8, 'c_theta': 0.025, 'c_alpha': 0.001, 'k_t': 0.231, 'k_b': 0.1875, 'k_u': 0.04706, 'R': 4.2857, 'm1': 0.20625, 'm2': 0.15845, 'l1cg': 0.080305, 'l1': 0.151894, 'l2cg': 0.066733, 'I1z': 0.00049228, 'I2x': 0.00036892, 'I2y': 2.3641e-05, 'I2z': 0.00036139}, 'init_theta_std_deg': 5.0, 'init_alpha_std_deg': 8.0, 'init_theta_dot_std': 0.0, 'init_alpha_dot_std': 0.0, 'pwm_limit': 150.0, 'pwm_gain': 1.0, 'pwm_bias': 0.0, 'pwm_deadzone': 0.0, 'pwm_noise_sigma': 0.0, 'actuator_tau': 0.0, 'action_delay_steps': 0, 'theta_bias': 0.0, 'alpha_bias': 0.0, 'theta_sigma': 0.0, 'alpha_sigma': 0.0, 'theta_dot_sigma': 0.0, 'alpha_dot_sigma': 0.0, 'encoder_quantization_rad': 0.0, 'velocity_lpf': 0.25, 'process_theta_dot_sigma': 0.0, 'process_alpha_dot_sigma': 0.0}"
36000,1,matlab_nominal_reproduction,0.0,"{'level': 0.0, 'physical': {'g': 9.8, 'c_theta': 0.025, 'c_alpha': 0.001, 'k_t': 0.231, 'k_b': 0.1875, 'k_u': 0.04706, 'R': 4.2857, 'm1': 0.20625, 'm2': 0.15845, 'l1cg': 0.080305, 'l1': 0.151894, 'l2cg': 0.066733, 'I1z': 0.00049228, 'I2x': 0.00036892, 'I2y': 2.3641e-05, 'I2z': 0.00036139}, 'init_theta_std_deg': 5.0, 'init_alpha_std_deg': 8.0, 'init_theta_dot_std': 0.0, 'init_alpha_dot_std': 0.0, 'pwm_limit': 150.0, 'pwm_gain': 1.0, 'pwm_bias': 0.0, 'pwm_deadzone': 0.0, 'pwm_noise_sigma': 0.0, 'actuator_tau': 0.0, 'action_delay_steps': 0, 'theta_bias': 0.0, 'alpha_bias': 0.0, 'theta_sigma': 0.0, 'alpha_sigma': 0.0, 'theta_dot_sigma': 0.0, 'alpha_dot_sigma': 0.0, 'encoder_quantization_rad': 0.0, 'velocity_lpf': 0.25, 'process_theta_dot_sigma': 0.0, 'process_alpha_dot_sigma': 0.0}"
38000,1,matlab_nominal_reproduction,0.0,"{'level': 0.0, 'physical': {'g': 9.8, 'c_theta': 0.025, 'c_alpha': 0.001, 'k_t': 0.231, 'k_b': 0.1875, 'k_u': 0.04706, 'R': 4.2857, 'm1': 0.20625, 'm2': 0.15845, 'l1cg': 0.080305, 'l1': 0.151894, 'l2cg': 0.066733, 'I1z': 0.00049228, 'I2x': 0.00036892, 'I2y': 2.3641e-05, 'I2z': 0.00036139}, 'init_theta_std_deg': 5.0, 'init_alpha_std_deg': 8.0, 'init_theta_dot_std': 0.0, 'init_alpha_dot_std': 0.0, 'pwm_limit': 150.0, 'pwm_gain': 1.0, 'pwm_bias': 0.0, 'pwm_deadzone': 0.0, 'pwm_noise_sigma': 0.0, 'actuator_tau': 0.0, 'action_delay_steps': 0, 'theta_bias': 0.0, 'alpha_bias': 0.0, 'theta_sigma': 0.0, 'alpha_sigma': 0.0, 'theta_dot_sigma': 0.0, 'alpha_dot_sigma': 0.0, 'encoder_quantization_rad': 0.0, 'velocity_lpf': 0.25, 'process_theta_dot_sigma': 0.0, 'process_alpha_dot_sigma': 0.0}"
40000,1,matlab_nominal_reproduction,0.0,"{'level': 0.0, 'physical': {'g': 9.8, 'c_theta': 0.025, 'c_alpha': 0.001, 'k_t': 0.231, 'k_b': 0.1875, 'k_u': 0.04706, 'R': 4.2857, 'm1': 0.20625, 'm2': 0.15845, 'l1cg': 0.080305, 'l1': 0.151894, 'l2cg': 0.066733, 'I1z': 0.00049228, 'I2x': 0.00036892, 'I2y': 2.3641e-05, 'I2z': 0.00036139}, 'init_theta_std_deg': 5.0, 'init_alpha_std_deg': 8.0, 'init_theta_dot_std': 0.0, 'init_alpha_dot_std': 0.0, 'pwm_limit': 150.0, 'pwm_gain': 1.0, 'pwm_bias': 0.0, 'pwm_deadzone': 0.0, 'pwm_noise_sigma': 0.0, 'actuator_tau': 0.0, 'action_delay_steps': 0, 'theta_bias': 0.0, 'alpha_bias': 0.0, 'theta_sigma': 0.0, 'alpha_sigma': 0.0, 'theta_dot_sigma': 0.0, 'alpha_dot_sigma': 0.0, 'encoder_quantization_rad': 0.0, 'velocity_lpf': 0.25, 'process_theta_dot_sigma': 0.0, 'process_alpha_dot_sigma': 0.0}"
42000,1,matlab_nominal_reproduction,0.0,"{'level': 0.0, 'physical': {'g': 9.8, 'c_theta': 0.025, 'c_alpha': 0.001, 'k_t': 0.231, 'k_b': 0.1875, 'k_u': 0.04706, 'R': 4.2857, 'm1': 0.20625, 'm2': 0.15845, 'l1cg': 0.080305, 'l1': 0.151894, 'l2cg': 0.066733, 'I1z': 0.00049228, 'I2x': 0.00036892, 'I2y': 2.3641e-05, 'I2z': 0.00036139}, 'init_theta_std_deg': 5.0, 'init_alpha_std_deg': 8.0, 'init_theta_dot_std': 0.0, 'init_alpha_dot_std': 0.0, 'pwm_limit': 150.0, 'pwm_gain': 1.0, 'pwm_bias': 0.0, 'pwm_deadzone': 0.0, 'pwm_noise_sigma': 0.0, 'actuator_tau': 0.0, 'action_delay_steps': 0, 'theta_bias': 0.0, 'alpha_bias': 0.0, 'theta_sigma': 0.0, 'alpha_sigma': 0.0, 'theta_dot_sigma': 0.0, 'alpha_dot_sigma': 0.0, 'encoder_quantization_rad': 0.0, 'velocity_lpf': 0.25, 'process_theta_dot_sigma': 0.0, 'process_alpha_dot_sigma': 0.0}"
44000,1,matlab_nominal_reproduction,0.0,"{'level': 0.0, 'physical': {'g': 9.8, 'c_theta': 0.025, 'c_alpha': 0.001, 'k_t': 0.231, 'k_b': 0.1875, 'k_u': 0.04706, 'R': 4.2857, 'm1': 0.20625, 'm2': 0.15845, 'l1cg': 0.080305, 'l1': 0.151894, 'l2cg': 0.066733, 'I1z': 0.00049228, 'I2x': 0.00036892, 'I2y': 2.3641e-05, 'I2z': 0.00036139}, 'init_theta_std_deg': 5.0, 'init_alpha_std_deg': 8.0, 'init_theta_dot_std': 0.0, 'init_alpha_dot_std': 0.0, 'pwm_limit': 150.0, 'pwm_gain': 1.0, 'pwm_bias': 0.0, 'pwm_deadzone': 0.0, 'pwm_noise_sigma': 0.0, 'actuator_tau': 0.0, 'action_delay_steps': 0, 'theta_bias': 0.0, 'alpha_bias': 0.0, 'theta_sigma': 0.0, 'alpha_sigma': 0.0, 'theta_dot_sigma': 0.0, 'alpha_dot_sigma': 0.0, 'encoder_quantization_rad': 0.0, 'velocity_lpf': 0.25, 'process_theta_dot_sigma': 0.0, 'process_alpha_dot_sigma': 0.0}"
46000,1,matlab_nominal_reproduction,0.0,"{'level': 0.0, 'physical': {'g': 9.8, 'c_theta': 0.025, 'c_alpha': 0.001, 'k_t': 0.231, 'k_b': 0.1875, 'k_u': 0.04706, 'R': 4.2857, 'm1': 0.20625, 'm2': 0.15845, 'l1cg': 0.080305, 'l1': 0.151894, 'l2cg': 0.066733, 'I1z': 0.00049228, 'I2x': 0.00036892, 'I2y': 2.3641e-05, 'I2z': 0.00036139}, 'init_theta_std_deg': 5.0, 'init_alpha_std_deg': 8.0, 'init_theta_dot_std': 0.0, 'init_alpha_dot_std': 0.0, 'pwm_limit': 150.0, 'pwm_gain': 1.0, 'pwm_bias': 0.0, 'pwm_deadzone': 0.0, 'pwm_noise_sigma': 0.0, 'actuator_tau': 0.0, 'action_delay_steps': 0, 'theta_bias': 0.0, 'alpha_bias': 0.0, 'theta_sigma': 0.0, 'alpha_sigma': 0.0, 'theta_dot_sigma': 0.0, 'alpha_dot_sigma': 0.0, 'encoder_quantization_rad': 0.0, 'velocity_lpf': 0.25, 'process_theta_dot_sigma': 0.0, 'process_alpha_dot_sigma': 0.0}"
48000,1,matlab_nominal_reproduction,0.0,"{'level': 0.0, 'physical': {'g': 9.8, 'c_theta': 0.025, 'c_alpha': 0.001, 'k_t': 0.231, 'k_b': 0.1875, 'k_u': 0.04706, 'R': 4.2857, 'm1': 0.20625, 'm2': 0.15845, 'l1cg': 0.080305, 'l1': 0.151894, 'l2cg': 0.066733, 'I1z': 0.00049228, 'I2x': 0.00036892, 'I2y': 2.3641e-05, 'I2z': 0.00036139}, 'init_theta_std_deg': 5.0, 'init_alpha_std_deg': 8.0, 'init_theta_dot_std': 0.0, 'init_alpha_dot_std': 0.0, 'pwm_limit': 150.0, 'pwm_gain': 1.0, 'pwm_bias': 0.0, 'pwm_deadzone': 0.0, 'pwm_noise_sigma': 0.0, 'actuator_tau': 0.0, 'action_delay_steps': 0, 'theta_bias': 0.0, 'alpha_bias': 0.0, 'theta_sigma': 0.0, 'alpha_sigma': 0.0, 'theta_dot_sigma': 0.0, 'alpha_dot_sigma': 0.0, 'encoder_quantization_rad': 0.0, 'velocity_lpf': 0.25, 'process_theta_dot_sigma': 0.0, 'process_alpha_dot_sigma': 0.0}"
50000,1,matlab_nominal_reproduction,0.0,"{'level': 0.0, 'physical': {'g': 9.8, 'c_theta': 0.025, 'c_alpha': 0.001, 'k_t': 0.231, 'k_b': 0.1875, 'k_u': 0.04706, 'R': 4.2857, 'm1': 0.20625, 'm2': 0.15845, 'l1cg': 0.080305, 'l1': 0.151894, 'l2cg': 0.066733, 'I1z': 0.00049228, 'I2x': 0.00036892, 'I2y': 2.3641e-05, 'I2z': 0.00036139}, 'init_theta_std_deg': 5.0, 'init_alpha_std_deg': 8.0, 'init_theta_dot_std': 0.0, 'init_alpha_dot_std': 0.0, 'pwm_limit': 150.0, 'pwm_gain': 1.0, 'pwm_bias': 0.0, 'pwm_deadzone': 0.0, 'pwm_noise_sigma': 0.0, 'actuator_tau': 0.0, 'action_delay_steps': 0, 'theta_bias': 0.0, 'alpha_bias': 0.0, 'theta_sigma': 0.0, 'alpha_sigma': 0.0, 'theta_dot_sigma': 0.0, 'alpha_dot_sigma': 0.0, 'encoder_quantization_rad': 0.0, 'velocity_lpf': 0.25, 'process_theta_dot_sigma': 0.0, 'process_alpha_dot_sigma': 0.0}"
52000,1,matlab_nominal_reproduction,0.0,"{'level': 0.0, 'physical': {'g': 9.8, 'c_theta': 0.025, 'c_alpha': 0.001, 'k_t': 0.231, 'k_b': 0.1875, 'k_u': 0.04706, 'R': 4.2857, 'm1': 0.20625, 'm2': 0.15845, 'l1cg': 0.080305, 'l1': 0.151894, 'l2cg': 0.066733, 'I1z': 0.00049228, 'I2x': 0.00036892, 'I2y': 2.3641e-05, 'I2z': 0.00036139}, 'init_theta_std_deg': 5.0, 'init_alpha_std_deg': 8.0, 'init_theta_dot_std': 0.0, 'init_alpha_dot_std': 0.0, 'pwm_limit': 150.0, 'pwm_gain': 1.0, 'pwm_bias': 0.0, 'pwm_deadzone': 0.0, 'pwm_noise_sigma': 0.0, 'actuator_tau': 0.0, 'action_delay_steps': 0, 'theta_bias': 0.0, 'alpha_bias': 0.0, 'theta_sigma': 0.0, 'alpha_sigma': 0.0, 'theta_dot_sigma': 0.0, 'alpha_dot_sigma': 0.0, 'encoder_quantization_rad': 0.0, 'velocity_lpf': 0.25, 'process_theta_dot_sigma': 0.0, 'process_alpha_dot_sigma': 0.0}"
54000,1,matlab_nominal_reproduction,0.0,"{'level': 0.0, 'physical': {'g': 9.8, 'c_theta': 0.025, 'c_alpha': 0.001, 'k_t': 0.231, 'k_b': 0.1875, 'k_u': 0.04706, 'R': 4.2857, 'm1': 0.20625, 'm2': 0.15845, 'l1cg': 0.080305, 'l1': 0.151894, 'l2cg': 0.066733, 'I1z': 0.00049228, 'I2x': 0.00036892, 'I2y': 2.3641e-05, 'I2z': 0.00036139}, 'init_theta_std_deg': 5.0, 'init_alpha_std_deg': 8.0, 'init_theta_dot_std': 0.0, 'init_alpha_dot_std': 0.0, 'pwm_limit': 150.0, 'pwm_gain': 1.0, 'pwm_bias': 0.0, 'pwm_deadzone': 0.0, 'pwm_noise_sigma': 0.0, 'actuator_tau': 0.0, 'action_delay_steps': 0, 'theta_bias': 0.0, 'alpha_bias': 0.0, 'theta_sigma': 0.0, 'alpha_sigma': 0.0, 'theta_dot_sigma': 0.0, 'alpha_dot_sigma': 0.0, 'encoder_quantization_rad': 0.0, 'velocity_lpf': 0.25, 'process_theta_dot_sigma': 0.0, 'process_alpha_dot_sigma': 0.0}"
56000,1,matlab_nominal_reproduction,0.0,"{'level': 0.0, 'physical': {'g': 9.8, 'c_theta': 0.025, 'c_alpha': 0.001, 'k_t': 0.231, 'k_b': 0.1875, 'k_u': 0.04706, 'R': 4.2857, 'm1': 0.20625, 'm2': 0.15845, 'l1cg': 0.080305, 'l1': 0.151894, 'l2cg': 0.066733, 'I1z': 0.00049228, 'I2x': 0.00036892, 'I2y': 2.3641e-05, 'I2z': 0.00036139}, 'init_theta_std_deg': 5.0, 'init_alpha_std_deg': 8.0, 'init_theta_dot_std': 0.0, 'init_alpha_dot_std': 0.0, 'pwm_limit': 150.0, 'pwm_gain': 1.0, 'pwm_bias': 0.0, 'pwm_deadzone': 0.0, 'pwm_noise_sigma': 0.0, 'actuator_tau': 0.0, 'action_delay_steps': 0, 'theta_bias': 0.0, 'alpha_bias': 0.0, 'theta_sigma': 0.0, 'alpha_sigma': 0.0, 'theta_dot_sigma': 0.0, 'alpha_dot_sigma': 0.0, 'encoder_quantization_rad': 0.0, 'velocity_lpf': 0.25, 'process_theta_dot_sigma': 0.0, 'process_alpha_dot_sigma': 0.0}"
58000,1,matlab_nominal_reproduction,0.0,"{'level': 0.0, 'physical': {'g': 9.8, 'c_theta': 0.025, 'c_alpha': 0.001, 'k_t': 0.231, 'k_b': 0.1875, 'k_u': 0.04706, 'R': 4.2857, 'm1': 0.20625, 'm2': 0.15845, 'l1cg': 0.080305, 'l1': 0.151894, 'l2cg': 0.066733, 'I1z': 0.00049228, 'I2x': 0.00036892, 'I2y': 2.3641e-05, 'I2z': 0.00036139}, 'init_theta_std_deg': 5.0, 'init_alpha_std_deg': 8.0, 'init_theta_dot_std': 0.0, 'init_alpha_dot_std': 0.0, 'pwm_limit': 150.0, 'pwm_gain': 1.0, 'pwm_bias': 0.0, 'pwm_deadzone': 0.0, 'pwm_noise_sigma': 0.0, 'actuator_tau': 0.0, 'action_delay_steps': 0, 'theta_bias': 0.0, 'alpha_bias': 0.0, 'theta_sigma': 0.0, 'alpha_sigma': 0.0, 'theta_dot_sigma': 0.0, 'alpha_dot_sigma': 0.0, 'encoder_quantization_rad': 0.0, 'velocity_lpf': 0.25, 'process_theta_dot_sigma': 0.0, 'process_alpha_dot_sigma': 0.0}"
60000,1,matlab_nominal_reproduction,0.0,"{'level': 0.0, 'physical': {'g': 9.8, 'c_theta': 0.025, 'c_alpha': 0.001, 'k_t': 0.231, 'k_b': 0.1875, 'k_u': 0.04706, 'R': 4.2857, 'm1': 0.20625, 'm2': 0.15845, 'l1cg': 0.080305, 'l1': 0.151894, 'l2cg': 0.066733, 'I1z': 0.00049228, 'I2x': 0.00036892, 'I2y': 2.3641e-05, 'I2z': 0.00036139}, 'init_theta_std_deg': 5.0, 'init_alpha_std_deg': 8.0, 'init_theta_dot_std': 0.0, 'init_alpha_dot_std': 0.0, 'pwm_limit': 150.0, 'pwm_gain': 1.0, 'pwm_bias': 0.0, 'pwm_deadzone': 0.0, 'pwm_noise_sigma': 0.0, 'actuator_tau': 0.0, 'action_delay_steps': 0, 'theta_bias': 0.0, 'alpha_bias': 0.0, 'theta_sigma': 0.0, 'alpha_sigma': 0.0, 'theta_dot_sigma': 0.0, 'alpha_dot_sigma': 0.0, 'encoder_quantization_rad': 0.0, 'velocity_lpf': 0.25, 'process_theta_dot_sigma': 0.0, 'process_alpha_dot_sigma': 0.0}"
62000,1,matlab_nominal_reproduction,0.0,"{'level': 0.0, 'physical': {'g': 9.8, 'c_theta': 0.025, 'c_alpha': 0.001, 'k_t': 0.231, 'k_b': 0.1875, 'k_u': 0.04706, 'R': 4.2857, 'm1': 0.20625, 'm2': 0.15845, 'l1cg': 0.080305, 'l1': 0.151894, 'l2cg': 0.066733, 'I1z': 0.00049228, 'I2x': 0.00036892, 'I2y': 2.3641e-05, 'I2z': 0.00036139}, 'init_theta_std_deg': 5.0, 'init_alpha_std_deg': 8.0, 'init_theta_dot_std': 0.0, 'init_alpha_dot_std': 0.0, 'pwm_limit': 150.0, 'pwm_gain': 1.0, 'pwm_bias': 0.0, 'pwm_deadzone': 0.0, 'pwm_noise_sigma': 0.0, 'actuator_tau': 0.0, 'action_delay_steps': 0, 'theta_bias': 0.0, 'alpha_bias': 0.0, 'theta_sigma': 0.0, 'alpha_sigma': 0.0, 'theta_dot_sigma': 0.0, 'alpha_dot_sigma': 0.0, 'encoder_quantization_rad': 0.0, 'velocity_lpf': 0.25, 'process_theta_dot_sigma': 0.0, 'process_alpha_dot_sigma': 0.0}"
64000,1,matlab_nominal_reproduction,0.0,"{'level': 0.0, 'physical': {'g': 9.8, 'c_theta': 0.025, 'c_alpha': 0.001, 'k_t': 0.231, 'k_b': 0.1875, 'k_u': 0.04706, 'R': 4.2857, 'm1': 0.20625, 'm2': 0.15845, 'l1cg': 0.080305, 'l1': 0.151894, 'l2cg': 0.066733, 'I1z': 0.00049228, 'I2x': 0.00036892, 'I2y': 2.3641e-05, 'I2z': 0.00036139}, 'init_theta_std_deg': 5.0, 'init_alpha_std_deg': 8.0, 'init_theta_dot_std': 0.0, 'init_alpha_dot_std': 0.0, 'pwm_limit': 150.0, 'pwm_gain': 1.0, 'pwm_bias': 0.0, 'pwm_deadzone': 0.0, 'pwm_noise_sigma': 0.0, 'actuator_tau': 0.0, 'action_delay_steps': 0, 'theta_bias': 0.0, 'alpha_bias': 0.0, 'theta_sigma': 0.0, 'alpha_sigma': 0.0, 'theta_dot_sigma': 0.0, 'alpha_dot_sigma': 0.0, 'encoder_quantization_rad': 0.0, 'velocity_lpf': 0.25, 'process_theta_dot_sigma': 0.0, 'process_alpha_dot_sigma': 0.0}"
66000,1,matlab_nominal_reproduction,0.0,"{'level': 0.0, 'physical': {'g': 9.8, 'c_theta': 0.025, 'c_alpha': 0.001, 'k_t': 0.231, 'k_b': 0.1875, 'k_u': 0.04706, 'R': 4.2857, 'm1': 0.20625, 'm2': 0.15845, 'l1cg': 0.080305, 'l1': 0.151894, 'l2cg': 0.066733, 'I1z': 0.00049228, 'I2x': 0.00036892, 'I2y': 2.3641e-05, 'I2z': 0.00036139}, 'init_theta_std_deg': 5.0, 'init_alpha_std_deg': 8.0, 'init_theta_dot_std': 0.0, 'init_alpha_dot_std': 0.0, 'pwm_limit': 150.0, 'pwm_gain': 1.0, 'pwm_bias': 0.0, 'pwm_deadzone': 0.0, 'pwm_noise_sigma': 0.0, 'actuator_tau': 0.0, 'action_delay_steps': 0, 'theta_bias': 0.0, 'alpha_bias': 0.0, 'theta_sigma': 0.0, 'alpha_sigma': 0.0, 'theta_dot_sigma': 0.0, 'alpha_dot_sigma': 0.0, 'encoder_quantization_rad': 0.0, 'velocity_lpf': 0.25, 'process_theta_dot_sigma': 0.0, 'process_alpha_dot_sigma': 0.0}"
68000,1,matlab_nominal_reproduction,0.0,"{'level': 0.0, 'physical': {'g': 9.8, 'c_theta': 0.025, 'c_alpha': 0.001, 'k_t': 0.231, 'k_b': 0.1875, 'k_u': 0.04706, 'R': 4.2857, 'm1': 0.20625, 'm2': 0.15845, 'l1cg': 0.080305, 'l1': 0.151894, 'l2cg': 0.066733, 'I1z': 0.00049228, 'I2x': 0.00036892, 'I2y': 2.3641e-05, 'I2z': 0.00036139}, 'init_theta_std_deg': 5.0, 'init_alpha_std_deg': 8.0, 'init_theta_dot_std': 0.0, 'init_alpha_dot_std': 0.0, 'pwm_limit': 150.0, 'pwm_gain': 1.0, 'pwm_bias': 0.0, 'pwm_deadzone': 0.0, 'pwm_noise_sigma': 0.0, 'actuator_tau': 0.0, 'action_delay_steps': 0, 'theta_bias': 0.0, 'alpha_bias': 0.0, 'theta_sigma': 0.0, 'alpha_sigma': 0.0, 'theta_dot_sigma': 0.0, 'alpha_dot_sigma': 0.0, 'encoder_quantization_rad': 0.0, 'velocity_lpf': 0.25, 'process_theta_dot_sigma': 0.0, 'process_alpha_dot_sigma': 0.0}"
70000,1,matlab_nominal_reproduction,0.0,"{'level': 0.0, 'physical': {'g': 9.8, 'c_theta': 0.025, 'c_alpha': 0.001, 'k_t': 0.231, 'k_b': 0.1875, 'k_u': 0.04706, 'R': 4.2857, 'm1': 0.20625, 'm2': 0.15845, 'l1cg': 0.080305, 'l1': 0.151894, 'l2cg': 0.066733, 'I1z': 0.00049228, 'I2x': 0.00036892, 'I2y': 2.3641e-05, 'I2z': 0.00036139}, 'init_theta_std_deg': 5.0, 'init_alpha_std_deg': 8.0, 'init_theta_dot_std': 0.0, 'init_alpha_dot_std': 0.0, 'pwm_limit': 150.0, 'pwm_gain': 1.0, 'pwm_bias': 0.0, 'pwm_deadzone': 0.0, 'pwm_noise_sigma': 0.0, 'actuator_tau': 0.0, 'action_delay_steps': 0, 'theta_bias': 0.0, 'alpha_bias': 0.0, 'theta_sigma': 0.0, 'alpha_sigma': 0.0, 'theta_dot_sigma': 0.0, 'alpha_dot_sigma': 0.0, 'encoder_quantization_rad': 0.0, 'velocity_lpf': 0.25, 'process_theta_dot_sigma': 0.0, 'process_alpha_dot_sigma': 0.0}"
72000,1,matlab_nominal_reproduction,0.0,"{'level': 0.0, 'physical': {'g': 9.8, 'c_theta': 0.025, 'c_alpha': 0.001, 'k_t': 0.231, 'k_b': 0.1875, 'k_u': 0.04706, 'R': 4.2857, 'm1': 0.20625, 'm2': 0.15845, 'l1cg': 0.080305, 'l1': 0.151894, 'l2cg': 0.066733, 'I1z': 0.00049228, 'I2x': 0.00036892, 'I2y': 2.3641e-05, 'I2z': 0.00036139}, 'init_theta_std_deg': 5.0, 'init_alpha_std_deg': 8.0, 'init_theta_dot_std': 0.0, 'init_alpha_dot_std': 0.0, 'pwm_limit': 150.0, 'pwm_gain': 1.0, 'pwm_bias': 0.0, 'pwm_deadzone': 0.0, 'pwm_noise_sigma': 0.0, 'actuator_tau': 0.0, 'action_delay_steps': 0, 'theta_bias': 0.0, 'alpha_bias': 0.0, 'theta_sigma': 0.0, 'alpha_sigma': 0.0, 'theta_dot_sigma': 0.0, 'alpha_dot_sigma': 0.0, 'encoder_quantization_rad': 0.0, 'velocity_lpf': 0.25, 'process_theta_dot_sigma': 0.0, 'process_alpha_dot_sigma': 0.0}"
74000,1,matlab_nominal_reproduction,0.0,"{'level': 0.0, 'physical': {'g': 9.8, 'c_theta': 0.025, 'c_alpha': 0.001, 'k_t': 0.231, 'k_b': 0.1875, 'k_u': 0.04706, 'R': 4.2857, 'm1': 0.20625, 'm2': 0.15845, 'l1cg': 0.080305, 'l1': 0.151894, 'l2cg': 0.066733, 'I1z': 0.00049228, 'I2x': 0.00036892, 'I2y': 2.3641e-05, 'I2z': 0.00036139}, 'init_theta_std_deg': 5.0, 'init_alpha_std_deg': 8.0, 'init_theta_dot_std': 0.0, 'init_alpha_dot_std': 0.0, 'pwm_limit': 150.0, 'pwm_gain': 1.0, 'pwm_bias': 0.0, 'pwm_deadzone': 0.0, 'pwm_noise_sigma': 0.0, 'actuator_tau': 0.0, 'action_delay_steps': 0, 'theta_bias': 0.0, 'alpha_bias': 0.0, 'theta_sigma': 0.0, 'alpha_sigma': 0.0, 'theta_dot_sigma': 0.0, 'alpha_dot_sigma': 0.0, 'encoder_quantization_rad': 0.0, 'velocity_lpf': 0.25, 'process_theta_dot_sigma': 0.0, 'process_alpha_dot_sigma': 0.0}"
76000,1,matlab_nominal_reproduction,0.0,"{'level': 0.0, 'physical': {'g': 9.8, 'c_theta': 0.025, 'c_alpha': 0.001, 'k_t': 0.231, 'k_b': 0.1875, 'k_u': 0.04706, 'R': 4.2857, 'm1': 0.20625, 'm2': 0.15845, 'l1cg': 0.080305, 'l1': 0.151894, 'l2cg': 0.066733, 'I1z': 0.00049228, 'I2x': 0.00036892, 'I2y': 2.3641e-05, 'I2z': 0.00036139}, 'init_theta_std_deg': 5.0, 'init_alpha_std_deg': 8.0, 'init_theta_dot_std': 0.0, 'init_alpha_dot_std': 0.0, 'pwm_limit': 150.0, 'pwm_gain': 1.0, 'pwm_bias': 0.0, 'pwm_deadzone': 0.0, 'pwm_noise_sigma': 0.0, 'actuator_tau': 0.0, 'action_delay_steps': 0, 'theta_bias': 0.0, 'alpha_bias': 0.0, 'theta_sigma': 0.0, 'alpha_sigma': 0.0, 'theta_dot_sigma': 0.0, 'alpha_dot_sigma': 0.0, 'encoder_quantization_rad': 0.0, 'velocity_lpf': 0.25, 'process_theta_dot_sigma': 0.0, 'process_alpha_dot_sigma': 0.0}"
78000,1,matlab_nominal_reproduction,0.0,"{'level': 0.0, 'physical': {'g': 9.8, 'c_theta': 0.025, 'c_alpha': 0.001, 'k_t': 0.231, 'k_b': 0.1875, 'k_u': 0.04706, 'R': 4.2857, 'm1': 0.20625, 'm2': 0.15845, 'l1cg': 0.080305, 'l1': 0.151894, 'l2cg': 0.066733, 'I1z': 0.00049228, 'I2x': 0.00036892, 'I2y': 2.3641e-05, 'I2z': 0.00036139}, 'init_theta_std_deg': 5.0, 'init_alpha_std_deg': 8.0, 'init_theta_dot_std': 0.0, 'init_alpha_dot_std': 0.0, 'pwm_limit': 150.0, 'pwm_gain': 1.0, 'pwm_bias': 0.0, 'pwm_deadzone': 0.0, 'pwm_noise_sigma': 0.0, 'actuator_tau': 0.0, 'action_delay_steps': 0, 'theta_bias': 0.0, 'alpha_bias': 0.0, 'theta_sigma': 0.0, 'alpha_sigma': 0.0, 'theta_dot_sigma': 0.0, 'alpha_dot_sigma': 0.0, 'encoder_quantization_rad': 0.0, 'velocity_lpf': 0.25, 'process_theta_dot_sigma': 0.0, 'process_alpha_dot_sigma': 0.0}"
80000,1,matlab_nominal_reproduction,0.0,"{'level': 0.0, 'physical': {'g': 9.8, 'c_theta': 0.025, 'c_alpha': 0.001, 'k_t': 0.231, 'k_b': 0.1875, 'k_u': 0.04706, 'R': 4.2857, 'm1': 0.20625, 'm2': 0.15845, 'l1cg': 0.080305, 'l1': 0.151894, 'l2cg': 0.066733, 'I1z': 0.00049228, 'I2x': 0.00036892, 'I2y': 2.3641e-05, 'I2z': 0.00036139}, 'init_theta_std_deg': 5.0, 'init_alpha_std_deg': 8.0, 'init_theta_dot_std': 0.0, 'init_alpha_dot_std': 0.0, 'pwm_limit': 150.0, 'pwm_gain': 1.0, 'pwm_bias': 0.0, 'pwm_deadzone': 0.0, 'pwm_noise_sigma': 0.0, 'actuator_tau': 0.0, 'action_delay_steps': 0, 'theta_bias': 0.0, 'alpha_bias': 0.0, 'theta_sigma': 0.0, 'alpha_sigma': 0.0, 'theta_dot_sigma': 0.0, 'alpha_dot_sigma': 0.0, 'encoder_quantization_rad': 0.0, 'velocity_lpf': 0.25, 'process_theta_dot_sigma': 0.0, 'process_alpha_dot_sigma': 0.0}"
82000,1,matlab_nominal_reproduction,0.0,"{'level': 0.0, 'physical': {'g': 9.8, 'c_theta': 0.025, 'c_alpha': 0.001, 'k_t': 0.231, 'k_b': 0.1875, 'k_u': 0.04706, 'R': 4.2857, 'm1': 0.20625, 'm2': 0.15845, 'l1cg': 0.080305, 'l1': 0.151894, 'l2cg': 0.066733, 'I1z': 0.00049228, 'I2x': 0.00036892, 'I2y': 2.3641e-05, 'I2z': 0.00036139}, 'init_theta_std_deg': 5.0, 'init_alpha_std_deg': 8.0, 'init_theta_dot_std': 0.0, 'init_alpha_dot_std': 0.0, 'pwm_limit': 150.0, 'pwm_gain': 1.0, 'pwm_bias': 0.0, 'pwm_deadzone': 0.0, 'pwm_noise_sigma': 0.0, 'actuator_tau': 0.0, 'action_delay_steps': 0, 'theta_bias': 0.0, 'alpha_bias': 0.0, 'theta_sigma': 0.0, 'alpha_sigma': 0.0, 'theta_dot_sigma': 0.0, 'alpha_dot_sigma': 0.0, 'encoder_quantization_rad': 0.0, 'velocity_lpf': 0.25, 'process_theta_dot_sigma': 0.0, 'process_alpha_dot_sigma': 0.0}"
84000,1,matlab_nominal_reproduction,0.0,"{'level': 0.0, 'physical': {'g': 9.8, 'c_theta': 0.025, 'c_alpha': 0.001, 'k_t': 0.231, 'k_b': 0.1875, 'k_u': 0.04706, 'R': 4.2857, 'm1': 0.20625, 'm2': 0.15845, 'l1cg': 0.080305, 'l1': 0.151894, 'l2cg': 0.066733, 'I1z': 0.00049228, 'I2x': 0.00036892, 'I2y': 2.3641e-05, 'I2z': 0.00036139}, 'init_theta_std_deg': 5.0, 'init_alpha_std_deg': 8.0, 'init_theta_dot_std': 0.0, 'init_alpha_dot_std': 0.0, 'pwm_limit': 150.0, 'pwm_gain': 1.0, 'pwm_bias': 0.0, 'pwm_deadzone': 0.0, 'pwm_noise_sigma': 0.0, 'actuator_tau': 0.0, 'action_delay_steps': 0, 'theta_bias': 0.0, 'alpha_bias': 0.0, 'theta_sigma': 0.0, 'alpha_sigma': 0.0, 'theta_dot_sigma': 0.0, 'alpha_dot_sigma': 0.0, 'encoder_quantization_rad': 0.0, 'velocity_lpf': 0.25, 'process_theta_dot_sigma': 0.0, 'process_alpha_dot_sigma': 0.0}"
86000,1,matlab_nominal_reproduction,0.0,"{'level': 0.0, 'physical': {'g': 9.8, 'c_theta': 0.025, 'c_alpha': 0.001, 'k_t': 0.231, 'k_b': 0.1875, 'k_u': 0.04706, 'R': 4.2857, 'm1': 0.20625, 'm2': 0.15845, 'l1cg': 0.080305, 'l1': 0.151894, 'l2cg': 0.066733, 'I1z': 0.00049228, 'I2x': 0.00036892, 'I2y': 2.3641e-05, 'I2z': 0.00036139}, 'init_theta_std_deg': 5.0, 'init_alpha_std_deg': 8.0, 'init_theta_dot_std': 0.0, 'init_alpha_dot_std': 0.0, 'pwm_limit': 150.0, 'pwm_gain': 1.0, 'pwm_bias': 0.0, 'pwm_deadzone': 0.0, 'pwm_noise_sigma': 0.0, 'actuator_tau': 0.0, 'action_delay_steps': 0, 'theta_bias': 0.0, 'alpha_bias': 0.0, 'theta_sigma': 0.0, 'alpha_sigma': 0.0, 'theta_dot_sigma': 0.0, 'alpha_dot_sigma': 0.0, 'encoder_quantization_rad': 0.0, 'velocity_lpf': 0.25, 'process_theta_dot_sigma': 0.0, 'process_alpha_dot_sigma': 0.0}"
88000,1,matlab_nominal_reproduction,0.0,"{'level': 0.0, 'physical': {'g': 9.8, 'c_theta': 0.025, 'c_alpha': 0.001, 'k_t': 0.231, 'k_b': 0.1875, 'k_u': 0.04706, 'R': 4.2857, 'm1': 0.20625, 'm2': 0.15845, 'l1cg': 0.080305, 'l1': 0.151894, 'l2cg': 0.066733, 'I1z': 0.00049228, 'I2x': 0.00036892, 'I2y': 2.3641e-05, 'I2z': 0.00036139}, 'init_theta_std_deg': 5.0, 'init_alpha_std_deg': 8.0, 'init_theta_dot_std': 0.0, 'init_alpha_dot_std': 0.0, 'pwm_limit': 150.0, 'pwm_gain': 1.0, 'pwm_bias': 0.0, 'pwm_deadzone': 0.0, 'pwm_noise_sigma': 0.0, 'actuator_tau': 0.0, 'action_delay_steps': 0, 'theta_bias': 0.0, 'alpha_bias': 0.0, 'theta_sigma': 0.0, 'alpha_sigma': 0.0, 'theta_dot_sigma': 0.0, 'alpha_dot_sigma': 0.0, 'encoder_quantization_rad': 0.0, 'velocity_lpf': 0.25, 'process_theta_dot_sigma': 0.0, 'process_alpha_dot_sigma': 0.0}"
90000,1,matlab_nominal_reproduction,0.0,"{'level': 0.0, 'physical': {'g': 9.8, 'c_theta': 0.025, 'c_alpha': 0.001, 'k_t': 0.231, 'k_b': 0.1875, 'k_u': 0.04706, 'R': 4.2857, 'm1': 0.20625, 'm2': 0.15845, 'l1cg': 0.080305, 'l1': 0.151894, 'l2cg': 0.066733, 'I1z': 0.00049228, 'I2x': 0.00036892, 'I2y': 2.3641e-05, 'I2z': 0.00036139}, 'init_theta_std_deg': 5.0, 'init_alpha_std_deg': 8.0, 'init_theta_dot_std': 0.0, 'init_alpha_dot_std': 0.0, 'pwm_limit': 150.0, 'pwm_gain': 1.0, 'pwm_bias': 0.0, 'pwm_deadzone': 0.0, 'pwm_noise_sigma': 0.0, 'actuator_tau': 0.0, 'action_delay_steps': 0, 'theta_bias': 0.0, 'alpha_bias': 0.0, 'theta_sigma': 0.0, 'alpha_sigma': 0.0, 'theta_dot_sigma': 0.0, 'alpha_dot_sigma': 0.0, 'encoder_quantization_rad': 0.0, 'velocity_lpf': 0.25, 'process_theta_dot_sigma': 0.0, 'process_alpha_dot_sigma': 0.0}"
92000,1,matlab_nominal_reproduction,0.0,"{'level': 0.0, 'physical': {'g': 9.8, 'c_theta': 0.025, 'c_alpha': 0.001, 'k_t': 0.231, 'k_b': 0.1875, 'k_u': 0.04706, 'R': 4.2857, 'm1': 0.20625, 'm2': 0.15845, 'l1cg': 0.080305, 'l1': 0.151894, 'l2cg': 0.066733, 'I1z': 0.00049228, 'I2x': 0.00036892, 'I2y': 2.3641e-05, 'I2z': 0.00036139}, 'init_theta_std_deg': 5.0, 'init_alpha_std_deg': 8.0, 'init_theta_dot_std': 0.0, 'init_alpha_dot_std': 0.0, 'pwm_limit': 150.0, 'pwm_gain': 1.0, 'pwm_bias': 0.0, 'pwm_deadzone': 0.0, 'pwm_noise_sigma': 0.0, 'actuator_tau': 0.0, 'action_delay_steps': 0, 'theta_bias': 0.0, 'alpha_bias': 0.0, 'theta_sigma': 0.0, 'alpha_sigma': 0.0, 'theta_dot_sigma': 0.0, 'alpha_dot_sigma': 0.0, 'encoder_quantization_rad': 0.0, 'velocity_lpf': 0.25, 'process_theta_dot_sigma': 0.0, 'process_alpha_dot_sigma': 0.0}"
94000,1,matlab_nominal_reproduction,0.0,"{'level': 0.0, 'physical': {'g': 9.8, 'c_theta': 0.025, 'c_alpha': 0.001, 'k_t': 0.231, 'k_b': 0.1875, 'k_u': 0.04706, 'R': 4.2857, 'm1': 0.20625, 'm2': 0.15845, 'l1cg': 0.080305, 'l1': 0.151894, 'l2cg': 0.066733, 'I1z': 0.00049228, 'I2x': 0.00036892, 'I2y': 2.3641e-05, 'I2z': 0.00036139}, 'init_theta_std_deg': 5.0, 'init_alpha_std_deg': 8.0, 'init_theta_dot_std': 0.0, 'init_alpha_dot_std': 0.0, 'pwm_limit': 150.0, 'pwm_gain': 1.0, 'pwm_bias': 0.0, 'pwm_deadzone': 0.0, 'pwm_noise_sigma': 0.0, 'actuator_tau': 0.0, 'action_delay_steps': 0, 'theta_bias': 0.0, 'alpha_bias': 0.0, 'theta_sigma': 0.0, 'alpha_sigma': 0.0, 'theta_dot_sigma': 0.0, 'alpha_dot_sigma': 0.0, 'encoder_quantization_rad': 0.0, 'velocity_lpf': 0.25, 'process_theta_dot_sigma': 0.0, 'process_alpha_dot_sigma': 0.0}"
96000,1,matlab_nominal_reproduction,0.0,"{'level': 0.0, 'physical': {'g': 9.8, 'c_theta': 0.025, 'c_alpha': 0.001, 'k_t': 0.231, 'k_b': 0.1875, 'k_u': 0.04706, 'R': 4.2857, 'm1': 0.20625, 'm2': 0.15845, 'l1cg': 0.080305, 'l1': 0.151894, 'l2cg': 0.066733, 'I1z': 0.00049228, 'I2x': 0.00036892, 'I2y': 2.3641e-05, 'I2z': 0.00036139}, 'init_theta_std_deg': 5.0, 'init_alpha_std_deg': 8.0, 'init_theta_dot_std': 0.0, 'init_alpha_dot_std': 0.0, 'pwm_limit': 150.0, 'pwm_gain': 1.0, 'pwm_bias': 0.0, 'pwm_deadzone': 0.0, 'pwm_noise_sigma': 0.0, 'actuator_tau': 0.0, 'action_delay_steps': 0, 'theta_bias': 0.0, 'alpha_bias': 0.0, 'theta_sigma': 0.0, 'alpha_sigma': 0.0, 'theta_dot_sigma': 0.0, 'alpha_dot_sigma': 0.0, 'encoder_quantization_rad': 0.0, 'velocity_lpf': 0.25, 'process_theta_dot_sigma': 0.0, 'process_alpha_dot_sigma': 0.0}"
98000,1,matlab_nominal_reproduction,0.0,"{'level': 0.0, 'physical': {'g': 9.8, 'c_theta': 0.025, 'c_alpha': 0.001, 'k_t': 0.231, 'k_b': 0.1875, 'k_u': 0.04706, 'R': 4.2857, 'm1': 0.20625, 'm2': 0.15845, 'l1cg': 0.080305, 'l1': 0.151894, 'l2cg': 0.066733, 'I1z': 0.00049228, 'I2x': 0.00036892, 'I2y': 2.3641e-05, 'I2z': 0.00036139}, 'init_theta_std_deg': 5.0, 'init_alpha_std_deg': 8.0, 'init_theta_dot_std': 0.0, 'init_alpha_dot_std': 0.0, 'pwm_limit': 150.0, 'pwm_gain': 1.0, 'pwm_bias': 0.0, 'pwm_deadzone': 0.0, 'pwm_noise_sigma': 0.0, 'actuator_tau': 0.0, 'action_delay_steps': 0, 'theta_bias': 0.0, 'alpha_bias': 0.0, 'theta_sigma': 0.0, 'alpha_sigma': 0.0, 'theta_dot_sigma': 0.0, 'alpha_dot_sigma': 0.0, 'encoder_quantization_rad': 0.0, 'velocity_lpf': 0.25, 'process_theta_dot_sigma': 0.0, 'process_alpha_dot_sigma': 0.0}"
100000,1,matlab_nominal_reproduction,0.0,"{'level': 0.0, 'physical': {'g': 9.8, 'c_theta': 0.025, 'c_alpha': 0.001, 'k_t': 0.231, 'k_b': 0.1875, 'k_u': 0.04706, 'R': 4.2857, 'm1': 0.20625, 'm2': 0.15845, 'l1cg': 0.080305, 'l1': 0.151894, 'l2cg': 0.066733, 'I1z': 0.00049228, 'I2x': 0.00036892, 'I2y': 2.3641e-05, 'I2z': 0.00036139}, 'init_theta_std_deg': 5.0, 'init_alpha_std_deg': 8.0, 'init_theta_dot_std': 0.0, 'init_alpha_dot_std': 0.0, 'pwm_limit': 150.0, 'pwm_gain': 1.0, 'pwm_bias': 0.0, 'pwm_deadzone': 0.0, 'pwm_noise_sigma': 0.0, 'actuator_tau': 0.0, 'action_delay_steps': 0, 'theta_bias': 0.0, 'alpha_bias': 0.0, 'theta_sigma': 0.0, 'alpha_sigma': 0.0, 'theta_dot_sigma': 0.0, 'alpha_dot_sigma': 0.0, 'encoder_quantization_rad': 0.0, 'velocity_lpf': 0.25, 'process_theta_dot_sigma': 0.0, 'process_alpha_dot_sigma': 0.0}"
102000,1,matlab_nominal_reproduction,0.0,"{'level': 0.0, 'physical': {'g': 9.8, 'c_theta': 0.025, 'c_alpha': 0.001, 'k_t': 0.231, 'k_b': 0.1875, 'k_u': 0.04706, 'R': 4.2857, 'm1': 0.20625, 'm2': 0.15845, 'l1cg': 0.080305, 'l1': 0.151894, 'l2cg': 0.066733, 'I1z': 0.00049228, 'I2x': 0.00036892, 'I2y': 2.3641e-05, 'I2z': 0.00036139}, 'init_theta_std_deg': 5.0, 'init_alpha_std_deg': 8.0, 'init_theta_dot_std': 0.0, 'init_alpha_dot_std': 0.0, 'pwm_limit': 150.0, 'pwm_gain': 1.0, 'pwm_bias': 0.0, 'pwm_deadzone': 0.0, 'pwm_noise_sigma': 0.0, 'actuator_tau': 0.0, 'action_delay_steps': 0, 'theta_bias': 0.0, 'alpha_bias': 0.0, 'theta_sigma': 0.0, 'alpha_sigma': 0.0, 'theta_dot_sigma': 0.0, 'alpha_dot_sigma': 0.0, 'encoder_quantization_rad': 0.0, 'velocity_lpf': 0.25, 'process_theta_dot_sigma': 0.0, 'process_alpha_dot_sigma': 0.0}"
104000,1,matlab_nominal_reproduction,0.0,"{'level': 0.0, 'physical': {'g': 9.8, 'c_theta': 0.025, 'c_alpha': 0.001, 'k_t': 0.231, 'k_b': 0.1875, 'k_u': 0.04706, 'R': 4.2857, 'm1': 0.20625, 'm2': 0.15845, 'l1cg': 0.080305, 'l1': 0.151894, 'l2cg': 0.066733, 'I1z': 0.00049228, 'I2x': 0.00036892, 'I2y': 2.3641e-05, 'I2z': 0.00036139}, 'init_theta_std_deg': 5.0, 'init_alpha_std_deg': 8.0, 'init_theta_dot_std': 0.0, 'init_alpha_dot_std': 0.0, 'pwm_limit': 150.0, 'pwm_gain': 1.0, 'pwm_bias': 0.0, 'pwm_deadzone': 0.0, 'pwm_noise_sigma': 0.0, 'actuator_tau': 0.0, 'action_delay_steps': 0, 'theta_bias': 0.0, 'alpha_bias': 0.0, 'theta_sigma': 0.0, 'alpha_sigma': 0.0, 'theta_dot_sigma': 0.0, 'alpha_dot_sigma': 0.0, 'encoder_quantization_rad': 0.0, 'velocity_lpf': 0.25, 'process_theta_dot_sigma': 0.0, 'process_alpha_dot_sigma': 0.0}"
106000,1,matlab_nominal_reproduction,0.0,"{'level': 0.0, 'physical': {'g': 9.8, 'c_theta': 0.025, 'c_alpha': 0.001, 'k_t': 0.231, 'k_b': 0.1875, 'k_u': 0.04706, 'R': 4.2857, 'm1': 0.20625, 'm2': 0.15845, 'l1cg': 0.080305, 'l1': 0.151894, 'l2cg': 0.066733, 'I1z': 0.00049228, 'I2x': 0.00036892, 'I2y': 2.3641e-05, 'I2z': 0.00036139}, 'init_theta_std_deg': 5.0, 'init_alpha_std_deg': 8.0, 'init_theta_dot_std': 0.0, 'init_alpha_dot_std': 0.0, 'pwm_limit': 150.0, 'pwm_gain': 1.0, 'pwm_bias': 0.0, 'pwm_deadzone': 0.0, 'pwm_noise_sigma': 0.0, 'actuator_tau': 0.0, 'action_delay_steps': 0, 'theta_bias': 0.0, 'alpha_bias': 0.0, 'theta_sigma': 0.0, 'alpha_sigma': 0.0, 'theta_dot_sigma': 0.0, 'alpha_dot_sigma': 0.0, 'encoder_quantization_rad': 0.0, 'velocity_lpf': 0.25, 'process_theta_dot_sigma': 0.0, 'process_alpha_dot_sigma': 0.0}"
108000,1,matlab_nominal_reproduction,0.0,"{'level': 0.0, 'physical': {'g': 9.8, 'c_theta': 0.025, 'c_alpha': 0.001, 'k_t': 0.231, 'k_b': 0.1875, 'k_u': 0.04706, 'R': 4.2857, 'm1': 0.20625, 'm2': 0.15845, 'l1cg': 0.080305, 'l1': 0.151894, 'l2cg': 0.066733, 'I1z': 0.00049228, 'I2x': 0.00036892, 'I2y': 2.3641e-05, 'I2z': 0.00036139}, 'init_theta_std_deg': 5.0, 'init_alpha_std_deg': 8.0, 'init_theta_dot_std': 0.0, 'init_alpha_dot_std': 0.0, 'pwm_limit': 150.0, 'pwm_gain': 1.0, 'pwm_bias': 0.0, 'pwm_deadzone': 0.0, 'pwm_noise_sigma': 0.0, 'actuator_tau': 0.0, 'action_delay_steps': 0, 'theta_bias': 0.0, 'alpha_bias': 0.0, 'theta_sigma': 0.0, 'alpha_sigma': 0.0, 'theta_dot_sigma': 0.0, 'alpha_dot_sigma': 0.0, 'encoder_quantization_rad': 0.0, 'velocity_lpf': 0.25, 'process_theta_dot_sigma': 0.0, 'process_alpha_dot_sigma': 0.0}"
110000,1,matlab_nominal_reproduction,0.0,"{'level': 0.0, 'physical': {'g': 9.8, 'c_theta': 0.025, 'c_alpha': 0.001, 'k_t': 0.231, 'k_b': 0.1875, 'k_u': 0.04706, 'R': 4.2857, 'm1': 0.20625, 'm2': 0.15845, 'l1cg': 0.080305, 'l1': 0.151894, 'l2cg': 0.066733, 'I1z': 0.00049228, 'I2x': 0.00036892, 'I2y': 2.3641e-05, 'I2z': 0.00036139}, 'init_theta_std_deg': 5.0, 'init_alpha_std_deg': 8.0, 'init_theta_dot_std': 0.0, 'init_alpha_dot_std': 0.0, 'pwm_limit': 150.0, 'pwm_gain': 1.0, 'pwm_bias': 0.0, 'pwm_deadzone': 0.0, 'pwm_noise_sigma': 0.0, 'actuator_tau': 0.0, 'action_delay_steps': 0, 'theta_bias': 0.0, 'alpha_bias': 0.0, 'theta_sigma': 0.0, 'alpha_sigma': 0.0, 'theta_dot_sigma': 0.0, 'alpha_dot_sigma': 0.0, 'encoder_quantization_rad': 0.0, 'velocity_lpf': 0.25, 'process_theta_dot_sigma': 0.0, 'process_alpha_dot_sigma': 0.0}"
112000,1,matlab_nominal_reproduction,0.0,"{'level': 0.0, 'physical': {'g': 9.8, 'c_theta': 0.025, 'c_alpha': 0.001, 'k_t': 0.231, 'k_b': 0.1875, 'k_u': 0.04706, 'R': 4.2857, 'm1': 0.20625, 'm2': 0.15845, 'l1cg': 0.080305, 'l1': 0.151894, 'l2cg': 0.066733, 'I1z': 0.00049228, 'I2x': 0.00036892, 'I2y': 2.3641e-05, 'I2z': 0.00036139}, 'init_theta_std_deg': 5.0, 'init_alpha_std_deg': 8.0, 'init_theta_dot_std': 0.0, 'init_alpha_dot_std': 0.0, 'pwm_limit': 150.0, 'pwm_gain': 1.0, 'pwm_bias': 0.0, 'pwm_deadzone': 0.0, 'pwm_noise_sigma': 0.0, 'actuator_tau': 0.0, 'action_delay_steps': 0, 'theta_bias': 0.0, 'alpha_bias': 0.0, 'theta_sigma': 0.0, 'alpha_sigma': 0.0, 'theta_dot_sigma': 0.0, 'alpha_dot_sigma': 0.0, 'encoder_quantization_rad': 0.0, 'velocity_lpf': 0.25, 'process_theta_dot_sigma': 0.0, 'process_alpha_dot_sigma': 0.0}"
114000,1,matlab_nominal_reproduction,0.0,"{'level': 0.0, 'physical': {'g': 9.8, 'c_theta': 0.025, 'c_alpha': 0.001, 'k_t': 0.231, 'k_b': 0.1875, 'k_u': 0.04706, 'R': 4.2857, 'm1': 0.20625, 'm2': 0.15845, 'l1cg': 0.080305, 'l1': 0.151894, 'l2cg': 0.066733, 'I1z': 0.00049228, 'I2x': 0.00036892, 'I2y': 2.3641e-05, 'I2z': 0.00036139}, 'init_theta_std_deg': 5.0, 'init_alpha_std_deg': 8.0, 'init_theta_dot_std': 0.0, 'init_alpha_dot_std': 0.0, 'pwm_limit': 150.0, 'pwm_gain': 1.0, 'pwm_bias': 0.0, 'pwm_deadzone': 0.0, 'pwm_noise_sigma': 0.0, 'actuator_tau': 0.0, 'action_delay_steps': 0, 'theta_bias': 0.0, 'alpha_bias': 0.0, 'theta_sigma': 0.0, 'alpha_sigma': 0.0, 'theta_dot_sigma': 0.0, 'alpha_dot_sigma': 0.0, 'encoder_quantization_rad': 0.0, 'velocity_lpf': 0.25, 'process_theta_dot_sigma': 0.0, 'process_alpha_dot_sigma': 0.0}"
116000,1,matlab_nominal_reproduction,0.0,"{'level': 0.0, 'physical': {'g': 9.8, 'c_theta': 0.025, 'c_alpha': 0.001, 'k_t': 0.231, 'k_b': 0.1875, 'k_u': 0.04706, 'R': 4.2857, 'm1': 0.20625, 'm2': 0.15845, 'l1cg': 0.080305, 'l1': 0.151894, 'l2cg': 0.066733, 'I1z': 0.00049228, 'I2x': 0.00036892, 'I2y': 2.3641e-05, 'I2z': 0.00036139}, 'init_theta_std_deg': 5.0, 'init_alpha_std_deg': 8.0, 'init_theta_dot_std': 0.0, 'init_alpha_dot_std': 0.0, 'pwm_limit': 150.0, 'pwm_gain': 1.0, 'pwm_bias': 0.0, 'pwm_deadzone': 0.0, 'pwm_noise_sigma': 0.0, 'actuator_tau': 0.0, 'action_delay_steps': 0, 'theta_bias': 0.0, 'alpha_bias': 0.0, 'theta_sigma': 0.0, 'alpha_sigma': 0.0, 'theta_dot_sigma': 0.0, 'alpha_dot_sigma': 0.0, 'encoder_quantization_rad': 0.0, 'velocity_lpf': 0.25, 'process_theta_dot_sigma': 0.0, 'process_alpha_dot_sigma': 0.0}"
118000,1,matlab_nominal_reproduction,0.0,"{'level': 0.0, 'physical': {'g': 9.8, 'c_theta': 0.025, 'c_alpha': 0.001, 'k_t': 0.231, 'k_b': 0.1875, 'k_u': 0.04706, 'R': 4.2857, 'm1': 0.20625, 'm2': 0.15845, 'l1cg': 0.080305, 'l1': 0.151894, 'l2cg': 0.066733, 'I1z': 0.00049228, 'I2x': 0.00036892, 'I2y': 2.3641e-05, 'I2z': 0.00036139}, 'init_theta_std_deg': 5.0, 'init_alpha_std_deg': 8.0, 'init_theta_dot_std': 0.0, 'init_alpha_dot_std': 0.0, 'pwm_limit': 150.0, 'pwm_gain': 1.0, 'pwm_bias': 0.0, 'pwm_deadzone': 0.0, 'pwm_noise_sigma': 0.0, 'actuator_tau': 0.0, 'action_delay_steps': 0, 'theta_bias': 0.0, 'alpha_bias': 0.0, 'theta_sigma': 0.0, 'alpha_sigma': 0.0, 'theta_dot_sigma': 0.0, 'alpha_dot_sigma': 0.0, 'encoder_quantization_rad': 0.0, 'velocity_lpf': 0.25, 'process_theta_dot_sigma': 0.0, 'process_alpha_dot_sigma': 0.0}"
120000,1,matlab_nominal_reproduction,0.0,"{'level': 0.0, 'physical': {'g': 9.8, 'c_theta': 0.025, 'c_alpha': 0.001, 'k_t': 0.231, 'k_b': 0.1875, 'k_u': 0.04706, 'R': 4.2857, 'm1': 0.20625, 'm2': 0.15845, 'l1cg': 0.080305, 'l1': 0.151894, 'l2cg': 0.066733, 'I1z': 0.00049228, 'I2x': 0.00036892, 'I2y': 2.3641e-05, 'I2z': 0.00036139}, 'init_theta_std_deg': 5.0, 'init_alpha_std_deg': 8.0, 'init_theta_dot_std': 0.0, 'init_alpha_dot_std': 0.0, 'pwm_limit': 150.0, 'pwm_gain': 1.0, 'pwm_bias': 0.0, 'pwm_deadzone': 0.0, 'pwm_noise_sigma': 0.0, 'actuator_tau': 0.0, 'action_delay_steps': 0, 'theta_bias': 0.0, 'alpha_bias': 0.0, 'theta_sigma': 0.0, 'alpha_sigma': 0.0, 'theta_dot_sigma': 0.0, 'alpha_dot_sigma': 0.0, 'encoder_quantization_rad': 0.0, 'velocity_lpf': 0.25, 'process_theta_dot_sigma': 0.0, 'process_alpha_dot_sigma': 0.0}"
122000,1,matlab_nominal_reproduction,0.0,"{'level': 0.0, 'physical': {'g': 9.8, 'c_theta': 0.025, 'c_alpha': 0.001, 'k_t': 0.231, 'k_b': 0.1875, 'k_u': 0.04706, 'R': 4.2857, 'm1': 0.20625, 'm2': 0.15845, 'l1cg': 0.080305, 'l1': 0.151894, 'l2cg': 0.066733, 'I1z': 0.00049228, 'I2x': 0.00036892, 'I2y': 2.3641e-05, 'I2z': 0.00036139}, 'init_theta_std_deg': 5.0, 'init_alpha_std_deg': 8.0, 'init_theta_dot_std': 0.0, 'init_alpha_dot_std': 0.0, 'pwm_limit': 150.0, 'pwm_gain': 1.0, 'pwm_bias': 0.0, 'pwm_deadzone': 0.0, 'pwm_noise_sigma': 0.0, 'actuator_tau': 0.0, 'action_delay_steps': 0, 'theta_bias': 0.0, 'alpha_bias': 0.0, 'theta_sigma': 0.0, 'alpha_sigma': 0.0, 'theta_dot_sigma': 0.0, 'alpha_dot_sigma': 0.0, 'encoder_quantization_rad': 0.0, 'velocity_lpf': 0.25, 'process_theta_dot_sigma': 0.0, 'process_alpha_dot_sigma': 0.0}"
124000,1,matlab_nominal_reproduction,0.0,"{'level': 0.0, 'physical': {'g': 9.8, 'c_theta': 0.025, 'c_alpha': 0.001, 'k_t': 0.231, 'k_b': 0.1875, 'k_u': 0.04706, 'R': 4.2857, 'm1': 0.20625, 'm2': 0.15845, 'l1cg': 0.080305, 'l1': 0.151894, 'l2cg': 0.066733, 'I1z': 0.00049228, 'I2x': 0.00036892, 'I2y': 2.3641e-05, 'I2z': 0.00036139}, 'init_theta_std_deg': 5.0, 'init_alpha_std_deg': 8.0, 'init_theta_dot_std': 0.0, 'init_alpha_dot_std': 0.0, 'pwm_limit': 150.0, 'pwm_gain': 1.0, 'pwm_bias': 0.0, 'pwm_deadzone': 0.0, 'pwm_noise_sigma': 0.0, 'actuator_tau': 0.0, 'action_delay_steps': 0, 'theta_bias': 0.0, 'alpha_bias': 0.0, 'theta_sigma': 0.0, 'alpha_sigma': 0.0, 'theta_dot_sigma': 0.0, 'alpha_dot_sigma': 0.0, 'encoder_quantization_rad': 0.0, 'velocity_lpf': 0.25, 'process_theta_dot_sigma': 0.0, 'process_alpha_dot_sigma': 0.0}"
126000,1,matlab_nominal_reproduction,0.0,"{'level': 0.0, 'physical': {'g': 9.8, 'c_theta': 0.025, 'c_alpha': 0.001, 'k_t': 0.231, 'k_b': 0.1875, 'k_u': 0.04706, 'R': 4.2857, 'm1': 0.20625, 'm2': 0.15845, 'l1cg': 0.080305, 'l1': 0.151894, 'l2cg': 0.066733, 'I1z': 0.00049228, 'I2x': 0.00036892, 'I2y': 2.3641e-05, 'I2z': 0.00036139}, 'init_theta_std_deg': 5.0, 'init_alpha_std_deg': 8.0, 'init_theta_dot_std': 0.0, 'init_alpha_dot_std': 0.0, 'pwm_limit': 150.0, 'pwm_gain': 1.0, 'pwm_bias': 0.0, 'pwm_deadzone': 0.0, 'pwm_noise_sigma': 0.0, 'actuator_tau': 0.0, 'action_delay_steps': 0, 'theta_bias': 0.0, 'alpha_bias': 0.0, 'theta_sigma': 0.0, 'alpha_sigma': 0.0, 'theta_dot_sigma': 0.0, 'alpha_dot_sigma': 0.0, 'encoder_quantization_rad': 0.0, 'velocity_lpf': 0.25, 'process_theta_dot_sigma': 0.0, 'process_alpha_dot_sigma': 0.0}"
128000,1,matlab_nominal_reproduction,0.0,"{'level': 0.0, 'physical': {'g': 9.8, 'c_theta': 0.025, 'c_alpha': 0.001, 'k_t': 0.231, 'k_b': 0.1875, 'k_u': 0.04706, 'R': 4.2857, 'm1': 0.20625, 'm2': 0.15845, 'l1cg': 0.080305, 'l1': 0.151894, 'l2cg': 0.066733, 'I1z': 0.00049228, 'I2x': 0.00036892, 'I2y': 2.3641e-05, 'I2z': 0.00036139}, 'init_theta_std_deg': 5.0, 'init_alpha_std_deg': 8.0, 'init_theta_dot_std': 0.0, 'init_alpha_dot_std': 0.0, 'pwm_limit': 150.0, 'pwm_gain': 1.0, 'pwm_bias': 0.0, 'pwm_deadzone': 0.0, 'pwm_noise_sigma': 0.0, 'actuator_tau': 0.0, 'action_delay_steps': 0, 'theta_bias': 0.0, 'alpha_bias': 0.0, 'theta_sigma': 0.0, 'alpha_sigma': 0.0, 'theta_dot_sigma': 0.0, 'alpha_dot_sigma': 0.0, 'encoder_quantization_rad': 0.0, 'velocity_lpf': 0.25, 'process_theta_dot_sigma': 0.0, 'process_alpha_dot_sigma': 0.0}"
130000,1,matlab_nominal_reproduction,0.0,"{'level': 0.0, 'physical': {'g': 9.8, 'c_theta': 0.025, 'c_alpha': 0.001, 'k_t': 0.231, 'k_b': 0.1875, 'k_u': 0.04706, 'R': 4.2857, 'm1': 0.20625, 'm2': 0.15845, 'l1cg': 0.080305, 'l1': 0.151894, 'l2cg': 0.066733, 'I1z': 0.00049228, 'I2x': 0.00036892, 'I2y': 2.3641e-05, 'I2z': 0.00036139}, 'init_theta_std_deg': 5.0, 'init_alpha_std_deg': 8.0, 'init_theta_dot_std': 0.0, 'init_alpha_dot_std': 0.0, 'pwm_limit': 150.0, 'pwm_gain': 1.0, 'pwm_bias': 0.0, 'pwm_deadzone': 0.0, 'pwm_noise_sigma': 0.0, 'actuator_tau': 0.0, 'action_delay_steps': 0, 'theta_bias': 0.0, 'alpha_bias': 0.0, 'theta_sigma': 0.0, 'alpha_sigma': 0.0, 'theta_dot_sigma': 0.0, 'alpha_dot_sigma': 0.0, 'encoder_quantization_rad': 0.0, 'velocity_lpf': 0.25, 'process_theta_dot_sigma': 0.0, 'process_alpha_dot_sigma': 0.0}"
132000,1,matlab_nominal_reproduction,0.0,"{'level': 0.0, 'physical': {'g': 9.8, 'c_theta': 0.025, 'c_alpha': 0.001, 'k_t': 0.231, 'k_b': 0.1875, 'k_u': 0.04706, 'R': 4.2857, 'm1': 0.20625, 'm2': 0.15845, 'l1cg': 0.080305, 'l1': 0.151894, 'l2cg': 0.066733, 'I1z': 0.00049228, 'I2x': 0.00036892, 'I2y': 2.3641e-05, 'I2z': 0.00036139}, 'init_theta_std_deg': 5.0, 'init_alpha_std_deg': 8.0, 'init_theta_dot_std': 0.0, 'init_alpha_dot_std': 0.0, 'pwm_limit': 150.0, 'pwm_gain': 1.0, 'pwm_bias': 0.0, 'pwm_deadzone': 0.0, 'pwm_noise_sigma': 0.0, 'actuator_tau': 0.0, 'action_delay_steps': 0, 'theta_bias': 0.0, 'alpha_bias': 0.0, 'theta_sigma': 0.0, 'alpha_sigma': 0.0, 'theta_dot_sigma': 0.0, 'alpha_dot_sigma': 0.0, 'encoder_quantization_rad': 0.0, 'velocity_lpf': 0.25, 'process_theta_dot_sigma': 0.0, 'process_alpha_dot_sigma': 0.0}"
134000,1,matlab_nominal_reproduction,0.0,"{'level': 0.0, 'physical': {'g': 9.8, 'c_theta': 0.025, 'c_alpha': 0.001, 'k_t': 0.231, 'k_b': 0.1875, 'k_u': 0.04706, 'R': 4.2857, 'm1': 0.20625, 'm2': 0.15845, 'l1cg': 0.080305, 'l1': 0.151894, 'l2cg': 0.066733, 'I1z': 0.00049228, 'I2x': 0.00036892, 'I2y': 2.3641e-05, 'I2z': 0.00036139}, 'init_theta_std_deg': 5.0, 'init_alpha_std_deg': 8.0, 'init_theta_dot_std': 0.0, 'init_alpha_dot_std': 0.0, 'pwm_limit': 150.0, 'pwm_gain': 1.0, 'pwm_bias': 0.0, 'pwm_deadzone': 0.0, 'pwm_noise_sigma': 0.0, 'actuator_tau': 0.0, 'action_delay_steps': 0, 'theta_bias': 0.0, 'alpha_bias': 0.0, 'theta_sigma': 0.0, 'alpha_sigma': 0.0, 'theta_dot_sigma': 0.0, 'alpha_dot_sigma': 0.0, 'encoder_quantization_rad': 0.0, 'velocity_lpf': 0.25, 'process_theta_dot_sigma': 0.0, 'process_alpha_dot_sigma': 0.0}"
136000,1,matlab_nominal_reproduction,0.0,"{'level': 0.0, 'physical': {'g': 9.8, 'c_theta': 0.025, 'c_alpha': 0.001, 'k_t': 0.231, 'k_b': 0.1875, 'k_u': 0.04706, 'R': 4.2857, 'm1': 0.20625, 'm2': 0.15845, 'l1cg': 0.080305, 'l1': 0.151894, 'l2cg': 0.066733, 'I1z': 0.00049228, 'I2x': 0.00036892, 'I2y': 2.3641e-05, 'I2z': 0.00036139}, 'init_theta_std_deg': 5.0, 'init_alpha_std_deg': 8.0, 'init_theta_dot_std': 0.0, 'init_alpha_dot_std': 0.0, 'pwm_limit': 150.0, 'pwm_gain': 1.0, 'pwm_bias': 0.0, 'pwm_deadzone': 0.0, 'pwm_noise_sigma': 0.0, 'actuator_tau': 0.0, 'action_delay_steps': 0, 'theta_bias': 0.0, 'alpha_bias': 0.0, 'theta_sigma': 0.0, 'alpha_sigma': 0.0, 'theta_dot_sigma': 0.0, 'alpha_dot_sigma': 0.0, 'encoder_quantization_rad': 0.0, 'velocity_lpf': 0.25, 'process_theta_dot_sigma': 0.0, 'process_alpha_dot_sigma': 0.0}"
138000,1,matlab_nominal_reproduction,0.0,"{'level': 0.0, 'physical': {'g': 9.8, 'c_theta': 0.025, 'c_alpha': 0.001, 'k_t': 0.231, 'k_b': 0.1875, 'k_u': 0.04706, 'R': 4.2857, 'm1': 0.20625, 'm2': 0.15845, 'l1cg': 0.080305, 'l1': 0.151894, 'l2cg': 0.066733, 'I1z': 0.00049228, 'I2x': 0.00036892, 'I2y': 2.3641e-05, 'I2z': 0.00036139}, 'init_theta_std_deg': 5.0, 'init_alpha_std_deg': 8.0, 'init_theta_dot_std': 0.0, 'init_alpha_dot_std': 0.0, 'pwm_limit': 150.0, 'pwm_gain': 1.0, 'pwm_bias': 0.0, 'pwm_deadzone': 0.0, 'pwm_noise_sigma': 0.0, 'actuator_tau': 0.0, 'action_delay_steps': 0, 'theta_bias': 0.0, 'alpha_bias': 0.0, 'theta_sigma': 0.0, 'alpha_sigma': 0.0, 'theta_dot_sigma': 0.0, 'alpha_dot_sigma': 0.0, 'encoder_quantization_rad': 0.0, 'velocity_lpf': 0.25, 'process_theta_dot_sigma': 0.0, 'process_alpha_dot_sigma': 0.0}"
140000,1,matlab_nominal_reproduction,0.0,"{'level': 0.0, 'physical': {'g': 9.8, 'c_theta': 0.025, 'c_alpha': 0.001, 'k_t': 0.231, 'k_b': 0.1875, 'k_u': 0.04706, 'R': 4.2857, 'm1': 0.20625, 'm2': 0.15845, 'l1cg': 0.080305, 'l1': 0.151894, 'l2cg': 0.066733, 'I1z': 0.00049228, 'I2x': 0.00036892, 'I2y': 2.3641e-05, 'I2z': 0.00036139}, 'init_theta_std_deg': 5.0, 'init_alpha_std_deg': 8.0, 'init_theta_dot_std': 0.0, 'init_alpha_dot_std': 0.0, 'pwm_limit': 150.0, 'pwm_gain': 1.0, 'pwm_bias': 0.0, 'pwm_deadzone': 0.0, 'pwm_noise_sigma': 0.0, 'actuator_tau': 0.0, 'action_delay_steps': 0, 'theta_bias': 0.0, 'alpha_bias': 0.0, 'theta_sigma': 0.0, 'alpha_sigma': 0.0, 'theta_dot_sigma': 0.0, 'alpha_dot_sigma': 0.0, 'encoder_quantization_rad': 0.0, 'velocity_lpf': 0.25, 'process_theta_dot_sigma': 0.0, 'process_alpha_dot_sigma': 0.0}"
142000,1,matlab_nominal_reproduction,0.0,"{'level': 0.0, 'physical': {'g': 9.8, 'c_theta': 0.025, 'c_alpha': 0.001, 'k_t': 0.231, 'k_b': 0.1875, 'k_u': 0.04706, 'R': 4.2857, 'm1': 0.20625, 'm2': 0.15845, 'l1cg': 0.080305, 'l1': 0.151894, 'l2cg': 0.066733, 'I1z': 0.00049228, 'I2x': 0.00036892, 'I2y': 2.3641e-05, 'I2z': 0.00036139}, 'init_theta_std_deg': 5.0, 'init_alpha_std_deg': 8.0, 'init_theta_dot_std': 0.0, 'init_alpha_dot_std': 0.0, 'pwm_limit': 150.0, 'pwm_gain': 1.0, 'pwm_bias': 0.0, 'pwm_deadzone': 0.0, 'pwm_noise_sigma': 0.0, 'actuator_tau': 0.0, 'action_delay_steps': 0, 'theta_bias': 0.0, 'alpha_bias': 0.0, 'theta_sigma': 0.0, 'alpha_sigma': 0.0, 'theta_dot_sigma': 0.0, 'alpha_dot_sigma': 0.0, 'encoder_quantization_rad': 0.0, 'velocity_lpf': 0.25, 'process_theta_dot_sigma': 0.0, 'process_alpha_dot_sigma': 0.0}"
144000,1,matlab_nominal_reproduction,0.0,"{'level': 0.0, 'physical': {'g': 9.8, 'c_theta': 0.025, 'c_alpha': 0.001, 'k_t': 0.231, 'k_b': 0.1875, 'k_u': 0.04706, 'R': 4.2857, 'm1': 0.20625, 'm2': 0.15845, 'l1cg': 0.080305, 'l1': 0.151894, 'l2cg': 0.066733, 'I1z': 0.00049228, 'I2x': 0.00036892, 'I2y': 2.3641e-05, 'I2z': 0.00036139}, 'init_theta_std_deg': 5.0, 'init_alpha_std_deg': 8.0, 'init_theta_dot_std': 0.0, 'init_alpha_dot_std': 0.0, 'pwm_limit': 150.0, 'pwm_gain': 1.0, 'pwm_bias': 0.0, 'pwm_deadzone': 0.0, 'pwm_noise_sigma': 0.0, 'actuator_tau': 0.0, 'action_delay_steps': 0, 'theta_bias': 0.0, 'alpha_bias': 0.0, 'theta_sigma': 0.0, 'alpha_sigma': 0.0, 'theta_dot_sigma': 0.0, 'alpha_dot_sigma': 0.0, 'encoder_quantization_rad': 0.0, 'velocity_lpf': 0.25, 'process_theta_dot_sigma': 0.0, 'process_alpha_dot_sigma': 0.0}"
146000,1,matlab_nominal_reproduction,0.0,"{'level': 0.0, 'physical': {'g': 9.8, 'c_theta': 0.025, 'c_alpha': 0.001, 'k_t': 0.231, 'k_b': 0.1875, 'k_u': 0.04706, 'R': 4.2857, 'm1': 0.20625, 'm2': 0.15845, 'l1cg': 0.080305, 'l1': 0.151894, 'l2cg': 0.066733, 'I1z': 0.00049228, 'I2x': 0.00036892, 'I2y': 2.3641e-05, 'I2z': 0.00036139}, 'init_theta_std_deg': 5.0, 'init_alpha_std_deg': 8.0, 'init_theta_dot_std': 0.0, 'init_alpha_dot_std': 0.0, 'pwm_limit': 150.0, 'pwm_gain': 1.0, 'pwm_bias': 0.0, 'pwm_deadzone': 0.0, 'pwm_noise_sigma': 0.0, 'actuator_tau': 0.0, 'action_delay_steps': 0, 'theta_bias': 0.0, 'alpha_bias': 0.0, 'theta_sigma': 0.0, 'alpha_sigma': 0.0, 'theta_dot_sigma': 0.0, 'alpha_dot_sigma': 0.0, 'encoder_quantization_rad': 0.0, 'velocity_lpf': 0.25, 'process_theta_dot_sigma': 0.0, 'process_alpha_dot_sigma': 0.0}"
148000,1,matlab_nominal_reproduction,0.0,"{'level': 0.0, 'physical': {'g': 9.8, 'c_theta': 0.025, 'c_alpha': 0.001, 'k_t': 0.231, 'k_b': 0.1875, 'k_u': 0.04706, 'R': 4.2857, 'm1': 0.20625, 'm2': 0.15845, 'l1cg': 0.080305, 'l1': 0.151894, 'l2cg': 0.066733, 'I1z': 0.00049228, 'I2x': 0.00036892, 'I2y': 2.3641e-05, 'I2z': 0.00036139}, 'init_theta_std_deg': 5.0, 'init_alpha_std_deg': 8.0, 'init_theta_dot_std': 0.0, 'init_alpha_dot_std': 0.0, 'pwm_limit': 150.0, 'pwm_gain': 1.0, 'pwm_bias': 0.0, 'pwm_deadzone': 0.0, 'pwm_noise_sigma': 0.0, 'actuator_tau': 0.0, 'action_delay_steps': 0, 'theta_bias': 0.0, 'alpha_bias': 0.0, 'theta_sigma': 0.0, 'alpha_sigma': 0.0, 'theta_dot_sigma': 0.0, 'alpha_dot_sigma': 0.0, 'encoder_quantization_rad': 0.0, 'velocity_lpf': 0.25, 'process_theta_dot_sigma': 0.0, 'process_alpha_dot_sigma': 0.0}"
150000,1,matlab_nominal_reproduction,0.0,"{'level': 0.0, 'physical': {'g': 9.8, 'c_theta': 0.025, 'c_alpha': 0.001, 'k_t': 0.231, 'k_b': 0.1875, 'k_u': 0.04706, 'R': 4.2857, 'm1': 0.20625, 'm2': 0.15845, 'l1cg': 0.080305, 'l1': 0.151894, 'l2cg': 0.066733, 'I1z': 0.00049228, 'I2x': 0.00036892, 'I2y': 2.3641e-05, 'I2z': 0.00036139}, 'init_theta_std_deg': 5.0, 'init_alpha_std_deg': 8.0, 'init_theta_dot_std': 0.0, 'init_alpha_dot_std': 0.0, 'pwm_limit': 150.0, 'pwm_gain': 1.0, 'pwm_bias': 0.0, 'pwm_deadzone': 0.0, 'pwm_noise_sigma': 0.0, 'actuator_tau': 0.0, 'action_delay_steps': 0, 'theta_bias': 0.0, 'alpha_bias': 0.0, 'theta_sigma': 0.0, 'alpha_sigma': 0.0, 'theta_dot_sigma': 0.0, 'alpha_dot_sigma': 0.0, 'encoder_quantization_rad': 0.0, 'velocity_lpf': 0.25, 'process_theta_dot_sigma': 0.0, 'process_alpha_dot_sigma': 0.0}"
152000,1,matlab_nominal_reproduction,0.0,"{'level': 0.0, 'physical': {'g': 9.8, 'c_theta': 0.025, 'c_alpha': 0.001, 'k_t': 0.231, 'k_b': 0.1875, 'k_u': 0.04706, 'R': 4.2857, 'm1': 0.20625, 'm2': 0.15845, 'l1cg': 0.080305, 'l1': 0.151894, 'l2cg': 0.066733, 'I1z': 0.00049228, 'I2x': 0.00036892, 'I2y': 2.3641e-05, 'I2z': 0.00036139}, 'init_theta_std_deg': 5.0, 'init_alpha_std_deg': 8.0, 'init_theta_dot_std': 0.0, 'init_alpha_dot_std': 0.0, 'pwm_limit': 150.0, 'pwm_gain': 1.0, 'pwm_bias': 0.0, 'pwm_deadzone': 0.0, 'pwm_noise_sigma': 0.0, 'actuator_tau': 0.0, 'action_delay_steps': 0, 'theta_bias': 0.0, 'alpha_bias': 0.0, 'theta_sigma': 0.0, 'alpha_sigma': 0.0, 'theta_dot_sigma': 0.0, 'alpha_dot_sigma': 0.0, 'encoder_quantization_rad': 0.0, 'velocity_lpf': 0.25, 'process_theta_dot_sigma': 0.0, 'process_alpha_dot_sigma': 0.0}"
154000,1,matlab_nominal_reproduction,0.0,"{'level': 0.0, 'physical': {'g': 9.8, 'c_theta': 0.025, 'c_alpha': 0.001, 'k_t': 0.231, 'k_b': 0.1875, 'k_u': 0.04706, 'R': 4.2857, 'm1': 0.20625, 'm2': 0.15845, 'l1cg': 0.080305, 'l1': 0.151894, 'l2cg': 0.066733, 'I1z': 0.00049228, 'I2x': 0.00036892, 'I2y': 2.3641e-05, 'I2z': 0.00036139}, 'init_theta_std_deg': 5.0, 'init_alpha_std_deg': 8.0, 'init_theta_dot_std': 0.0, 'init_alpha_dot_std': 0.0, 'pwm_limit': 150.0, 'pwm_gain': 1.0, 'pwm_bias': 0.0, 'pwm_deadzone': 0.0, 'pwm_noise_sigma': 0.0, 'actuator_tau': 0.0, 'action_delay_steps': 0, 'theta_bias': 0.0, 'alpha_bias': 0.0, 'theta_sigma': 0.0, 'alpha_sigma': 0.0, 'theta_dot_sigma': 0.0, 'alpha_dot_sigma': 0.0, 'encoder_quantization_rad': 0.0, 'velocity_lpf': 0.25, 'process_theta_dot_sigma': 0.0, 'process_alpha_dot_sigma': 0.0}"
156000,1,matlab_nominal_reproduction,0.0,"{'level': 0.0, 'physical': {'g': 9.8, 'c_theta': 0.025, 'c_alpha': 0.001, 'k_t': 0.231, 'k_b': 0.1875, 'k_u': 0.04706, 'R': 4.2857, 'm1': 0.20625, 'm2': 0.15845, 'l1cg': 0.080305, 'l1': 0.151894, 'l2cg': 0.066733, 'I1z': 0.00049228, 'I2x': 0.00036892, 'I2y': 2.3641e-05, 'I2z': 0.00036139}, 'init_theta_std_deg': 5.0, 'init_alpha_std_deg': 8.0, 'init_theta_dot_std': 0.0, 'init_alpha_dot_std': 0.0, 'pwm_limit': 150.0, 'pwm_gain': 1.0, 'pwm_bias': 0.0, 'pwm_deadzone': 0.0, 'pwm_noise_sigma': 0.0, 'actuator_tau': 0.0, 'action_delay_steps': 0, 'theta_bias': 0.0, 'alpha_bias': 0.0, 'theta_sigma': 0.0, 'alpha_sigma': 0.0, 'theta_dot_sigma': 0.0, 'alpha_dot_sigma': 0.0, 'encoder_quantization_rad': 0.0, 'velocity_lpf': 0.25, 'process_theta_dot_sigma': 0.0, 'process_alpha_dot_sigma': 0.0}"
158000,1,matlab_nominal_reproduction,0.0,"{'level': 0.0, 'physical': {'g': 9.8, 'c_theta': 0.025, 'c_alpha': 0.001, 'k_t': 0.231, 'k_b': 0.1875, 'k_u': 0.04706, 'R': 4.2857, 'm1': 0.20625, 'm2': 0.15845, 'l1cg': 0.080305, 'l1': 0.151894, 'l2cg': 0.066733, 'I1z': 0.00049228, 'I2x': 0.00036892, 'I2y': 2.3641e-05, 'I2z': 0.00036139}, 'init_theta_std_deg': 5.0, 'init_alpha_std_deg': 8.0, 'init_theta_dot_std': 0.0, 'init_alpha_dot_std': 0.0, 'pwm_limit': 150.0, 'pwm_gain': 1.0, 'pwm_bias': 0.0, 'pwm_deadzone': 0.0, 'pwm_noise_sigma': 0.0, 'actuator_tau': 0.0, 'action_delay_steps': 0, 'theta_bias': 0.0, 'alpha_bias': 0.0, 'theta_sigma': 0.0, 'alpha_sigma': 0.0, 'theta_dot_sigma': 0.0, 'alpha_dot_sigma': 0.0, 'encoder_quantization_rad': 0.0, 'velocity_lpf': 0.25, 'process_theta_dot_sigma': 0.0, 'process_alpha_dot_sigma': 0.0}"
160000,1,matlab_nominal_reproduction,0.0,"{'level': 0.0, 'physical': {'g': 9.8, 'c_theta': 0.025, 'c_alpha': 0.001, 'k_t': 0.231, 'k_b': 0.1875, 'k_u': 0.04706, 'R': 4.2857, 'm1': 0.20625, 'm2': 0.15845, 'l1cg': 0.080305, 'l1': 0.151894, 'l2cg': 0.066733, 'I1z': 0.00049228, 'I2x': 0.00036892, 'I2y': 2.3641e-05, 'I2z': 0.00036139}, 'init_theta_std_deg': 5.0, 'init_alpha_std_deg': 8.0, 'init_theta_dot_std': 0.0, 'init_alpha_dot_std': 0.0, 'pwm_limit': 150.0, 'pwm_gain': 1.0, 'pwm_bias': 0.0, 'pwm_deadzone': 0.0, 'pwm_noise_sigma': 0.0, 'actuator_tau': 0.0, 'action_delay_steps': 0, 'theta_bias': 0.0, 'alpha_bias': 0.0, 'theta_sigma': 0.0, 'alpha_sigma': 0.0, 'theta_dot_sigma': 0.0, 'alpha_dot_sigma': 0.0, 'encoder_quantization_rad': 0.0, 'velocity_lpf': 0.25, 'process_theta_dot_sigma': 0.0, 'process_alpha_dot_sigma': 0.0}"
162000,1,matlab_nominal_reproduction,0.0,"{'level': 0.0, 'physical': {'g': 9.8, 'c_theta': 0.025, 'c_alpha': 0.001, 'k_t': 0.231, 'k_b': 0.1875, 'k_u': 0.04706, 'R': 4.2857, 'm1': 0.20625, 'm2': 0.15845, 'l1cg': 0.080305, 'l1': 0.151894, 'l2cg': 0.066733, 'I1z': 0.00049228, 'I2x': 0.00036892, 'I2y': 2.3641e-05, 'I2z': 0.00036139}, 'init_theta_std_deg': 5.0, 'init_alpha_std_deg': 8.0, 'init_theta_dot_std': 0.0, 'init_alpha_dot_std': 0.0, 'pwm_limit': 150.0, 'pwm_gain': 1.0, 'pwm_bias': 0.0, 'pwm_deadzone': 0.0, 'pwm_noise_sigma': 0.0, 'actuator_tau': 0.0, 'action_delay_steps': 0, 'theta_bias': 0.0, 'alpha_bias': 0.0, 'theta_sigma': 0.0, 'alpha_sigma': 0.0, 'theta_dot_sigma': 0.0, 'alpha_dot_sigma': 0.0, 'encoder_quantization_rad': 0.0, 'velocity_lpf': 0.25, 'process_theta_dot_sigma': 0.0, 'process_alpha_dot_sigma': 0.0}"
164000,1,matlab_nominal_reproduction,0.0,"{'level': 0.0, 'physical': {'g': 9.8, 'c_theta': 0.025, 'c_alpha': 0.001, 'k_t': 0.231, 'k_b': 0.1875, 'k_u': 0.04706, 'R': 4.2857, 'm1': 0.20625, 'm2': 0.15845, 'l1cg': 0.080305, 'l1': 0.151894, 'l2cg': 0.066733, 'I1z': 0.00049228, 'I2x': 0.00036892, 'I2y': 2.3641e-05, 'I2z': 0.00036139}, 'init_theta_std_deg': 5.0, 'init_alpha_std_deg': 8.0, 'init_theta_dot_std': 0.0, 'init_alpha_dot_std': 0.0, 'pwm_limit': 150.0, 'pwm_gain': 1.0, 'pwm_bias': 0.0, 'pwm_deadzone': 0.0, 'pwm_noise_sigma': 0.0, 'actuator_tau': 0.0, 'action_delay_steps': 0, 'theta_bias': 0.0, 'alpha_bias': 0.0, 'theta_sigma': 0.0, 'alpha_sigma': 0.0, 'theta_dot_sigma': 0.0, 'alpha_dot_sigma': 0.0, 'encoder_quantization_rad': 0.0, 'velocity_lpf': 0.25, 'process_theta_dot_sigma': 0.0, 'process_alpha_dot_sigma': 0.0}"
166000,1,matlab_nominal_reproduction,0.0,"{'level': 0.0, 'physical': {'g': 9.8, 'c_theta': 0.025, 'c_alpha': 0.001, 'k_t': 0.231, 'k_b': 0.1875, 'k_u': 0.04706, 'R': 4.2857, 'm1': 0.20625, 'm2': 0.15845, 'l1cg': 0.080305, 'l1': 0.151894, 'l2cg': 0.066733, 'I1z': 0.00049228, 'I2x': 0.00036892, 'I2y': 2.3641e-05, 'I2z': 0.00036139}, 'init_theta_std_deg': 5.0, 'init_alpha_std_deg': 8.0, 'init_theta_dot_std': 0.0, 'init_alpha_dot_std': 0.0, 'pwm_limit': 150.0, 'pwm_gain': 1.0, 'pwm_bias': 0.0, 'pwm_deadzone': 0.0, 'pwm_noise_sigma': 0.0, 'actuator_tau': 0.0, 'action_delay_steps': 0, 'theta_bias': 0.0, 'alpha_bias': 0.0, 'theta_sigma': 0.0, 'alpha_sigma': 0.0, 'theta_dot_sigma': 0.0, 'alpha_dot_sigma': 0.0, 'encoder_quantization_rad': 0.0, 'velocity_lpf': 0.25, 'process_theta_dot_sigma': 0.0, 'process_alpha_dot_sigma': 0.0}"
168000,1,matlab_nominal_reproduction,0.0,"{'level': 0.0, 'physical': {'g': 9.8, 'c_theta': 0.025, 'c_alpha': 0.001, 'k_t': 0.231, 'k_b': 0.1875, 'k_u': 0.04706, 'R': 4.2857, 'm1': 0.20625, 'm2': 0.15845, 'l1cg': 0.080305, 'l1': 0.151894, 'l2cg': 0.066733, 'I1z': 0.00049228, 'I2x': 0.00036892, 'I2y': 2.3641e-05, 'I2z': 0.00036139}, 'init_theta_std_deg': 5.0, 'init_alpha_std_deg': 8.0, 'init_theta_dot_std': 0.0, 'init_alpha_dot_std': 0.0, 'pwm_limit': 150.0, 'pwm_gain': 1.0, 'pwm_bias': 0.0, 'pwm_deadzone': 0.0, 'pwm_noise_sigma': 0.0, 'actuator_tau': 0.0, 'action_delay_steps': 0, 'theta_bias': 0.0, 'alpha_bias': 0.0, 'theta_sigma': 0.0, 'alpha_sigma': 0.0, 'theta_dot_sigma': 0.0, 'alpha_dot_sigma': 0.0, 'encoder_quantization_rad': 0.0, 'velocity_lpf': 0.25, 'process_theta_dot_sigma': 0.0, 'process_alpha_dot_sigma': 0.0}"
170000,1,matlab_nominal_reproduction,0.0,"{'level': 0.0, 'physical': {'g': 9.8, 'c_theta': 0.025, 'c_alpha': 0.001, 'k_t': 0.231, 'k_b': 0.1875, 'k_u': 0.04706, 'R': 4.2857, 'm1': 0.20625, 'm2': 0.15845, 'l1cg': 0.080305, 'l1': 0.151894, 'l2cg': 0.066733, 'I1z': 0.00049228, 'I2x': 0.00036892, 'I2y': 2.3641e-05, 'I2z': 0.00036139}, 'init_theta_std_deg': 5.0, 'init_alpha_std_deg': 8.0, 'init_theta_dot_std': 0.0, 'init_alpha_dot_std': 0.0, 'pwm_limit': 150.0, 'pwm_gain': 1.0, 'pwm_bias': 0.0, 'pwm_deadzone': 0.0, 'pwm_noise_sigma': 0.0, 'actuator_tau': 0.0, 'action_delay_steps': 0, 'theta_bias': 0.0, 'alpha_bias': 0.0, 'theta_sigma': 0.0, 'alpha_sigma': 0.0, 'theta_dot_sigma': 0.0, 'alpha_dot_sigma': 0.0, 'encoder_quantization_rad': 0.0, 'velocity_lpf': 0.25, 'process_theta_dot_sigma': 0.0, 'process_alpha_dot_sigma': 0.0}"
172000,1,matlab_nominal_reproduction,0.0,"{'level': 0.0, 'physical': {'g': 9.8, 'c_theta': 0.025, 'c_alpha': 0.001, 'k_t': 0.231, 'k_b': 0.1875, 'k_u': 0.04706, 'R': 4.2857, 'm1': 0.20625, 'm2': 0.15845, 'l1cg': 0.080305, 'l1': 0.151894, 'l2cg': 0.066733, 'I1z': 0.00049228, 'I2x': 0.00036892, 'I2y': 2.3641e-05, 'I2z': 0.00036139}, 'init_theta_std_deg': 5.0, 'init_alpha_std_deg': 8.0, 'init_theta_dot_std': 0.0, 'init_alpha_dot_std': 0.0, 'pwm_limit': 150.0, 'pwm_gain': 1.0, 'pwm_bias': 0.0, 'pwm_deadzone': 0.0, 'pwm_noise_sigma': 0.0, 'actuator_tau': 0.0, 'action_delay_steps': 0, 'theta_bias': 0.0, 'alpha_bias': 0.0, 'theta_sigma': 0.0, 'alpha_sigma': 0.0, 'theta_dot_sigma': 0.0, 'alpha_dot_sigma': 0.0, 'encoder_quantization_rad': 0.0, 'velocity_lpf': 0.25, 'process_theta_dot_sigma': 0.0, 'process_alpha_dot_sigma': 0.0}"
174000,1,matlab_nominal_reproduction,0.0,"{'level': 0.0, 'physical': {'g': 9.8, 'c_theta': 0.025, 'c_alpha': 0.001, 'k_t': 0.231, 'k_b': 0.1875, 'k_u': 0.04706, 'R': 4.2857, 'm1': 0.20625, 'm2': 0.15845, 'l1cg': 0.080305, 'l1': 0.151894, 'l2cg': 0.066733, 'I1z': 0.00049228, 'I2x': 0.00036892, 'I2y': 2.3641e-05, 'I2z': 0.00036139}, 'init_theta_std_deg': 5.0, 'init_alpha_std_deg': 8.0, 'init_theta_dot_std': 0.0, 'init_alpha_dot_std': 0.0, 'pwm_limit': 150.0, 'pwm_gain': 1.0, 'pwm_bias': 0.0, 'pwm_deadzone': 0.0, 'pwm_noise_sigma': 0.0, 'actuator_tau': 0.0, 'action_delay_steps': 0, 'theta_bias': 0.0, 'alpha_bias': 0.0, 'theta_sigma': 0.0, 'alpha_sigma': 0.0, 'theta_dot_sigma': 0.0, 'alpha_dot_sigma': 0.0, 'encoder_quantization_rad': 0.0, 'velocity_lpf': 0.25, 'process_theta_dot_sigma': 0.0, 'process_alpha_dot_sigma': 0.0}"
176000,1,matlab_nominal_reproduction,0.0,"{'level': 0.0, 'physical': {'g': 9.8, 'c_theta': 0.025, 'c_alpha': 0.001, 'k_t': 0.231, 'k_b': 0.1875, 'k_u': 0.04706, 'R': 4.2857, 'm1': 0.20625, 'm2': 0.15845, 'l1cg': 0.080305, 'l1': 0.151894, 'l2cg': 0.066733, 'I1z': 0.00049228, 'I2x': 0.00036892, 'I2y': 2.3641e-05, 'I2z': 0.00036139}, 'init_theta_std_deg': 5.0, 'init_alpha_std_deg': 8.0, 'init_theta_dot_std': 0.0, 'init_alpha_dot_std': 0.0, 'pwm_limit': 150.0, 'pwm_gain': 1.0, 'pwm_bias': 0.0, 'pwm_deadzone': 0.0, 'pwm_noise_sigma': 0.0, 'actuator_tau': 0.0, 'action_delay_steps': 0, 'theta_bias': 0.0, 'alpha_bias': 0.0, 'theta_sigma': 0.0, 'alpha_sigma': 0.0, 'theta_dot_sigma': 0.0, 'alpha_dot_sigma': 0.0, 'encoder_quantization_rad': 0.0, 'velocity_lpf': 0.25, 'process_theta_dot_sigma': 0.0, 'process_alpha_dot_sigma': 0.0}"
178000,1,matlab_nominal_reproduction,0.0,"{'level': 0.0, 'physical': {'g': 9.8, 'c_theta': 0.025, 'c_alpha': 0.001, 'k_t': 0.231, 'k_b': 0.1875, 'k_u': 0.04706, 'R': 4.2857, 'm1': 0.20625, 'm2': 0.15845, 'l1cg': 0.080305, 'l1': 0.151894, 'l2cg': 0.066733, 'I1z': 0.00049228, 'I2x': 0.00036892, 'I2y': 2.3641e-05, 'I2z': 0.00036139}, 'init_theta_std_deg': 5.0, 'init_alpha_std_deg': 8.0, 'init_theta_dot_std': 0.0, 'init_alpha_dot_std': 0.0, 'pwm_limit': 150.0, 'pwm_gain': 1.0, 'pwm_bias': 0.0, 'pwm_deadzone': 0.0, 'pwm_noise_sigma': 0.0, 'actuator_tau': 0.0, 'action_delay_steps': 0, 'theta_bias': 0.0, 'alpha_bias': 0.0, 'theta_sigma': 0.0, 'alpha_sigma': 0.0, 'theta_dot_sigma': 0.0, 'alpha_dot_sigma': 0.0, 'encoder_quantization_rad': 0.0, 'velocity_lpf': 0.25, 'process_theta_dot_sigma': 0.0, 'process_alpha_dot_sigma': 0.0}"
180000,1,matlab_nominal_reproduction,0.0,"{'level': 0.0, 'physical': {'g': 9.8, 'c_theta': 0.025, 'c_alpha': 0.001, 'k_t': 0.231, 'k_b': 0.1875, 'k_u': 0.04706, 'R': 4.2857, 'm1': 0.20625, 'm2': 0.15845, 'l1cg': 0.080305, 'l1': 0.151894, 'l2cg': 0.066733, 'I1z': 0.00049228, 'I2x': 0.00036892, 'I2y': 2.3641e-05, 'I2z': 0.00036139}, 'init_theta_std_deg': 5.0, 'init_alpha_std_deg': 8.0, 'init_theta_dot_std': 0.0, 'init_alpha_dot_std': 0.0, 'pwm_limit': 150.0, 'pwm_gain': 1.0, 'pwm_bias': 0.0, 'pwm_deadzone': 0.0, 'pwm_noise_sigma': 0.0, 'actuator_tau': 0.0, 'action_delay_steps': 0, 'theta_bias': 0.0, 'alpha_bias': 0.0, 'theta_sigma': 0.0, 'alpha_sigma': 0.0, 'theta_dot_sigma': 0.0, 'alpha_dot_sigma': 0.0, 'encoder_quantization_rad': 0.0, 'velocity_lpf': 0.25, 'process_theta_dot_sigma': 0.0, 'process_alpha_dot_sigma': 0.0}"
182000,1,matlab_nominal_reproduction,0.0,"{'level': 0.0, 'physical': {'g': 9.8, 'c_theta': 0.025, 'c_alpha': 0.001, 'k_t': 0.231, 'k_b': 0.1875, 'k_u': 0.04706, 'R': 4.2857, 'm1': 0.20625, 'm2': 0.15845, 'l1cg': 0.080305, 'l1': 0.151894, 'l2cg': 0.066733, 'I1z': 0.00049228, 'I2x': 0.00036892, 'I2y': 2.3641e-05, 'I2z': 0.00036139}, 'init_theta_std_deg': 5.0, 'init_alpha_std_deg': 8.0, 'init_theta_dot_std': 0.0, 'init_alpha_dot_std': 0.0, 'pwm_limit': 150.0, 'pwm_gain': 1.0, 'pwm_bias': 0.0, 'pwm_deadzone': 0.0, 'pwm_noise_sigma': 0.0, 'actuator_tau': 0.0, 'action_delay_steps': 0, 'theta_bias': 0.0, 'alpha_bias': 0.0, 'theta_sigma': 0.0, 'alpha_sigma': 0.0, 'theta_dot_sigma': 0.0, 'alpha_dot_sigma': 0.0, 'encoder_quantization_rad': 0.0, 'velocity_lpf': 0.25, 'process_theta_dot_sigma': 0.0, 'process_alpha_dot_sigma': 0.0}"
184000,1,matlab_nominal_reproduction,0.0,"{'level': 0.0, 'physical': {'g': 9.8, 'c_theta': 0.025, 'c_alpha': 0.001, 'k_t': 0.231, 'k_b': 0.1875, 'k_u': 0.04706, 'R': 4.2857, 'm1': 0.20625, 'm2': 0.15845, 'l1cg': 0.080305, 'l1': 0.151894, 'l2cg': 0.066733, 'I1z': 0.00049228, 'I2x': 0.00036892, 'I2y': 2.3641e-05, 'I2z': 0.00036139}, 'init_theta_std_deg': 5.0, 'init_alpha_std_deg': 8.0, 'init_theta_dot_std': 0.0, 'init_alpha_dot_std': 0.0, 'pwm_limit': 150.0, 'pwm_gain': 1.0, 'pwm_bias': 0.0, 'pwm_deadzone': 0.0, 'pwm_noise_sigma': 0.0, 'actuator_tau': 0.0, 'action_delay_steps': 0, 'theta_bias': 0.0, 'alpha_bias': 0.0, 'theta_sigma': 0.0, 'alpha_sigma': 0.0, 'theta_dot_sigma': 0.0, 'alpha_dot_sigma': 0.0, 'encoder_quantization_rad': 0.0, 'velocity_lpf': 0.25, 'process_theta_dot_sigma': 0.0, 'process_alpha_dot_sigma': 0.0}"
186000,1,matlab_nominal_reproduction,0.0,"{'level': 0.0, 'physical': {'g': 9.8, 'c_theta': 0.025, 'c_alpha': 0.001, 'k_t': 0.231, 'k_b': 0.1875, 'k_u': 0.04706, 'R': 4.2857, 'm1': 0.20625, 'm2': 0.15845, 'l1cg': 0.080305, 'l1': 0.151894, 'l2cg': 0.066733, 'I1z': 0.00049228, 'I2x': 0.00036892, 'I2y': 2.3641e-05, 'I2z': 0.00036139}, 'init_theta_std_deg': 5.0, 'init_alpha_std_deg': 8.0, 'init_theta_dot_std': 0.0, 'init_alpha_dot_std': 0.0, 'pwm_limit': 150.0, 'pwm_gain': 1.0, 'pwm_bias': 0.0, 'pwm_deadzone': 0.0, 'pwm_noise_sigma': 0.0, 'actuator_tau': 0.0, 'action_delay_steps': 0, 'theta_bias': 0.0, 'alpha_bias': 0.0, 'theta_sigma': 0.0, 'alpha_sigma': 0.0, 'theta_dot_sigma': 0.0, 'alpha_dot_sigma': 0.0, 'encoder_quantization_rad': 0.0, 'velocity_lpf': 0.25, 'process_theta_dot_sigma': 0.0, 'process_alpha_dot_sigma': 0.0}"
188000,1,matlab_nominal_reproduction,0.0,"{'level': 0.0, 'physical': {'g': 9.8, 'c_theta': 0.025, 'c_alpha': 0.001, 'k_t': 0.231, 'k_b': 0.1875, 'k_u': 0.04706, 'R': 4.2857, 'm1': 0.20625, 'm2': 0.15845, 'l1cg': 0.080305, 'l1': 0.151894, 'l2cg': 0.066733, 'I1z': 0.00049228, 'I2x': 0.00036892, 'I2y': 2.3641e-05, 'I2z': 0.00036139}, 'init_theta_std_deg': 5.0, 'init_alpha_std_deg': 8.0, 'init_theta_dot_std': 0.0, 'init_alpha_dot_std': 0.0, 'pwm_limit': 150.0, 'pwm_gain': 1.0, 'pwm_bias': 0.0, 'pwm_deadzone': 0.0, 'pwm_noise_sigma': 0.0, 'actuator_tau': 0.0, 'action_delay_steps': 0, 'theta_bias': 0.0, 'alpha_bias': 0.0, 'theta_sigma': 0.0, 'alpha_sigma': 0.0, 'theta_dot_sigma': 0.0, 'alpha_dot_sigma': 0.0, 'encoder_quantization_rad': 0.0, 'velocity_lpf': 0.25, 'process_theta_dot_sigma': 0.0, 'process_alpha_dot_sigma': 0.0}"
190000,1,matlab_nominal_reproduction,0.0,"{'level': 0.0, 'physical': {'g': 9.8, 'c_theta': 0.025, 'c_alpha': 0.001, 'k_t': 0.231, 'k_b': 0.1875, 'k_u': 0.04706, 'R': 4.2857, 'm1': 0.20625, 'm2': 0.15845, 'l1cg': 0.080305, 'l1': 0.151894, 'l2cg': 0.066733, 'I1z': 0.00049228, 'I2x': 0.00036892, 'I2y': 2.3641e-05, 'I2z': 0.00036139}, 'init_theta_std_deg': 5.0, 'init_alpha_std_deg': 8.0, 'init_theta_dot_std': 0.0, 'init_alpha_dot_std': 0.0, 'pwm_limit': 150.0, 'pwm_gain': 1.0, 'pwm_bias': 0.0, 'pwm_deadzone': 0.0, 'pwm_noise_sigma': 0.0, 'actuator_tau': 0.0, 'action_delay_steps': 0, 'theta_bias': 0.0, 'alpha_bias': 0.0, 'theta_sigma': 0.0, 'alpha_sigma': 0.0, 'theta_dot_sigma': 0.0, 'alpha_dot_sigma': 0.0, 'encoder_quantization_rad': 0.0, 'velocity_lpf': 0.25, 'process_theta_dot_sigma': 0.0, 'process_alpha_dot_sigma': 0.0}"
192000,1,matlab_nominal_reproduction,0.0,"{'level': 0.0, 'physical': {'g': 9.8, 'c_theta': 0.025, 'c_alpha': 0.001, 'k_t': 0.231, 'k_b': 0.1875, 'k_u': 0.04706, 'R': 4.2857, 'm1': 0.20625, 'm2': 0.15845, 'l1cg': 0.080305, 'l1': 0.151894, 'l2cg': 0.066733, 'I1z': 0.00049228, 'I2x': 0.00036892, 'I2y': 2.3641e-05, 'I2z': 0.00036139}, 'init_theta_std_deg': 5.0, 'init_alpha_std_deg': 8.0, 'init_theta_dot_std': 0.0, 'init_alpha_dot_std': 0.0, 'pwm_limit': 150.0, 'pwm_gain': 1.0, 'pwm_bias': 0.0, 'pwm_deadzone': 0.0, 'pwm_noise_sigma': 0.0, 'actuator_tau': 0.0, 'action_delay_steps': 0, 'theta_bias': 0.0, 'alpha_bias': 0.0, 'theta_sigma': 0.0, 'alpha_sigma': 0.0, 'theta_dot_sigma': 0.0, 'alpha_dot_sigma': 0.0, 'encoder_quantization_rad': 0.0, 'velocity_lpf': 0.25, 'process_theta_dot_sigma': 0.0, 'process_alpha_dot_sigma': 0.0}"
194000,1,matlab_nominal_reproduction,0.0,"{'level': 0.0, 'physical': {'g': 9.8, 'c_theta': 0.025, 'c_alpha': 0.001, 'k_t': 0.231, 'k_b': 0.1875, 'k_u': 0.04706, 'R': 4.2857, 'm1': 0.20625, 'm2': 0.15845, 'l1cg': 0.080305, 'l1': 0.151894, 'l2cg': 0.066733, 'I1z': 0.00049228, 'I2x': 0.00036892, 'I2y': 2.3641e-05, 'I2z': 0.00036139}, 'init_theta_std_deg': 5.0, 'init_alpha_std_deg': 8.0, 'init_theta_dot_std': 0.0, 'init_alpha_dot_std': 0.0, 'pwm_limit': 150.0, 'pwm_gain': 1.0, 'pwm_bias': 0.0, 'pwm_deadzone': 0.0, 'pwm_noise_sigma': 0.0, 'actuator_tau': 0.0, 'action_delay_steps': 0, 'theta_bias': 0.0, 'alpha_bias': 0.0, 'theta_sigma': 0.0, 'alpha_sigma': 0.0, 'theta_dot_sigma': 0.0, 'alpha_dot_sigma': 0.0, 'encoder_quantization_rad': 0.0, 'velocity_lpf': 0.25, 'process_theta_dot_sigma': 0.0, 'process_alpha_dot_sigma': 0.0}"
196000,1,matlab_nominal_reproduction,0.0,"{'level': 0.0, 'physical': {'g': 9.8, 'c_theta': 0.025, 'c_alpha': 0.001, 'k_t': 0.231, 'k_b': 0.1875, 'k_u': 0.04706, 'R': 4.2857, 'm1': 0.20625, 'm2': 0.15845, 'l1cg': 0.080305, 'l1': 0.151894, 'l2cg': 0.066733, 'I1z': 0.00049228, 'I2x': 0.00036892, 'I2y': 2.3641e-05, 'I2z': 0.00036139}, 'init_theta_std_deg': 5.0, 'init_alpha_std_deg': 8.0, 'init_theta_dot_std': 0.0, 'init_alpha_dot_std': 0.0, 'pwm_limit': 150.0, 'pwm_gain': 1.0, 'pwm_bias': 0.0, 'pwm_deadzone': 0.0, 'pwm_noise_sigma': 0.0, 'actuator_tau': 0.0, 'action_delay_steps': 0, 'theta_bias': 0.0, 'alpha_bias': 0.0, 'theta_sigma': 0.0, 'alpha_sigma': 0.0, 'theta_dot_sigma': 0.0, 'alpha_dot_sigma': 0.0, 'encoder_quantization_rad': 0.0, 'velocity_lpf': 0.25, 'process_theta_dot_sigma': 0.0, 'process_alpha_dot_sigma': 0.0}"
198000,1,matlab_nominal_reproduction,0.0,"{'level': 0.0, 'physical': {'g': 9.8, 'c_theta': 0.025, 'c_alpha': 0.001, 'k_t': 0.231, 'k_b': 0.1875, 'k_u': 0.04706, 'R': 4.2857, 'm1': 0.20625, 'm2': 0.15845, 'l1cg': 0.080305, 'l1': 0.151894, 'l2cg': 0.066733, 'I1z': 0.00049228, 'I2x': 0.00036892, 'I2y': 2.3641e-05, 'I2z': 0.00036139}, 'init_theta_std_deg': 5.0, 'init_alpha_std_deg': 8.0, 'init_theta_dot_std': 0.0, 'init_alpha_dot_std': 0.0, 'pwm_limit': 150.0, 'pwm_gain': 1.0, 'pwm_bias': 0.0, 'pwm_deadzone': 0.0, 'pwm_noise_sigma': 0.0, 'actuator_tau': 0.0, 'action_delay_steps': 0, 'theta_bias': 0.0, 'alpha_bias': 0.0, 'theta_sigma': 0.0, 'alpha_sigma': 0.0, 'theta_dot_sigma': 0.0, 'alpha_dot_sigma': 0.0, 'encoder_quantization_rad': 0.0, 'velocity_lpf': 0.25, 'process_theta_dot_sigma': 0.0, 'process_alpha_dot_sigma': 0.0}"
200000,1,matlab_nominal_reproduction,0.0,"{'level': 0.0, 'physical': {'g': 9.8, 'c_theta': 0.025, 'c_alpha': 0.001, 'k_t': 0.231, 'k_b': 0.1875, 'k_u': 0.04706, 'R': 4.2857, 'm1': 0.20625, 'm2': 0.15845, 'l1cg': 0.080305, 'l1': 0.151894, 'l2cg': 0.066733, 'I1z': 0.00049228, 'I2x': 0.00036892, 'I2y': 2.3641e-05, 'I2z': 0.00036139}, 'init_theta_std_deg': 5.0, 'init_alpha_std_deg': 8.0, 'init_theta_dot_std': 0.0, 'init_alpha_dot_std': 0.0, 'pwm_limit': 150.0, 'pwm_gain': 1.0, 'pwm_bias': 0.0, 'pwm_deadzone': 0.0, 'pwm_noise_sigma': 0.0, 'actuator_tau': 0.0, 'action_delay_steps': 0, 'theta_bias': 0.0, 'alpha_bias': 0.0, 'theta_sigma': 0.0, 'alpha_sigma': 0.0, 'theta_dot_sigma': 0.0, 'alpha_dot_sigma': 0.0, 'encoder_quantization_rad': 0.0, 'velocity_lpf': 0.25, 'process_theta_dot_sigma': 0.0, 'process_alpha_dot_sigma': 0.0}"
202000,1,matlab_nominal_reproduction,0.0,"{'level': 0.0, 'physical': {'g': 9.8, 'c_theta': 0.025, 'c_alpha': 0.001, 'k_t': 0.231, 'k_b': 0.1875, 'k_u': 0.04706, 'R': 4.2857, 'm1': 0.20625, 'm2': 0.15845, 'l1cg': 0.080305, 'l1': 0.151894, 'l2cg': 0.066733, 'I1z': 0.00049228, 'I2x': 0.00036892, 'I2y': 2.3641e-05, 'I2z': 0.00036139}, 'init_theta_std_deg': 5.0, 'init_alpha_std_deg': 8.0, 'init_theta_dot_std': 0.0, 'init_alpha_dot_std': 0.0, 'pwm_limit': 150.0, 'pwm_gain': 1.0, 'pwm_bias': 0.0, 'pwm_deadzone': 0.0, 'pwm_noise_sigma': 0.0, 'actuator_tau': 0.0, 'action_delay_steps': 0, 'theta_bias': 0.0, 'alpha_bias': 0.0, 'theta_sigma': 0.0, 'alpha_sigma': 0.0, 'theta_dot_sigma': 0.0, 'alpha_dot_sigma': 0.0, 'encoder_quantization_rad': 0.0, 'velocity_lpf': 0.25, 'process_theta_dot_sigma': 0.0, 'process_alpha_dot_sigma': 0.0}"
204000,1,matlab_nominal_reproduction,0.0,"{'level': 0.0, 'physical': {'g': 9.8, 'c_theta': 0.025, 'c_alpha': 0.001, 'k_t': 0.231, 'k_b': 0.1875, 'k_u': 0.04706, 'R': 4.2857, 'm1': 0.20625, 'm2': 0.15845, 'l1cg': 0.080305, 'l1': 0.151894, 'l2cg': 0.066733, 'I1z': 0.00049228, 'I2x': 0.00036892, 'I2y': 2.3641e-05, 'I2z': 0.00036139}, 'init_theta_std_deg': 5.0, 'init_alpha_std_deg': 8.0, 'init_theta_dot_std': 0.0, 'init_alpha_dot_std': 0.0, 'pwm_limit': 150.0, 'pwm_gain': 1.0, 'pwm_bias': 0.0, 'pwm_deadzone': 0.0, 'pwm_noise_sigma': 0.0, 'actuator_tau': 0.0, 'action_delay_steps': 0, 'theta_bias': 0.0, 'alpha_bias': 0.0, 'theta_sigma': 0.0, 'alpha_sigma': 0.0, 'theta_dot_sigma': 0.0, 'alpha_dot_sigma': 0.0, 'encoder_quantization_rad': 0.0, 'velocity_lpf': 0.25, 'process_theta_dot_sigma': 0.0, 'process_alpha_dot_sigma': 0.0}"
206000,1,matlab_nominal_reproduction,0.0,"{'level': 0.0, 'physical': {'g': 9.8, 'c_theta': 0.025, 'c_alpha': 0.001, 'k_t': 0.231, 'k_b': 0.1875, 'k_u': 0.04706, 'R': 4.2857, 'm1': 0.20625, 'm2': 0.15845, 'l1cg': 0.080305, 'l1': 0.151894, 'l2cg': 0.066733, 'I1z': 0.00049228, 'I2x': 0.00036892, 'I2y': 2.3641e-05, 'I2z': 0.00036139}, 'init_theta_std_deg': 5.0, 'init_alpha_std_deg': 8.0, 'init_theta_dot_std': 0.0, 'init_alpha_dot_std': 0.0, 'pwm_limit': 150.0, 'pwm_gain': 1.0, 'pwm_bias': 0.0, 'pwm_deadzone': 0.0, 'pwm_noise_sigma': 0.0, 'actuator_tau': 0.0, 'action_delay_steps': 0, 'theta_bias': 0.0, 'alpha_bias': 0.0, 'theta_sigma': 0.0, 'alpha_sigma': 0.0, 'theta_dot_sigma': 0.0, 'alpha_dot_sigma': 0.0, 'encoder_quantization_rad': 0.0, 'velocity_lpf': 0.25, 'process_theta_dot_sigma': 0.0, 'process_alpha_dot_sigma': 0.0}"
208000,1,matlab_nominal_reproduction,0.0,"{'level': 0.0, 'physical': {'g': 9.8, 'c_theta': 0.025, 'c_alpha': 0.001, 'k_t': 0.231, 'k_b': 0.1875, 'k_u': 0.04706, 'R': 4.2857, 'm1': 0.20625, 'm2': 0.15845, 'l1cg': 0.080305, 'l1': 0.151894, 'l2cg': 0.066733, 'I1z': 0.00049228, 'I2x': 0.00036892, 'I2y': 2.3641e-05, 'I2z': 0.00036139}, 'init_theta_std_deg': 5.0, 'init_alpha_std_deg': 8.0, 'init_theta_dot_std': 0.0, 'init_alpha_dot_std': 0.0, 'pwm_limit': 150.0, 'pwm_gain': 1.0, 'pwm_bias': 0.0, 'pwm_deadzone': 0.0, 'pwm_noise_sigma': 0.0, 'actuator_tau': 0.0, 'action_delay_steps': 0, 'theta_bias': 0.0, 'alpha_bias': 0.0, 'theta_sigma': 0.0, 'alpha_sigma': 0.0, 'theta_dot_sigma': 0.0, 'alpha_dot_sigma': 0.0, 'encoder_quantization_rad': 0.0, 'velocity_lpf': 0.25, 'process_theta_dot_sigma': 0.0, 'process_alpha_dot_sigma': 0.0}"
210000,1,matlab_nominal_reproduction,0.0,"{'level': 0.0, 'physical': {'g': 9.8, 'c_theta': 0.025, 'c_alpha': 0.001, 'k_t': 0.231, 'k_b': 0.1875, 'k_u': 0.04706, 'R': 4.2857, 'm1': 0.20625, 'm2': 0.15845, 'l1cg': 0.080305, 'l1': 0.151894, 'l2cg': 0.066733, 'I1z': 0.00049228, 'I2x': 0.00036892, 'I2y': 2.3641e-05, 'I2z': 0.00036139}, 'init_theta_std_deg': 5.0, 'init_alpha_std_deg': 8.0, 'init_theta_dot_std': 0.0, 'init_alpha_dot_std': 0.0, 'pwm_limit': 150.0, 'pwm_gain': 1.0, 'pwm_bias': 0.0, 'pwm_deadzone': 0.0, 'pwm_noise_sigma': 0.0, 'actuator_tau': 0.0, 'action_delay_steps': 0, 'theta_bias': 0.0, 'alpha_bias': 0.0, 'theta_sigma': 0.0, 'alpha_sigma': 0.0, 'theta_dot_sigma': 0.0, 'alpha_dot_sigma': 0.0, 'encoder_quantization_rad': 0.0, 'velocity_lpf': 0.25, 'process_theta_dot_sigma': 0.0, 'process_alpha_dot_sigma': 0.0}"
212000,1,matlab_nominal_reproduction,0.0,"{'level': 0.0, 'physical': {'g': 9.8, 'c_theta': 0.025, 'c_alpha': 0.001, 'k_t': 0.231, 'k_b': 0.1875, 'k_u': 0.04706, 'R': 4.2857, 'm1': 0.20625, 'm2': 0.15845, 'l1cg': 0.080305, 'l1': 0.151894, 'l2cg': 0.066733, 'I1z': 0.00049228, 'I2x': 0.00036892, 'I2y': 2.3641e-05, 'I2z': 0.00036139}, 'init_theta_std_deg': 5.0, 'init_alpha_std_deg': 8.0, 'init_theta_dot_std': 0.0, 'init_alpha_dot_std': 0.0, 'pwm_limit': 150.0, 'pwm_gain': 1.0, 'pwm_bias': 0.0, 'pwm_deadzone': 0.0, 'pwm_noise_sigma': 0.0, 'actuator_tau': 0.0, 'action_delay_steps': 0, 'theta_bias': 0.0, 'alpha_bias': 0.0, 'theta_sigma': 0.0, 'alpha_sigma': 0.0, 'theta_dot_sigma': 0.0, 'alpha_dot_sigma': 0.0, 'encoder_quantization_rad': 0.0, 'velocity_lpf': 0.25, 'process_theta_dot_sigma': 0.0, 'process_alpha_dot_sigma': 0.0}"
214000,1,matlab_nominal_reproduction,0.0,"{'level': 0.0, 'physical': {'g': 9.8, 'c_theta': 0.025, 'c_alpha': 0.001, 'k_t': 0.231, 'k_b': 0.1875, 'k_u': 0.04706, 'R': 4.2857, 'm1': 0.20625, 'm2': 0.15845, 'l1cg': 0.080305, 'l1': 0.151894, 'l2cg': 0.066733, 'I1z': 0.00049228, 'I2x': 0.00036892, 'I2y': 2.3641e-05, 'I2z': 0.00036139}, 'init_theta_std_deg': 5.0, 'init_alpha_std_deg': 8.0, 'init_theta_dot_std': 0.0, 'init_alpha_dot_std': 0.0, 'pwm_limit': 150.0, 'pwm_gain': 1.0, 'pwm_bias': 0.0, 'pwm_deadzone': 0.0, 'pwm_noise_sigma': 0.0, 'actuator_tau': 0.0, 'action_delay_steps': 0, 'theta_bias': 0.0, 'alpha_bias': 0.0, 'theta_sigma': 0.0, 'alpha_sigma': 0.0, 'theta_dot_sigma': 0.0, 'alpha_dot_sigma': 0.0, 'encoder_quantization_rad': 0.0, 'velocity_lpf': 0.25, 'process_theta_dot_sigma': 0.0, 'process_alpha_dot_sigma': 0.0}"
216000,1,matlab_nominal_reproduction,0.0,"{'level': 0.0, 'physical': {'g': 9.8, 'c_theta': 0.025, 'c_alpha': 0.001, 'k_t': 0.231, 'k_b': 0.1875, 'k_u': 0.04706, 'R': 4.2857, 'm1': 0.20625, 'm2': 0.15845, 'l1cg': 0.080305, 'l1': 0.151894, 'l2cg': 0.066733, 'I1z': 0.00049228, 'I2x': 0.00036892, 'I2y': 2.3641e-05, 'I2z': 0.00036139}, 'init_theta_std_deg': 5.0, 'init_alpha_std_deg': 8.0, 'init_theta_dot_std': 0.0, 'init_alpha_dot_std': 0.0, 'pwm_limit': 150.0, 'pwm_gain': 1.0, 'pwm_bias': 0.0, 'pwm_deadzone': 0.0, 'pwm_noise_sigma': 0.0, 'actuator_tau': 0.0, 'action_delay_steps': 0, 'theta_bias': 0.0, 'alpha_bias': 0.0, 'theta_sigma': 0.0, 'alpha_sigma': 0.0, 'theta_dot_sigma': 0.0, 'alpha_dot_sigma': 0.0, 'encoder_quantization_rad': 0.0, 'velocity_lpf': 0.25, 'process_theta_dot_sigma': 0.0, 'process_alpha_dot_sigma': 0.0}"
218000,1,matlab_nominal_reproduction,0.0,"{'level': 0.0, 'physical': {'g': 9.8, 'c_theta': 0.025, 'c_alpha': 0.001, 'k_t': 0.231, 'k_b': 0.1875, 'k_u': 0.04706, 'R': 4.2857, 'm1': 0.20625, 'm2': 0.15845, 'l1cg': 0.080305, 'l1': 0.151894, 'l2cg': 0.066733, 'I1z': 0.00049228, 'I2x': 0.00036892, 'I2y': 2.3641e-05, 'I2z': 0.00036139}, 'init_theta_std_deg': 5.0, 'init_alpha_std_deg': 8.0, 'init_theta_dot_std': 0.0, 'init_alpha_dot_std': 0.0, 'pwm_limit': 150.0, 'pwm_gain': 1.0, 'pwm_bias': 0.0, 'pwm_deadzone': 0.0, 'pwm_noise_sigma': 0.0, 'actuator_tau': 0.0, 'action_delay_steps': 0, 'theta_bias': 0.0, 'alpha_bias': 0.0, 'theta_sigma': 0.0, 'alpha_sigma': 0.0, 'theta_dot_sigma': 0.0, 'alpha_dot_sigma': 0.0, 'encoder_quantization_rad': 0.0, 'velocity_lpf': 0.25, 'process_theta_dot_sigma': 0.0, 'process_alpha_dot_sigma': 0.0}"
220000,1,matlab_nominal_reproduction,0.0,"{'level': 0.0, 'physical': {'g': 9.8, 'c_theta': 0.025, 'c_alpha': 0.001, 'k_t': 0.231, 'k_b': 0.1875, 'k_u': 0.04706, 'R': 4.2857, 'm1': 0.20625, 'm2': 0.15845, 'l1cg': 0.080305, 'l1': 0.151894, 'l2cg': 0.066733, 'I1z': 0.00049228, 'I2x': 0.00036892, 'I2y': 2.3641e-05, 'I2z': 0.00036139}, 'init_theta_std_deg': 5.0, 'init_alpha_std_deg': 8.0, 'init_theta_dot_std': 0.0, 'init_alpha_dot_std': 0.0, 'pwm_limit': 150.0, 'pwm_gain': 1.0, 'pwm_bias': 0.0, 'pwm_deadzone': 0.0, 'pwm_noise_sigma': 0.0, 'actuator_tau': 0.0, 'action_delay_steps': 0, 'theta_bias': 0.0, 'alpha_bias': 0.0, 'theta_sigma': 0.0, 'alpha_sigma': 0.0, 'theta_dot_sigma': 0.0, 'alpha_dot_sigma': 0.0, 'encoder_quantization_rad': 0.0, 'velocity_lpf': 0.25, 'process_theta_dot_sigma': 0.0, 'process_alpha_dot_sigma': 0.0}"
222000,1,matlab_nominal_reproduction,0.0,"{'level': 0.0, 'physical': {'g': 9.8, 'c_theta': 0.025, 'c_alpha': 0.001, 'k_t': 0.231, 'k_b': 0.1875, 'k_u': 0.04706, 'R': 4.2857, 'm1': 0.20625, 'm2': 0.15845, 'l1cg': 0.080305, 'l1': 0.151894, 'l2cg': 0.066733, 'I1z': 0.00049228, 'I2x': 0.00036892, 'I2y': 2.3641e-05, 'I2z': 0.00036139}, 'init_theta_std_deg': 5.0, 'init_alpha_std_deg': 8.0, 'init_theta_dot_std': 0.0, 'init_alpha_dot_std': 0.0, 'pwm_limit': 150.0, 'pwm_gain': 1.0, 'pwm_bias': 0.0, 'pwm_deadzone': 0.0, 'pwm_noise_sigma': 0.0, 'actuator_tau': 0.0, 'action_delay_steps': 0, 'theta_bias': 0.0, 'alpha_bias': 0.0, 'theta_sigma': 0.0, 'alpha_sigma': 0.0, 'theta_dot_sigma': 0.0, 'alpha_dot_sigma': 0.0, 'encoder_quantization_rad': 0.0, 'velocity_lpf': 0.25, 'process_theta_dot_sigma': 0.0, 'process_alpha_dot_sigma': 0.0}"
224000,1,matlab_nominal_reproduction,0.0,"{'level': 0.0, 'physical': {'g': 9.8, 'c_theta': 0.025, 'c_alpha': 0.001, 'k_t': 0.231, 'k_b': 0.1875, 'k_u': 0.04706, 'R': 4.2857, 'm1': 0.20625, 'm2': 0.15845, 'l1cg': 0.080305, 'l1': 0.151894, 'l2cg': 0.066733, 'I1z': 0.00049228, 'I2x': 0.00036892, 'I2y': 2.3641e-05, 'I2z': 0.00036139}, 'init_theta_std_deg': 5.0, 'init_alpha_std_deg': 8.0, 'init_theta_dot_std': 0.0, 'init_alpha_dot_std': 0.0, 'pwm_limit': 150.0, 'pwm_gain': 1.0, 'pwm_bias': 0.0, 'pwm_deadzone': 0.0, 'pwm_noise_sigma': 0.0, 'actuator_tau': 0.0, 'action_delay_steps': 0, 'theta_bias': 0.0, 'alpha_bias': 0.0, 'theta_sigma': 0.0, 'alpha_sigma': 0.0, 'theta_dot_sigma': 0.0, 'alpha_dot_sigma': 0.0, 'encoder_quantization_rad': 0.0, 'velocity_lpf': 0.25, 'process_theta_dot_sigma': 0.0, 'process_alpha_dot_sigma': 0.0}"
226000,1,matlab_nominal_reproduction,0.0,"{'level': 0.0, 'physical': {'g': 9.8, 'c_theta': 0.025, 'c_alpha': 0.001, 'k_t': 0.231, 'k_b': 0.1875, 'k_u': 0.04706, 'R': 4.2857, 'm1': 0.20625, 'm2': 0.15845, 'l1cg': 0.080305, 'l1': 0.151894, 'l2cg': 0.066733, 'I1z': 0.00049228, 'I2x': 0.00036892, 'I2y': 2.3641e-05, 'I2z': 0.00036139}, 'init_theta_std_deg': 5.0, 'init_alpha_std_deg': 8.0, 'init_theta_dot_std': 0.0, 'init_alpha_dot_std': 0.0, 'pwm_limit': 150.0, 'pwm_gain': 1.0, 'pwm_bias': 0.0, 'pwm_deadzone': 0.0, 'pwm_noise_sigma': 0.0, 'actuator_tau': 0.0, 'action_delay_steps': 0, 'theta_bias': 0.0, 'alpha_bias': 0.0, 'theta_sigma': 0.0, 'alpha_sigma': 0.0, 'theta_dot_sigma': 0.0, 'alpha_dot_sigma': 0.0, 'encoder_quantization_rad': 0.0, 'velocity_lpf': 0.25, 'process_theta_dot_sigma': 0.0, 'process_alpha_dot_sigma': 0.0}"
228000,1,matlab_nominal_reproduction,0.0,"{'level': 0.0, 'physical': {'g': 9.8, 'c_theta': 0.025, 'c_alpha': 0.001, 'k_t': 0.231, 'k_b': 0.1875, 'k_u': 0.04706, 'R': 4.2857, 'm1': 0.20625, 'm2': 0.15845, 'l1cg': 0.080305, 'l1': 0.151894, 'l2cg': 0.066733, 'I1z': 0.00049228, 'I2x': 0.00036892, 'I2y': 2.3641e-05, 'I2z': 0.00036139}, 'init_theta_std_deg': 5.0, 'init_alpha_std_deg': 8.0, 'init_theta_dot_std': 0.0, 'init_alpha_dot_std': 0.0, 'pwm_limit': 150.0, 'pwm_gain': 1.0, 'pwm_bias': 0.0, 'pwm_deadzone': 0.0, 'pwm_noise_sigma': 0.0, 'actuator_tau': 0.0, 'action_delay_steps': 0, 'theta_bias': 0.0, 'alpha_bias': 0.0, 'theta_sigma': 0.0, 'alpha_sigma': 0.0, 'theta_dot_sigma': 0.0, 'alpha_dot_sigma': 0.0, 'encoder_quantization_rad': 0.0, 'velocity_lpf': 0.25, 'process_theta_dot_sigma': 0.0, 'process_alpha_dot_sigma': 0.0}"
230000,1,matlab_nominal_reproduction,0.0,"{'level': 0.0, 'physical': {'g': 9.8, 'c_theta': 0.025, 'c_alpha': 0.001, 'k_t': 0.231, 'k_b': 0.1875, 'k_u': 0.04706, 'R': 4.2857, 'm1': 0.20625, 'm2': 0.15845, 'l1cg': 0.080305, 'l1': 0.151894, 'l2cg': 0.066733, 'I1z': 0.00049228, 'I2x': 0.00036892, 'I2y': 2.3641e-05, 'I2z': 0.00036139}, 'init_theta_std_deg': 5.0, 'init_alpha_std_deg': 8.0, 'init_theta_dot_std': 0.0, 'init_alpha_dot_std': 0.0, 'pwm_limit': 150.0, 'pwm_gain': 1.0, 'pwm_bias': 0.0, 'pwm_deadzone': 0.0, 'pwm_noise_sigma': 0.0, 'actuator_tau': 0.0, 'action_delay_steps': 0, 'theta_bias': 0.0, 'alpha_bias': 0.0, 'theta_sigma': 0.0, 'alpha_sigma': 0.0, 'theta_dot_sigma': 0.0, 'alpha_dot_sigma': 0.0, 'encoder_quantization_rad': 0.0, 'velocity_lpf': 0.25, 'process_theta_dot_sigma': 0.0, 'process_alpha_dot_sigma': 0.0}"
232000,1,matlab_nominal_reproduction,0.0,"{'level': 0.0, 'physical': {'g': 9.8, 'c_theta': 0.025, 'c_alpha': 0.001, 'k_t': 0.231, 'k_b': 0.1875, 'k_u': 0.04706, 'R': 4.2857, 'm1': 0.20625, 'm2': 0.15845, 'l1cg': 0.080305, 'l1': 0.151894, 'l2cg': 0.066733, 'I1z': 0.00049228, 'I2x': 0.00036892, 'I2y': 2.3641e-05, 'I2z': 0.00036139}, 'init_theta_std_deg': 5.0, 'init_alpha_std_deg': 8.0, 'init_theta_dot_std': 0.0, 'init_alpha_dot_std': 0.0, 'pwm_limit': 150.0, 'pwm_gain': 1.0, 'pwm_bias': 0.0, 'pwm_deadzone': 0.0, 'pwm_noise_sigma': 0.0, 'actuator_tau': 0.0, 'action_delay_steps': 0, 'theta_bias': 0.0, 'alpha_bias': 0.0, 'theta_sigma': 0.0, 'alpha_sigma': 0.0, 'theta_dot_sigma': 0.0, 'alpha_dot_sigma': 0.0, 'encoder_quantization_rad': 0.0, 'velocity_lpf': 0.25, 'process_theta_dot_sigma': 0.0, 'process_alpha_dot_sigma': 0.0}"
234000,1,matlab_nominal_reproduction,0.0,"{'level': 0.0, 'physical': {'g': 9.8, 'c_theta': 0.025, 'c_alpha': 0.001, 'k_t': 0.231, 'k_b': 0.1875, 'k_u': 0.04706, 'R': 4.2857, 'm1': 0.20625, 'm2': 0.15845, 'l1cg': 0.080305, 'l1': 0.151894, 'l2cg': 0.066733, 'I1z': 0.00049228, 'I2x': 0.00036892, 'I2y': 2.3641e-05, 'I2z': 0.00036139}, 'init_theta_std_deg': 5.0, 'init_alpha_std_deg': 8.0, 'init_theta_dot_std': 0.0, 'init_alpha_dot_std': 0.0, 'pwm_limit': 150.0, 'pwm_gain': 1.0, 'pwm_bias': 0.0, 'pwm_deadzone': 0.0, 'pwm_noise_sigma': 0.0, 'actuator_tau': 0.0, 'action_delay_steps': 0, 'theta_bias': 0.0, 'alpha_bias': 0.0, 'theta_sigma': 0.0, 'alpha_sigma': 0.0, 'theta_dot_sigma': 0.0, 'alpha_dot_sigma': 0.0, 'encoder_quantization_rad': 0.0, 'velocity_lpf': 0.25, 'process_theta_dot_sigma': 0.0, 'process_alpha_dot_sigma': 0.0}"
236000,1,matlab_nominal_reproduction,0.0,"{'level': 0.0, 'physical': {'g': 9.8, 'c_theta': 0.025, 'c_alpha': 0.001, 'k_t': 0.231, 'k_b': 0.1875, 'k_u': 0.04706, 'R': 4.2857, 'm1': 0.20625, 'm2': 0.15845, 'l1cg': 0.080305, 'l1': 0.151894, 'l2cg': 0.066733, 'I1z': 0.00049228, 'I2x': 0.00036892, 'I2y': 2.3641e-05, 'I2z': 0.00036139}, 'init_theta_std_deg': 5.0, 'init_alpha_std_deg': 8.0, 'init_theta_dot_std': 0.0, 'init_alpha_dot_std': 0.0, 'pwm_limit': 150.0, 'pwm_gain': 1.0, 'pwm_bias': 0.0, 'pwm_deadzone': 0.0, 'pwm_noise_sigma': 0.0, 'actuator_tau': 0.0, 'action_delay_steps': 0, 'theta_bias': 0.0, 'alpha_bias': 0.0, 'theta_sigma': 0.0, 'alpha_sigma': 0.0, 'theta_dot_sigma': 0.0, 'alpha_dot_sigma': 0.0, 'encoder_quantization_rad': 0.0, 'velocity_lpf': 0.25, 'process_theta_dot_sigma': 0.0, 'process_alpha_dot_sigma': 0.0}"
238000,1,matlab_nominal_reproduction,0.0,"{'level': 0.0, 'physical': {'g': 9.8, 'c_theta': 0.025, 'c_alpha': 0.001, 'k_t': 0.231, 'k_b': 0.1875, 'k_u': 0.04706, 'R': 4.2857, 'm1': 0.20625, 'm2': 0.15845, 'l1cg': 0.080305, 'l1': 0.151894, 'l2cg': 0.066733, 'I1z': 0.00049228, 'I2x': 0.00036892, 'I2y': 2.3641e-05, 'I2z': 0.00036139}, 'init_theta_std_deg': 5.0, 'init_alpha_std_deg': 8.0, 'init_theta_dot_std': 0.0, 'init_alpha_dot_std': 0.0, 'pwm_limit': 150.0, 'pwm_gain': 1.0, 'pwm_bias': 0.0, 'pwm_deadzone': 0.0, 'pwm_noise_sigma': 0.0, 'actuator_tau': 0.0, 'action_delay_steps': 0, 'theta_bias': 0.0, 'alpha_bias': 0.0, 'theta_sigma': 0.0, 'alpha_sigma': 0.0, 'theta_dot_sigma': 0.0, 'alpha_dot_sigma': 0.0, 'encoder_quantization_rad': 0.0, 'velocity_lpf': 0.25, 'process_theta_dot_sigma': 0.0, 'process_alpha_dot_sigma': 0.0}"
240000,1,matlab_nominal_reproduction,0.0,"{'level': 0.0, 'physical': {'g': 9.8, 'c_theta': 0.025, 'c_alpha': 0.001, 'k_t': 0.231, 'k_b': 0.1875, 'k_u': 0.04706, 'R': 4.2857, 'm1': 0.20625, 'm2': 0.15845, 'l1cg': 0.080305, 'l1': 0.151894, 'l2cg': 0.066733, 'I1z': 0.00049228, 'I2x': 0.00036892, 'I2y': 2.3641e-05, 'I2z': 0.00036139}, 'init_theta_std_deg': 5.0, 'init_alpha_std_deg': 8.0, 'init_theta_dot_std': 0.0, 'init_alpha_dot_std': 0.0, 'pwm_limit': 150.0, 'pwm_gain': 1.0, 'pwm_bias': 0.0, 'pwm_deadzone': 0.0, 'pwm_noise_sigma': 0.0, 'actuator_tau': 0.0, 'action_delay_steps': 0, 'theta_bias': 0.0, 'alpha_bias': 0.0, 'theta_sigma': 0.0, 'alpha_sigma': 0.0, 'theta_dot_sigma': 0.0, 'alpha_dot_sigma': 0.0, 'encoder_quantization_rad': 0.0, 'velocity_lpf': 0.25, 'process_theta_dot_sigma': 0.0, 'process_alpha_dot_sigma': 0.0}"
242000,1,matlab_nominal_reproduction,0.0,"{'level': 0.0, 'physical': {'g': 9.8, 'c_theta': 0.025, 'c_alpha': 0.001, 'k_t': 0.231, 'k_b': 0.1875, 'k_u': 0.04706, 'R': 4.2857, 'm1': 0.20625, 'm2': 0.15845, 'l1cg': 0.080305, 'l1': 0.151894, 'l2cg': 0.066733, 'I1z': 0.00049228, 'I2x': 0.00036892, 'I2y': 2.3641e-05, 'I2z': 0.00036139}, 'init_theta_std_deg': 5.0, 'init_alpha_std_deg': 8.0, 'init_theta_dot_std': 0.0, 'init_alpha_dot_std': 0.0, 'pwm_limit': 150.0, 'pwm_gain': 1.0, 'pwm_bias': 0.0, 'pwm_deadzone': 0.0, 'pwm_noise_sigma': 0.0, 'actuator_tau': 0.0, 'action_delay_steps': 0, 'theta_bias': 0.0, 'alpha_bias': 0.0, 'theta_sigma': 0.0, 'alpha_sigma': 0.0, 'theta_dot_sigma': 0.0, 'alpha_dot_sigma': 0.0, 'encoder_quantization_rad': 0.0, 'velocity_lpf': 0.25, 'process_theta_dot_sigma': 0.0, 'process_alpha_dot_sigma': 0.0}"
244000,1,matlab_nominal_reproduction,0.0,"{'level': 0.0, 'physical': {'g': 9.8, 'c_theta': 0.025, 'c_alpha': 0.001, 'k_t': 0.231, 'k_b': 0.1875, 'k_u': 0.04706, 'R': 4.2857, 'm1': 0.20625, 'm2': 0.15845, 'l1cg': 0.080305, 'l1': 0.151894, 'l2cg': 0.066733, 'I1z': 0.00049228, 'I2x': 0.00036892, 'I2y': 2.3641e-05, 'I2z': 0.00036139}, 'init_theta_std_deg': 5.0, 'init_alpha_std_deg': 8.0, 'init_theta_dot_std': 0.0, 'init_alpha_dot_std': 0.0, 'pwm_limit': 150.0, 'pwm_gain': 1.0, 'pwm_bias': 0.0, 'pwm_deadzone': 0.0, 'pwm_noise_sigma': 0.0, 'actuator_tau': 0.0, 'action_delay_steps': 0, 'theta_bias': 0.0, 'alpha_bias': 0.0, 'theta_sigma': 0.0, 'alpha_sigma': 0.0, 'theta_dot_sigma': 0.0, 'alpha_dot_sigma': 0.0, 'encoder_quantization_rad': 0.0, 'velocity_lpf': 0.25, 'process_theta_dot_sigma': 0.0, 'process_alpha_dot_sigma': 0.0}"
246000,1,matlab_nominal_reproduction,0.0,"{'level': 0.0, 'physical': {'g': 9.8, 'c_theta': 0.025, 'c_alpha': 0.001, 'k_t': 0.231, 'k_b': 0.1875, 'k_u': 0.04706, 'R': 4.2857, 'm1': 0.20625, 'm2': 0.15845, 'l1cg': 0.080305, 'l1': 0.151894, 'l2cg': 0.066733, 'I1z': 0.00049228, 'I2x': 0.00036892, 'I2y': 2.3641e-05, 'I2z': 0.00036139}, 'init_theta_std_deg': 5.0, 'init_alpha_std_deg': 8.0, 'init_theta_dot_std': 0.0, 'init_alpha_dot_std': 0.0, 'pwm_limit': 150.0, 'pwm_gain': 1.0, 'pwm_bias': 0.0, 'pwm_deadzone': 0.0, 'pwm_noise_sigma': 0.0, 'actuator_tau': 0.0, 'action_delay_steps': 0, 'theta_bias': 0.0, 'alpha_bias': 0.0, 'theta_sigma': 0.0, 'alpha_sigma': 0.0, 'theta_dot_sigma': 0.0, 'alpha_dot_sigma': 0.0, 'encoder_quantization_rad': 0.0, 'velocity_lpf': 0.25, 'process_theta_dot_sigma': 0.0, 'process_alpha_dot_sigma': 0.0}"
248000,1,matlab_nominal_reproduction,0.0,"{'level': 0.0, 'physical': {'g': 9.8, 'c_theta': 0.025, 'c_alpha': 0.001, 'k_t': 0.231, 'k_b': 0.1875, 'k_u': 0.04706, 'R': 4.2857, 'm1': 0.20625, 'm2': 0.15845, 'l1cg': 0.080305, 'l1': 0.151894, 'l2cg': 0.066733, 'I1z': 0.00049228, 'I2x': 0.00036892, 'I2y': 2.3641e-05, 'I2z': 0.00036139}, 'init_theta_std_deg': 5.0, 'init_alpha_std_deg': 8.0, 'init_theta_dot_std': 0.0, 'init_alpha_dot_std': 0.0, 'pwm_limit': 150.0, 'pwm_gain': 1.0, 'pwm_bias': 0.0, 'pwm_deadzone': 0.0, 'pwm_noise_sigma': 0.0, 'actuator_tau': 0.0, 'action_delay_steps': 0, 'theta_bias': 0.0, 'alpha_bias': 0.0, 'theta_sigma': 0.0, 'alpha_sigma': 0.0, 'theta_dot_sigma': 0.0, 'alpha_dot_sigma': 0.0, 'encoder_quantization_rad': 0.0, 'velocity_lpf': 0.25, 'process_theta_dot_sigma': 0.0, 'process_alpha_dot_sigma': 0.0}"
250000,1,matlab_nominal_reproduction,0.0,"{'level': 0.0, 'physical': {'g': 9.8, 'c_theta': 0.025, 'c_alpha': 0.001, 'k_t': 0.231, 'k_b': 0.1875, 'k_u': 0.04706, 'R': 4.2857, 'm1': 0.20625, 'm2': 0.15845, 'l1cg': 0.080305, 'l1': 0.151894, 'l2cg': 0.066733, 'I1z': 0.00049228, 'I2x': 0.00036892, 'I2y': 2.3641e-05, 'I2z': 0.00036139}, 'init_theta_std_deg': 5.0, 'init_alpha_std_deg': 8.0, 'init_theta_dot_std': 0.0, 'init_alpha_dot_std': 0.0, 'pwm_limit': 150.0, 'pwm_gain': 1.0, 'pwm_bias': 0.0, 'pwm_deadzone': 0.0, 'pwm_noise_sigma': 0.0, 'actuator_tau': 0.0, 'action_delay_steps': 0, 'theta_bias': 0.0, 'alpha_bias': 0.0, 'theta_sigma': 0.0, 'alpha_sigma': 0.0, 'theta_dot_sigma': 0.0, 'alpha_dot_sigma': 0.0, 'encoder_quantization_rad': 0.0, 'velocity_lpf': 0.25, 'process_theta_dot_sigma': 0.0, 'process_alpha_dot_sigma': 0.0}"
252000,1,matlab_nominal_reproduction,0.0,"{'level': 0.0, 'physical': {'g': 9.8, 'c_theta': 0.025, 'c_alpha': 0.001, 'k_t': 0.231, 'k_b': 0.1875, 'k_u': 0.04706, 'R': 4.2857, 'm1': 0.20625, 'm2': 0.15845, 'l1cg': 0.080305, 'l1': 0.151894, 'l2cg': 0.066733, 'I1z': 0.00049228, 'I2x': 0.00036892, 'I2y': 2.3641e-05, 'I2z': 0.00036139}, 'init_theta_std_deg': 5.0, 'init_alpha_std_deg': 8.0, 'init_theta_dot_std': 0.0, 'init_alpha_dot_std': 0.0, 'pwm_limit': 150.0, 'pwm_gain': 1.0, 'pwm_bias': 0.0, 'pwm_deadzone': 0.0, 'pwm_noise_sigma': 0.0, 'actuator_tau': 0.0, 'action_delay_steps': 0, 'theta_bias': 0.0, 'alpha_bias': 0.0, 'theta_sigma': 0.0, 'alpha_sigma': 0.0, 'theta_dot_sigma': 0.0, 'alpha_dot_sigma': 0.0, 'encoder_quantization_rad': 0.0, 'velocity_lpf': 0.25, 'process_theta_dot_sigma': 0.0, 'process_alpha_dot_sigma': 0.0}"
254000,1,matlab_nominal_reproduction,0.0,"{'level': 0.0, 'physical': {'g': 9.8, 'c_theta': 0.025, 'c_alpha': 0.001, 'k_t': 0.231, 'k_b': 0.1875, 'k_u': 0.04706, 'R': 4.2857, 'm1': 0.20625, 'm2': 0.15845, 'l1cg': 0.080305, 'l1': 0.151894, 'l2cg': 0.066733, 'I1z': 0.00049228, 'I2x': 0.00036892, 'I2y': 2.3641e-05, 'I2z': 0.00036139}, 'init_theta_std_deg': 5.0, 'init_alpha_std_deg': 8.0, 'init_theta_dot_std': 0.0, 'init_alpha_dot_std': 0.0, 'pwm_limit': 150.0, 'pwm_gain': 1.0, 'pwm_bias': 0.0, 'pwm_deadzone': 0.0, 'pwm_noise_sigma': 0.0, 'actuator_tau': 0.0, 'action_delay_steps': 0, 'theta_bias': 0.0, 'alpha_bias': 0.0, 'theta_sigma': 0.0, 'alpha_sigma': 0.0, 'theta_dot_sigma': 0.0, 'alpha_dot_sigma': 0.0, 'encoder_quantization_rad': 0.0, 'velocity_lpf': 0.25, 'process_theta_dot_sigma': 0.0, 'process_alpha_dot_sigma': 0.0}"
256000,1,matlab_nominal_reproduction,0.0,"{'level': 0.0, 'physical': {'g': 9.8, 'c_theta': 0.025, 'c_alpha': 0.001, 'k_t': 0.231, 'k_b': 0.1875, 'k_u': 0.04706, 'R': 4.2857, 'm1': 0.20625, 'm2': 0.15845, 'l1cg': 0.080305, 'l1': 0.151894, 'l2cg': 0.066733, 'I1z': 0.00049228, 'I2x': 0.00036892, 'I2y': 2.3641e-05, 'I2z': 0.00036139}, 'init_theta_std_deg': 5.0, 'init_alpha_std_deg': 8.0, 'init_theta_dot_std': 0.0, 'init_alpha_dot_std': 0.0, 'pwm_limit': 150.0, 'pwm_gain': 1.0, 'pwm_bias': 0.0, 'pwm_deadzone': 0.0, 'pwm_noise_sigma': 0.0, 'actuator_tau': 0.0, 'action_delay_steps': 0, 'theta_bias': 0.0, 'alpha_bias': 0.0, 'theta_sigma': 0.0, 'alpha_sigma': 0.0, 'theta_dot_sigma': 0.0, 'alpha_dot_sigma': 0.0, 'encoder_quantization_rad': 0.0, 'velocity_lpf': 0.25, 'process_theta_dot_sigma': 0.0, 'process_alpha_dot_sigma': 0.0}"
258000,1,matlab_nominal_reproduction,0.0,"{'level': 0.0, 'physical': {'g': 9.8, 'c_theta': 0.025, 'c_alpha': 0.001, 'k_t': 0.231, 'k_b': 0.1875, 'k_u': 0.04706, 'R': 4.2857, 'm1': 0.20625, 'm2': 0.15845, 'l1cg': 0.080305, 'l1': 0.151894, 'l2cg': 0.066733, 'I1z': 0.00049228, 'I2x': 0.00036892, 'I2y': 2.3641e-05, 'I2z': 0.00036139}, 'init_theta_std_deg': 5.0, 'init_alpha_std_deg': 8.0, 'init_theta_dot_std': 0.0, 'init_alpha_dot_std': 0.0, 'pwm_limit': 150.0, 'pwm_gain': 1.0, 'pwm_bias': 0.0, 'pwm_deadzone': 0.0, 'pwm_noise_sigma': 0.0, 'actuator_tau': 0.0, 'action_delay_steps': 0, 'theta_bias': 0.0, 'alpha_bias': 0.0, 'theta_sigma': 0.0, 'alpha_sigma': 0.0, 'theta_dot_sigma': 0.0, 'alpha_dot_sigma': 0.0, 'encoder_quantization_rad': 0.0, 'velocity_lpf': 0.25, 'process_theta_dot_sigma': 0.0, 'process_alpha_dot_sigma': 0.0}"
260000,1,matlab_nominal_reproduction,0.0,"{'level': 0.0, 'physical': {'g': 9.8, 'c_theta': 0.025, 'c_alpha': 0.001, 'k_t': 0.231, 'k_b': 0.1875, 'k_u': 0.04706, 'R': 4.2857, 'm1': 0.20625, 'm2': 0.15845, 'l1cg': 0.080305, 'l1': 0.151894, 'l2cg': 0.066733, 'I1z': 0.00049228, 'I2x': 0.00036892, 'I2y': 2.3641e-05, 'I2z': 0.00036139}, 'init_theta_std_deg': 5.0, 'init_alpha_std_deg': 8.0, 'init_theta_dot_std': 0.0, 'init_alpha_dot_std': 0.0, 'pwm_limit': 150.0, 'pwm_gain': 1.0, 'pwm_bias': 0.0, 'pwm_deadzone': 0.0, 'pwm_noise_sigma': 0.0, 'actuator_tau': 0.0, 'action_delay_steps': 0, 'theta_bias': 0.0, 'alpha_bias': 0.0, 'theta_sigma': 0.0, 'alpha_sigma': 0.0, 'theta_dot_sigma': 0.0, 'alpha_dot_sigma': 0.0, 'encoder_quantization_rad': 0.0, 'velocity_lpf': 0.25, 'process_theta_dot_sigma': 0.0, 'process_alpha_dot_sigma': 0.0}"
262000,1,matlab_nominal_reproduction,0.0,"{'level': 0.0, 'physical': {'g': 9.8, 'c_theta': 0.025, 'c_alpha': 0.001, 'k_t': 0.231, 'k_b': 0.1875, 'k_u': 0.04706, 'R': 4.2857, 'm1': 0.20625, 'm2': 0.15845, 'l1cg': 0.080305, 'l1': 0.151894, 'l2cg': 0.066733, 'I1z': 0.00049228, 'I2x': 0.00036892, 'I2y': 2.3641e-05, 'I2z': 0.00036139}, 'init_theta_std_deg': 5.0, 'init_alpha_std_deg': 8.0, 'init_theta_dot_std': 0.0, 'init_alpha_dot_std': 0.0, 'pwm_limit': 150.0, 'pwm_gain': 1.0, 'pwm_bias': 0.0, 'pwm_deadzone': 0.0, 'pwm_noise_sigma': 0.0, 'actuator_tau': 0.0, 'action_delay_steps': 0, 'theta_bias': 0.0, 'alpha_bias': 0.0, 'theta_sigma': 0.0, 'alpha_sigma': 0.0, 'theta_dot_sigma': 0.0, 'alpha_dot_sigma': 0.0, 'encoder_quantization_rad': 0.0, 'velocity_lpf': 0.25, 'process_theta_dot_sigma': 0.0, 'process_alpha_dot_sigma': 0.0}"
264000,1,matlab_nominal_reproduction,0.0,"{'level': 0.0, 'physical': {'g': 9.8, 'c_theta': 0.025, 'c_alpha': 0.001, 'k_t': 0.231, 'k_b': 0.1875, 'k_u': 0.04706, 'R': 4.2857, 'm1': 0.20625, 'm2': 0.15845, 'l1cg': 0.080305, 'l1': 0.151894, 'l2cg': 0.066733, 'I1z': 0.00049228, 'I2x': 0.00036892, 'I2y': 2.3641e-05, 'I2z': 0.00036139}, 'init_theta_std_deg': 5.0, 'init_alpha_std_deg': 8.0, 'init_theta_dot_std': 0.0, 'init_alpha_dot_std': 0.0, 'pwm_limit': 150.0, 'pwm_gain': 1.0, 'pwm_bias': 0.0, 'pwm_deadzone': 0.0, 'pwm_noise_sigma': 0.0, 'actuator_tau': 0.0, 'action_delay_steps': 0, 'theta_bias': 0.0, 'alpha_bias': 0.0, 'theta_sigma': 0.0, 'alpha_sigma': 0.0, 'theta_dot_sigma': 0.0, 'alpha_dot_sigma': 0.0, 'encoder_quantization_rad': 0.0, 'velocity_lpf': 0.25, 'process_theta_dot_sigma': 0.0, 'process_alpha_dot_sigma': 0.0}"
266000,1,matlab_nominal_reproduction,0.0,"{'level': 0.0, 'physical': {'g': 9.8, 'c_theta': 0.025, 'c_alpha': 0.001, 'k_t': 0.231, 'k_b': 0.1875, 'k_u': 0.04706, 'R': 4.2857, 'm1': 0.20625, 'm2': 0.15845, 'l1cg': 0.080305, 'l1': 0.151894, 'l2cg': 0.066733, 'I1z': 0.00049228, 'I2x': 0.00036892, 'I2y': 2.3641e-05, 'I2z': 0.00036139}, 'init_theta_std_deg': 5.0, 'init_alpha_std_deg': 8.0, 'init_theta_dot_std': 0.0, 'init_alpha_dot_std': 0.0, 'pwm_limit': 150.0, 'pwm_gain': 1.0, 'pwm_bias': 0.0, 'pwm_deadzone': 0.0, 'pwm_noise_sigma': 0.0, 'actuator_tau': 0.0, 'action_delay_steps': 0, 'theta_bias': 0.0, 'alpha_bias': 0.0, 'theta_sigma': 0.0, 'alpha_sigma': 0.0, 'theta_dot_sigma': 0.0, 'alpha_dot_sigma': 0.0, 'encoder_quantization_rad': 0.0, 'velocity_lpf': 0.25, 'process_theta_dot_sigma': 0.0, 'process_alpha_dot_sigma': 0.0}"
268000,1,matlab_nominal_reproduction,0.0,"{'level': 0.0, 'physical': {'g': 9.8, 'c_theta': 0.025, 'c_alpha': 0.001, 'k_t': 0.231, 'k_b': 0.1875, 'k_u': 0.04706, 'R': 4.2857, 'm1': 0.20625, 'm2': 0.15845, 'l1cg': 0.080305, 'l1': 0.151894, 'l2cg': 0.066733, 'I1z': 0.00049228, 'I2x': 0.00036892, 'I2y': 2.3641e-05, 'I2z': 0.00036139}, 'init_theta_std_deg': 5.0, 'init_alpha_std_deg': 8.0, 'init_theta_dot_std': 0.0, 'init_alpha_dot_std': 0.0, 'pwm_limit': 150.0, 'pwm_gain': 1.0, 'pwm_bias': 0.0, 'pwm_deadzone': 0.0, 'pwm_noise_sigma': 0.0, 'actuator_tau': 0.0, 'action_delay_steps': 0, 'theta_bias': 0.0, 'alpha_bias': 0.0, 'theta_sigma': 0.0, 'alpha_sigma': 0.0, 'theta_dot_sigma': 0.0, 'alpha_dot_sigma': 0.0, 'encoder_quantization_rad': 0.0, 'velocity_lpf': 0.25, 'process_theta_dot_sigma': 0.0, 'process_alpha_dot_sigma': 0.0}"
270000,1,matlab_nominal_reproduction,0.0,"{'level': 0.0, 'physical': {'g': 9.8, 'c_theta': 0.025, 'c_alpha': 0.001, 'k_t': 0.231, 'k_b': 0.1875, 'k_u': 0.04706, 'R': 4.2857, 'm1': 0.20625, 'm2': 0.15845, 'l1cg': 0.080305, 'l1': 0.151894, 'l2cg': 0.066733, 'I1z': 0.00049228, 'I2x': 0.00036892, 'I2y': 2.3641e-05, 'I2z': 0.00036139}, 'init_theta_std_deg': 5.0, 'init_alpha_std_deg': 8.0, 'init_theta_dot_std': 0.0, 'init_alpha_dot_std': 0.0, 'pwm_limit': 150.0, 'pwm_gain': 1.0, 'pwm_bias': 0.0, 'pwm_deadzone': 0.0, 'pwm_noise_sigma': 0.0, 'actuator_tau': 0.0, 'action_delay_steps': 0, 'theta_bias': 0.0, 'alpha_bias': 0.0, 'theta_sigma': 0.0, 'alpha_sigma': 0.0, 'theta_dot_sigma': 0.0, 'alpha_dot_sigma': 0.0, 'encoder_quantization_rad': 0.0, 'velocity_lpf': 0.25, 'process_theta_dot_sigma': 0.0, 'process_alpha_dot_sigma': 0.0}"
272000,1,matlab_nominal_reproduction,0.0,"{'level': 0.0, 'physical': {'g': 9.8, 'c_theta': 0.025, 'c_alpha': 0.001, 'k_t': 0.231, 'k_b': 0.1875, 'k_u': 0.04706, 'R': 4.2857, 'm1': 0.20625, 'm2': 0.15845, 'l1cg': 0.080305, 'l1': 0.151894, 'l2cg': 0.066733, 'I1z': 0.00049228, 'I2x': 0.00036892, 'I2y': 2.3641e-05, 'I2z': 0.00036139}, 'init_theta_std_deg': 5.0, 'init_alpha_std_deg': 8.0, 'init_theta_dot_std': 0.0, 'init_alpha_dot_std': 0.0, 'pwm_limit': 150.0, 'pwm_gain': 1.0, 'pwm_bias': 0.0, 'pwm_deadzone': 0.0, 'pwm_noise_sigma': 0.0, 'actuator_tau': 0.0, 'action_delay_steps': 0, 'theta_bias': 0.0, 'alpha_bias': 0.0, 'theta_sigma': 0.0, 'alpha_sigma': 0.0, 'theta_dot_sigma': 0.0, 'alpha_dot_sigma': 0.0, 'encoder_quantization_rad': 0.0, 'velocity_lpf': 0.25, 'process_theta_dot_sigma': 0.0, 'process_alpha_dot_sigma': 0.0}"
274000,1,matlab_nominal_reproduction,0.0,"{'level': 0.0, 'physical': {'g': 9.8, 'c_theta': 0.025, 'c_alpha': 0.001, 'k_t': 0.231, 'k_b': 0.1875, 'k_u': 0.04706, 'R': 4.2857, 'm1': 0.20625, 'm2': 0.15845, 'l1cg': 0.080305, 'l1': 0.151894, 'l2cg': 0.066733, 'I1z': 0.00049228, 'I2x': 0.00036892, 'I2y': 2.3641e-05, 'I2z': 0.00036139}, 'init_theta_std_deg': 5.0, 'init_alpha_std_deg': 8.0, 'init_theta_dot_std': 0.0, 'init_alpha_dot_std': 0.0, 'pwm_limit': 150.0, 'pwm_gain': 1.0, 'pwm_bias': 0.0, 'pwm_deadzone': 0.0, 'pwm_noise_sigma': 0.0, 'actuator_tau': 0.0, 'action_delay_steps': 0, 'theta_bias': 0.0, 'alpha_bias': 0.0, 'theta_sigma': 0.0, 'alpha_sigma': 0.0, 'theta_dot_sigma': 0.0, 'alpha_dot_sigma': 0.0, 'encoder_quantization_rad': 0.0, 'velocity_lpf': 0.25, 'process_theta_dot_sigma': 0.0, 'process_alpha_dot_sigma': 0.0}"
276000,1,matlab_nominal_reproduction,0.0,"{'level': 0.0, 'physical': {'g': 9.8, 'c_theta': 0.025, 'c_alpha': 0.001, 'k_t': 0.231, 'k_b': 0.1875, 'k_u': 0.04706, 'R': 4.2857, 'm1': 0.20625, 'm2': 0.15845, 'l1cg': 0.080305, 'l1': 0.151894, 'l2cg': 0.066733, 'I1z': 0.00049228, 'I2x': 0.00036892, 'I2y': 2.3641e-05, 'I2z': 0.00036139}, 'init_theta_std_deg': 5.0, 'init_alpha_std_deg': 8.0, 'init_theta_dot_std': 0.0, 'init_alpha_dot_std': 0.0, 'pwm_limit': 150.0, 'pwm_gain': 1.0, 'pwm_bias': 0.0, 'pwm_deadzone': 0.0, 'pwm_noise_sigma': 0.0, 'actuator_tau': 0.0, 'action_delay_steps': 0, 'theta_bias': 0.0, 'alpha_bias': 0.0, 'theta_sigma': 0.0, 'alpha_sigma': 0.0, 'theta_dot_sigma': 0.0, 'alpha_dot_sigma': 0.0, 'encoder_quantization_rad': 0.0, 'velocity_lpf': 0.25, 'process_theta_dot_sigma': 0.0, 'process_alpha_dot_sigma': 0.0}"
278000,1,matlab_nominal_reproduction,0.0,"{'level': 0.0, 'physical': {'g': 9.8, 'c_theta': 0.025, 'c_alpha': 0.001, 'k_t': 0.231, 'k_b': 0.1875, 'k_u': 0.04706, 'R': 4.2857, 'm1': 0.20625, 'm2': 0.15845, 'l1cg': 0.080305, 'l1': 0.151894, 'l2cg': 0.066733, 'I1z': 0.00049228, 'I2x': 0.00036892, 'I2y': 2.3641e-05, 'I2z': 0.00036139}, 'init_theta_std_deg': 5.0, 'init_alpha_std_deg': 8.0, 'init_theta_dot_std': 0.0, 'init_alpha_dot_std': 0.0, 'pwm_limit': 150.0, 'pwm_gain': 1.0, 'pwm_bias': 0.0, 'pwm_deadzone': 0.0, 'pwm_noise_sigma': 0.0, 'actuator_tau': 0.0, 'action_delay_steps': 0, 'theta_bias': 0.0, 'alpha_bias': 0.0, 'theta_sigma': 0.0, 'alpha_sigma': 0.0, 'theta_dot_sigma': 0.0, 'alpha_dot_sigma': 0.0, 'encoder_quantization_rad': 0.0, 'velocity_lpf': 0.25, 'process_theta_dot_sigma': 0.0, 'process_alpha_dot_sigma': 0.0}"
280000,1,matlab_nominal_reproduction,0.0,"{'level': 0.0, 'physical': {'g': 9.8, 'c_theta': 0.025, 'c_alpha': 0.001, 'k_t': 0.231, 'k_b': 0.1875, 'k_u': 0.04706, 'R': 4.2857, 'm1': 0.20625, 'm2': 0.15845, 'l1cg': 0.080305, 'l1': 0.151894, 'l2cg': 0.066733, 'I1z': 0.00049228, 'I2x': 0.00036892, 'I2y': 2.3641e-05, 'I2z': 0.00036139}, 'init_theta_std_deg': 5.0, 'init_alpha_std_deg': 8.0, 'init_theta_dot_std': 0.0, 'init_alpha_dot_std': 0.0, 'pwm_limit': 150.0, 'pwm_gain': 1.0, 'pwm_bias': 0.0, 'pwm_deadzone': 0.0, 'pwm_noise_sigma': 0.0, 'actuator_tau': 0.0, 'action_delay_steps': 0, 'theta_bias': 0.0, 'alpha_bias': 0.0, 'theta_sigma': 0.0, 'alpha_sigma': 0.0, 'theta_dot_sigma': 0.0, 'alpha_dot_sigma': 0.0, 'encoder_quantization_rad': 0.0, 'velocity_lpf': 0.25, 'process_theta_dot_sigma': 0.0, 'process_alpha_dot_sigma': 0.0}"
282000,1,matlab_nominal_reproduction,0.0,"{'level': 0.0, 'physical': {'g': 9.8, 'c_theta': 0.025, 'c_alpha': 0.001, 'k_t': 0.231, 'k_b': 0.1875, 'k_u': 0.04706, 'R': 4.2857, 'm1': 0.20625, 'm2': 0.15845, 'l1cg': 0.080305, 'l1': 0.151894, 'l2cg': 0.066733, 'I1z': 0.00049228, 'I2x': 0.00036892, 'I2y': 2.3641e-05, 'I2z': 0.00036139}, 'init_theta_std_deg': 5.0, 'init_alpha_std_deg': 8.0, 'init_theta_dot_std': 0.0, 'init_alpha_dot_std': 0.0, 'pwm_limit': 150.0, 'pwm_gain': 1.0, 'pwm_bias': 0.0, 'pwm_deadzone': 0.0, 'pwm_noise_sigma': 0.0, 'actuator_tau': 0.0, 'action_delay_steps': 0, 'theta_bias': 0.0, 'alpha_bias': 0.0, 'theta_sigma': 0.0, 'alpha_sigma': 0.0, 'theta_dot_sigma': 0.0, 'alpha_dot_sigma': 0.0, 'encoder_quantization_rad': 0.0, 'velocity_lpf': 0.25, 'process_theta_dot_sigma': 0.0, 'process_alpha_dot_sigma': 0.0}"
284000,1,matlab_nominal_reproduction,0.0,"{'level': 0.0, 'physical': {'g': 9.8, 'c_theta': 0.025, 'c_alpha': 0.001, 'k_t': 0.231, 'k_b': 0.1875, 'k_u': 0.04706, 'R': 4.2857, 'm1': 0.20625, 'm2': 0.15845, 'l1cg': 0.080305, 'l1': 0.151894, 'l2cg': 0.066733, 'I1z': 0.00049228, 'I2x': 0.00036892, 'I2y': 2.3641e-05, 'I2z': 0.00036139}, 'init_theta_std_deg': 5.0, 'init_alpha_std_deg': 8.0, 'init_theta_dot_std': 0.0, 'init_alpha_dot_std': 0.0, 'pwm_limit': 150.0, 'pwm_gain': 1.0, 'pwm_bias': 0.0, 'pwm_deadzone': 0.0, 'pwm_noise_sigma': 0.0, 'actuator_tau': 0.0, 'action_delay_steps': 0, 'theta_bias': 0.0, 'alpha_bias': 0.0, 'theta_sigma': 0.0, 'alpha_sigma': 0.0, 'theta_dot_sigma': 0.0, 'alpha_dot_sigma': 0.0, 'encoder_quantization_rad': 0.0, 'velocity_lpf': 0.25, 'process_theta_dot_sigma': 0.0, 'process_alpha_dot_sigma': 0.0}"
286000,1,matlab_nominal_reproduction,0.0,"{'level': 0.0, 'physical': {'g': 9.8, 'c_theta': 0.025, 'c_alpha': 0.001, 'k_t': 0.231, 'k_b': 0.1875, 'k_u': 0.04706, 'R': 4.2857, 'm1': 0.20625, 'm2': 0.15845, 'l1cg': 0.080305, 'l1': 0.151894, 'l2cg': 0.066733, 'I1z': 0.00049228, 'I2x': 0.00036892, 'I2y': 2.3641e-05, 'I2z': 0.00036139}, 'init_theta_std_deg': 5.0, 'init_alpha_std_deg': 8.0, 'init_theta_dot_std': 0.0, 'init_alpha_dot_std': 0.0, 'pwm_limit': 150.0, 'pwm_gain': 1.0, 'pwm_bias': 0.0, 'pwm_deadzone': 0.0, 'pwm_noise_sigma': 0.0, 'actuator_tau': 0.0, 'action_delay_steps': 0, 'theta_bias': 0.0, 'alpha_bias': 0.0, 'theta_sigma': 0.0, 'alpha_sigma': 0.0, 'theta_dot_sigma': 0.0, 'alpha_dot_sigma': 0.0, 'encoder_quantization_rad': 0.0, 'velocity_lpf': 0.25, 'process_theta_dot_sigma': 0.0, 'process_alpha_dot_sigma': 0.0}"
288000,1,matlab_nominal_reproduction,0.0,"{'level': 0.0, 'physical': {'g': 9.8, 'c_theta': 0.025, 'c_alpha': 0.001, 'k_t': 0.231, 'k_b': 0.1875, 'k_u': 0.04706, 'R': 4.2857, 'm1': 0.20625, 'm2': 0.15845, 'l1cg': 0.080305, 'l1': 0.151894, 'l2cg': 0.066733, 'I1z': 0.00049228, 'I2x': 0.00036892, 'I2y': 2.3641e-05, 'I2z': 0.00036139}, 'init_theta_std_deg': 5.0, 'init_alpha_std_deg': 8.0, 'init_theta_dot_std': 0.0, 'init_alpha_dot_std': 0.0, 'pwm_limit': 150.0, 'pwm_gain': 1.0, 'pwm_bias': 0.0, 'pwm_deadzone': 0.0, 'pwm_noise_sigma': 0.0, 'actuator_tau': 0.0, 'action_delay_steps': 0, 'theta_bias': 0.0, 'alpha_bias': 0.0, 'theta_sigma': 0.0, 'alpha_sigma': 0.0, 'theta_dot_sigma': 0.0, 'alpha_dot_sigma': 0.0, 'encoder_quantization_rad': 0.0, 'velocity_lpf': 0.25, 'process_theta_dot_sigma': 0.0, 'process_alpha_dot_sigma': 0.0}"
290000,1,matlab_nominal_reproduction,0.0,"{'level': 0.0, 'physical': {'g': 9.8, 'c_theta': 0.025, 'c_alpha': 0.001, 'k_t': 0.231, 'k_b': 0.1875, 'k_u': 0.04706, 'R': 4.2857, 'm1': 0.20625, 'm2': 0.15845, 'l1cg': 0.080305, 'l1': 0.151894, 'l2cg': 0.066733, 'I1z': 0.00049228, 'I2x': 0.00036892, 'I2y': 2.3641e-05, 'I2z': 0.00036139}, 'init_theta_std_deg': 5.0, 'init_alpha_std_deg': 8.0, 'init_theta_dot_std': 0.0, 'init_alpha_dot_std': 0.0, 'pwm_limit': 150.0, 'pwm_gain': 1.0, 'pwm_bias': 0.0, 'pwm_deadzone': 0.0, 'pwm_noise_sigma': 0.0, 'actuator_tau': 0.0, 'action_delay_steps': 0, 'theta_bias': 0.0, 'alpha_bias': 0.0, 'theta_sigma': 0.0, 'alpha_sigma': 0.0, 'theta_dot_sigma': 0.0, 'alpha_dot_sigma': 0.0, 'encoder_quantization_rad': 0.0, 'velocity_lpf': 0.25, 'process_theta_dot_sigma': 0.0, 'process_alpha_dot_sigma': 0.0}"
292000,1,matlab_nominal_reproduction,0.0,"{'level': 0.0, 'physical': {'g': 9.8, 'c_theta': 0.025, 'c_alpha': 0.001, 'k_t': 0.231, 'k_b': 0.1875, 'k_u': 0.04706, 'R': 4.2857, 'm1': 0.20625, 'm2': 0.15845, 'l1cg': 0.080305, 'l1': 0.151894, 'l2cg': 0.066733, 'I1z': 0.00049228, 'I2x': 0.00036892, 'I2y': 2.3641e-05, 'I2z': 0.00036139}, 'init_theta_std_deg': 5.0, 'init_alpha_std_deg': 8.0, 'init_theta_dot_std': 0.0, 'init_alpha_dot_std': 0.0, 'pwm_limit': 150.0, 'pwm_gain': 1.0, 'pwm_bias': 0.0, 'pwm_deadzone': 0.0, 'pwm_noise_sigma': 0.0, 'actuator_tau': 0.0, 'action_delay_steps': 0, 'theta_bias': 0.0, 'alpha_bias': 0.0, 'theta_sigma': 0.0, 'alpha_sigma': 0.0, 'theta_dot_sigma': 0.0, 'alpha_dot_sigma': 0.0, 'encoder_quantization_rad': 0.0, 'velocity_lpf': 0.25, 'process_theta_dot_sigma': 0.0, 'process_alpha_dot_sigma': 0.0}"
294000,1,matlab_nominal_reproduction,0.0,"{'level': 0.0, 'physical': {'g': 9.8, 'c_theta': 0.025, 'c_alpha': 0.001, 'k_t': 0.231, 'k_b': 0.1875, 'k_u': 0.04706, 'R': 4.2857, 'm1': 0.20625, 'm2': 0.15845, 'l1cg': 0.080305, 'l1': 0.151894, 'l2cg': 0.066733, 'I1z': 0.00049228, 'I2x': 0.00036892, 'I2y': 2.3641e-05, 'I2z': 0.00036139}, 'init_theta_std_deg': 5.0, 'init_alpha_std_deg': 8.0, 'init_theta_dot_std': 0.0, 'init_alpha_dot_std': 0.0, 'pwm_limit': 150.0, 'pwm_gain': 1.0, 'pwm_bias': 0.0, 'pwm_deadzone': 0.0, 'pwm_noise_sigma': 0.0, 'actuator_tau': 0.0, 'action_delay_steps': 0, 'theta_bias': 0.0, 'alpha_bias': 0.0, 'theta_sigma': 0.0, 'alpha_sigma': 0.0, 'theta_dot_sigma': 0.0, 'alpha_dot_sigma': 0.0, 'encoder_quantization_rad': 0.0, 'velocity_lpf': 0.25, 'process_theta_dot_sigma': 0.0, 'process_alpha_dot_sigma': 0.0}"
296000,1,matlab_nominal_reproduction,0.0,"{'level': 0.0, 'physical': {'g': 9.8, 'c_theta': 0.025, 'c_alpha': 0.001, 'k_t': 0.231, 'k_b': 0.1875, 'k_u': 0.04706, 'R': 4.2857, 'm1': 0.20625, 'm2': 0.15845, 'l1cg': 0.080305, 'l1': 0.151894, 'l2cg': 0.066733, 'I1z': 0.00049228, 'I2x': 0.00036892, 'I2y': 2.3641e-05, 'I2z': 0.00036139}, 'init_theta_std_deg': 5.0, 'init_alpha_std_deg': 8.0, 'init_theta_dot_std': 0.0, 'init_alpha_dot_std': 0.0, 'pwm_limit': 150.0, 'pwm_gain': 1.0, 'pwm_bias': 0.0, 'pwm_deadzone': 0.0, 'pwm_noise_sigma': 0.0, 'actuator_tau': 0.0, 'action_delay_steps': 0, 'theta_bias': 0.0, 'alpha_bias': 0.0, 'theta_sigma': 0.0, 'alpha_sigma': 0.0, 'theta_dot_sigma': 0.0, 'alpha_dot_sigma': 0.0, 'encoder_quantization_rad': 0.0, 'velocity_lpf': 0.25, 'process_theta_dot_sigma': 0.0, 'process_alpha_dot_sigma': 0.0}"
298000,1,matlab_nominal_reproduction,0.0,"{'level': 0.0, 'physical': {'g': 9.8, 'c_theta': 0.025, 'c_alpha': 0.001, 'k_t': 0.231, 'k_b': 0.1875, 'k_u': 0.04706, 'R': 4.2857, 'm1': 0.20625, 'm2': 0.15845, 'l1cg': 0.080305, 'l1': 0.151894, 'l2cg': 0.066733, 'I1z': 0.00049228, 'I2x': 0.00036892, 'I2y': 2.3641e-05, 'I2z': 0.00036139}, 'init_theta_std_deg': 5.0, 'init_alpha_std_deg': 8.0, 'init_theta_dot_std': 0.0, 'init_alpha_dot_std': 0.0, 'pwm_limit': 150.0, 'pwm_gain': 1.0, 'pwm_bias': 0.0, 'pwm_deadzone': 0.0, 'pwm_noise_sigma': 0.0, 'actuator_tau': 0.0, 'action_delay_steps': 0, 'theta_bias': 0.0, 'alpha_bias': 0.0, 'theta_sigma': 0.0, 'alpha_sigma': 0.0, 'theta_dot_sigma': 0.0, 'alpha_dot_sigma': 0.0, 'encoder_quantization_rad': 0.0, 'velocity_lpf': 0.25, 'process_theta_dot_sigma': 0.0, 'process_alpha_dot_sigma': 0.0}"
300000,1,matlab_nominal_reproduction,0.0,"{'level': 0.0, 'physical': {'g': 9.8, 'c_theta': 0.025, 'c_alpha': 0.001, 'k_t': 0.231, 'k_b': 0.1875, 'k_u': 0.04706, 'R': 4.2857, 'm1': 0.20625, 'm2': 0.15845, 'l1cg': 0.080305, 'l1': 0.151894, 'l2cg': 0.066733, 'I1z': 0.00049228, 'I2x': 0.00036892, 'I2y': 2.3641e-05, 'I2z': 0.00036139}, 'init_theta_std_deg': 5.0, 'init_alpha_std_deg': 8.0, 'init_theta_dot_std': 0.0, 'init_alpha_dot_std': 0.0, 'pwm_limit': 150.0, 'pwm_gain': 1.0, 'pwm_bias': 0.0, 'pwm_deadzone': 0.0, 'pwm_noise_sigma': 0.0, 'actuator_tau': 0.0, 'action_delay_steps': 0, 'theta_bias': 0.0, 'alpha_bias': 0.0, 'theta_sigma': 0.0, 'alpha_sigma': 0.0, 'theta_dot_sigma': 0.0, 'alpha_dot_sigma': 0.0, 'encoder_quantization_rad': 0.0, 'velocity_lpf': 0.25, 'process_theta_dot_sigma': 0.0, 'process_alpha_dot_sigma': 0.0}"
302000,1,matlab_nominal_reproduction,0.0,"{'level': 0.0, 'physical': {'g': 9.8, 'c_theta': 0.025, 'c_alpha': 0.001, 'k_t': 0.231, 'k_b': 0.1875, 'k_u': 0.04706, 'R': 4.2857, 'm1': 0.20625, 'm2': 0.15845, 'l1cg': 0.080305, 'l1': 0.151894, 'l2cg': 0.066733, 'I1z': 0.00049228, 'I2x': 0.00036892, 'I2y': 2.3641e-05, 'I2z': 0.00036139}, 'init_theta_std_deg': 5.0, 'init_alpha_std_deg': 8.0, 'init_theta_dot_std': 0.0, 'init_alpha_dot_std': 0.0, 'pwm_limit': 150.0, 'pwm_gain': 1.0, 'pwm_bias': 0.0, 'pwm_deadzone': 0.0, 'pwm_noise_sigma': 0.0, 'actuator_tau': 0.0, 'action_delay_steps': 0, 'theta_bias': 0.0, 'alpha_bias': 0.0, 'theta_sigma': 0.0, 'alpha_sigma': 0.0, 'theta_dot_sigma': 0.0, 'alpha_dot_sigma': 0.0, 'encoder_quantization_rad': 0.0, 'velocity_lpf': 0.25, 'process_theta_dot_sigma': 0.0, 'process_alpha_dot_sigma': 0.0}"
304000,1,matlab_nominal_reproduction,0.0,"{'level': 0.0, 'physical': {'g': 9.8, 'c_theta': 0.025, 'c_alpha': 0.001, 'k_t': 0.231, 'k_b': 0.1875, 'k_u': 0.04706, 'R': 4.2857, 'm1': 0.20625, 'm2': 0.15845, 'l1cg': 0.080305, 'l1': 0.151894, 'l2cg': 0.066733, 'I1z': 0.00049228, 'I2x': 0.00036892, 'I2y': 2.3641e-05, 'I2z': 0.00036139}, 'init_theta_std_deg': 5.0, 'init_alpha_std_deg': 8.0, 'init_theta_dot_std': 0.0, 'init_alpha_dot_std': 0.0, 'pwm_limit': 150.0, 'pwm_gain': 1.0, 'pwm_bias': 0.0, 'pwm_deadzone': 0.0, 'pwm_noise_sigma': 0.0, 'actuator_tau': 0.0, 'action_delay_steps': 0, 'theta_bias': 0.0, 'alpha_bias': 0.0, 'theta_sigma': 0.0, 'alpha_sigma': 0.0, 'theta_dot_sigma': 0.0, 'alpha_dot_sigma': 0.0, 'encoder_quantization_rad': 0.0, 'velocity_lpf': 0.25, 'process_theta_dot_sigma': 0.0, 'process_alpha_dot_sigma': 0.0}"
306000,1,matlab_nominal_reproduction,0.0,"{'level': 0.0, 'physical': {'g': 9.8, 'c_theta': 0.025, 'c_alpha': 0.001, 'k_t': 0.231, 'k_b': 0.1875, 'k_u': 0.04706, 'R': 4.2857, 'm1': 0.20625, 'm2': 0.15845, 'l1cg': 0.080305, 'l1': 0.151894, 'l2cg': 0.066733, 'I1z': 0.00049228, 'I2x': 0.00036892, 'I2y': 2.3641e-05, 'I2z': 0.00036139}, 'init_theta_std_deg': 5.0, 'init_alpha_std_deg': 8.0, 'init_theta_dot_std': 0.0, 'init_alpha_dot_std': 0.0, 'pwm_limit': 150.0, 'pwm_gain': 1.0, 'pwm_bias': 0.0, 'pwm_deadzone': 0.0, 'pwm_noise_sigma': 0.0, 'actuator_tau': 0.0, 'action_delay_steps': 0, 'theta_bias': 0.0, 'alpha_bias': 0.0, 'theta_sigma': 0.0, 'alpha_sigma': 0.0, 'theta_dot_sigma': 0.0, 'alpha_dot_sigma': 0.0, 'encoder_quantization_rad': 0.0, 'velocity_lpf': 0.25, 'process_theta_dot_sigma': 0.0, 'process_alpha_dot_sigma': 0.0}"
308000,1,matlab_nominal_reproduction,0.0,"{'level': 0.0, 'physical': {'g': 9.8, 'c_theta': 0.025, 'c_alpha': 0.001, 'k_t': 0.231, 'k_b': 0.1875, 'k_u': 0.04706, 'R': 4.2857, 'm1': 0.20625, 'm2': 0.15845, 'l1cg': 0.080305, 'l1': 0.151894, 'l2cg': 0.066733, 'I1z': 0.00049228, 'I2x': 0.00036892, 'I2y': 2.3641e-05, 'I2z': 0.00036139}, 'init_theta_std_deg': 5.0, 'init_alpha_std_deg': 8.0, 'init_theta_dot_std': 0.0, 'init_alpha_dot_std': 0.0, 'pwm_limit': 150.0, 'pwm_gain': 1.0, 'pwm_bias': 0.0, 'pwm_deadzone': 0.0, 'pwm_noise_sigma': 0.0, 'actuator_tau': 0.0, 'action_delay_steps': 0, 'theta_bias': 0.0, 'alpha_bias': 0.0, 'theta_sigma': 0.0, 'alpha_sigma': 0.0, 'theta_dot_sigma': 0.0, 'alpha_dot_sigma': 0.0, 'encoder_quantization_rad': 0.0, 'velocity_lpf': 0.25, 'process_theta_dot_sigma': 0.0, 'process_alpha_dot_sigma': 0.0}"
310000,1,matlab_nominal_reproduction,0.0,"{'level': 0.0, 'physical': {'g': 9.8, 'c_theta': 0.025, 'c_alpha': 0.001, 'k_t': 0.231, 'k_b': 0.1875, 'k_u': 0.04706, 'R': 4.2857, 'm1': 0.20625, 'm2': 0.15845, 'l1cg': 0.080305, 'l1': 0.151894, 'l2cg': 0.066733, 'I1z': 0.00049228, 'I2x': 0.00036892, 'I2y': 2.3641e-05, 'I2z': 0.00036139}, 'init_theta_std_deg': 5.0, 'init_alpha_std_deg': 8.0, 'init_theta_dot_std': 0.0, 'init_alpha_dot_std': 0.0, 'pwm_limit': 150.0, 'pwm_gain': 1.0, 'pwm_bias': 0.0, 'pwm_deadzone': 0.0, 'pwm_noise_sigma': 0.0, 'actuator_tau': 0.0, 'action_delay_steps': 0, 'theta_bias': 0.0, 'alpha_bias': 0.0, 'theta_sigma': 0.0, 'alpha_sigma': 0.0, 'theta_dot_sigma': 0.0, 'alpha_dot_sigma': 0.0, 'encoder_quantization_rad': 0.0, 'velocity_lpf': 0.25, 'process_theta_dot_sigma': 0.0, 'process_alpha_dot_sigma': 0.0}"
312000,1,matlab_nominal_reproduction,0.0,"{'level': 0.0, 'physical': {'g': 9.8, 'c_theta': 0.025, 'c_alpha': 0.001, 'k_t': 0.231, 'k_b': 0.1875, 'k_u': 0.04706, 'R': 4.2857, 'm1': 0.20625, 'm2': 0.15845, 'l1cg': 0.080305, 'l1': 0.151894, 'l2cg': 0.066733, 'I1z': 0.00049228, 'I2x': 0.00036892, 'I2y': 2.3641e-05, 'I2z': 0.00036139}, 'init_theta_std_deg': 5.0, 'init_alpha_std_deg': 8.0, 'init_theta_dot_std': 0.0, 'init_alpha_dot_std': 0.0, 'pwm_limit': 150.0, 'pwm_gain': 1.0, 'pwm_bias': 0.0, 'pwm_deadzone': 0.0, 'pwm_noise_sigma': 0.0, 'actuator_tau': 0.0, 'action_delay_steps': 0, 'theta_bias': 0.0, 'alpha_bias': 0.0, 'theta_sigma': 0.0, 'alpha_sigma': 0.0, 'theta_dot_sigma': 0.0, 'alpha_dot_sigma': 0.0, 'encoder_quantization_rad': 0.0, 'velocity_lpf': 0.25, 'process_theta_dot_sigma': 0.0, 'process_alpha_dot_sigma': 0.0}"
314000,1,matlab_nominal_reproduction,0.0,"{'level': 0.0, 'physical': {'g': 9.8, 'c_theta': 0.025, 'c_alpha': 0.001, 'k_t': 0.231, 'k_b': 0.1875, 'k_u': 0.04706, 'R': 4.2857, 'm1': 0.20625, 'm2': 0.15845, 'l1cg': 0.080305, 'l1': 0.151894, 'l2cg': 0.066733, 'I1z': 0.00049228, 'I2x': 0.00036892, 'I2y': 2.3641e-05, 'I2z': 0.00036139}, 'init_theta_std_deg': 5.0, 'init_alpha_std_deg': 8.0, 'init_theta_dot_std': 0.0, 'init_alpha_dot_std': 0.0, 'pwm_limit': 150.0, 'pwm_gain': 1.0, 'pwm_bias': 0.0, 'pwm_deadzone': 0.0, 'pwm_noise_sigma': 0.0, 'actuator_tau': 0.0, 'action_delay_steps': 0, 'theta_bias': 0.0, 'alpha_bias': 0.0, 'theta_sigma': 0.0, 'alpha_sigma': 0.0, 'theta_dot_sigma': 0.0, 'alpha_dot_sigma': 0.0, 'encoder_quantization_rad': 0.0, 'velocity_lpf': 0.25, 'process_theta_dot_sigma': 0.0, 'process_alpha_dot_sigma': 0.0}"
316000,1,matlab_nominal_reproduction,0.0,"{'level': 0.0, 'physical': {'g': 9.8, 'c_theta': 0.025, 'c_alpha': 0.001, 'k_t': 0.231, 'k_b': 0.1875, 'k_u': 0.04706, 'R': 4.2857, 'm1': 0.20625, 'm2': 0.15845, 'l1cg': 0.080305, 'l1': 0.151894, 'l2cg': 0.066733, 'I1z': 0.00049228, 'I2x': 0.00036892, 'I2y': 2.3641e-05, 'I2z': 0.00036139}, 'init_theta_std_deg': 5.0, 'init_alpha_std_deg': 8.0, 'init_theta_dot_std': 0.0, 'init_alpha_dot_std': 0.0, 'pwm_limit': 150.0, 'pwm_gain': 1.0, 'pwm_bias': 0.0, 'pwm_deadzone': 0.0, 'pwm_noise_sigma': 0.0, 'actuator_tau': 0.0, 'action_delay_steps': 0, 'theta_bias': 0.0, 'alpha_bias': 0.0, 'theta_sigma': 0.0, 'alpha_sigma': 0.0, 'theta_dot_sigma': 0.0, 'alpha_dot_sigma': 0.0, 'encoder_quantization_rad': 0.0, 'velocity_lpf': 0.25, 'process_theta_dot_sigma': 0.0, 'process_alpha_dot_sigma': 0.0}"
318000,1,matlab_nominal_reproduction,0.0,"{'level': 0.0, 'physical': {'g': 9.8, 'c_theta': 0.025, 'c_alpha': 0.001, 'k_t': 0.231, 'k_b': 0.1875, 'k_u': 0.04706, 'R': 4.2857, 'm1': 0.20625, 'm2': 0.15845, 'l1cg': 0.080305, 'l1': 0.151894, 'l2cg': 0.066733, 'I1z': 0.00049228, 'I2x': 0.00036892, 'I2y': 2.3641e-05, 'I2z': 0.00036139}, 'init_theta_std_deg': 5.0, 'init_alpha_std_deg': 8.0, 'init_theta_dot_std': 0.0, 'init_alpha_dot_std': 0.0, 'pwm_limit': 150.0, 'pwm_gain': 1.0, 'pwm_bias': 0.0, 'pwm_deadzone': 0.0, 'pwm_noise_sigma': 0.0, 'actuator_tau': 0.0, 'action_delay_steps': 0, 'theta_bias': 0.0, 'alpha_bias': 0.0, 'theta_sigma': 0.0, 'alpha_sigma': 0.0, 'theta_dot_sigma': 0.0, 'alpha_dot_sigma': 0.0, 'encoder_quantization_rad': 0.0, 'velocity_lpf': 0.25, 'process_theta_dot_sigma': 0.0, 'process_alpha_dot_sigma': 0.0}"
320000,1,matlab_nominal_reproduction,0.0,"{'level': 0.0, 'physical': {'g': 9.8, 'c_theta': 0.025, 'c_alpha': 0.001, 'k_t': 0.231, 'k_b': 0.1875, 'k_u': 0.04706, 'R': 4.2857, 'm1': 0.20625, 'm2': 0.15845, 'l1cg': 0.080305, 'l1': 0.151894, 'l2cg': 0.066733, 'I1z': 0.00049228, 'I2x': 0.00036892, 'I2y': 2.3641e-05, 'I2z': 0.00036139}, 'init_theta_std_deg': 5.0, 'init_alpha_std_deg': 8.0, 'init_theta_dot_std': 0.0, 'init_alpha_dot_std': 0.0, 'pwm_limit': 150.0, 'pwm_gain': 1.0, 'pwm_bias': 0.0, 'pwm_deadzone': 0.0, 'pwm_noise_sigma': 0.0, 'actuator_tau': 0.0, 'action_delay_steps': 0, 'theta_bias': 0.0, 'alpha_bias': 0.0, 'theta_sigma': 0.0, 'alpha_sigma': 0.0, 'theta_dot_sigma': 0.0, 'alpha_dot_sigma': 0.0, 'encoder_quantization_rad': 0.0, 'velocity_lpf': 0.25, 'process_theta_dot_sigma': 0.0, 'process_alpha_dot_sigma': 0.0}"
322000,1,matlab_nominal_reproduction,0.0,"{'level': 0.0, 'physical': {'g': 9.8, 'c_theta': 0.025, 'c_alpha': 0.001, 'k_t': 0.231, 'k_b': 0.1875, 'k_u': 0.04706, 'R': 4.2857, 'm1': 0.20625, 'm2': 0.15845, 'l1cg': 0.080305, 'l1': 0.151894, 'l2cg': 0.066733, 'I1z': 0.00049228, 'I2x': 0.00036892, 'I2y': 2.3641e-05, 'I2z': 0.00036139}, 'init_theta_std_deg': 5.0, 'init_alpha_std_deg': 8.0, 'init_theta_dot_std': 0.0, 'init_alpha_dot_std': 0.0, 'pwm_limit': 150.0, 'pwm_gain': 1.0, 'pwm_bias': 0.0, 'pwm_deadzone': 0.0, 'pwm_noise_sigma': 0.0, 'actuator_tau': 0.0, 'action_delay_steps': 0, 'theta_bias': 0.0, 'alpha_bias': 0.0, 'theta_sigma': 0.0, 'alpha_sigma': 0.0, 'theta_dot_sigma': 0.0, 'alpha_dot_sigma': 0.0, 'encoder_quantization_rad': 0.0, 'velocity_lpf': 0.25, 'process_theta_dot_sigma': 0.0, 'process_alpha_dot_sigma': 0.0}"
324000,1,matlab_nominal_reproduction,0.0,"{'level': 0.0, 'physical': {'g': 9.8, 'c_theta': 0.025, 'c_alpha': 0.001, 'k_t': 0.231, 'k_b': 0.1875, 'k_u': 0.04706, 'R': 4.2857, 'm1': 0.20625, 'm2': 0.15845, 'l1cg': 0.080305, 'l1': 0.151894, 'l2cg': 0.066733, 'I1z': 0.00049228, 'I2x': 0.00036892, 'I2y': 2.3641e-05, 'I2z': 0.00036139}, 'init_theta_std_deg': 5.0, 'init_alpha_std_deg': 8.0, 'init_theta_dot_std': 0.0, 'init_alpha_dot_std': 0.0, 'pwm_limit': 150.0, 'pwm_gain': 1.0, 'pwm_bias': 0.0, 'pwm_deadzone': 0.0, 'pwm_noise_sigma': 0.0, 'actuator_tau': 0.0, 'action_delay_steps': 0, 'theta_bias': 0.0, 'alpha_bias': 0.0, 'theta_sigma': 0.0, 'alpha_sigma': 0.0, 'theta_dot_sigma': 0.0, 'alpha_dot_sigma': 0.0, 'encoder_quantization_rad': 0.0, 'velocity_lpf': 0.25, 'process_theta_dot_sigma': 0.0, 'process_alpha_dot_sigma': 0.0}"
326000,1,matlab_nominal_reproduction,0.0,"{'level': 0.0, 'physical': {'g': 9.8, 'c_theta': 0.025, 'c_alpha': 0.001, 'k_t': 0.231, 'k_b': 0.1875, 'k_u': 0.04706, 'R': 4.2857, 'm1': 0.20625, 'm2': 0.15845, 'l1cg': 0.080305, 'l1': 0.151894, 'l2cg': 0.066733, 'I1z': 0.00049228, 'I2x': 0.00036892, 'I2y': 2.3641e-05, 'I2z': 0.00036139}, 'init_theta_std_deg': 5.0, 'init_alpha_std_deg': 8.0, 'init_theta_dot_std': 0.0, 'init_alpha_dot_std': 0.0, 'pwm_limit': 150.0, 'pwm_gain': 1.0, 'pwm_bias': 0.0, 'pwm_deadzone': 0.0, 'pwm_noise_sigma': 0.0, 'actuator_tau': 0.0, 'action_delay_steps': 0, 'theta_bias': 0.0, 'alpha_bias': 0.0, 'theta_sigma': 0.0, 'alpha_sigma': 0.0, 'theta_dot_sigma': 0.0, 'alpha_dot_sigma': 0.0, 'encoder_quantization_rad': 0.0, 'velocity_lpf': 0.25, 'process_theta_dot_sigma': 0.0, 'process_alpha_dot_sigma': 0.0}"
328000,1,matlab_nominal_reproduction,0.0,"{'level': 0.0, 'physical': {'g': 9.8, 'c_theta': 0.025, 'c_alpha': 0.001, 'k_t': 0.231, 'k_b': 0.1875, 'k_u': 0.04706, 'R': 4.2857, 'm1': 0.20625, 'm2': 0.15845, 'l1cg': 0.080305, 'l1': 0.151894, 'l2cg': 0.066733, 'I1z': 0.00049228, 'I2x': 0.00036892, 'I2y': 2.3641e-05, 'I2z': 0.00036139}, 'init_theta_std_deg': 5.0, 'init_alpha_std_deg': 8.0, 'init_theta_dot_std': 0.0, 'init_alpha_dot_std': 0.0, 'pwm_limit': 150.0, 'pwm_gain': 1.0, 'pwm_bias': 0.0, 'pwm_deadzone': 0.0, 'pwm_noise_sigma': 0.0, 'actuator_tau': 0.0, 'action_delay_steps': 0, 'theta_bias': 0.0, 'alpha_bias': 0.0, 'theta_sigma': 0.0, 'alpha_sigma': 0.0, 'theta_dot_sigma': 0.0, 'alpha_dot_sigma': 0.0, 'encoder_quantization_rad': 0.0, 'velocity_lpf': 0.25, 'process_theta_dot_sigma': 0.0, 'process_alpha_dot_sigma': 0.0}"
330000,1,matlab_nominal_reproduction,0.0,"{'level': 0.0, 'physical': {'g': 9.8, 'c_theta': 0.025, 'c_alpha': 0.001, 'k_t': 0.231, 'k_b': 0.1875, 'k_u': 0.04706, 'R': 4.2857, 'm1': 0.20625, 'm2': 0.15845, 'l1cg': 0.080305, 'l1': 0.151894, 'l2cg': 0.066733, 'I1z': 0.00049228, 'I2x': 0.00036892, 'I2y': 2.3641e-05, 'I2z': 0.00036139}, 'init_theta_std_deg': 5.0, 'init_alpha_std_deg': 8.0, 'init_theta_dot_std': 0.0, 'init_alpha_dot_std': 0.0, 'pwm_limit': 150.0, 'pwm_gain': 1.0, 'pwm_bias': 0.0, 'pwm_deadzone': 0.0, 'pwm_noise_sigma': 0.0, 'actuator_tau': 0.0, 'action_delay_steps': 0, 'theta_bias': 0.0, 'alpha_bias': 0.0, 'theta_sigma': 0.0, 'alpha_sigma': 0.0, 'theta_dot_sigma': 0.0, 'alpha_dot_sigma': 0.0, 'encoder_quantization_rad': 0.0, 'velocity_lpf': 0.25, 'process_theta_dot_sigma': 0.0, 'process_alpha_dot_sigma': 0.0}"
332000,1,matlab_nominal_reproduction,0.0,"{'level': 0.0, 'physical': {'g': 9.8, 'c_theta': 0.025, 'c_alpha': 0.001, 'k_t': 0.231, 'k_b': 0.1875, 'k_u': 0.04706, 'R': 4.2857, 'm1': 0.20625, 'm2': 0.15845, 'l1cg': 0.080305, 'l1': 0.151894, 'l2cg': 0.066733, 'I1z': 0.00049228, 'I2x': 0.00036892, 'I2y': 2.3641e-05, 'I2z': 0.00036139}, 'init_theta_std_deg': 5.0, 'init_alpha_std_deg': 8.0, 'init_theta_dot_std': 0.0, 'init_alpha_dot_std': 0.0, 'pwm_limit': 150.0, 'pwm_gain': 1.0, 'pwm_bias': 0.0, 'pwm_deadzone': 0.0, 'pwm_noise_sigma': 0.0, 'actuator_tau': 0.0, 'action_delay_steps': 0, 'theta_bias': 0.0, 'alpha_bias': 0.0, 'theta_sigma': 0.0, 'alpha_sigma': 0.0, 'theta_dot_sigma': 0.0, 'alpha_dot_sigma': 0.0, 'encoder_quantization_rad': 0.0, 'velocity_lpf': 0.25, 'process_theta_dot_sigma': 0.0, 'process_alpha_dot_sigma': 0.0}"
334000,1,matlab_nominal_reproduction,0.0,"{'level': 0.0, 'physical': {'g': 9.8, 'c_theta': 0.025, 'c_alpha': 0.001, 'k_t': 0.231, 'k_b': 0.1875, 'k_u': 0.04706, 'R': 4.2857, 'm1': 0.20625, 'm2': 0.15845, 'l1cg': 0.080305, 'l1': 0.151894, 'l2cg': 0.066733, 'I1z': 0.00049228, 'I2x': 0.00036892, 'I2y': 2.3641e-05, 'I2z': 0.00036139}, 'init_theta_std_deg': 5.0, 'init_alpha_std_deg': 8.0, 'init_theta_dot_std': 0.0, 'init_alpha_dot_std': 0.0, 'pwm_limit': 150.0, 'pwm_gain': 1.0, 'pwm_bias': 0.0, 'pwm_deadzone': 0.0, 'pwm_noise_sigma': 0.0, 'actuator_tau': 0.0, 'action_delay_steps': 0, 'theta_bias': 0.0, 'alpha_bias': 0.0, 'theta_sigma': 0.0, 'alpha_sigma': 0.0, 'theta_dot_sigma': 0.0, 'alpha_dot_sigma': 0.0, 'encoder_quantization_rad': 0.0, 'velocity_lpf': 0.25, 'process_theta_dot_sigma': 0.0, 'process_alpha_dot_sigma': 0.0}"
336000,1,matlab_nominal_reproduction,0.0,"{'level': 0.0, 'physical': {'g': 9.8, 'c_theta': 0.025, 'c_alpha': 0.001, 'k_t': 0.231, 'k_b': 0.1875, 'k_u': 0.04706, 'R': 4.2857, 'm1': 0.20625, 'm2': 0.15845, 'l1cg': 0.080305, 'l1': 0.151894, 'l2cg': 0.066733, 'I1z': 0.00049228, 'I2x': 0.00036892, 'I2y': 2.3641e-05, 'I2z': 0.00036139}, 'init_theta_std_deg': 5.0, 'init_alpha_std_deg': 8.0, 'init_theta_dot_std': 0.0, 'init_alpha_dot_std': 0.0, 'pwm_limit': 150.0, 'pwm_gain': 1.0, 'pwm_bias': 0.0, 'pwm_deadzone': 0.0, 'pwm_noise_sigma': 0.0, 'actuator_tau': 0.0, 'action_delay_steps': 0, 'theta_bias': 0.0, 'alpha_bias': 0.0, 'theta_sigma': 0.0, 'alpha_sigma': 0.0, 'theta_dot_sigma': 0.0, 'alpha_dot_sigma': 0.0, 'encoder_quantization_rad': 0.0, 'velocity_lpf': 0.25, 'process_theta_dot_sigma': 0.0, 'process_alpha_dot_sigma': 0.0}"
338000,1,matlab_nominal_reproduction,0.0,"{'level': 0.0, 'physical': {'g': 9.8, 'c_theta': 0.025, 'c_alpha': 0.001, 'k_t': 0.231, 'k_b': 0.1875, 'k_u': 0.04706, 'R': 4.2857, 'm1': 0.20625, 'm2': 0.15845, 'l1cg': 0.080305, 'l1': 0.151894, 'l2cg': 0.066733, 'I1z': 0.00049228, 'I2x': 0.00036892, 'I2y': 2.3641e-05, 'I2z': 0.00036139}, 'init_theta_std_deg': 5.0, 'init_alpha_std_deg': 8.0, 'init_theta_dot_std': 0.0, 'init_alpha_dot_std': 0.0, 'pwm_limit': 150.0, 'pwm_gain': 1.0, 'pwm_bias': 0.0, 'pwm_deadzone': 0.0, 'pwm_noise_sigma': 0.0, 'actuator_tau': 0.0, 'action_delay_steps': 0, 'theta_bias': 0.0, 'alpha_bias': 0.0, 'theta_sigma': 0.0, 'alpha_sigma': 0.0, 'theta_dot_sigma': 0.0, 'alpha_dot_sigma': 0.0, 'encoder_quantization_rad': 0.0, 'velocity_lpf': 0.25, 'process_theta_dot_sigma': 0.0, 'process_alpha_dot_sigma': 0.0}"
340000,1,matlab_nominal_reproduction,0.0,"{'level': 0.0, 'physical': {'g': 9.8, 'c_theta': 0.025, 'c_alpha': 0.001, 'k_t': 0.231, 'k_b': 0.1875, 'k_u': 0.04706, 'R': 4.2857, 'm1': 0.20625, 'm2': 0.15845, 'l1cg': 0.080305, 'l1': 0.151894, 'l2cg': 0.066733, 'I1z': 0.00049228, 'I2x': 0.00036892, 'I2y': 2.3641e-05, 'I2z': 0.00036139}, 'init_theta_std_deg': 5.0, 'init_alpha_std_deg': 8.0, 'init_theta_dot_std': 0.0, 'init_alpha_dot_std': 0.0, 'pwm_limit': 150.0, 'pwm_gain': 1.0, 'pwm_bias': 0.0, 'pwm_deadzone': 0.0, 'pwm_noise_sigma': 0.0, 'actuator_tau': 0.0, 'action_delay_steps': 0, 'theta_bias': 0.0, 'alpha_bias': 0.0, 'theta_sigma': 0.0, 'alpha_sigma': 0.0, 'theta_dot_sigma': 0.0, 'alpha_dot_sigma': 0.0, 'encoder_quantization_rad': 0.0, 'velocity_lpf': 0.25, 'process_theta_dot_sigma': 0.0, 'process_alpha_dot_sigma': 0.0}"
342000,1,matlab_nominal_reproduction,0.0,"{'level': 0.0, 'physical': {'g': 9.8, 'c_theta': 0.025, 'c_alpha': 0.001, 'k_t': 0.231, 'k_b': 0.1875, 'k_u': 0.04706, 'R': 4.2857, 'm1': 0.20625, 'm2': 0.15845, 'l1cg': 0.080305, 'l1': 0.151894, 'l2cg': 0.066733, 'I1z': 0.00049228, 'I2x': 0.00036892, 'I2y': 2.3641e-05, 'I2z': 0.00036139}, 'init_theta_std_deg': 5.0, 'init_alpha_std_deg': 8.0, 'init_theta_dot_std': 0.0, 'init_alpha_dot_std': 0.0, 'pwm_limit': 150.0, 'pwm_gain': 1.0, 'pwm_bias': 0.0, 'pwm_deadzone': 0.0, 'pwm_noise_sigma': 0.0, 'actuator_tau': 0.0, 'action_delay_steps': 0, 'theta_bias': 0.0, 'alpha_bias': 0.0, 'theta_sigma': 0.0, 'alpha_sigma': 0.0, 'theta_dot_sigma': 0.0, 'alpha_dot_sigma': 0.0, 'encoder_quantization_rad': 0.0, 'velocity_lpf': 0.25, 'process_theta_dot_sigma': 0.0, 'process_alpha_dot_sigma': 0.0}"
344000,1,matlab_nominal_reproduction,0.0,"{'level': 0.0, 'physical': {'g': 9.8, 'c_theta': 0.025, 'c_alpha': 0.001, 'k_t': 0.231, 'k_b': 0.1875, 'k_u': 0.04706, 'R': 4.2857, 'm1': 0.20625, 'm2': 0.15845, 'l1cg': 0.080305, 'l1': 0.151894, 'l2cg': 0.066733, 'I1z': 0.00049228, 'I2x': 0.00036892, 'I2y': 2.3641e-05, 'I2z': 0.00036139}, 'init_theta_std_deg': 5.0, 'init_alpha_std_deg': 8.0, 'init_theta_dot_std': 0.0, 'init_alpha_dot_std': 0.0, 'pwm_limit': 150.0, 'pwm_gain': 1.0, 'pwm_bias': 0.0, 'pwm_deadzone': 0.0, 'pwm_noise_sigma': 0.0, 'actuator_tau': 0.0, 'action_delay_steps': 0, 'theta_bias': 0.0, 'alpha_bias': 0.0, 'theta_sigma': 0.0, 'alpha_sigma': 0.0, 'theta_dot_sigma': 0.0, 'alpha_dot_sigma': 0.0, 'encoder_quantization_rad': 0.0, 'velocity_lpf': 0.25, 'process_theta_dot_sigma': 0.0, 'process_alpha_dot_sigma': 0.0}"
346000,1,matlab_nominal_reproduction,0.0,"{'level': 0.0, 'physical': {'g': 9.8, 'c_theta': 0.025, 'c_alpha': 0.001, 'k_t': 0.231, 'k_b': 0.1875, 'k_u': 0.04706, 'R': 4.2857, 'm1': 0.20625, 'm2': 0.15845, 'l1cg': 0.080305, 'l1': 0.151894, 'l2cg': 0.066733, 'I1z': 0.00049228, 'I2x': 0.00036892, 'I2y': 2.3641e-05, 'I2z': 0.00036139}, 'init_theta_std_deg': 5.0, 'init_alpha_std_deg': 8.0, 'init_theta_dot_std': 0.0, 'init_alpha_dot_std': 0.0, 'pwm_limit': 150.0, 'pwm_gain': 1.0, 'pwm_bias': 0.0, 'pwm_deadzone': 0.0, 'pwm_noise_sigma': 0.0, 'actuator_tau': 0.0, 'action_delay_steps': 0, 'theta_bias': 0.0, 'alpha_bias': 0.0, 'theta_sigma': 0.0, 'alpha_sigma': 0.0, 'theta_dot_sigma': 0.0, 'alpha_dot_sigma': 0.0, 'encoder_quantization_rad': 0.0, 'velocity_lpf': 0.25, 'process_theta_dot_sigma': 0.0, 'process_alpha_dot_sigma': 0.0}"
348000,1,matlab_nominal_reproduction,0.0,"{'level': 0.0, 'physical': {'g': 9.8, 'c_theta': 0.025, 'c_alpha': 0.001, 'k_t': 0.231, 'k_b': 0.1875, 'k_u': 0.04706, 'R': 4.2857, 'm1': 0.20625, 'm2': 0.15845, 'l1cg': 0.080305, 'l1': 0.151894, 'l2cg': 0.066733, 'I1z': 0.00049228, 'I2x': 0.00036892, 'I2y': 2.3641e-05, 'I2z': 0.00036139}, 'init_theta_std_deg': 5.0, 'init_alpha_std_deg': 8.0, 'init_theta_dot_std': 0.0, 'init_alpha_dot_std': 0.0, 'pwm_limit': 150.0, 'pwm_gain': 1.0, 'pwm_bias': 0.0, 'pwm_deadzone': 0.0, 'pwm_noise_sigma': 0.0, 'actuator_tau': 0.0, 'action_delay_steps': 0, 'theta_bias': 0.0, 'alpha_bias': 0.0, 'theta_sigma': 0.0, 'alpha_sigma': 0.0, 'theta_dot_sigma': 0.0, 'alpha_dot_sigma': 0.0, 'encoder_quantization_rad': 0.0, 'velocity_lpf': 0.25, 'process_theta_dot_sigma': 0.0, 'process_alpha_dot_sigma': 0.0}"
350000,1,matlab_nominal_reproduction,0.0,"{'level': 0.0, 'physical': {'g': 9.8, 'c_theta': 0.025, 'c_alpha': 0.001, 'k_t': 0.231, 'k_b': 0.1875, 'k_u': 0.04706, 'R': 4.2857, 'm1': 0.20625, 'm2': 0.15845, 'l1cg': 0.080305, 'l1': 0.151894, 'l2cg': 0.066733, 'I1z': 0.00049228, 'I2x': 0.00036892, 'I2y': 2.3641e-05, 'I2z': 0.00036139}, 'init_theta_std_deg': 5.0, 'init_alpha_std_deg': 8.0, 'init_theta_dot_std': 0.0, 'init_alpha_dot_std': 0.0, 'pwm_limit': 150.0, 'pwm_gain': 1.0, 'pwm_bias': 0.0, 'pwm_deadzone': 0.0, 'pwm_noise_sigma': 0.0, 'actuator_tau': 0.0, 'action_delay_steps': 0, 'theta_bias': 0.0, 'alpha_bias': 0.0, 'theta_sigma': 0.0, 'alpha_sigma': 0.0, 'theta_dot_sigma': 0.0, 'alpha_dot_sigma': 0.0, 'encoder_quantization_rad': 0.0, 'velocity_lpf': 0.25, 'process_theta_dot_sigma': 0.0, 'process_alpha_dot_sigma': 0.0}"
352000,1,matlab_nominal_reproduction,0.0,"{'level': 0.0, 'physical': {'g': 9.8, 'c_theta': 0.025, 'c_alpha': 0.001, 'k_t': 0.231, 'k_b': 0.1875, 'k_u': 0.04706, 'R': 4.2857, 'm1': 0.20625, 'm2': 0.15845, 'l1cg': 0.080305, 'l1': 0.151894, 'l2cg': 0.066733, 'I1z': 0.00049228, 'I2x': 0.00036892, 'I2y': 2.3641e-05, 'I2z': 0.00036139}, 'init_theta_std_deg': 5.0, 'init_alpha_std_deg': 8.0, 'init_theta_dot_std': 0.0, 'init_alpha_dot_std': 0.0, 'pwm_limit': 150.0, 'pwm_gain': 1.0, 'pwm_bias': 0.0, 'pwm_deadzone': 0.0, 'pwm_noise_sigma': 0.0, 'actuator_tau': 0.0, 'action_delay_steps': 0, 'theta_bias': 0.0, 'alpha_bias': 0.0, 'theta_sigma': 0.0, 'alpha_sigma': 0.0, 'theta_dot_sigma': 0.0, 'alpha_dot_sigma': 0.0, 'encoder_quantization_rad': 0.0, 'velocity_lpf': 0.25, 'process_theta_dot_sigma': 0.0, 'process_alpha_dot_sigma': 0.0}"
354000,1,matlab_nominal_reproduction,0.0,"{'level': 0.0, 'physical': {'g': 9.8, 'c_theta': 0.025, 'c_alpha': 0.001, 'k_t': 0.231, 'k_b': 0.1875, 'k_u': 0.04706, 'R': 4.2857, 'm1': 0.20625, 'm2': 0.15845, 'l1cg': 0.080305, 'l1': 0.151894, 'l2cg': 0.066733, 'I1z': 0.00049228, 'I2x': 0.00036892, 'I2y': 2.3641e-05, 'I2z': 0.00036139}, 'init_theta_std_deg': 5.0, 'init_alpha_std_deg': 8.0, 'init_theta_dot_std': 0.0, 'init_alpha_dot_std': 0.0, 'pwm_limit': 150.0, 'pwm_gain': 1.0, 'pwm_bias': 0.0, 'pwm_deadzone': 0.0, 'pwm_noise_sigma': 0.0, 'actuator_tau': 0.0, 'action_delay_steps': 0, 'theta_bias': 0.0, 'alpha_bias': 0.0, 'theta_sigma': 0.0, 'alpha_sigma': 0.0, 'theta_dot_sigma': 0.0, 'alpha_dot_sigma': 0.0, 'encoder_quantization_rad': 0.0, 'velocity_lpf': 0.25, 'process_theta_dot_sigma': 0.0, 'process_alpha_dot_sigma': 0.0}"
356000,1,matlab_nominal_reproduction,0.0,"{'level': 0.0, 'physical': {'g': 9.8, 'c_theta': 0.025, 'c_alpha': 0.001, 'k_t': 0.231, 'k_b': 0.1875, 'k_u': 0.04706, 'R': 4.2857, 'm1': 0.20625, 'm2': 0.15845, 'l1cg': 0.080305, 'l1': 0.151894, 'l2cg': 0.066733, 'I1z': 0.00049228, 'I2x': 0.00036892, 'I2y': 2.3641e-05, 'I2z': 0.00036139}, 'init_theta_std_deg': 5.0, 'init_alpha_std_deg': 8.0, 'init_theta_dot_std': 0.0, 'init_alpha_dot_std': 0.0, 'pwm_limit': 150.0, 'pwm_gain': 1.0, 'pwm_bias': 0.0, 'pwm_deadzone': 0.0, 'pwm_noise_sigma': 0.0, 'actuator_tau': 0.0, 'action_delay_steps': 0, 'theta_bias': 0.0, 'alpha_bias': 0.0, 'theta_sigma': 0.0, 'alpha_sigma': 0.0, 'theta_dot_sigma': 0.0, 'alpha_dot_sigma': 0.0, 'encoder_quantization_rad': 0.0, 'velocity_lpf': 0.25, 'process_theta_dot_sigma': 0.0, 'process_alpha_dot_sigma': 0.0}"
358000,1,matlab_nominal_reproduction,0.0,"{'level': 0.0, 'physical': {'g': 9.8, 'c_theta': 0.025, 'c_alpha': 0.001, 'k_t': 0.231, 'k_b': 0.1875, 'k_u': 0.04706, 'R': 4.2857, 'm1': 0.20625, 'm2': 0.15845, 'l1cg': 0.080305, 'l1': 0.151894, 'l2cg': 0.066733, 'I1z': 0.00049228, 'I2x': 0.00036892, 'I2y': 2.3641e-05, 'I2z': 0.00036139}, 'init_theta_std_deg': 5.0, 'init_alpha_std_deg': 8.0, 'init_theta_dot_std': 0.0, 'init_alpha_dot_std': 0.0, 'pwm_limit': 150.0, 'pwm_gain': 1.0, 'pwm_bias': 0.0, 'pwm_deadzone': 0.0, 'pwm_noise_sigma': 0.0, 'actuator_tau': 0.0, 'action_delay_steps': 0, 'theta_bias': 0.0, 'alpha_bias': 0.0, 'theta_sigma': 0.0, 'alpha_sigma': 0.0, 'theta_dot_sigma': 0.0, 'alpha_dot_sigma': 0.0, 'encoder_quantization_rad': 0.0, 'velocity_lpf': 0.25, 'process_theta_dot_sigma': 0.0, 'process_alpha_dot_sigma': 0.0}"
360000,1,matlab_nominal_reproduction,0.0,"{'level': 0.0, 'physical': {'g': 9.8, 'c_theta': 0.025, 'c_alpha': 0.001, 'k_t': 0.231, 'k_b': 0.1875, 'k_u': 0.04706, 'R': 4.2857, 'm1': 0.20625, 'm2': 0.15845, 'l1cg': 0.080305, 'l1': 0.151894, 'l2cg': 0.066733, 'I1z': 0.00049228, 'I2x': 0.00036892, 'I2y': 2.3641e-05, 'I2z': 0.00036139}, 'init_theta_std_deg': 5.0, 'init_alpha_std_deg': 8.0, 'init_theta_dot_std': 0.0, 'init_alpha_dot_std': 0.0, 'pwm_limit': 150.0, 'pwm_gain': 1.0, 'pwm_bias': 0.0, 'pwm_deadzone': 0.0, 'pwm_noise_sigma': 0.0, 'actuator_tau': 0.0, 'action_delay_steps': 0, 'theta_bias': 0.0, 'alpha_bias': 0.0, 'theta_sigma': 0.0, 'alpha_sigma': 0.0, 'theta_dot_sigma': 0.0, 'alpha_dot_sigma': 0.0, 'encoder_quantization_rad': 0.0, 'velocity_lpf': 0.25, 'process_theta_dot_sigma': 0.0, 'process_alpha_dot_sigma': 0.0}"
362000,1,matlab_nominal_reproduction,0.0,"{'level': 0.0, 'physical': {'g': 9.8, 'c_theta': 0.025, 'c_alpha': 0.001, 'k_t': 0.231, 'k_b': 0.1875, 'k_u': 0.04706, 'R': 4.2857, 'm1': 0.20625, 'm2': 0.15845, 'l1cg': 0.080305, 'l1': 0.151894, 'l2cg': 0.066733, 'I1z': 0.00049228, 'I2x': 0.00036892, 'I2y': 2.3641e-05, 'I2z': 0.00036139}, 'init_theta_std_deg': 5.0, 'init_alpha_std_deg': 8.0, 'init_theta_dot_std': 0.0, 'init_alpha_dot_std': 0.0, 'pwm_limit': 150.0, 'pwm_gain': 1.0, 'pwm_bias': 0.0, 'pwm_deadzone': 0.0, 'pwm_noise_sigma': 0.0, 'actuator_tau': 0.0, 'action_delay_steps': 0, 'theta_bias': 0.0, 'alpha_bias': 0.0, 'theta_sigma': 0.0, 'alpha_sigma': 0.0, 'theta_dot_sigma': 0.0, 'alpha_dot_sigma': 0.0, 'encoder_quantization_rad': 0.0, 'velocity_lpf': 0.25, 'process_theta_dot_sigma': 0.0, 'process_alpha_dot_sigma': 0.0}"
364000,1,matlab_nominal_reproduction,0.0,"{'level': 0.0, 'physical': {'g': 9.8, 'c_theta': 0.025, 'c_alpha': 0.001, 'k_t': 0.231, 'k_b': 0.1875, 'k_u': 0.04706, 'R': 4.2857, 'm1': 0.20625, 'm2': 0.15845, 'l1cg': 0.080305, 'l1': 0.151894, 'l2cg': 0.066733, 'I1z': 0.00049228, 'I2x': 0.00036892, 'I2y': 2.3641e-05, 'I2z': 0.00036139}, 'init_theta_std_deg': 5.0, 'init_alpha_std_deg': 8.0, 'init_theta_dot_std': 0.0, 'init_alpha_dot_std': 0.0, 'pwm_limit': 150.0, 'pwm_gain': 1.0, 'pwm_bias': 0.0, 'pwm_deadzone': 0.0, 'pwm_noise_sigma': 0.0, 'actuator_tau': 0.0, 'action_delay_steps': 0, 'theta_bias': 0.0, 'alpha_bias': 0.0, 'theta_sigma': 0.0, 'alpha_sigma': 0.0, 'theta_dot_sigma': 0.0, 'alpha_dot_sigma': 0.0, 'encoder_quantization_rad': 0.0, 'velocity_lpf': 0.25, 'process_theta_dot_sigma': 0.0, 'process_alpha_dot_sigma': 0.0}"
366000,1,matlab_nominal_reproduction,0.0,"{'level': 0.0, 'physical': {'g': 9.8, 'c_theta': 0.025, 'c_alpha': 0.001, 'k_t': 0.231, 'k_b': 0.1875, 'k_u': 0.04706, 'R': 4.2857, 'm1': 0.20625, 'm2': 0.15845, 'l1cg': 0.080305, 'l1': 0.151894, 'l2cg': 0.066733, 'I1z': 0.00049228, 'I2x': 0.00036892, 'I2y': 2.3641e-05, 'I2z': 0.00036139}, 'init_theta_std_deg': 5.0, 'init_alpha_std_deg': 8.0, 'init_theta_dot_std': 0.0, 'init_alpha_dot_std': 0.0, 'pwm_limit': 150.0, 'pwm_gain': 1.0, 'pwm_bias': 0.0, 'pwm_deadzone': 0.0, 'pwm_noise_sigma': 0.0, 'actuator_tau': 0.0, 'action_delay_steps': 0, 'theta_bias': 0.0, 'alpha_bias': 0.0, 'theta_sigma': 0.0, 'alpha_sigma': 0.0, 'theta_dot_sigma': 0.0, 'alpha_dot_sigma': 0.0, 'encoder_quantization_rad': 0.0, 'velocity_lpf': 0.25, 'process_theta_dot_sigma': 0.0, 'process_alpha_dot_sigma': 0.0}"
368000,1,matlab_nominal_reproduction,0.0,"{'level': 0.0, 'physical': {'g': 9.8, 'c_theta': 0.025, 'c_alpha': 0.001, 'k_t': 0.231, 'k_b': 0.1875, 'k_u': 0.04706, 'R': 4.2857, 'm1': 0.20625, 'm2': 0.15845, 'l1cg': 0.080305, 'l1': 0.151894, 'l2cg': 0.066733, 'I1z': 0.00049228, 'I2x': 0.00036892, 'I2y': 2.3641e-05, 'I2z': 0.00036139}, 'init_theta_std_deg': 5.0, 'init_alpha_std_deg': 8.0, 'init_theta_dot_std': 0.0, 'init_alpha_dot_std': 0.0, 'pwm_limit': 150.0, 'pwm_gain': 1.0, 'pwm_bias': 0.0, 'pwm_deadzone': 0.0, 'pwm_noise_sigma': 0.0, 'actuator_tau': 0.0, 'action_delay_steps': 0, 'theta_bias': 0.0, 'alpha_bias': 0.0, 'theta_sigma': 0.0, 'alpha_sigma': 0.0, 'theta_dot_sigma': 0.0, 'alpha_dot_sigma': 0.0, 'encoder_quantization_rad': 0.0, 'velocity_lpf': 0.25, 'process_theta_dot_sigma': 0.0, 'process_alpha_dot_sigma': 0.0}"
370000,1,matlab_nominal_reproduction,0.0,"{'level': 0.0, 'physical': {'g': 9.8, 'c_theta': 0.025, 'c_alpha': 0.001, 'k_t': 0.231, 'k_b': 0.1875, 'k_u': 0.04706, 'R': 4.2857, 'm1': 0.20625, 'm2': 0.15845, 'l1cg': 0.080305, 'l1': 0.151894, 'l2cg': 0.066733, 'I1z': 0.00049228, 'I2x': 0.00036892, 'I2y': 2.3641e-05, 'I2z': 0.00036139}, 'init_theta_std_deg': 5.0, 'init_alpha_std_deg': 8.0, 'init_theta_dot_std': 0.0, 'init_alpha_dot_std': 0.0, 'pwm_limit': 150.0, 'pwm_gain': 1.0, 'pwm_bias': 0.0, 'pwm_deadzone': 0.0, 'pwm_noise_sigma': 0.0, 'actuator_tau': 0.0, 'action_delay_steps': 0, 'theta_bias': 0.0, 'alpha_bias': 0.0, 'theta_sigma': 0.0, 'alpha_sigma': 0.0, 'theta_dot_sigma': 0.0, 'alpha_dot_sigma': 0.0, 'encoder_quantization_rad': 0.0, 'velocity_lpf': 0.25, 'process_theta_dot_sigma': 0.0, 'process_alpha_dot_sigma': 0.0}"
372000,1,matlab_nominal_reproduction,0.0,"{'level': 0.0, 'physical': {'g': 9.8, 'c_theta': 0.025, 'c_alpha': 0.001, 'k_t': 0.231, 'k_b': 0.1875, 'k_u': 0.04706, 'R': 4.2857, 'm1': 0.20625, 'm2': 0.15845, 'l1cg': 0.080305, 'l1': 0.151894, 'l2cg': 0.066733, 'I1z': 0.00049228, 'I2x': 0.00036892, 'I2y': 2.3641e-05, 'I2z': 0.00036139}, 'init_theta_std_deg': 5.0, 'init_alpha_std_deg': 8.0, 'init_theta_dot_std': 0.0, 'init_alpha_dot_std': 0.0, 'pwm_limit': 150.0, 'pwm_gain': 1.0, 'pwm_bias': 0.0, 'pwm_deadzone': 0.0, 'pwm_noise_sigma': 0.0, 'actuator_tau': 0.0, 'action_delay_steps': 0, 'theta_bias': 0.0, 'alpha_bias': 0.0, 'theta_sigma': 0.0, 'alpha_sigma': 0.0, 'theta_dot_sigma': 0.0, 'alpha_dot_sigma': 0.0, 'encoder_quantization_rad': 0.0, 'velocity_lpf': 0.25, 'process_theta_dot_sigma': 0.0, 'process_alpha_dot_sigma': 0.0}"
374000,1,matlab_nominal_reproduction,0.0,"{'level': 0.0, 'physical': {'g': 9.8, 'c_theta': 0.025, 'c_alpha': 0.001, 'k_t': 0.231, 'k_b': 0.1875, 'k_u': 0.04706, 'R': 4.2857, 'm1': 0.20625, 'm2': 0.15845, 'l1cg': 0.080305, 'l1': 0.151894, 'l2cg': 0.066733, 'I1z': 0.00049228, 'I2x': 0.00036892, 'I2y': 2.3641e-05, 'I2z': 0.00036139}, 'init_theta_std_deg': 5.0, 'init_alpha_std_deg': 8.0, 'init_theta_dot_std': 0.0, 'init_alpha_dot_std': 0.0, 'pwm_limit': 150.0, 'pwm_gain': 1.0, 'pwm_bias': 0.0, 'pwm_deadzone': 0.0, 'pwm_noise_sigma': 0.0, 'actuator_tau': 0.0, 'action_delay_steps': 0, 'theta_bias': 0.0, 'alpha_bias': 0.0, 'theta_sigma': 0.0, 'alpha_sigma': 0.0, 'theta_dot_sigma': 0.0, 'alpha_dot_sigma': 0.0, 'encoder_quantization_rad': 0.0, 'velocity_lpf': 0.25, 'process_theta_dot_sigma': 0.0, 'process_alpha_dot_sigma': 0.0}"
376000,1,matlab_nominal_reproduction,0.0,"{'level': 0.0, 'physical': {'g': 9.8, 'c_theta': 0.025, 'c_alpha': 0.001, 'k_t': 0.231, 'k_b': 0.1875, 'k_u': 0.04706, 'R': 4.2857, 'm1': 0.20625, 'm2': 0.15845, 'l1cg': 0.080305, 'l1': 0.151894, 'l2cg': 0.066733, 'I1z': 0.00049228, 'I2x': 0.00036892, 'I2y': 2.3641e-05, 'I2z': 0.00036139}, 'init_theta_std_deg': 5.0, 'init_alpha_std_deg': 8.0, 'init_theta_dot_std': 0.0, 'init_alpha_dot_std': 0.0, 'pwm_limit': 150.0, 'pwm_gain': 1.0, 'pwm_bias': 0.0, 'pwm_deadzone': 0.0, 'pwm_noise_sigma': 0.0, 'actuator_tau': 0.0, 'action_delay_steps': 0, 'theta_bias': 0.0, 'alpha_bias': 0.0, 'theta_sigma': 0.0, 'alpha_sigma': 0.0, 'theta_dot_sigma': 0.0, 'alpha_dot_sigma': 0.0, 'encoder_quantization_rad': 0.0, 'velocity_lpf': 0.25, 'process_theta_dot_sigma': 0.0, 'process_alpha_dot_sigma': 0.0}"
378000,1,matlab_nominal_reproduction,0.0,"{'level': 0.0, 'physical': {'g': 9.8, 'c_theta': 0.025, 'c_alpha': 0.001, 'k_t': 0.231, 'k_b': 0.1875, 'k_u': 0.04706, 'R': 4.2857, 'm1': 0.20625, 'm2': 0.15845, 'l1cg': 0.080305, 'l1': 0.151894, 'l2cg': 0.066733, 'I1z': 0.00049228, 'I2x': 0.00036892, 'I2y': 2.3641e-05, 'I2z': 0.00036139}, 'init_theta_std_deg': 5.0, 'init_alpha_std_deg': 8.0, 'init_theta_dot_std': 0.0, 'init_alpha_dot_std': 0.0, 'pwm_limit': 150.0, 'pwm_gain': 1.0, 'pwm_bias': 0.0, 'pwm_deadzone': 0.0, 'pwm_noise_sigma': 0.0, 'actuator_tau': 0.0, 'action_delay_steps': 0, 'theta_bias': 0.0, 'alpha_bias': 0.0, 'theta_sigma': 0.0, 'alpha_sigma': 0.0, 'theta_dot_sigma': 0.0, 'alpha_dot_sigma': 0.0, 'encoder_quantization_rad': 0.0, 'velocity_lpf': 0.25, 'process_theta_dot_sigma': 0.0, 'process_alpha_dot_sigma': 0.0}"
380000,1,matlab_nominal_reproduction,0.0,"{'level': 0.0, 'physical': {'g': 9.8, 'c_theta': 0.025, 'c_alpha': 0.001, 'k_t': 0.231, 'k_b': 0.1875, 'k_u': 0.04706, 'R': 4.2857, 'm1': 0.20625, 'm2': 0.15845, 'l1cg': 0.080305, 'l1': 0.151894, 'l2cg': 0.066733, 'I1z': 0.00049228, 'I2x': 0.00036892, 'I2y': 2.3641e-05, 'I2z': 0.00036139}, 'init_theta_std_deg': 5.0, 'init_alpha_std_deg': 8.0, 'init_theta_dot_std': 0.0, 'init_alpha_dot_std': 0.0, 'pwm_limit': 150.0, 'pwm_gain': 1.0, 'pwm_bias': 0.0, 'pwm_deadzone': 0.0, 'pwm_noise_sigma': 0.0, 'actuator_tau': 0.0, 'action_delay_steps': 0, 'theta_bias': 0.0, 'alpha_bias': 0.0, 'theta_sigma': 0.0, 'alpha_sigma': 0.0, 'theta_dot_sigma': 0.0, 'alpha_dot_sigma': 0.0, 'encoder_quantization_rad': 0.0, 'velocity_lpf': 0.25, 'process_theta_dot_sigma': 0.0, 'process_alpha_dot_sigma': 0.0}"
382000,1,matlab_nominal_reproduction,0.0,"{'level': 0.0, 'physical': {'g': 9.8, 'c_theta': 0.025, 'c_alpha': 0.001, 'k_t': 0.231, 'k_b': 0.1875, 'k_u': 0.04706, 'R': 4.2857, 'm1': 0.20625, 'm2': 0.15845, 'l1cg': 0.080305, 'l1': 0.151894, 'l2cg': 0.066733, 'I1z': 0.00049228, 'I2x': 0.00036892, 'I2y': 2.3641e-05, 'I2z': 0.00036139}, 'init_theta_std_deg': 5.0, 'init_alpha_std_deg': 8.0, 'init_theta_dot_std': 0.0, 'init_alpha_dot_std': 0.0, 'pwm_limit': 150.0, 'pwm_gain': 1.0, 'pwm_bias': 0.0, 'pwm_deadzone': 0.0, 'pwm_noise_sigma': 0.0, 'actuator_tau': 0.0, 'action_delay_steps': 0, 'theta_bias': 0.0, 'alpha_bias': 0.0, 'theta_sigma': 0.0, 'alpha_sigma': 0.0, 'theta_dot_sigma': 0.0, 'alpha_dot_sigma': 0.0, 'encoder_quantization_rad': 0.0, 'velocity_lpf': 0.25, 'process_theta_dot_sigma': 0.0, 'process_alpha_dot_sigma': 0.0}"
384000,1,matlab_nominal_reproduction,0.0,"{'level': 0.0, 'physical': {'g': 9.8, 'c_theta': 0.025, 'c_alpha': 0.001, 'k_t': 0.231, 'k_b': 0.1875, 'k_u': 0.04706, 'R': 4.2857, 'm1': 0.20625, 'm2': 0.15845, 'l1cg': 0.080305, 'l1': 0.151894, 'l2cg': 0.066733, 'I1z': 0.00049228, 'I2x': 0.00036892, 'I2y': 2.3641e-05, 'I2z': 0.00036139}, 'init_theta_std_deg': 5.0, 'init_alpha_std_deg': 8.0, 'init_theta_dot_std': 0.0, 'init_alpha_dot_std': 0.0, 'pwm_limit': 150.0, 'pwm_gain': 1.0, 'pwm_bias': 0.0, 'pwm_deadzone': 0.0, 'pwm_noise_sigma': 0.0, 'actuator_tau': 0.0, 'action_delay_steps': 0, 'theta_bias': 0.0, 'alpha_bias': 0.0, 'theta_sigma': 0.0, 'alpha_sigma': 0.0, 'theta_dot_sigma': 0.0, 'alpha_dot_sigma': 0.0, 'encoder_quantization_rad': 0.0, 'velocity_lpf': 0.25, 'process_theta_dot_sigma': 0.0, 'process_alpha_dot_sigma': 0.0}"
386000,1,matlab_nominal_reproduction,0.0,"{'level': 0.0, 'physical': {'g': 9.8, 'c_theta': 0.025, 'c_alpha': 0.001, 'k_t': 0.231, 'k_b': 0.1875, 'k_u': 0.04706, 'R': 4.2857, 'm1': 0.20625, 'm2': 0.15845, 'l1cg': 0.080305, 'l1': 0.151894, 'l2cg': 0.066733, 'I1z': 0.00049228, 'I2x': 0.00036892, 'I2y': 2.3641e-05, 'I2z': 0.00036139}, 'init_theta_std_deg': 5.0, 'init_alpha_std_deg': 8.0, 'init_theta_dot_std': 0.0, 'init_alpha_dot_std': 0.0, 'pwm_limit': 150.0, 'pwm_gain': 1.0, 'pwm_bias': 0.0, 'pwm_deadzone': 0.0, 'pwm_noise_sigma': 0.0, 'actuator_tau': 0.0, 'action_delay_steps': 0, 'theta_bias': 0.0, 'alpha_bias': 0.0, 'theta_sigma': 0.0, 'alpha_sigma': 0.0, 'theta_dot_sigma': 0.0, 'alpha_dot_sigma': 0.0, 'encoder_quantization_rad': 0.0, 'velocity_lpf': 0.25, 'process_theta_dot_sigma': 0.0, 'process_alpha_dot_sigma': 0.0}"
388000,1,matlab_nominal_reproduction,0.0,"{'level': 0.0, 'physical': {'g': 9.8, 'c_theta': 0.025, 'c_alpha': 0.001, 'k_t': 0.231, 'k_b': 0.1875, 'k_u': 0.04706, 'R': 4.2857, 'm1': 0.20625, 'm2': 0.15845, 'l1cg': 0.080305, 'l1': 0.151894, 'l2cg': 0.066733, 'I1z': 0.00049228, 'I2x': 0.00036892, 'I2y': 2.3641e-05, 'I2z': 0.00036139}, 'init_theta_std_deg': 5.0, 'init_alpha_std_deg': 8.0, 'init_theta_dot_std': 0.0, 'init_alpha_dot_std': 0.0, 'pwm_limit': 150.0, 'pwm_gain': 1.0, 'pwm_bias': 0.0, 'pwm_deadzone': 0.0, 'pwm_noise_sigma': 0.0, 'actuator_tau': 0.0, 'action_delay_steps': 0, 'theta_bias': 0.0, 'alpha_bias': 0.0, 'theta_sigma': 0.0, 'alpha_sigma': 0.0, 'theta_dot_sigma': 0.0, 'alpha_dot_sigma': 0.0, 'encoder_quantization_rad': 0.0, 'velocity_lpf': 0.25, 'process_theta_dot_sigma': 0.0, 'process_alpha_dot_sigma': 0.0}"
390000,1,matlab_nominal_reproduction,0.0,"{'level': 0.0, 'physical': {'g': 9.8, 'c_theta': 0.025, 'c_alpha': 0.001, 'k_t': 0.231, 'k_b': 0.1875, 'k_u': 0.04706, 'R': 4.2857, 'm1': 0.20625, 'm2': 0.15845, 'l1cg': 0.080305, 'l1': 0.151894, 'l2cg': 0.066733, 'I1z': 0.00049228, 'I2x': 0.00036892, 'I2y': 2.3641e-05, 'I2z': 0.00036139}, 'init_theta_std_deg': 5.0, 'init_alpha_std_deg': 8.0, 'init_theta_dot_std': 0.0, 'init_alpha_dot_std': 0.0, 'pwm_limit': 150.0, 'pwm_gain': 1.0, 'pwm_bias': 0.0, 'pwm_deadzone': 0.0, 'pwm_noise_sigma': 0.0, 'actuator_tau': 0.0, 'action_delay_steps': 0, 'theta_bias': 0.0, 'alpha_bias': 0.0, 'theta_sigma': 0.0, 'alpha_sigma': 0.0, 'theta_dot_sigma': 0.0, 'alpha_dot_sigma': 0.0, 'encoder_quantization_rad': 0.0, 'velocity_lpf': 0.25, 'process_theta_dot_sigma': 0.0, 'process_alpha_dot_sigma': 0.0}"
392000,1,matlab_nominal_reproduction,0.0,"{'level': 0.0, 'physical': {'g': 9.8, 'c_theta': 0.025, 'c_alpha': 0.001, 'k_t': 0.231, 'k_b': 0.1875, 'k_u': 0.04706, 'R': 4.2857, 'm1': 0.20625, 'm2': 0.15845, 'l1cg': 0.080305, 'l1': 0.151894, 'l2cg': 0.066733, 'I1z': 0.00049228, 'I2x': 0.00036892, 'I2y': 2.3641e-05, 'I2z': 0.00036139}, 'init_theta_std_deg': 5.0, 'init_alpha_std_deg': 8.0, 'init_theta_dot_std': 0.0, 'init_alpha_dot_std': 0.0, 'pwm_limit': 150.0, 'pwm_gain': 1.0, 'pwm_bias': 0.0, 'pwm_deadzone': 0.0, 'pwm_noise_sigma': 0.0, 'actuator_tau': 0.0, 'action_delay_steps': 0, 'theta_bias': 0.0, 'alpha_bias': 0.0, 'theta_sigma': 0.0, 'alpha_sigma': 0.0, 'theta_dot_sigma': 0.0, 'alpha_dot_sigma': 0.0, 'encoder_quantization_rad': 0.0, 'velocity_lpf': 0.25, 'process_theta_dot_sigma': 0.0, 'process_alpha_dot_sigma': 0.0}"
394000,1,matlab_nominal_reproduction,0.0,"{'level': 0.0, 'physical': {'g': 9.8, 'c_theta': 0.025, 'c_alpha': 0.001, 'k_t': 0.231, 'k_b': 0.1875, 'k_u': 0.04706, 'R': 4.2857, 'm1': 0.20625, 'm2': 0.15845, 'l1cg': 0.080305, 'l1': 0.151894, 'l2cg': 0.066733, 'I1z': 0.00049228, 'I2x': 0.00036892, 'I2y': 2.3641e-05, 'I2z': 0.00036139}, 'init_theta_std_deg': 5.0, 'init_alpha_std_deg': 8.0, 'init_theta_dot_std': 0.0, 'init_alpha_dot_std': 0.0, 'pwm_limit': 150.0, 'pwm_gain': 1.0, 'pwm_bias': 0.0, 'pwm_deadzone': 0.0, 'pwm_noise_sigma': 0.0, 'actuator_tau': 0.0, 'action_delay_steps': 0, 'theta_bias': 0.0, 'alpha_bias': 0.0, 'theta_sigma': 0.0, 'alpha_sigma': 0.0, 'theta_dot_sigma': 0.0, 'alpha_dot_sigma': 0.0, 'encoder_quantization_rad': 0.0, 'velocity_lpf': 0.25, 'process_theta_dot_sigma': 0.0, 'process_alpha_dot_sigma': 0.0}"
396000,1,matlab_nominal_reproduction,0.0,"{'level': 0.0, 'physical': {'g': 9.8, 'c_theta': 0.025, 'c_alpha': 0.001, 'k_t': 0.231, 'k_b': 0.1875, 'k_u': 0.04706, 'R': 4.2857, 'm1': 0.20625, 'm2': 0.15845, 'l1cg': 0.080305, 'l1': 0.151894, 'l2cg': 0.066733, 'I1z': 0.00049228, 'I2x': 0.00036892, 'I2y': 2.3641e-05, 'I2z': 0.00036139}, 'init_theta_std_deg': 5.0, 'init_alpha_std_deg': 8.0, 'init_theta_dot_std': 0.0, 'init_alpha_dot_std': 0.0, 'pwm_limit': 150.0, 'pwm_gain': 1.0, 'pwm_bias': 0.0, 'pwm_deadzone': 0.0, 'pwm_noise_sigma': 0.0, 'actuator_tau': 0.0, 'action_delay_steps': 0, 'theta_bias': 0.0, 'alpha_bias': 0.0, 'theta_sigma': 0.0, 'alpha_sigma': 0.0, 'theta_dot_sigma': 0.0, 'alpha_dot_sigma': 0.0, 'encoder_quantization_rad': 0.0, 'velocity_lpf': 0.25, 'process_theta_dot_sigma': 0.0, 'process_alpha_dot_sigma': 0.0}"
398000,1,matlab_nominal_reproduction,0.0,"{'level': 0.0, 'physical': {'g': 9.8, 'c_theta': 0.025, 'c_alpha': 0.001, 'k_t': 0.231, 'k_b': 0.1875, 'k_u': 0.04706, 'R': 4.2857, 'm1': 0.20625, 'm2': 0.15845, 'l1cg': 0.080305, 'l1': 0.151894, 'l2cg': 0.066733, 'I1z': 0.00049228, 'I2x': 0.00036892, 'I2y': 2.3641e-05, 'I2z': 0.00036139}, 'init_theta_std_deg': 5.0, 'init_alpha_std_deg': 8.0, 'init_theta_dot_std': 0.0, 'init_alpha_dot_std': 0.0, 'pwm_limit': 150.0, 'pwm_gain': 1.0, 'pwm_bias': 0.0, 'pwm_deadzone': 0.0, 'pwm_noise_sigma': 0.0, 'actuator_tau': 0.0, 'action_delay_steps': 0, 'theta_bias': 0.0, 'alpha_bias': 0.0, 'theta_sigma': 0.0, 'alpha_sigma': 0.0, 'theta_dot_sigma': 0.0, 'alpha_dot_sigma': 0.0, 'encoder_quantization_rad': 0.0, 'velocity_lpf': 0.25, 'process_theta_dot_sigma': 0.0, 'process_alpha_dot_sigma': 0.0}"
400000,1,matlab_nominal_reproduction,0.0,"{'level': 0.0, 'physical': {'g': 9.8, 'c_theta': 0.025, 'c_alpha': 0.001, 'k_t': 0.231, 'k_b': 0.1875, 'k_u': 0.04706, 'R': 4.2857, 'm1': 0.20625, 'm2': 0.15845, 'l1cg': 0.080305, 'l1': 0.151894, 'l2cg': 0.066733, 'I1z': 0.00049228, 'I2x': 0.00036892, 'I2y': 2.3641e-05, 'I2z': 0.00036139}, 'init_theta_std_deg': 5.0, 'init_alpha_std_deg': 8.0, 'init_theta_dot_std': 0.0, 'init_alpha_dot_std': 0.0, 'pwm_limit': 150.0, 'pwm_gain': 1.0, 'pwm_bias': 0.0, 'pwm_deadzone': 0.0, 'pwm_noise_sigma': 0.0, 'actuator_tau': 0.0, 'action_delay_steps': 0, 'theta_bias': 0.0, 'alpha_bias': 0.0, 'theta_sigma': 0.0, 'alpha_sigma': 0.0, 'theta_dot_sigma': 0.0, 'alpha_dot_sigma': 0.0, 'encoder_quantization_rad': 0.0, 'velocity_lpf': 0.25, 'process_theta_dot_sigma': 0.0, 'process_alpha_dot_sigma': 0.0}"
402000,1,matlab_nominal_reproduction,0.0,"{'level': 0.0, 'physical': {'g': 9.8, 'c_theta': 0.025, 'c_alpha': 0.001, 'k_t': 0.231, 'k_b': 0.1875, 'k_u': 0.04706, 'R': 4.2857, 'm1': 0.20625, 'm2': 0.15845, 'l1cg': 0.080305, 'l1': 0.151894, 'l2cg': 0.066733, 'I1z': 0.00049228, 'I2x': 0.00036892, 'I2y': 2.3641e-05, 'I2z': 0.00036139}, 'init_theta_std_deg': 5.0, 'init_alpha_std_deg': 8.0, 'init_theta_dot_std': 0.0, 'init_alpha_dot_std': 0.0, 'pwm_limit': 150.0, 'pwm_gain': 1.0, 'pwm_bias': 0.0, 'pwm_deadzone': 0.0, 'pwm_noise_sigma': 0.0, 'actuator_tau': 0.0, 'action_delay_steps': 0, 'theta_bias': 0.0, 'alpha_bias': 0.0, 'theta_sigma': 0.0, 'alpha_sigma': 0.0, 'theta_dot_sigma': 0.0, 'alpha_dot_sigma': 0.0, 'encoder_quantization_rad': 0.0, 'velocity_lpf': 0.25, 'process_theta_dot_sigma': 0.0, 'process_alpha_dot_sigma': 0.0}"
404000,1,matlab_nominal_reproduction,0.0,"{'level': 0.0, 'physical': {'g': 9.8, 'c_theta': 0.025, 'c_alpha': 0.001, 'k_t': 0.231, 'k_b': 0.1875, 'k_u': 0.04706, 'R': 4.2857, 'm1': 0.20625, 'm2': 0.15845, 'l1cg': 0.080305, 'l1': 0.151894, 'l2cg': 0.066733, 'I1z': 0.00049228, 'I2x': 0.00036892, 'I2y': 2.3641e-05, 'I2z': 0.00036139}, 'init_theta_std_deg': 5.0, 'init_alpha_std_deg': 8.0, 'init_theta_dot_std': 0.0, 'init_alpha_dot_std': 0.0, 'pwm_limit': 150.0, 'pwm_gain': 1.0, 'pwm_bias': 0.0, 'pwm_deadzone': 0.0, 'pwm_noise_sigma': 0.0, 'actuator_tau': 0.0, 'action_delay_steps': 0, 'theta_bias': 0.0, 'alpha_bias': 0.0, 'theta_sigma': 0.0, 'alpha_sigma': 0.0, 'theta_dot_sigma': 0.0, 'alpha_dot_sigma': 0.0, 'encoder_quantization_rad': 0.0, 'velocity_lpf': 0.25, 'process_theta_dot_sigma': 0.0, 'process_alpha_dot_sigma': 0.0}"
406000,1,matlab_nominal_reproduction,0.0,"{'level': 0.0, 'physical': {'g': 9.8, 'c_theta': 0.025, 'c_alpha': 0.001, 'k_t': 0.231, 'k_b': 0.1875, 'k_u': 0.04706, 'R': 4.2857, 'm1': 0.20625, 'm2': 0.15845, 'l1cg': 0.080305, 'l1': 0.151894, 'l2cg': 0.066733, 'I1z': 0.00049228, 'I2x': 0.00036892, 'I2y': 2.3641e-05, 'I2z': 0.00036139}, 'init_theta_std_deg': 5.0, 'init_alpha_std_deg': 8.0, 'init_theta_dot_std': 0.0, 'init_alpha_dot_std': 0.0, 'pwm_limit': 150.0, 'pwm_gain': 1.0, 'pwm_bias': 0.0, 'pwm_deadzone': 0.0, 'pwm_noise_sigma': 0.0, 'actuator_tau': 0.0, 'action_delay_steps': 0, 'theta_bias': 0.0, 'alpha_bias': 0.0, 'theta_sigma': 0.0, 'alpha_sigma': 0.0, 'theta_dot_sigma': 0.0, 'alpha_dot_sigma': 0.0, 'encoder_quantization_rad': 0.0, 'velocity_lpf': 0.25, 'process_theta_dot_sigma': 0.0, 'process_alpha_dot_sigma': 0.0}"
408000,1,matlab_nominal_reproduction,0.0,"{'level': 0.0, 'physical': {'g': 9.8, 'c_theta': 0.025, 'c_alpha': 0.001, 'k_t': 0.231, 'k_b': 0.1875, 'k_u': 0.04706, 'R': 4.2857, 'm1': 0.20625, 'm2': 0.15845, 'l1cg': 0.080305, 'l1': 0.151894, 'l2cg': 0.066733, 'I1z': 0.00049228, 'I2x': 0.00036892, 'I2y': 2.3641e-05, 'I2z': 0.00036139}, 'init_theta_std_deg': 5.0, 'init_alpha_std_deg': 8.0, 'init_theta_dot_std': 0.0, 'init_alpha_dot_std': 0.0, 'pwm_limit': 150.0, 'pwm_gain': 1.0, 'pwm_bias': 0.0, 'pwm_deadzone': 0.0, 'pwm_noise_sigma': 0.0, 'actuator_tau': 0.0, 'action_delay_steps': 0, 'theta_bias': 0.0, 'alpha_bias': 0.0, 'theta_sigma': 0.0, 'alpha_sigma': 0.0, 'theta_dot_sigma': 0.0, 'alpha_dot_sigma': 0.0, 'encoder_quantization_rad': 0.0, 'velocity_lpf': 0.25, 'process_theta_dot_sigma': 0.0, 'process_alpha_dot_sigma': 0.0}"
410000,1,matlab_nominal_reproduction,0.0,"{'level': 0.0, 'physical': {'g': 9.8, 'c_theta': 0.025, 'c_alpha': 0.001, 'k_t': 0.231, 'k_b': 0.1875, 'k_u': 0.04706, 'R': 4.2857, 'm1': 0.20625, 'm2': 0.15845, 'l1cg': 0.080305, 'l1': 0.151894, 'l2cg': 0.066733, 'I1z': 0.00049228, 'I2x': 0.00036892, 'I2y': 2.3641e-05, 'I2z': 0.00036139}, 'init_theta_std_deg': 5.0, 'init_alpha_std_deg': 8.0, 'init_theta_dot_std': 0.0, 'init_alpha_dot_std': 0.0, 'pwm_limit': 150.0, 'pwm_gain': 1.0, 'pwm_bias': 0.0, 'pwm_deadzone': 0.0, 'pwm_noise_sigma': 0.0, 'actuator_tau': 0.0, 'action_delay_steps': 0, 'theta_bias': 0.0, 'alpha_bias': 0.0, 'theta_sigma': 0.0, 'alpha_sigma': 0.0, 'theta_dot_sigma': 0.0, 'alpha_dot_sigma': 0.0, 'encoder_quantization_rad': 0.0, 'velocity_lpf': 0.25, 'process_theta_dot_sigma': 0.0, 'process_alpha_dot_sigma': 0.0}"
412000,1,matlab_nominal_reproduction,0.0,"{'level': 0.0, 'physical': {'g': 9.8, 'c_theta': 0.025, 'c_alpha': 0.001, 'k_t': 0.231, 'k_b': 0.1875, 'k_u': 0.04706, 'R': 4.2857, 'm1': 0.20625, 'm2': 0.15845, 'l1cg': 0.080305, 'l1': 0.151894, 'l2cg': 0.066733, 'I1z': 0.00049228, 'I2x': 0.00036892, 'I2y': 2.3641e-05, 'I2z': 0.00036139}, 'init_theta_std_deg': 5.0, 'init_alpha_std_deg': 8.0, 'init_theta_dot_std': 0.0, 'init_alpha_dot_std': 0.0, 'pwm_limit': 150.0, 'pwm_gain': 1.0, 'pwm_bias': 0.0, 'pwm_deadzone': 0.0, 'pwm_noise_sigma': 0.0, 'actuator_tau': 0.0, 'action_delay_steps': 0, 'theta_bias': 0.0, 'alpha_bias': 0.0, 'theta_sigma': 0.0, 'alpha_sigma': 0.0, 'theta_dot_sigma': 0.0, 'alpha_dot_sigma': 0.0, 'encoder_quantization_rad': 0.0, 'velocity_lpf': 0.25, 'process_theta_dot_sigma': 0.0, 'process_alpha_dot_sigma': 0.0}"
414000,1,matlab_nominal_reproduction,0.0,"{'level': 0.0, 'physical': {'g': 9.8, 'c_theta': 0.025, 'c_alpha': 0.001, 'k_t': 0.231, 'k_b': 0.1875, 'k_u': 0.04706, 'R': 4.2857, 'm1': 0.20625, 'm2': 0.15845, 'l1cg': 0.080305, 'l1': 0.151894, 'l2cg': 0.066733, 'I1z': 0.00049228, 'I2x': 0.00036892, 'I2y': 2.3641e-05, 'I2z': 0.00036139}, 'init_theta_std_deg': 5.0, 'init_alpha_std_deg': 8.0, 'init_theta_dot_std': 0.0, 'init_alpha_dot_std': 0.0, 'pwm_limit': 150.0, 'pwm_gain': 1.0, 'pwm_bias': 0.0, 'pwm_deadzone': 0.0, 'pwm_noise_sigma': 0.0, 'actuator_tau': 0.0, 'action_delay_steps': 0, 'theta_bias': 0.0, 'alpha_bias': 0.0, 'theta_sigma': 0.0, 'alpha_sigma': 0.0, 'theta_dot_sigma': 0.0, 'alpha_dot_sigma': 0.0, 'encoder_quantization_rad': 0.0, 'velocity_lpf': 0.25, 'process_theta_dot_sigma': 0.0, 'process_alpha_dot_sigma': 0.0}"
416000,1,matlab_nominal_reproduction,0.0,"{'level': 0.0, 'physical': {'g': 9.8, 'c_theta': 0.025, 'c_alpha': 0.001, 'k_t': 0.231, 'k_b': 0.1875, 'k_u': 0.04706, 'R': 4.2857, 'm1': 0.20625, 'm2': 0.15845, 'l1cg': 0.080305, 'l1': 0.151894, 'l2cg': 0.066733, 'I1z': 0.00049228, 'I2x': 0.00036892, 'I2y': 2.3641e-05, 'I2z': 0.00036139}, 'init_theta_std_deg': 5.0, 'init_alpha_std_deg': 8.0, 'init_theta_dot_std': 0.0, 'init_alpha_dot_std': 0.0, 'pwm_limit': 150.0, 'pwm_gain': 1.0, 'pwm_bias': 0.0, 'pwm_deadzone': 0.0, 'pwm_noise_sigma': 0.0, 'actuator_tau': 0.0, 'action_delay_steps': 0, 'theta_bias': 0.0, 'alpha_bias': 0.0, 'theta_sigma': 0.0, 'alpha_sigma': 0.0, 'theta_dot_sigma': 0.0, 'alpha_dot_sigma': 0.0, 'encoder_quantization_rad': 0.0, 'velocity_lpf': 0.25, 'process_theta_dot_sigma': 0.0, 'process_alpha_dot_sigma': 0.0}"
418000,1,matlab_nominal_reproduction,0.0,"{'level': 0.0, 'physical': {'g': 9.8, 'c_theta': 0.025, 'c_alpha': 0.001, 'k_t': 0.231, 'k_b': 0.1875, 'k_u': 0.04706, 'R': 4.2857, 'm1': 0.20625, 'm2': 0.15845, 'l1cg': 0.080305, 'l1': 0.151894, 'l2cg': 0.066733, 'I1z': 0.00049228, 'I2x': 0.00036892, 'I2y': 2.3641e-05, 'I2z': 0.00036139}, 'init_theta_std_deg': 5.0, 'init_alpha_std_deg': 8.0, 'init_theta_dot_std': 0.0, 'init_alpha_dot_std': 0.0, 'pwm_limit': 150.0, 'pwm_gain': 1.0, 'pwm_bias': 0.0, 'pwm_deadzone': 0.0, 'pwm_noise_sigma': 0.0, 'actuator_tau': 0.0, 'action_delay_steps': 0, 'theta_bias': 0.0, 'alpha_bias': 0.0, 'theta_sigma': 0.0, 'alpha_sigma': 0.0, 'theta_dot_sigma': 0.0, 'alpha_dot_sigma': 0.0, 'encoder_quantization_rad': 0.0, 'velocity_lpf': 0.25, 'process_theta_dot_sigma': 0.0, 'process_alpha_dot_sigma': 0.0}"
420000,1,matlab_nominal_reproduction,0.0,"{'level': 0.0, 'physical': {'g': 9.8, 'c_theta': 0.025, 'c_alpha': 0.001, 'k_t': 0.231, 'k_b': 0.1875, 'k_u': 0.04706, 'R': 4.2857, 'm1': 0.20625, 'm2': 0.15845, 'l1cg': 0.080305, 'l1': 0.151894, 'l2cg': 0.066733, 'I1z': 0.00049228, 'I2x': 0.00036892, 'I2y': 2.3641e-05, 'I2z': 0.00036139}, 'init_theta_std_deg': 5.0, 'init_alpha_std_deg': 8.0, 'init_theta_dot_std': 0.0, 'init_alpha_dot_std': 0.0, 'pwm_limit': 150.0, 'pwm_gain': 1.0, 'pwm_bias': 0.0, 'pwm_deadzone': 0.0, 'pwm_noise_sigma': 0.0, 'actuator_tau': 0.0, 'action_delay_steps': 0, 'theta_bias': 0.0, 'alpha_bias': 0.0, 'theta_sigma': 0.0, 'alpha_sigma': 0.0, 'theta_dot_sigma': 0.0, 'alpha_dot_sigma': 0.0, 'encoder_quantization_rad': 0.0, 'velocity_lpf': 0.25, 'process_theta_dot_sigma': 0.0, 'process_alpha_dot_sigma': 0.0}"
422000,1,matlab_nominal_reproduction,0.0,"{'level': 0.0, 'physical': {'g': 9.8, 'c_theta': 0.025, 'c_alpha': 0.001, 'k_t': 0.231, 'k_b': 0.1875, 'k_u': 0.04706, 'R': 4.2857, 'm1': 0.20625, 'm2': 0.15845, 'l1cg': 0.080305, 'l1': 0.151894, 'l2cg': 0.066733, 'I1z': 0.00049228, 'I2x': 0.00036892, 'I2y': 2.3641e-05, 'I2z': 0.00036139}, 'init_theta_std_deg': 5.0, 'init_alpha_std_deg': 8.0, 'init_theta_dot_std': 0.0, 'init_alpha_dot_std': 0.0, 'pwm_limit': 150.0, 'pwm_gain': 1.0, 'pwm_bias': 0.0, 'pwm_deadzone': 0.0, 'pwm_noise_sigma': 0.0, 'actuator_tau': 0.0, 'action_delay_steps': 0, 'theta_bias': 0.0, 'alpha_bias': 0.0, 'theta_sigma': 0.0, 'alpha_sigma': 0.0, 'theta_dot_sigma': 0.0, 'alpha_dot_sigma': 0.0, 'encoder_quantization_rad': 0.0, 'velocity_lpf': 0.25, 'process_theta_dot_sigma': 0.0, 'process_alpha_dot_sigma': 0.0}"
424000,1,matlab_nominal_reproduction,0.0,"{'level': 0.0, 'physical': {'g': 9.8, 'c_theta': 0.025, 'c_alpha': 0.001, 'k_t': 0.231, 'k_b': 0.1875, 'k_u': 0.04706, 'R': 4.2857, 'm1': 0.20625, 'm2': 0.15845, 'l1cg': 0.080305, 'l1': 0.151894, 'l2cg': 0.066733, 'I1z': 0.00049228, 'I2x': 0.00036892, 'I2y': 2.3641e-05, 'I2z': 0.00036139}, 'init_theta_std_deg': 5.0, 'init_alpha_std_deg': 8.0, 'init_theta_dot_std': 0.0, 'init_alpha_dot_std': 0.0, 'pwm_limit': 150.0, 'pwm_gain': 1.0, 'pwm_bias': 0.0, 'pwm_deadzone': 0.0, 'pwm_noise_sigma': 0.0, 'actuator_tau': 0.0, 'action_delay_steps': 0, 'theta_bias': 0.0, 'alpha_bias': 0.0, 'theta_sigma': 0.0, 'alpha_sigma': 0.0, 'theta_dot_sigma': 0.0, 'alpha_dot_sigma': 0.0, 'encoder_quantization_rad': 0.0, 'velocity_lpf': 0.25, 'process_theta_dot_sigma': 0.0, 'process_alpha_dot_sigma': 0.0}"
426000,1,matlab_nominal_reproduction,0.0,"{'level': 0.0, 'physical': {'g': 9.8, 'c_theta': 0.025, 'c_alpha': 0.001, 'k_t': 0.231, 'k_b': 0.1875, 'k_u': 0.04706, 'R': 4.2857, 'm1': 0.20625, 'm2': 0.15845, 'l1cg': 0.080305, 'l1': 0.151894, 'l2cg': 0.066733, 'I1z': 0.00049228, 'I2x': 0.00036892, 'I2y': 2.3641e-05, 'I2z': 0.00036139}, 'init_theta_std_deg': 5.0, 'init_alpha_std_deg': 8.0, 'init_theta_dot_std': 0.0, 'init_alpha_dot_std': 0.0, 'pwm_limit': 150.0, 'pwm_gain': 1.0, 'pwm_bias': 0.0, 'pwm_deadzone': 0.0, 'pwm_noise_sigma': 0.0, 'actuator_tau': 0.0, 'action_delay_steps': 0, 'theta_bias': 0.0, 'alpha_bias': 0.0, 'theta_sigma': 0.0, 'alpha_sigma': 0.0, 'theta_dot_sigma': 0.0, 'alpha_dot_sigma': 0.0, 'encoder_quantization_rad': 0.0, 'velocity_lpf': 0.25, 'process_theta_dot_sigma': 0.0, 'process_alpha_dot_sigma': 0.0}"
428000,1,matlab_nominal_reproduction,0.0,"{'level': 0.0, 'physical': {'g': 9.8, 'c_theta': 0.025, 'c_alpha': 0.001, 'k_t': 0.231, 'k_b': 0.1875, 'k_u': 0.04706, 'R': 4.2857, 'm1': 0.20625, 'm2': 0.15845, 'l1cg': 0.080305, 'l1': 0.151894, 'l2cg': 0.066733, 'I1z': 0.00049228, 'I2x': 0.00036892, 'I2y': 2.3641e-05, 'I2z': 0.00036139}, 'init_theta_std_deg': 5.0, 'init_alpha_std_deg': 8.0, 'init_theta_dot_std': 0.0, 'init_alpha_dot_std': 0.0, 'pwm_limit': 150.0, 'pwm_gain': 1.0, 'pwm_bias': 0.0, 'pwm_deadzone': 0.0, 'pwm_noise_sigma': 0.0, 'actuator_tau': 0.0, 'action_delay_steps': 0, 'theta_bias': 0.0, 'alpha_bias': 0.0, 'theta_sigma': 0.0, 'alpha_sigma': 0.0, 'theta_dot_sigma': 0.0, 'alpha_dot_sigma': 0.0, 'encoder_quantization_rad': 0.0, 'velocity_lpf': 0.25, 'process_theta_dot_sigma': 0.0, 'process_alpha_dot_sigma': 0.0}"
430000,1,matlab_nominal_reproduction,0.0,"{'level': 0.0, 'physical': {'g': 9.8, 'c_theta': 0.025, 'c_alpha': 0.001, 'k_t': 0.231, 'k_b': 0.1875, 'k_u': 0.04706, 'R': 4.2857, 'm1': 0.20625, 'm2': 0.15845, 'l1cg': 0.080305, 'l1': 0.151894, 'l2cg': 0.066733, 'I1z': 0.00049228, 'I2x': 0.00036892, 'I2y': 2.3641e-05, 'I2z': 0.00036139}, 'init_theta_std_deg': 5.0, 'init_alpha_std_deg': 8.0, 'init_theta_dot_std': 0.0, 'init_alpha_dot_std': 0.0, 'pwm_limit': 150.0, 'pwm_gain': 1.0, 'pwm_bias': 0.0, 'pwm_deadzone': 0.0, 'pwm_noise_sigma': 0.0, 'actuator_tau': 0.0, 'action_delay_steps': 0, 'theta_bias': 0.0, 'alpha_bias': 0.0, 'theta_sigma': 0.0, 'alpha_sigma': 0.0, 'theta_dot_sigma': 0.0, 'alpha_dot_sigma': 0.0, 'encoder_quantization_rad': 0.0, 'velocity_lpf': 0.25, 'process_theta_dot_sigma': 0.0, 'process_alpha_dot_sigma': 0.0}"
432000,1,matlab_nominal_reproduction,0.0,"{'level': 0.0, 'physical': {'g': 9.8, 'c_theta': 0.025, 'c_alpha': 0.001, 'k_t': 0.231, 'k_b': 0.1875, 'k_u': 0.04706, 'R': 4.2857, 'm1': 0.20625, 'm2': 0.15845, 'l1cg': 0.080305, 'l1': 0.151894, 'l2cg': 0.066733, 'I1z': 0.00049228, 'I2x': 0.00036892, 'I2y': 2.3641e-05, 'I2z': 0.00036139}, 'init_theta_std_deg': 5.0, 'init_alpha_std_deg': 8.0, 'init_theta_dot_std': 0.0, 'init_alpha_dot_std': 0.0, 'pwm_limit': 150.0, 'pwm_gain': 1.0, 'pwm_bias': 0.0, 'pwm_deadzone': 0.0, 'pwm_noise_sigma': 0.0, 'actuator_tau': 0.0, 'action_delay_steps': 0, 'theta_bias': 0.0, 'alpha_bias': 0.0, 'theta_sigma': 0.0, 'alpha_sigma': 0.0, 'theta_dot_sigma': 0.0, 'alpha_dot_sigma': 0.0, 'encoder_quantization_rad': 0.0, 'velocity_lpf': 0.25, 'process_theta_dot_sigma': 0.0, 'process_alpha_dot_sigma': 0.0}"
434000,1,matlab_nominal_reproduction,0.0,"{'level': 0.0, 'physical': {'g': 9.8, 'c_theta': 0.025, 'c_alpha': 0.001, 'k_t': 0.231, 'k_b': 0.1875, 'k_u': 0.04706, 'R': 4.2857, 'm1': 0.20625, 'm2': 0.15845, 'l1cg': 0.080305, 'l1': 0.151894, 'l2cg': 0.066733, 'I1z': 0.00049228, 'I2x': 0.00036892, 'I2y': 2.3641e-05, 'I2z': 0.00036139}, 'init_theta_std_deg': 5.0, 'init_alpha_std_deg': 8.0, 'init_theta_dot_std': 0.0, 'init_alpha_dot_std': 0.0, 'pwm_limit': 150.0, 'pwm_gain': 1.0, 'pwm_bias': 0.0, 'pwm_deadzone': 0.0, 'pwm_noise_sigma': 0.0, 'actuator_tau': 0.0, 'action_delay_steps': 0, 'theta_bias': 0.0, 'alpha_bias': 0.0, 'theta_sigma': 0.0, 'alpha_sigma': 0.0, 'theta_dot_sigma': 0.0, 'alpha_dot_sigma': 0.0, 'encoder_quantization_rad': 0.0, 'velocity_lpf': 0.25, 'process_theta_dot_sigma': 0.0, 'process_alpha_dot_sigma': 0.0}"
436000,1,matlab_nominal_reproduction,0.0,"{'level': 0.0, 'physical': {'g': 9.8, 'c_theta': 0.025, 'c_alpha': 0.001, 'k_t': 0.231, 'k_b': 0.1875, 'k_u': 0.04706, 'R': 4.2857, 'm1': 0.20625, 'm2': 0.15845, 'l1cg': 0.080305, 'l1': 0.151894, 'l2cg': 0.066733, 'I1z': 0.00049228, 'I2x': 0.00036892, 'I2y': 2.3641e-05, 'I2z': 0.00036139}, 'init_theta_std_deg': 5.0, 'init_alpha_std_deg': 8.0, 'init_theta_dot_std': 0.0, 'init_alpha_dot_std': 0.0, 'pwm_limit': 150.0, 'pwm_gain': 1.0, 'pwm_bias': 0.0, 'pwm_deadzone': 0.0, 'pwm_noise_sigma': 0.0, 'actuator_tau': 0.0, 'action_delay_steps': 0, 'theta_bias': 0.0, 'alpha_bias': 0.0, 'theta_sigma': 0.0, 'alpha_sigma': 0.0, 'theta_dot_sigma': 0.0, 'alpha_dot_sigma': 0.0, 'encoder_quantization_rad': 0.0, 'velocity_lpf': 0.25, 'process_theta_dot_sigma': 0.0, 'process_alpha_dot_sigma': 0.0}"
438000,1,matlab_nominal_reproduction,0.0,"{'level': 0.0, 'physical': {'g': 9.8, 'c_theta': 0.025, 'c_alpha': 0.001, 'k_t': 0.231, 'k_b': 0.1875, 'k_u': 0.04706, 'R': 4.2857, 'm1': 0.20625, 'm2': 0.15845, 'l1cg': 0.080305, 'l1': 0.151894, 'l2cg': 0.066733, 'I1z': 0.00049228, 'I2x': 0.00036892, 'I2y': 2.3641e-05, 'I2z': 0.00036139}, 'init_theta_std_deg': 5.0, 'init_alpha_std_deg': 8.0, 'init_theta_dot_std': 0.0, 'init_alpha_dot_std': 0.0, 'pwm_limit': 150.0, 'pwm_gain': 1.0, 'pwm_bias': 0.0, 'pwm_deadzone': 0.0, 'pwm_noise_sigma': 0.0, 'actuator_tau': 0.0, 'action_delay_steps': 0, 'theta_bias': 0.0, 'alpha_bias': 0.0, 'theta_sigma': 0.0, 'alpha_sigma': 0.0, 'theta_dot_sigma': 0.0, 'alpha_dot_sigma': 0.0, 'encoder_quantization_rad': 0.0, 'velocity_lpf': 0.25, 'process_theta_dot_sigma': 0.0, 'process_alpha_dot_sigma': 0.0}"
440000,1,matlab_nominal_reproduction,0.0,"{'level': 0.0, 'physical': {'g': 9.8, 'c_theta': 0.025, 'c_alpha': 0.001, 'k_t': 0.231, 'k_b': 0.1875, 'k_u': 0.04706, 'R': 4.2857, 'm1': 0.20625, 'm2': 0.15845, 'l1cg': 0.080305, 'l1': 0.151894, 'l2cg': 0.066733, 'I1z': 0.00049228, 'I2x': 0.00036892, 'I2y': 2.3641e-05, 'I2z': 0.00036139}, 'init_theta_std_deg': 5.0, 'init_alpha_std_deg': 8.0, 'init_theta_dot_std': 0.0, 'init_alpha_dot_std': 0.0, 'pwm_limit': 150.0, 'pwm_gain': 1.0, 'pwm_bias': 0.0, 'pwm_deadzone': 0.0, 'pwm_noise_sigma': 0.0, 'actuator_tau': 0.0, 'action_delay_steps': 0, 'theta_bias': 0.0, 'alpha_bias': 0.0, 'theta_sigma': 0.0, 'alpha_sigma': 0.0, 'theta_dot_sigma': 0.0, 'alpha_dot_sigma': 0.0, 'encoder_quantization_rad': 0.0, 'velocity_lpf': 0.25, 'process_theta_dot_sigma': 0.0, 'process_alpha_dot_sigma': 0.0}"
442000,1,matlab_nominal_reproduction,0.0,"{'level': 0.0, 'physical': {'g': 9.8, 'c_theta': 0.025, 'c_alpha': 0.001, 'k_t': 0.231, 'k_b': 0.1875, 'k_u': 0.04706, 'R': 4.2857, 'm1': 0.20625, 'm2': 0.15845, 'l1cg': 0.080305, 'l1': 0.151894, 'l2cg': 0.066733, 'I1z': 0.00049228, 'I2x': 0.00036892, 'I2y': 2.3641e-05, 'I2z': 0.00036139}, 'init_theta_std_deg': 5.0, 'init_alpha_std_deg': 8.0, 'init_theta_dot_std': 0.0, 'init_alpha_dot_std': 0.0, 'pwm_limit': 150.0, 'pwm_gain': 1.0, 'pwm_bias': 0.0, 'pwm_deadzone': 0.0, 'pwm_noise_sigma': 0.0, 'actuator_tau': 0.0, 'action_delay_steps': 0, 'theta_bias': 0.0, 'alpha_bias': 0.0, 'theta_sigma': 0.0, 'alpha_sigma': 0.0, 'theta_dot_sigma': 0.0, 'alpha_dot_sigma': 0.0, 'encoder_quantization_rad': 0.0, 'velocity_lpf': 0.25, 'process_theta_dot_sigma': 0.0, 'process_alpha_dot_sigma': 0.0}"
444000,1,matlab_nominal_reproduction,0.0,"{'level': 0.0, 'physical': {'g': 9.8, 'c_theta': 0.025, 'c_alpha': 0.001, 'k_t': 0.231, 'k_b': 0.1875, 'k_u': 0.04706, 'R': 4.2857, 'm1': 0.20625, 'm2': 0.15845, 'l1cg': 0.080305, 'l1': 0.151894, 'l2cg': 0.066733, 'I1z': 0.00049228, 'I2x': 0.00036892, 'I2y': 2.3641e-05, 'I2z': 0.00036139}, 'init_theta_std_deg': 5.0, 'init_alpha_std_deg': 8.0, 'init_theta_dot_std': 0.0, 'init_alpha_dot_std': 0.0, 'pwm_limit': 150.0, 'pwm_gain': 1.0, 'pwm_bias': 0.0, 'pwm_deadzone': 0.0, 'pwm_noise_sigma': 0.0, 'actuator_tau': 0.0, 'action_delay_steps': 0, 'theta_bias': 0.0, 'alpha_bias': 0.0, 'theta_sigma': 0.0, 'alpha_sigma': 0.0, 'theta_dot_sigma': 0.0, 'alpha_dot_sigma': 0.0, 'encoder_quantization_rad': 0.0, 'velocity_lpf': 0.25, 'process_theta_dot_sigma': 0.0, 'process_alpha_dot_sigma': 0.0}"
446000,1,matlab_nominal_reproduction,0.0,"{'level': 0.0, 'physical': {'g': 9.8, 'c_theta': 0.025, 'c_alpha': 0.001, 'k_t': 0.231, 'k_b': 0.1875, 'k_u': 0.04706, 'R': 4.2857, 'm1': 0.20625, 'm2': 0.15845, 'l1cg': 0.080305, 'l1': 0.151894, 'l2cg': 0.066733, 'I1z': 0.00049228, 'I2x': 0.00036892, 'I2y': 2.3641e-05, 'I2z': 0.00036139}, 'init_theta_std_deg': 5.0, 'init_alpha_std_deg': 8.0, 'init_theta_dot_std': 0.0, 'init_alpha_dot_std': 0.0, 'pwm_limit': 150.0, 'pwm_gain': 1.0, 'pwm_bias': 0.0, 'pwm_deadzone': 0.0, 'pwm_noise_sigma': 0.0, 'actuator_tau': 0.0, 'action_delay_steps': 0, 'theta_bias': 0.0, 'alpha_bias': 0.0, 'theta_sigma': 0.0, 'alpha_sigma': 0.0, 'theta_dot_sigma': 0.0, 'alpha_dot_sigma': 0.0, 'encoder_quantization_rad': 0.0, 'velocity_lpf': 0.25, 'process_theta_dot_sigma': 0.0, 'process_alpha_dot_sigma': 0.0}"
448000,1,matlab_nominal_reproduction,0.0,"{'level': 0.0, 'physical': {'g': 9.8, 'c_theta': 0.025, 'c_alpha': 0.001, 'k_t': 0.231, 'k_b': 0.1875, 'k_u': 0.04706, 'R': 4.2857, 'm1': 0.20625, 'm2': 0.15845, 'l1cg': 0.080305, 'l1': 0.151894, 'l2cg': 0.066733, 'I1z': 0.00049228, 'I2x': 0.00036892, 'I2y': 2.3641e-05, 'I2z': 0.00036139}, 'init_theta_std_deg': 5.0, 'init_alpha_std_deg': 8.0, 'init_theta_dot_std': 0.0, 'init_alpha_dot_std': 0.0, 'pwm_limit': 150.0, 'pwm_gain': 1.0, 'pwm_bias': 0.0, 'pwm_deadzone': 0.0, 'pwm_noise_sigma': 0.0, 'actuator_tau': 0.0, 'action_delay_steps': 0, 'theta_bias': 0.0, 'alpha_bias': 0.0, 'theta_sigma': 0.0, 'alpha_sigma': 0.0, 'theta_dot_sigma': 0.0, 'alpha_dot_sigma': 0.0, 'encoder_quantization_rad': 0.0, 'velocity_lpf': 0.25, 'process_theta_dot_sigma': 0.0, 'process_alpha_dot_sigma': 0.0}"
450000,1,matlab_nominal_reproduction,0.0,"{'level': 0.0, 'physical': {'g': 9.8, 'c_theta': 0.025, 'c_alpha': 0.001, 'k_t': 0.231, 'k_b': 0.1875, 'k_u': 0.04706, 'R': 4.2857, 'm1': 0.20625, 'm2': 0.15845, 'l1cg': 0.080305, 'l1': 0.151894, 'l2cg': 0.066733, 'I1z': 0.00049228, 'I2x': 0.00036892, 'I2y': 2.3641e-05, 'I2z': 0.00036139}, 'init_theta_std_deg': 5.0, 'init_alpha_std_deg': 8.0, 'init_theta_dot_std': 0.0, 'init_alpha_dot_std': 0.0, 'pwm_limit': 150.0, 'pwm_gain': 1.0, 'pwm_bias': 0.0, 'pwm_deadzone': 0.0, 'pwm_noise_sigma': 0.0, 'actuator_tau': 0.0, 'action_delay_steps': 0, 'theta_bias': 0.0, 'alpha_bias': 0.0, 'theta_sigma': 0.0, 'alpha_sigma': 0.0, 'theta_dot_sigma': 0.0, 'alpha_dot_sigma': 0.0, 'encoder_quantization_rad': 0.0, 'velocity_lpf': 0.25, 'process_theta_dot_sigma': 0.0, 'process_alpha_dot_sigma': 0.0}"
452000,1,matlab_nominal_reproduction,0.0,"{'level': 0.0, 'physical': {'g': 9.8, 'c_theta': 0.025, 'c_alpha': 0.001, 'k_t': 0.231, 'k_b': 0.1875, 'k_u': 0.04706, 'R': 4.2857, 'm1': 0.20625, 'm2': 0.15845, 'l1cg': 0.080305, 'l1': 0.151894, 'l2cg': 0.066733, 'I1z': 0.00049228, 'I2x': 0.00036892, 'I2y': 2.3641e-05, 'I2z': 0.00036139}, 'init_theta_std_deg': 5.0, 'init_alpha_std_deg': 8.0, 'init_theta_dot_std': 0.0, 'init_alpha_dot_std': 0.0, 'pwm_limit': 150.0, 'pwm_gain': 1.0, 'pwm_bias': 0.0, 'pwm_deadzone': 0.0, 'pwm_noise_sigma': 0.0, 'actuator_tau': 0.0, 'action_delay_steps': 0, 'theta_bias': 0.0, 'alpha_bias': 0.0, 'theta_sigma': 0.0, 'alpha_sigma': 0.0, 'theta_dot_sigma': 0.0, 'alpha_dot_sigma': 0.0, 'encoder_quantization_rad': 0.0, 'velocity_lpf': 0.25, 'process_theta_dot_sigma': 0.0, 'process_alpha_dot_sigma': 0.0}"
454000,1,matlab_nominal_reproduction,0.0,"{'level': 0.0, 'physical': {'g': 9.8, 'c_theta': 0.025, 'c_alpha': 0.001, 'k_t': 0.231, 'k_b': 0.1875, 'k_u': 0.04706, 'R': 4.2857, 'm1': 0.20625, 'm2': 0.15845, 'l1cg': 0.080305, 'l1': 0.151894, 'l2cg': 0.066733, 'I1z': 0.00049228, 'I2x': 0.00036892, 'I2y': 2.3641e-05, 'I2z': 0.00036139}, 'init_theta_std_deg': 5.0, 'init_alpha_std_deg': 8.0, 'init_theta_dot_std': 0.0, 'init_alpha_dot_std': 0.0, 'pwm_limit': 150.0, 'pwm_gain': 1.0, 'pwm_bias': 0.0, 'pwm_deadzone': 0.0, 'pwm_noise_sigma': 0.0, 'actuator_tau': 0.0, 'action_delay_steps': 0, 'theta_bias': 0.0, 'alpha_bias': 0.0, 'theta_sigma': 0.0, 'alpha_sigma': 0.0, 'theta_dot_sigma': 0.0, 'alpha_dot_sigma': 0.0, 'encoder_quantization_rad': 0.0, 'velocity_lpf': 0.25, 'process_theta_dot_sigma': 0.0, 'process_alpha_dot_sigma': 0.0}"
456000,1,matlab_nominal_reproduction,0.0,"{'level': 0.0, 'physical': {'g': 9.8, 'c_theta': 0.025, 'c_alpha': 0.001, 'k_t': 0.231, 'k_b': 0.1875, 'k_u': 0.04706, 'R': 4.2857, 'm1': 0.20625, 'm2': 0.15845, 'l1cg': 0.080305, 'l1': 0.151894, 'l2cg': 0.066733, 'I1z': 0.00049228, 'I2x': 0.00036892, 'I2y': 2.3641e-05, 'I2z': 0.00036139}, 'init_theta_std_deg': 5.0, 'init_alpha_std_deg': 8.0, 'init_theta_dot_std': 0.0, 'init_alpha_dot_std': 0.0, 'pwm_limit': 150.0, 'pwm_gain': 1.0, 'pwm_bias': 0.0, 'pwm_deadzone': 0.0, 'pwm_noise_sigma': 0.0, 'actuator_tau': 0.0, 'action_delay_steps': 0, 'theta_bias': 0.0, 'alpha_bias': 0.0, 'theta_sigma': 0.0, 'alpha_sigma': 0.0, 'theta_dot_sigma': 0.0, 'alpha_dot_sigma': 0.0, 'encoder_quantization_rad': 0.0, 'velocity_lpf': 0.25, 'process_theta_dot_sigma': 0.0, 'process_alpha_dot_sigma': 0.0}"
458000,1,matlab_nominal_reproduction,0.0,"{'level': 0.0, 'physical': {'g': 9.8, 'c_theta': 0.025, 'c_alpha': 0.001, 'k_t': 0.231, 'k_b': 0.1875, 'k_u': 0.04706, 'R': 4.2857, 'm1': 0.20625, 'm2': 0.15845, 'l1cg': 0.080305, 'l1': 0.151894, 'l2cg': 0.066733, 'I1z': 0.00049228, 'I2x': 0.00036892, 'I2y': 2.3641e-05, 'I2z': 0.00036139}, 'init_theta_std_deg': 5.0, 'init_alpha_std_deg': 8.0, 'init_theta_dot_std': 0.0, 'init_alpha_dot_std': 0.0, 'pwm_limit': 150.0, 'pwm_gain': 1.0, 'pwm_bias': 0.0, 'pwm_deadzone': 0.0, 'pwm_noise_sigma': 0.0, 'actuator_tau': 0.0, 'action_delay_steps': 0, 'theta_bias': 0.0, 'alpha_bias': 0.0, 'theta_sigma': 0.0, 'alpha_sigma': 0.0, 'theta_dot_sigma': 0.0, 'alpha_dot_sigma': 0.0, 'encoder_quantization_rad': 0.0, 'velocity_lpf': 0.25, 'process_theta_dot_sigma': 0.0, 'process_alpha_dot_sigma': 0.0}"
460000,1,matlab_nominal_reproduction,0.0,"{'level': 0.0, 'physical': {'g': 9.8, 'c_theta': 0.025, 'c_alpha': 0.001, 'k_t': 0.231, 'k_b': 0.1875, 'k_u': 0.04706, 'R': 4.2857, 'm1': 0.20625, 'm2': 0.15845, 'l1cg': 0.080305, 'l1': 0.151894, 'l2cg': 0.066733, 'I1z': 0.00049228, 'I2x': 0.00036892, 'I2y': 2.3641e-05, 'I2z': 0.00036139}, 'init_theta_std_deg': 5.0, 'init_alpha_std_deg': 8.0, 'init_theta_dot_std': 0.0, 'init_alpha_dot_std': 0.0, 'pwm_limit': 150.0, 'pwm_gain': 1.0, 'pwm_bias': 0.0, 'pwm_deadzone': 0.0, 'pwm_noise_sigma': 0.0, 'actuator_tau': 0.0, 'action_delay_steps': 0, 'theta_bias': 0.0, 'alpha_bias': 0.0, 'theta_sigma': 0.0, 'alpha_sigma': 0.0, 'theta_dot_sigma': 0.0, 'alpha_dot_sigma': 0.0, 'encoder_quantization_rad': 0.0, 'velocity_lpf': 0.25, 'process_theta_dot_sigma': 0.0, 'process_alpha_dot_sigma': 0.0}"
462000,1,matlab_nominal_reproduction,0.0,"{'level': 0.0, 'physical': {'g': 9.8, 'c_theta': 0.025, 'c_alpha': 0.001, 'k_t': 0.231, 'k_b': 0.1875, 'k_u': 0.04706, 'R': 4.2857, 'm1': 0.20625, 'm2': 0.15845, 'l1cg': 0.080305, 'l1': 0.151894, 'l2cg': 0.066733, 'I1z': 0.00049228, 'I2x': 0.00036892, 'I2y': 2.3641e-05, 'I2z': 0.00036139}, 'init_theta_std_deg': 5.0, 'init_alpha_std_deg': 8.0, 'init_theta_dot_std': 0.0, 'init_alpha_dot_std': 0.0, 'pwm_limit': 150.0, 'pwm_gain': 1.0, 'pwm_bias': 0.0, 'pwm_deadzone': 0.0, 'pwm_noise_sigma': 0.0, 'actuator_tau': 0.0, 'action_delay_steps': 0, 'theta_bias': 0.0, 'alpha_bias': 0.0, 'theta_sigma': 0.0, 'alpha_sigma': 0.0, 'theta_dot_sigma': 0.0, 'alpha_dot_sigma': 0.0, 'encoder_quantization_rad': 0.0, 'velocity_lpf': 0.25, 'process_theta_dot_sigma': 0.0, 'process_alpha_dot_sigma': 0.0}"
464000,1,matlab_nominal_reproduction,0.0,"{'level': 0.0, 'physical': {'g': 9.8, 'c_theta': 0.025, 'c_alpha': 0.001, 'k_t': 0.231, 'k_b': 0.1875, 'k_u': 0.04706, 'R': 4.2857, 'm1': 0.20625, 'm2': 0.15845, 'l1cg': 0.080305, 'l1': 0.151894, 'l2cg': 0.066733, 'I1z': 0.00049228, 'I2x': 0.00036892, 'I2y': 2.3641e-05, 'I2z': 0.00036139}, 'init_theta_std_deg': 5.0, 'init_alpha_std_deg': 8.0, 'init_theta_dot_std': 0.0, 'init_alpha_dot_std': 0.0, 'pwm_limit': 150.0, 'pwm_gain': 1.0, 'pwm_bias': 0.0, 'pwm_deadzone': 0.0, 'pwm_noise_sigma': 0.0, 'actuator_tau': 0.0, 'action_delay_steps': 0, 'theta_bias': 0.0, 'alpha_bias': 0.0, 'theta_sigma': 0.0, 'alpha_sigma': 0.0, 'theta_dot_sigma': 0.0, 'alpha_dot_sigma': 0.0, 'encoder_quantization_rad': 0.0, 'velocity_lpf': 0.25, 'process_theta_dot_sigma': 0.0, 'process_alpha_dot_sigma': 0.0}"
466000,1,matlab_nominal_reproduction,0.0,"{'level': 0.0, 'physical': {'g': 9.8, 'c_theta': 0.025, 'c_alpha': 0.001, 'k_t': 0.231, 'k_b': 0.1875, 'k_u': 0.04706, 'R': 4.2857, 'm1': 0.20625, 'm2': 0.15845, 'l1cg': 0.080305, 'l1': 0.151894, 'l2cg': 0.066733, 'I1z': 0.00049228, 'I2x': 0.00036892, 'I2y': 2.3641e-05, 'I2z': 0.00036139}, 'init_theta_std_deg': 5.0, 'init_alpha_std_deg': 8.0, 'init_theta_dot_std': 0.0, 'init_alpha_dot_std': 0.0, 'pwm_limit': 150.0, 'pwm_gain': 1.0, 'pwm_bias': 0.0, 'pwm_deadzone': 0.0, 'pwm_noise_sigma': 0.0, 'actuator_tau': 0.0, 'action_delay_steps': 0, 'theta_bias': 0.0, 'alpha_bias': 0.0, 'theta_sigma': 0.0, 'alpha_sigma': 0.0, 'theta_dot_sigma': 0.0, 'alpha_dot_sigma': 0.0, 'encoder_quantization_rad': 0.0, 'velocity_lpf': 0.25, 'process_theta_dot_sigma': 0.0, 'process_alpha_dot_sigma': 0.0}"
468000,1,matlab_nominal_reproduction,0.0,"{'level': 0.0, 'physical': {'g': 9.8, 'c_theta': 0.025, 'c_alpha': 0.001, 'k_t': 0.231, 'k_b': 0.1875, 'k_u': 0.04706, 'R': 4.2857, 'm1': 0.20625, 'm2': 0.15845, 'l1cg': 0.080305, 'l1': 0.151894, 'l2cg': 0.066733, 'I1z': 0.00049228, 'I2x': 0.00036892, 'I2y': 2.3641e-05, 'I2z': 0.00036139}, 'init_theta_std_deg': 5.0, 'init_alpha_std_deg': 8.0, 'init_theta_dot_std': 0.0, 'init_alpha_dot_std': 0.0, 'pwm_limit': 150.0, 'pwm_gain': 1.0, 'pwm_bias': 0.0, 'pwm_deadzone': 0.0, 'pwm_noise_sigma': 0.0, 'actuator_tau': 0.0, 'action_delay_steps': 0, 'theta_bias': 0.0, 'alpha_bias': 0.0, 'theta_sigma': 0.0, 'alpha_sigma': 0.0, 'theta_dot_sigma': 0.0, 'alpha_dot_sigma': 0.0, 'encoder_quantization_rad': 0.0, 'velocity_lpf': 0.25, 'process_theta_dot_sigma': 0.0, 'process_alpha_dot_sigma': 0.0}"
470000,1,matlab_nominal_reproduction,0.0,"{'level': 0.0, 'physical': {'g': 9.8, 'c_theta': 0.025, 'c_alpha': 0.001, 'k_t': 0.231, 'k_b': 0.1875, 'k_u': 0.04706, 'R': 4.2857, 'm1': 0.20625, 'm2': 0.15845, 'l1cg': 0.080305, 'l1': 0.151894, 'l2cg': 0.066733, 'I1z': 0.00049228, 'I2x': 0.00036892, 'I2y': 2.3641e-05, 'I2z': 0.00036139}, 'init_theta_std_deg': 5.0, 'init_alpha_std_deg': 8.0, 'init_theta_dot_std': 0.0, 'init_alpha_dot_std': 0.0, 'pwm_limit': 150.0, 'pwm_gain': 1.0, 'pwm_bias': 0.0, 'pwm_deadzone': 0.0, 'pwm_noise_sigma': 0.0, 'actuator_tau': 0.0, 'action_delay_steps': 0, 'theta_bias': 0.0, 'alpha_bias': 0.0, 'theta_sigma': 0.0, 'alpha_sigma': 0.0, 'theta_dot_sigma': 0.0, 'alpha_dot_sigma': 0.0, 'encoder_quantization_rad': 0.0, 'velocity_lpf': 0.25, 'process_theta_dot_sigma': 0.0, 'process_alpha_dot_sigma': 0.0}"
472000,1,matlab_nominal_reproduction,0.0,"{'level': 0.0, 'physical': {'g': 9.8, 'c_theta': 0.025, 'c_alpha': 0.001, 'k_t': 0.231, 'k_b': 0.1875, 'k_u': 0.04706, 'R': 4.2857, 'm1': 0.20625, 'm2': 0.15845, 'l1cg': 0.080305, 'l1': 0.151894, 'l2cg': 0.066733, 'I1z': 0.00049228, 'I2x': 0.00036892, 'I2y': 2.3641e-05, 'I2z': 0.00036139}, 'init_theta_std_deg': 5.0, 'init_alpha_std_deg': 8.0, 'init_theta_dot_std': 0.0, 'init_alpha_dot_std': 0.0, 'pwm_limit': 150.0, 'pwm_gain': 1.0, 'pwm_bias': 0.0, 'pwm_deadzone': 0.0, 'pwm_noise_sigma': 0.0, 'actuator_tau': 0.0, 'action_delay_steps': 0, 'theta_bias': 0.0, 'alpha_bias': 0.0, 'theta_sigma': 0.0, 'alpha_sigma': 0.0, 'theta_dot_sigma': 0.0, 'alpha_dot_sigma': 0.0, 'encoder_quantization_rad': 0.0, 'velocity_lpf': 0.25, 'process_theta_dot_sigma': 0.0, 'process_alpha_dot_sigma': 0.0}"
474000,1,matlab_nominal_reproduction,0.0,"{'level': 0.0, 'physical': {'g': 9.8, 'c_theta': 0.025, 'c_alpha': 0.001, 'k_t': 0.231, 'k_b': 0.1875, 'k_u': 0.04706, 'R': 4.2857, 'm1': 0.20625, 'm2': 0.15845, 'l1cg': 0.080305, 'l1': 0.151894, 'l2cg': 0.066733, 'I1z': 0.00049228, 'I2x': 0.00036892, 'I2y': 2.3641e-05, 'I2z': 0.00036139}, 'init_theta_std_deg': 5.0, 'init_alpha_std_deg': 8.0, 'init_theta_dot_std': 0.0, 'init_alpha_dot_std': 0.0, 'pwm_limit': 150.0, 'pwm_gain': 1.0, 'pwm_bias': 0.0, 'pwm_deadzone': 0.0, 'pwm_noise_sigma': 0.0, 'actuator_tau': 0.0, 'action_delay_steps': 0, 'theta_bias': 0.0, 'alpha_bias': 0.0, 'theta_sigma': 0.0, 'alpha_sigma': 0.0, 'theta_dot_sigma': 0.0, 'alpha_dot_sigma': 0.0, 'encoder_quantization_rad': 0.0, 'velocity_lpf': 0.25, 'process_theta_dot_sigma': 0.0, 'process_alpha_dot_sigma': 0.0}"
476000,1,matlab_nominal_reproduction,0.0,"{'level': 0.0, 'physical': {'g': 9.8, 'c_theta': 0.025, 'c_alpha': 0.001, 'k_t': 0.231, 'k_b': 0.1875, 'k_u': 0.04706, 'R': 4.2857, 'm1': 0.20625, 'm2': 0.15845, 'l1cg': 0.080305, 'l1': 0.151894, 'l2cg': 0.066733, 'I1z': 0.00049228, 'I2x': 0.00036892, 'I2y': 2.3641e-05, 'I2z': 0.00036139}, 'init_theta_std_deg': 5.0, 'init_alpha_std_deg': 8.0, 'init_theta_dot_std': 0.0, 'init_alpha_dot_std': 0.0, 'pwm_limit': 150.0, 'pwm_gain': 1.0, 'pwm_bias': 0.0, 'pwm_deadzone': 0.0, 'pwm_noise_sigma': 0.0, 'actuator_tau': 0.0, 'action_delay_steps': 0, 'theta_bias': 0.0, 'alpha_bias': 0.0, 'theta_sigma': 0.0, 'alpha_sigma': 0.0, 'theta_dot_sigma': 0.0, 'alpha_dot_sigma': 0.0, 'encoder_quantization_rad': 0.0, 'velocity_lpf': 0.25, 'process_theta_dot_sigma': 0.0, 'process_alpha_dot_sigma': 0.0}"
478000,1,matlab_nominal_reproduction,0.0,"{'level': 0.0, 'physical': {'g': 9.8, 'c_theta': 0.025, 'c_alpha': 0.001, 'k_t': 0.231, 'k_b': 0.1875, 'k_u': 0.04706, 'R': 4.2857, 'm1': 0.20625, 'm2': 0.15845, 'l1cg': 0.080305, 'l1': 0.151894, 'l2cg': 0.066733, 'I1z': 0.00049228, 'I2x': 0.00036892, 'I2y': 2.3641e-05, 'I2z': 0.00036139}, 'init_theta_std_deg': 5.0, 'init_alpha_std_deg': 8.0, 'init_theta_dot_std': 0.0, 'init_alpha_dot_std': 0.0, 'pwm_limit': 150.0, 'pwm_gain': 1.0, 'pwm_bias': 0.0, 'pwm_deadzone': 0.0, 'pwm_noise_sigma': 0.0, 'actuator_tau': 0.0, 'action_delay_steps': 0, 'theta_bias': 0.0, 'alpha_bias': 0.0, 'theta_sigma': 0.0, 'alpha_sigma': 0.0, 'theta_dot_sigma': 0.0, 'alpha_dot_sigma': 0.0, 'encoder_quantization_rad': 0.0, 'velocity_lpf': 0.25, 'process_theta_dot_sigma': 0.0, 'process_alpha_dot_sigma': 0.0}"
480000,1,matlab_nominal_reproduction,0.0,"{'level': 0.0, 'physical': {'g': 9.8, 'c_theta': 0.025, 'c_alpha': 0.001, 'k_t': 0.231, 'k_b': 0.1875, 'k_u': 0.04706, 'R': 4.2857, 'm1': 0.20625, 'm2': 0.15845, 'l1cg': 0.080305, 'l1': 0.151894, 'l2cg': 0.066733, 'I1z': 0.00049228, 'I2x': 0.00036892, 'I2y': 2.3641e-05, 'I2z': 0.00036139}, 'init_theta_std_deg': 5.0, 'init_alpha_std_deg': 8.0, 'init_theta_dot_std': 0.0, 'init_alpha_dot_std': 0.0, 'pwm_limit': 150.0, 'pwm_gain': 1.0, 'pwm_bias': 0.0, 'pwm_deadzone': 0.0, 'pwm_noise_sigma': 0.0, 'actuator_tau': 0.0, 'action_delay_steps': 0, 'theta_bias': 0.0, 'alpha_bias': 0.0, 'theta_sigma': 0.0, 'alpha_sigma': 0.0, 'theta_dot_sigma': 0.0, 'alpha_dot_sigma': 0.0, 'encoder_quantization_rad': 0.0, 'velocity_lpf': 0.25, 'process_theta_dot_sigma': 0.0, 'process_alpha_dot_sigma': 0.0}"
482000,1,matlab_nominal_reproduction,0.0,"{'level': 0.0, 'physical': {'g': 9.8, 'c_theta': 0.025, 'c_alpha': 0.001, 'k_t': 0.231, 'k_b': 0.1875, 'k_u': 0.04706, 'R': 4.2857, 'm1': 0.20625, 'm2': 0.15845, 'l1cg': 0.080305, 'l1': 0.151894, 'l2cg': 0.066733, 'I1z': 0.00049228, 'I2x': 0.00036892, 'I2y': 2.3641e-05, 'I2z': 0.00036139}, 'init_theta_std_deg': 5.0, 'init_alpha_std_deg': 8.0, 'init_theta_dot_std': 0.0, 'init_alpha_dot_std': 0.0, 'pwm_limit': 150.0, 'pwm_gain': 1.0, 'pwm_bias': 0.0, 'pwm_deadzone': 0.0, 'pwm_noise_sigma': 0.0, 'actuator_tau': 0.0, 'action_delay_steps': 0, 'theta_bias': 0.0, 'alpha_bias': 0.0, 'theta_sigma': 0.0, 'alpha_sigma': 0.0, 'theta_dot_sigma': 0.0, 'alpha_dot_sigma': 0.0, 'encoder_quantization_rad': 0.0, 'velocity_lpf': 0.25, 'process_theta_dot_sigma': 0.0, 'process_alpha_dot_sigma': 0.0}"
484000,1,matlab_nominal_reproduction,0.0,"{'level': 0.0, 'physical': {'g': 9.8, 'c_theta': 0.025, 'c_alpha': 0.001, 'k_t': 0.231, 'k_b': 0.1875, 'k_u': 0.04706, 'R': 4.2857, 'm1': 0.20625, 'm2': 0.15845, 'l1cg': 0.080305, 'l1': 0.151894, 'l2cg': 0.066733, 'I1z': 0.00049228, 'I2x': 0.00036892, 'I2y': 2.3641e-05, 'I2z': 0.00036139}, 'init_theta_std_deg': 5.0, 'init_alpha_std_deg': 8.0, 'init_theta_dot_std': 0.0, 'init_alpha_dot_std': 0.0, 'pwm_limit': 150.0, 'pwm_gain': 1.0, 'pwm_bias': 0.0, 'pwm_deadzone': 0.0, 'pwm_noise_sigma': 0.0, 'actuator_tau': 0.0, 'action_delay_steps': 0, 'theta_bias': 0.0, 'alpha_bias': 0.0, 'theta_sigma': 0.0, 'alpha_sigma': 0.0, 'theta_dot_sigma': 0.0, 'alpha_dot_sigma': 0.0, 'encoder_quantization_rad': 0.0, 'velocity_lpf': 0.25, 'process_theta_dot_sigma': 0.0, 'process_alpha_dot_sigma': 0.0}"
486000,1,matlab_nominal_reproduction,0.0,"{'level': 0.0, 'physical': {'g': 9.8, 'c_theta': 0.025, 'c_alpha': 0.001, 'k_t': 0.231, 'k_b': 0.1875, 'k_u': 0.04706, 'R': 4.2857, 'm1': 0.20625, 'm2': 0.15845, 'l1cg': 0.080305, 'l1': 0.151894, 'l2cg': 0.066733, 'I1z': 0.00049228, 'I2x': 0.00036892, 'I2y': 2.3641e-05, 'I2z': 0.00036139}, 'init_theta_std_deg': 5.0, 'init_alpha_std_deg': 8.0, 'init_theta_dot_std': 0.0, 'init_alpha_dot_std': 0.0, 'pwm_limit': 150.0, 'pwm_gain': 1.0, 'pwm_bias': 0.0, 'pwm_deadzone': 0.0, 'pwm_noise_sigma': 0.0, 'actuator_tau': 0.0, 'action_delay_steps': 0, 'theta_bias': 0.0, 'alpha_bias': 0.0, 'theta_sigma': 0.0, 'alpha_sigma': 0.0, 'theta_dot_sigma': 0.0, 'alpha_dot_sigma': 0.0, 'encoder_quantization_rad': 0.0, 'velocity_lpf': 0.25, 'process_theta_dot_sigma': 0.0, 'process_alpha_dot_sigma': 0.0}"
488000,1,matlab_nominal_reproduction,0.0,"{'level': 0.0, 'physical': {'g': 9.8, 'c_theta': 0.025, 'c_alpha': 0.001, 'k_t': 0.231, 'k_b': 0.1875, 'k_u': 0.04706, 'R': 4.2857, 'm1': 0.20625, 'm2': 0.15845, 'l1cg': 0.080305, 'l1': 0.151894, 'l2cg': 0.066733, 'I1z': 0.00049228, 'I2x': 0.00036892, 'I2y': 2.3641e-05, 'I2z': 0.00036139}, 'init_theta_std_deg': 5.0, 'init_alpha_std_deg': 8.0, 'init_theta_dot_std': 0.0, 'init_alpha_dot_std': 0.0, 'pwm_limit': 150.0, 'pwm_gain': 1.0, 'pwm_bias': 0.0, 'pwm_deadzone': 0.0, 'pwm_noise_sigma': 0.0, 'actuator_tau': 0.0, 'action_delay_steps': 0, 'theta_bias': 0.0, 'alpha_bias': 0.0, 'theta_sigma': 0.0, 'alpha_sigma': 0.0, 'theta_dot_sigma': 0.0, 'alpha_dot_sigma': 0.0, 'encoder_quantization_rad': 0.0, 'velocity_lpf': 0.25, 'process_theta_dot_sigma': 0.0, 'process_alpha_dot_sigma': 0.0}"
490000,1,matlab_nominal_reproduction,0.0,"{'level': 0.0, 'physical': {'g': 9.8, 'c_theta': 0.025, 'c_alpha': 0.001, 'k_t': 0.231, 'k_b': 0.1875, 'k_u': 0.04706, 'R': 4.2857, 'm1': 0.20625, 'm2': 0.15845, 'l1cg': 0.080305, 'l1': 0.151894, 'l2cg': 0.066733, 'I1z': 0.00049228, 'I2x': 0.00036892, 'I2y': 2.3641e-05, 'I2z': 0.00036139}, 'init_theta_std_deg': 5.0, 'init_alpha_std_deg': 8.0, 'init_theta_dot_std': 0.0, 'init_alpha_dot_std': 0.0, 'pwm_limit': 150.0, 'pwm_gain': 1.0, 'pwm_bias': 0.0, 'pwm_deadzone': 0.0, 'pwm_noise_sigma': 0.0, 'actuator_tau': 0.0, 'action_delay_steps': 0, 'theta_bias': 0.0, 'alpha_bias': 0.0, 'theta_sigma': 0.0, 'alpha_sigma': 0.0, 'theta_dot_sigma': 0.0, 'alpha_dot_sigma': 0.0, 'encoder_quantization_rad': 0.0, 'velocity_lpf': 0.25, 'process_theta_dot_sigma': 0.0, 'process_alpha_dot_sigma': 0.0}"
492000,1,matlab_nominal_reproduction,0.0,"{'level': 0.0, 'physical': {'g': 9.8, 'c_theta': 0.025, 'c_alpha': 0.001, 'k_t': 0.231, 'k_b': 0.1875, 'k_u': 0.04706, 'R': 4.2857, 'm1': 0.20625, 'm2': 0.15845, 'l1cg': 0.080305, 'l1': 0.151894, 'l2cg': 0.066733, 'I1z': 0.00049228, 'I2x': 0.00036892, 'I2y': 2.3641e-05, 'I2z': 0.00036139}, 'init_theta_std_deg': 5.0, 'init_alpha_std_deg': 8.0, 'init_theta_dot_std': 0.0, 'init_alpha_dot_std': 0.0, 'pwm_limit': 150.0, 'pwm_gain': 1.0, 'pwm_bias': 0.0, 'pwm_deadzone': 0.0, 'pwm_noise_sigma': 0.0, 'actuator_tau': 0.0, 'action_delay_steps': 0, 'theta_bias': 0.0, 'alpha_bias': 0.0, 'theta_sigma': 0.0, 'alpha_sigma': 0.0, 'theta_dot_sigma': 0.0, 'alpha_dot_sigma': 0.0, 'encoder_quantization_rad': 0.0, 'velocity_lpf': 0.25, 'process_theta_dot_sigma': 0.0, 'process_alpha_dot_sigma': 0.0}"
494000,1,matlab_nominal_reproduction,0.0,"{'level': 0.0, 'physical': {'g': 9.8, 'c_theta': 0.025, 'c_alpha': 0.001, 'k_t': 0.231, 'k_b': 0.1875, 'k_u': 0.04706, 'R': 4.2857, 'm1': 0.20625, 'm2': 0.15845, 'l1cg': 0.080305, 'l1': 0.151894, 'l2cg': 0.066733, 'I1z': 0.00049228, 'I2x': 0.00036892, 'I2y': 2.3641e-05, 'I2z': 0.00036139}, 'init_theta_std_deg': 5.0, 'init_alpha_std_deg': 8.0, 'init_theta_dot_std': 0.0, 'init_alpha_dot_std': 0.0, 'pwm_limit': 150.0, 'pwm_gain': 1.0, 'pwm_bias': 0.0, 'pwm_deadzone': 0.0, 'pwm_noise_sigma': 0.0, 'actuator_tau': 0.0, 'action_delay_steps': 0, 'theta_bias': 0.0, 'alpha_bias': 0.0, 'theta_sigma': 0.0, 'alpha_sigma': 0.0, 'theta_dot_sigma': 0.0, 'alpha_dot_sigma': 0.0, 'encoder_quantization_rad': 0.0, 'velocity_lpf': 0.25, 'process_theta_dot_sigma': 0.0, 'process_alpha_dot_sigma': 0.0}"
496000,1,matlab_nominal_reproduction,0.0,"{'level': 0.0, 'physical': {'g': 9.8, 'c_theta': 0.025, 'c_alpha': 0.001, 'k_t': 0.231, 'k_b': 0.1875, 'k_u': 0.04706, 'R': 4.2857, 'm1': 0.20625, 'm2': 0.15845, 'l1cg': 0.080305, 'l1': 0.151894, 'l2cg': 0.066733, 'I1z': 0.00049228, 'I2x': 0.00036892, 'I2y': 2.3641e-05, 'I2z': 0.00036139}, 'init_theta_std_deg': 5.0, 'init_alpha_std_deg': 8.0, 'init_theta_dot_std': 0.0, 'init_alpha_dot_std': 0.0, 'pwm_limit': 150.0, 'pwm_gain': 1.0, 'pwm_bias': 0.0, 'pwm_deadzone': 0.0, 'pwm_noise_sigma': 0.0, 'actuator_tau': 0.0, 'action_delay_steps': 0, 'theta_bias': 0.0, 'alpha_bias': 0.0, 'theta_sigma': 0.0, 'alpha_sigma': 0.0, 'theta_dot_sigma': 0.0, 'alpha_dot_sigma': 0.0, 'encoder_quantization_rad': 0.0, 'velocity_lpf': 0.25, 'process_theta_dot_sigma': 0.0, 'process_alpha_dot_sigma': 0.0}"
498000,1,matlab_nominal_reproduction,0.0,"{'level': 0.0, 'physical': {'g': 9.8, 'c_theta': 0.025, 'c_alpha': 0.001, 'k_t': 0.231, 'k_b': 0.1875, 'k_u': 0.04706, 'R': 4.2857, 'm1': 0.20625, 'm2': 0.15845, 'l1cg': 0.080305, 'l1': 0.151894, 'l2cg': 0.066733, 'I1z': 0.00049228, 'I2x': 0.00036892, 'I2y': 2.3641e-05, 'I2z': 0.00036139}, 'init_theta_std_deg': 5.0, 'init_alpha_std_deg': 8.0, 'init_theta_dot_std': 0.0, 'init_alpha_dot_std': 0.0, 'pwm_limit': 150.0, 'pwm_gain': 1.0, 'pwm_bias': 0.0, 'pwm_deadzone': 0.0, 'pwm_noise_sigma': 0.0, 'actuator_tau': 0.0, 'action_delay_steps': 0, 'theta_bias': 0.0, 'alpha_bias': 0.0, 'theta_sigma': 0.0, 'alpha_sigma': 0.0, 'theta_dot_sigma': 0.0, 'alpha_dot_sigma': 0.0, 'encoder_quantization_rad': 0.0, 'velocity_lpf': 0.25, 'process_theta_dot_sigma': 0.0, 'process_alpha_dot_sigma': 0.0}"
500000,1,matlab_nominal_reproduction,0.0,"{'level': 0.0, 'physical': {'g': 9.8, 'c_theta': 0.025, 'c_alpha': 0.001, 'k_t': 0.231, 'k_b': 0.1875, 'k_u': 0.04706, 'R': 4.2857, 'm1': 0.20625, 'm2': 0.15845, 'l1cg': 0.080305, 'l1': 0.151894, 'l2cg': 0.066733, 'I1z': 0.00049228, 'I2x': 0.00036892, 'I2y': 2.3641e-05, 'I2z': 0.00036139}, 'init_theta_std_deg': 5.0, 'init_alpha_std_deg': 8.0, 'init_theta_dot_std': 0.0, 'init_alpha_dot_std': 0.0, 'pwm_limit': 150.0, 'pwm_gain': 1.0, 'pwm_bias': 0.0, 'pwm_deadzone': 0.0, 'pwm_noise_sigma': 0.0, 'actuator_tau': 0.0, 'action_delay_steps': 0, 'theta_bias': 0.0, 'alpha_bias': 0.0, 'theta_sigma': 0.0, 'alpha_sigma': 0.0, 'theta_dot_sigma': 0.0, 'alpha_dot_sigma': 0.0, 'encoder_quantization_rad': 0.0, 'velocity_lpf': 0.25, 'process_theta_dot_sigma': 0.0, 'process_alpha_dot_sigma': 0.0}"
502000,1,matlab_nominal_reproduction,0.0,"{'level': 0.0, 'physical': {'g': 9.8, 'c_theta': 0.025, 'c_alpha': 0.001, 'k_t': 0.231, 'k_b': 0.1875, 'k_u': 0.04706, 'R': 4.2857, 'm1': 0.20625, 'm2': 0.15845, 'l1cg': 0.080305, 'l1': 0.151894, 'l2cg': 0.066733, 'I1z': 0.00049228, 'I2x': 0.00036892, 'I2y': 2.3641e-05, 'I2z': 0.00036139}, 'init_theta_std_deg': 5.0, 'init_alpha_std_deg': 8.0, 'init_theta_dot_std': 0.0, 'init_alpha_dot_std': 0.0, 'pwm_limit': 150.0, 'pwm_gain': 1.0, 'pwm_bias': 0.0, 'pwm_deadzone': 0.0, 'pwm_noise_sigma': 0.0, 'actuator_tau': 0.0, 'action_delay_steps': 0, 'theta_bias': 0.0, 'alpha_bias': 0.0, 'theta_sigma': 0.0, 'alpha_sigma': 0.0, 'theta_dot_sigma': 0.0, 'alpha_dot_sigma': 0.0, 'encoder_quantization_rad': 0.0, 'velocity_lpf': 0.25, 'process_theta_dot_sigma': 0.0, 'process_alpha_dot_sigma': 0.0}"
504000,1,matlab_nominal_reproduction,0.0,"{'level': 0.0, 'physical': {'g': 9.8, 'c_theta': 0.025, 'c_alpha': 0.001, 'k_t': 0.231, 'k_b': 0.1875, 'k_u': 0.04706, 'R': 4.2857, 'm1': 0.20625, 'm2': 0.15845, 'l1cg': 0.080305, 'l1': 0.151894, 'l2cg': 0.066733, 'I1z': 0.00049228, 'I2x': 0.00036892, 'I2y': 2.3641e-05, 'I2z': 0.00036139}, 'init_theta_std_deg': 5.0, 'init_alpha_std_deg': 8.0, 'init_theta_dot_std': 0.0, 'init_alpha_dot_std': 0.0, 'pwm_limit': 150.0, 'pwm_gain': 1.0, 'pwm_bias': 0.0, 'pwm_deadzone': 0.0, 'pwm_noise_sigma': 0.0, 'actuator_tau': 0.0, 'action_delay_steps': 0, 'theta_bias': 0.0, 'alpha_bias': 0.0, 'theta_sigma': 0.0, 'alpha_sigma': 0.0, 'theta_dot_sigma': 0.0, 'alpha_dot_sigma': 0.0, 'encoder_quantization_rad': 0.0, 'velocity_lpf': 0.25, 'process_theta_dot_sigma': 0.0, 'process_alpha_dot_sigma': 0.0}"
506000,1,matlab_nominal_reproduction,0.0,"{'level': 0.0, 'physical': {'g': 9.8, 'c_theta': 0.025, 'c_alpha': 0.001, 'k_t': 0.231, 'k_b': 0.1875, 'k_u': 0.04706, 'R': 4.2857, 'm1': 0.20625, 'm2': 0.15845, 'l1cg': 0.080305, 'l1': 0.151894, 'l2cg': 0.066733, 'I1z': 0.00049228, 'I2x': 0.00036892, 'I2y': 2.3641e-05, 'I2z': 0.00036139}, 'init_theta_std_deg': 5.0, 'init_alpha_std_deg': 8.0, 'init_theta_dot_std': 0.0, 'init_alpha_dot_std': 0.0, 'pwm_limit': 150.0, 'pwm_gain': 1.0, 'pwm_bias': 0.0, 'pwm_deadzone': 0.0, 'pwm_noise_sigma': 0.0, 'actuator_tau': 0.0, 'action_delay_steps': 0, 'theta_bias': 0.0, 'alpha_bias': 0.0, 'theta_sigma': 0.0, 'alpha_sigma': 0.0, 'theta_dot_sigma': 0.0, 'alpha_dot_sigma': 0.0, 'encoder_quantization_rad': 0.0, 'velocity_lpf': 0.25, 'process_theta_dot_sigma': 0.0, 'process_alpha_dot_sigma': 0.0}"
508000,1,matlab_nominal_reproduction,0.0,"{'level': 0.0, 'physical': {'g': 9.8, 'c_theta': 0.025, 'c_alpha': 0.001, 'k_t': 0.231, 'k_b': 0.1875, 'k_u': 0.04706, 'R': 4.2857, 'm1': 0.20625, 'm2': 0.15845, 'l1cg': 0.080305, 'l1': 0.151894, 'l2cg': 0.066733, 'I1z': 0.00049228, 'I2x': 0.00036892, 'I2y': 2.3641e-05, 'I2z': 0.00036139}, 'init_theta_std_deg': 5.0, 'init_alpha_std_deg': 8.0, 'init_theta_dot_std': 0.0, 'init_alpha_dot_std': 0.0, 'pwm_limit': 150.0, 'pwm_gain': 1.0, 'pwm_bias': 0.0, 'pwm_deadzone': 0.0, 'pwm_noise_sigma': 0.0, 'actuator_tau': 0.0, 'action_delay_steps': 0, 'theta_bias': 0.0, 'alpha_bias': 0.0, 'theta_sigma': 0.0, 'alpha_sigma': 0.0, 'theta_dot_sigma': 0.0, 'alpha_dot_sigma': 0.0, 'encoder_quantization_rad': 0.0, 'velocity_lpf': 0.25, 'process_theta_dot_sigma': 0.0, 'process_alpha_dot_sigma': 0.0}"
510000,1,matlab_nominal_reproduction,0.0,"{'level': 0.0, 'physical': {'g': 9.8, 'c_theta': 0.025, 'c_alpha': 0.001, 'k_t': 0.231, 'k_b': 0.1875, 'k_u': 0.04706, 'R': 4.2857, 'm1': 0.20625, 'm2': 0.15845, 'l1cg': 0.080305, 'l1': 0.151894, 'l2cg': 0.066733, 'I1z': 0.00049228, 'I2x': 0.00036892, 'I2y': 2.3641e-05, 'I2z': 0.00036139}, 'init_theta_std_deg': 5.0, 'init_alpha_std_deg': 8.0, 'init_theta_dot_std': 0.0, 'init_alpha_dot_std': 0.0, 'pwm_limit': 150.0, 'pwm_gain': 1.0, 'pwm_bias': 0.0, 'pwm_deadzone': 0.0, 'pwm_noise_sigma': 0.0, 'actuator_tau': 0.0, 'action_delay_steps': 0, 'theta_bias': 0.0, 'alpha_bias': 0.0, 'theta_sigma': 0.0, 'alpha_sigma': 0.0, 'theta_dot_sigma': 0.0, 'alpha_dot_sigma': 0.0, 'encoder_quantization_rad': 0.0, 'velocity_lpf': 0.25, 'process_theta_dot_sigma': 0.0, 'process_alpha_dot_sigma': 0.0}"
512000,1,matlab_nominal_reproduction,0.0,"{'level': 0.0, 'physical': {'g': 9.8, 'c_theta': 0.025, 'c_alpha': 0.001, 'k_t': 0.231, 'k_b': 0.1875, 'k_u': 0.04706, 'R': 4.2857, 'm1': 0.20625, 'm2': 0.15845, 'l1cg': 0.080305, 'l1': 0.151894, 'l2cg': 0.066733, 'I1z': 0.00049228, 'I2x': 0.00036892, 'I2y': 2.3641e-05, 'I2z': 0.00036139}, 'init_theta_std_deg': 5.0, 'init_alpha_std_deg': 8.0, 'init_theta_dot_std': 0.0, 'init_alpha_dot_std': 0.0, 'pwm_limit': 150.0, 'pwm_gain': 1.0, 'pwm_bias': 0.0, 'pwm_deadzone': 0.0, 'pwm_noise_sigma': 0.0, 'actuator_tau': 0.0, 'action_delay_steps': 0, 'theta_bias': 0.0, 'alpha_bias': 0.0, 'theta_sigma': 0.0, 'alpha_sigma': 0.0, 'theta_dot_sigma': 0.0, 'alpha_dot_sigma': 0.0, 'encoder_quantization_rad': 0.0, 'velocity_lpf': 0.25, 'process_theta_dot_sigma': 0.0, 'process_alpha_dot_sigma': 0.0}"
514000,1,matlab_nominal_reproduction,0.0,"{'level': 0.0, 'physical': {'g': 9.8, 'c_theta': 0.025, 'c_alpha': 0.001, 'k_t': 0.231, 'k_b': 0.1875, 'k_u': 0.04706, 'R': 4.2857, 'm1': 0.20625, 'm2': 0.15845, 'l1cg': 0.080305, 'l1': 0.151894, 'l2cg': 0.066733, 'I1z': 0.00049228, 'I2x': 0.00036892, 'I2y': 2.3641e-05, 'I2z': 0.00036139}, 'init_theta_std_deg': 5.0, 'init_alpha_std_deg': 8.0, 'init_theta_dot_std': 0.0, 'init_alpha_dot_std': 0.0, 'pwm_limit': 150.0, 'pwm_gain': 1.0, 'pwm_bias': 0.0, 'pwm_deadzone': 0.0, 'pwm_noise_sigma': 0.0, 'actuator_tau': 0.0, 'action_delay_steps': 0, 'theta_bias': 0.0, 'alpha_bias': 0.0, 'theta_sigma': 0.0, 'alpha_sigma': 0.0, 'theta_dot_sigma': 0.0, 'alpha_dot_sigma': 0.0, 'encoder_quantization_rad': 0.0, 'velocity_lpf': 0.25, 'process_theta_dot_sigma': 0.0, 'process_alpha_dot_sigma': 0.0}"
516000,1,matlab_nominal_reproduction,0.0,"{'level': 0.0, 'physical': {'g': 9.8, 'c_theta': 0.025, 'c_alpha': 0.001, 'k_t': 0.231, 'k_b': 0.1875, 'k_u': 0.04706, 'R': 4.2857, 'm1': 0.20625, 'm2': 0.15845, 'l1cg': 0.080305, 'l1': 0.151894, 'l2cg': 0.066733, 'I1z': 0.00049228, 'I2x': 0.00036892, 'I2y': 2.3641e-05, 'I2z': 0.00036139}, 'init_theta_std_deg': 5.0, 'init_alpha_std_deg': 8.0, 'init_theta_dot_std': 0.0, 'init_alpha_dot_std': 0.0, 'pwm_limit': 150.0, 'pwm_gain': 1.0, 'pwm_bias': 0.0, 'pwm_deadzone': 0.0, 'pwm_noise_sigma': 0.0, 'actuator_tau': 0.0, 'action_delay_steps': 0, 'theta_bias': 0.0, 'alpha_bias': 0.0, 'theta_sigma': 0.0, 'alpha_sigma': 0.0, 'theta_dot_sigma': 0.0, 'alpha_dot_sigma': 0.0, 'encoder_quantization_rad': 0.0, 'velocity_lpf': 0.25, 'process_theta_dot_sigma': 0.0, 'process_alpha_dot_sigma': 0.0}"
518000,1,matlab_nominal_reproduction,0.0,"{'level': 0.0, 'physical': {'g': 9.8, 'c_theta': 0.025, 'c_alpha': 0.001, 'k_t': 0.231, 'k_b': 0.1875, 'k_u': 0.04706, 'R': 4.2857, 'm1': 0.20625, 'm2': 0.15845, 'l1cg': 0.080305, 'l1': 0.151894, 'l2cg': 0.066733, 'I1z': 0.00049228, 'I2x': 0.00036892, 'I2y': 2.3641e-05, 'I2z': 0.00036139}, 'init_theta_std_deg': 5.0, 'init_alpha_std_deg': 8.0, 'init_theta_dot_std': 0.0, 'init_alpha_dot_std': 0.0, 'pwm_limit': 150.0, 'pwm_gain': 1.0, 'pwm_bias': 0.0, 'pwm_deadzone': 0.0, 'pwm_noise_sigma': 0.0, 'actuator_tau': 0.0, 'action_delay_steps': 0, 'theta_bias': 0.0, 'alpha_bias': 0.0, 'theta_sigma': 0.0, 'alpha_sigma': 0.0, 'theta_dot_sigma': 0.0, 'alpha_dot_sigma': 0.0, 'encoder_quantization_rad': 0.0, 'velocity_lpf': 0.25, 'process_theta_dot_sigma': 0.0, 'process_alpha_dot_sigma': 0.0}"
520000,1,matlab_nominal_reproduction,0.0,"{'level': 0.0, 'physical': {'g': 9.8, 'c_theta': 0.025, 'c_alpha': 0.001, 'k_t': 0.231, 'k_b': 0.1875, 'k_u': 0.04706, 'R': 4.2857, 'm1': 0.20625, 'm2': 0.15845, 'l1cg': 0.080305, 'l1': 0.151894, 'l2cg': 0.066733, 'I1z': 0.00049228, 'I2x': 0.00036892, 'I2y': 2.3641e-05, 'I2z': 0.00036139}, 'init_theta_std_deg': 5.0, 'init_alpha_std_deg': 8.0, 'init_theta_dot_std': 0.0, 'init_alpha_dot_std': 0.0, 'pwm_limit': 150.0, 'pwm_gain': 1.0, 'pwm_bias': 0.0, 'pwm_deadzone': 0.0, 'pwm_noise_sigma': 0.0, 'actuator_tau': 0.0, 'action_delay_steps': 0, 'theta_bias': 0.0, 'alpha_bias': 0.0, 'theta_sigma': 0.0, 'alpha_sigma': 0.0, 'theta_dot_sigma': 0.0, 'alpha_dot_sigma': 0.0, 'encoder_quantization_rad': 0.0, 'velocity_lpf': 0.25, 'process_theta_dot_sigma': 0.0, 'process_alpha_dot_sigma': 0.0}"
522000,1,matlab_nominal_reproduction,0.0,"{'level': 0.0, 'physical': {'g': 9.8, 'c_theta': 0.025, 'c_alpha': 0.001, 'k_t': 0.231, 'k_b': 0.1875, 'k_u': 0.04706, 'R': 4.2857, 'm1': 0.20625, 'm2': 0.15845, 'l1cg': 0.080305, 'l1': 0.151894, 'l2cg': 0.066733, 'I1z': 0.00049228, 'I2x': 0.00036892, 'I2y': 2.3641e-05, 'I2z': 0.00036139}, 'init_theta_std_deg': 5.0, 'init_alpha_std_deg': 8.0, 'init_theta_dot_std': 0.0, 'init_alpha_dot_std': 0.0, 'pwm_limit': 150.0, 'pwm_gain': 1.0, 'pwm_bias': 0.0, 'pwm_deadzone': 0.0, 'pwm_noise_sigma': 0.0, 'actuator_tau': 0.0, 'action_delay_steps': 0, 'theta_bias': 0.0, 'alpha_bias': 0.0, 'theta_sigma': 0.0, 'alpha_sigma': 0.0, 'theta_dot_sigma': 0.0, 'alpha_dot_sigma': 0.0, 'encoder_quantization_rad': 0.0, 'velocity_lpf': 0.25, 'process_theta_dot_sigma': 0.0, 'process_alpha_dot_sigma': 0.0}"
524000,1,matlab_nominal_reproduction,0.0,"{'level': 0.0, 'physical': {'g': 9.8, 'c_theta': 0.025, 'c_alpha': 0.001, 'k_t': 0.231, 'k_b': 0.1875, 'k_u': 0.04706, 'R': 4.2857, 'm1': 0.20625, 'm2': 0.15845, 'l1cg': 0.080305, 'l1': 0.151894, 'l2cg': 0.066733, 'I1z': 0.00049228, 'I2x': 0.00036892, 'I2y': 2.3641e-05, 'I2z': 0.00036139}, 'init_theta_std_deg': 5.0, 'init_alpha_std_deg': 8.0, 'init_theta_dot_std': 0.0, 'init_alpha_dot_std': 0.0, 'pwm_limit': 150.0, 'pwm_gain': 1.0, 'pwm_bias': 0.0, 'pwm_deadzone': 0.0, 'pwm_noise_sigma': 0.0, 'actuator_tau': 0.0, 'action_delay_steps': 0, 'theta_bias': 0.0, 'alpha_bias': 0.0, 'theta_sigma': 0.0, 'alpha_sigma': 0.0, 'theta_dot_sigma': 0.0, 'alpha_dot_sigma': 0.0, 'encoder_quantization_rad': 0.0, 'velocity_lpf': 0.25, 'process_theta_dot_sigma': 0.0, 'process_alpha_dot_sigma': 0.0}"
526000,1,matlab_nominal_reproduction,0.0,"{'level': 0.0, 'physical': {'g': 9.8, 'c_theta': 0.025, 'c_alpha': 0.001, 'k_t': 0.231, 'k_b': 0.1875, 'k_u': 0.04706, 'R': 4.2857, 'm1': 0.20625, 'm2': 0.15845, 'l1cg': 0.080305, 'l1': 0.151894, 'l2cg': 0.066733, 'I1z': 0.00049228, 'I2x': 0.00036892, 'I2y': 2.3641e-05, 'I2z': 0.00036139}, 'init_theta_std_deg': 5.0, 'init_alpha_std_deg': 8.0, 'init_theta_dot_std': 0.0, 'init_alpha_dot_std': 0.0, 'pwm_limit': 150.0, 'pwm_gain': 1.0, 'pwm_bias': 0.0, 'pwm_deadzone': 0.0, 'pwm_noise_sigma': 0.0, 'actuator_tau': 0.0, 'action_delay_steps': 0, 'theta_bias': 0.0, 'alpha_bias': 0.0, 'theta_sigma': 0.0, 'alpha_sigma': 0.0, 'theta_dot_sigma': 0.0, 'alpha_dot_sigma': 0.0, 'encoder_quantization_rad': 0.0, 'velocity_lpf': 0.25, 'process_theta_dot_sigma': 0.0, 'process_alpha_dot_sigma': 0.0}"
528000,1,matlab_nominal_reproduction,0.0,"{'level': 0.0, 'physical': {'g': 9.8, 'c_theta': 0.025, 'c_alpha': 0.001, 'k_t': 0.231, 'k_b': 0.1875, 'k_u': 0.04706, 'R': 4.2857, 'm1': 0.20625, 'm2': 0.15845, 'l1cg': 0.080305, 'l1': 0.151894, 'l2cg': 0.066733, 'I1z': 0.00049228, 'I2x': 0.00036892, 'I2y': 2.3641e-05, 'I2z': 0.00036139}, 'init_theta_std_deg': 5.0, 'init_alpha_std_deg': 8.0, 'init_theta_dot_std': 0.0, 'init_alpha_dot_std': 0.0, 'pwm_limit': 150.0, 'pwm_gain': 1.0, 'pwm_bias': 0.0, 'pwm_deadzone': 0.0, 'pwm_noise_sigma': 0.0, 'actuator_tau': 0.0, 'action_delay_steps': 0, 'theta_bias': 0.0, 'alpha_bias': 0.0, 'theta_sigma': 0.0, 'alpha_sigma': 0.0, 'theta_dot_sigma': 0.0, 'alpha_dot_sigma': 0.0, 'encoder_quantization_rad': 0.0, 'velocity_lpf': 0.25, 'process_theta_dot_sigma': 0.0, 'process_alpha_dot_sigma': 0.0}"
530000,1,matlab_nominal_reproduction,0.0,"{'level': 0.0, 'physical': {'g': 9.8, 'c_theta': 0.025, 'c_alpha': 0.001, 'k_t': 0.231, 'k_b': 0.1875, 'k_u': 0.04706, 'R': 4.2857, 'm1': 0.20625, 'm2': 0.15845, 'l1cg': 0.080305, 'l1': 0.151894, 'l2cg': 0.066733, 'I1z': 0.00049228, 'I2x': 0.00036892, 'I2y': 2.3641e-05, 'I2z': 0.00036139}, 'init_theta_std_deg': 5.0, 'init_alpha_std_deg': 8.0, 'init_theta_dot_std': 0.0, 'init_alpha_dot_std': 0.0, 'pwm_limit': 150.0, 'pwm_gain': 1.0, 'pwm_bias': 0.0, 'pwm_deadzone': 0.0, 'pwm_noise_sigma': 0.0, 'actuator_tau': 0.0, 'action_delay_steps': 0, 'theta_bias': 0.0, 'alpha_bias': 0.0, 'theta_sigma': 0.0, 'alpha_sigma': 0.0, 'theta_dot_sigma': 0.0, 'alpha_dot_sigma': 0.0, 'encoder_quantization_rad': 0.0, 'velocity_lpf': 0.25, 'process_theta_dot_sigma': 0.0, 'process_alpha_dot_sigma': 0.0}"
532000,1,matlab_nominal_reproduction,0.0,"{'level': 0.0, 'physical': {'g': 9.8, 'c_theta': 0.025, 'c_alpha': 0.001, 'k_t': 0.231, 'k_b': 0.1875, 'k_u': 0.04706, 'R': 4.2857, 'm1': 0.20625, 'm2': 0.15845, 'l1cg': 0.080305, 'l1': 0.151894, 'l2cg': 0.066733, 'I1z': 0.00049228, 'I2x': 0.00036892, 'I2y': 2.3641e-05, 'I2z': 0.00036139}, 'init_theta_std_deg': 5.0, 'init_alpha_std_deg': 8.0, 'init_theta_dot_std': 0.0, 'init_alpha_dot_std': 0.0, 'pwm_limit': 150.0, 'pwm_gain': 1.0, 'pwm_bias': 0.0, 'pwm_deadzone': 0.0, 'pwm_noise_sigma': 0.0, 'actuator_tau': 0.0, 'action_delay_steps': 0, 'theta_bias': 0.0, 'alpha_bias': 0.0, 'theta_sigma': 0.0, 'alpha_sigma': 0.0, 'theta_dot_sigma': 0.0, 'alpha_dot_sigma': 0.0, 'encoder_quantization_rad': 0.0, 'velocity_lpf': 0.25, 'process_theta_dot_sigma': 0.0, 'process_alpha_dot_sigma': 0.0}"
534000,1,matlab_nominal_reproduction,0.0,"{'level': 0.0, 'physical': {'g': 9.8, 'c_theta': 0.025, 'c_alpha': 0.001, 'k_t': 0.231, 'k_b': 0.1875, 'k_u': 0.04706, 'R': 4.2857, 'm1': 0.20625, 'm2': 0.15845, 'l1cg': 0.080305, 'l1': 0.151894, 'l2cg': 0.066733, 'I1z': 0.00049228, 'I2x': 0.00036892, 'I2y': 2.3641e-05, 'I2z': 0.00036139}, 'init_theta_std_deg': 5.0, 'init_alpha_std_deg': 8.0, 'init_theta_dot_std': 0.0, 'init_alpha_dot_std': 0.0, 'pwm_limit': 150.0, 'pwm_gain': 1.0, 'pwm_bias': 0.0, 'pwm_deadzone': 0.0, 'pwm_noise_sigma': 0.0, 'actuator_tau': 0.0, 'action_delay_steps': 0, 'theta_bias': 0.0, 'alpha_bias': 0.0, 'theta_sigma': 0.0, 'alpha_sigma': 0.0, 'theta_dot_sigma': 0.0, 'alpha_dot_sigma': 0.0, 'encoder_quantization_rad': 0.0, 'velocity_lpf': 0.25, 'process_theta_dot_sigma': 0.0, 'process_alpha_dot_sigma': 0.0}"
536000,1,matlab_nominal_reproduction,0.0,"{'level': 0.0, 'physical': {'g': 9.8, 'c_theta': 0.025, 'c_alpha': 0.001, 'k_t': 0.231, 'k_b': 0.1875, 'k_u': 0.04706, 'R': 4.2857, 'm1': 0.20625, 'm2': 0.15845, 'l1cg': 0.080305, 'l1': 0.151894, 'l2cg': 0.066733, 'I1z': 0.00049228, 'I2x': 0.00036892, 'I2y': 2.3641e-05, 'I2z': 0.00036139}, 'init_theta_std_deg': 5.0, 'init_alpha_std_deg': 8.0, 'init_theta_dot_std': 0.0, 'init_alpha_dot_std': 0.0, 'pwm_limit': 150.0, 'pwm_gain': 1.0, 'pwm_bias': 0.0, 'pwm_deadzone': 0.0, 'pwm_noise_sigma': 0.0, 'actuator_tau': 0.0, 'action_delay_steps': 0, 'theta_bias': 0.0, 'alpha_bias': 0.0, 'theta_sigma': 0.0, 'alpha_sigma': 0.0, 'theta_dot_sigma': 0.0, 'alpha_dot_sigma': 0.0, 'encoder_quantization_rad': 0.0, 'velocity_lpf': 0.25, 'process_theta_dot_sigma': 0.0, 'process_alpha_dot_sigma': 0.0}"
538000,1,matlab_nominal_reproduction,0.0,"{'level': 0.0, 'physical': {'g': 9.8, 'c_theta': 0.025, 'c_alpha': 0.001, 'k_t': 0.231, 'k_b': 0.1875, 'k_u': 0.04706, 'R': 4.2857, 'm1': 0.20625, 'm2': 0.15845, 'l1cg': 0.080305, 'l1': 0.151894, 'l2cg': 0.066733, 'I1z': 0.00049228, 'I2x': 0.00036892, 'I2y': 2.3641e-05, 'I2z': 0.00036139}, 'init_theta_std_deg': 5.0, 'init_alpha_std_deg': 8.0, 'init_theta_dot_std': 0.0, 'init_alpha_dot_std': 0.0, 'pwm_limit': 150.0, 'pwm_gain': 1.0, 'pwm_bias': 0.0, 'pwm_deadzone': 0.0, 'pwm_noise_sigma': 0.0, 'actuator_tau': 0.0, 'action_delay_steps': 0, 'theta_bias': 0.0, 'alpha_bias': 0.0, 'theta_sigma': 0.0, 'alpha_sigma': 0.0, 'theta_dot_sigma': 0.0, 'alpha_dot_sigma': 0.0, 'encoder_quantization_rad': 0.0, 'velocity_lpf': 0.25, 'process_theta_dot_sigma': 0.0, 'process_alpha_dot_sigma': 0.0}"
540000,1,matlab_nominal_reproduction,0.0,"{'level': 0.0, 'physical': {'g': 9.8, 'c_theta': 0.025, 'c_alpha': 0.001, 'k_t': 0.231, 'k_b': 0.1875, 'k_u': 0.04706, 'R': 4.2857, 'm1': 0.20625, 'm2': 0.15845, 'l1cg': 0.080305, 'l1': 0.151894, 'l2cg': 0.066733, 'I1z': 0.00049228, 'I2x': 0.00036892, 'I2y': 2.3641e-05, 'I2z': 0.00036139}, 'init_theta_std_deg': 5.0, 'init_alpha_std_deg': 8.0, 'init_theta_dot_std': 0.0, 'init_alpha_dot_std': 0.0, 'pwm_limit': 150.0, 'pwm_gain': 1.0, 'pwm_bias': 0.0, 'pwm_deadzone': 0.0, 'pwm_noise_sigma': 0.0, 'actuator_tau': 0.0, 'action_delay_steps': 0, 'theta_bias': 0.0, 'alpha_bias': 0.0, 'theta_sigma': 0.0, 'alpha_sigma': 0.0, 'theta_dot_sigma': 0.0, 'alpha_dot_sigma': 0.0, 'encoder_quantization_rad': 0.0, 'velocity_lpf': 0.25, 'process_theta_dot_sigma': 0.0, 'process_alpha_dot_sigma': 0.0}"
542000,1,matlab_nominal_reproduction,0.0,"{'level': 0.0, 'physical': {'g': 9.8, 'c_theta': 0.025, 'c_alpha': 0.001, 'k_t': 0.231, 'k_b': 0.1875, 'k_u': 0.04706, 'R': 4.2857, 'm1': 0.20625, 'm2': 0.15845, 'l1cg': 0.080305, 'l1': 0.151894, 'l2cg': 0.066733, 'I1z': 0.00049228, 'I2x': 0.00036892, 'I2y': 2.3641e-05, 'I2z': 0.00036139}, 'init_theta_std_deg': 5.0, 'init_alpha_std_deg': 8.0, 'init_theta_dot_std': 0.0, 'init_alpha_dot_std': 0.0, 'pwm_limit': 150.0, 'pwm_gain': 1.0, 'pwm_bias': 0.0, 'pwm_deadzone': 0.0, 'pwm_noise_sigma': 0.0, 'actuator_tau': 0.0, 'action_delay_steps': 0, 'theta_bias': 0.0, 'alpha_bias': 0.0, 'theta_sigma': 0.0, 'alpha_sigma': 0.0, 'theta_dot_sigma': 0.0, 'alpha_dot_sigma': 0.0, 'encoder_quantization_rad': 0.0, 'velocity_lpf': 0.25, 'process_theta_dot_sigma': 0.0, 'process_alpha_dot_sigma': 0.0}"
544000,1,matlab_nominal_reproduction,0.0,"{'level': 0.0, 'physical': {'g': 9.8, 'c_theta': 0.025, 'c_alpha': 0.001, 'k_t': 0.231, 'k_b': 0.1875, 'k_u': 0.04706, 'R': 4.2857, 'm1': 0.20625, 'm2': 0.15845, 'l1cg': 0.080305, 'l1': 0.151894, 'l2cg': 0.066733, 'I1z': 0.00049228, 'I2x': 0.00036892, 'I2y': 2.3641e-05, 'I2z': 0.00036139}, 'init_theta_std_deg': 5.0, 'init_alpha_std_deg': 8.0, 'init_theta_dot_std': 0.0, 'init_alpha_dot_std': 0.0, 'pwm_limit': 150.0, 'pwm_gain': 1.0, 'pwm_bias': 0.0, 'pwm_deadzone': 0.0, 'pwm_noise_sigma': 0.0, 'actuator_tau': 0.0, 'action_delay_steps': 0, 'theta_bias': 0.0, 'alpha_bias': 0.0, 'theta_sigma': 0.0, 'alpha_sigma': 0.0, 'theta_dot_sigma': 0.0, 'alpha_dot_sigma': 0.0, 'encoder_quantization_rad': 0.0, 'velocity_lpf': 0.25, 'process_theta_dot_sigma': 0.0, 'process_alpha_dot_sigma': 0.0}"
546000,1,matlab_nominal_reproduction,0.0,"{'level': 0.0, 'physical': {'g': 9.8, 'c_theta': 0.025, 'c_alpha': 0.001, 'k_t': 0.231, 'k_b': 0.1875, 'k_u': 0.04706, 'R': 4.2857, 'm1': 0.20625, 'm2': 0.15845, 'l1cg': 0.080305, 'l1': 0.151894, 'l2cg': 0.066733, 'I1z': 0.00049228, 'I2x': 0.00036892, 'I2y': 2.3641e-05, 'I2z': 0.00036139}, 'init_theta_std_deg': 5.0, 'init_alpha_std_deg': 8.0, 'init_theta_dot_std': 0.0, 'init_alpha_dot_std': 0.0, 'pwm_limit': 150.0, 'pwm_gain': 1.0, 'pwm_bias': 0.0, 'pwm_deadzone': 0.0, 'pwm_noise_sigma': 0.0, 'actuator_tau': 0.0, 'action_delay_steps': 0, 'theta_bias': 0.0, 'alpha_bias': 0.0, 'theta_sigma': 0.0, 'alpha_sigma': 0.0, 'theta_dot_sigma': 0.0, 'alpha_dot_sigma': 0.0, 'encoder_quantization_rad': 0.0, 'velocity_lpf': 0.25, 'process_theta_dot_sigma': 0.0, 'process_alpha_dot_sigma': 0.0}"
548000,1,matlab_nominal_reproduction,0.0,"{'level': 0.0, 'physical': {'g': 9.8, 'c_theta': 0.025, 'c_alpha': 0.001, 'k_t': 0.231, 'k_b': 0.1875, 'k_u': 0.04706, 'R': 4.2857, 'm1': 0.20625, 'm2': 0.15845, 'l1cg': 0.080305, 'l1': 0.151894, 'l2cg': 0.066733, 'I1z': 0.00049228, 'I2x': 0.00036892, 'I2y': 2.3641e-05, 'I2z': 0.00036139}, 'init_theta_std_deg': 5.0, 'init_alpha_std_deg': 8.0, 'init_theta_dot_std': 0.0, 'init_alpha_dot_std': 0.0, 'pwm_limit': 150.0, 'pwm_gain': 1.0, 'pwm_bias': 0.0, 'pwm_deadzone': 0.0, 'pwm_noise_sigma': 0.0, 'actuator_tau': 0.0, 'action_delay_steps': 0, 'theta_bias': 0.0, 'alpha_bias': 0.0, 'theta_sigma': 0.0, 'alpha_sigma': 0.0, 'theta_dot_sigma': 0.0, 'alpha_dot_sigma': 0.0, 'encoder_quantization_rad': 0.0, 'velocity_lpf': 0.25, 'process_theta_dot_sigma': 0.0, 'process_alpha_dot_sigma': 0.0}"
550000,1,matlab_nominal_reproduction,0.0,"{'level': 0.0, 'physical': {'g': 9.8, 'c_theta': 0.025, 'c_alpha': 0.001, 'k_t': 0.231, 'k_b': 0.1875, 'k_u': 0.04706, 'R': 4.2857, 'm1': 0.20625, 'm2': 0.15845, 'l1cg': 0.080305, 'l1': 0.151894, 'l2cg': 0.066733, 'I1z': 0.00049228, 'I2x': 0.00036892, 'I2y': 2.3641e-05, 'I2z': 0.00036139}, 'init_theta_std_deg': 5.0, 'init_alpha_std_deg': 8.0, 'init_theta_dot_std': 0.0, 'init_alpha_dot_std': 0.0, 'pwm_limit': 150.0, 'pwm_gain': 1.0, 'pwm_bias': 0.0, 'pwm_deadzone': 0.0, 'pwm_noise_sigma': 0.0, 'actuator_tau': 0.0, 'action_delay_steps': 0, 'theta_bias': 0.0, 'alpha_bias': 0.0, 'theta_sigma': 0.0, 'alpha_sigma': 0.0, 'theta_dot_sigma': 0.0, 'alpha_dot_sigma': 0.0, 'encoder_quantization_rad': 0.0, 'velocity_lpf': 0.25, 'process_theta_dot_sigma': 0.0, 'process_alpha_dot_sigma': 0.0}"
552000,1,matlab_nominal_reproduction,0.0,"{'level': 0.0, 'physical': {'g': 9.8, 'c_theta': 0.025, 'c_alpha': 0.001, 'k_t': 0.231, 'k_b': 0.1875, 'k_u': 0.04706, 'R': 4.2857, 'm1': 0.20625, 'm2': 0.15845, 'l1cg': 0.080305, 'l1': 0.151894, 'l2cg': 0.066733, 'I1z': 0.00049228, 'I2x': 0.00036892, 'I2y': 2.3641e-05, 'I2z': 0.00036139}, 'init_theta_std_deg': 5.0, 'init_alpha_std_deg': 8.0, 'init_theta_dot_std': 0.0, 'init_alpha_dot_std': 0.0, 'pwm_limit': 150.0, 'pwm_gain': 1.0, 'pwm_bias': 0.0, 'pwm_deadzone': 0.0, 'pwm_noise_sigma': 0.0, 'actuator_tau': 0.0, 'action_delay_steps': 0, 'theta_bias': 0.0, 'alpha_bias': 0.0, 'theta_sigma': 0.0, 'alpha_sigma': 0.0, 'theta_dot_sigma': 0.0, 'alpha_dot_sigma': 0.0, 'encoder_quantization_rad': 0.0, 'velocity_lpf': 0.25, 'process_theta_dot_sigma': 0.0, 'process_alpha_dot_sigma': 0.0}"
554000,1,matlab_nominal_reproduction,0.0,"{'level': 0.0, 'physical': {'g': 9.8, 'c_theta': 0.025, 'c_alpha': 0.001, 'k_t': 0.231, 'k_b': 0.1875, 'k_u': 0.04706, 'R': 4.2857, 'm1': 0.20625, 'm2': 0.15845, 'l1cg': 0.080305, 'l1': 0.151894, 'l2cg': 0.066733, 'I1z': 0.00049228, 'I2x': 0.00036892, 'I2y': 2.3641e-05, 'I2z': 0.00036139}, 'init_theta_std_deg': 5.0, 'init_alpha_std_deg': 8.0, 'init_theta_dot_std': 0.0, 'init_alpha_dot_std': 0.0, 'pwm_limit': 150.0, 'pwm_gain': 1.0, 'pwm_bias': 0.0, 'pwm_deadzone': 0.0, 'pwm_noise_sigma': 0.0, 'actuator_tau': 0.0, 'action_delay_steps': 0, 'theta_bias': 0.0, 'alpha_bias': 0.0, 'theta_sigma': 0.0, 'alpha_sigma': 0.0, 'theta_dot_sigma': 0.0, 'alpha_dot_sigma': 0.0, 'encoder_quantization_rad': 0.0, 'velocity_lpf': 0.25, 'process_theta_dot_sigma': 0.0, 'process_alpha_dot_sigma': 0.0}"
556000,1,matlab_nominal_reproduction,0.0,"{'level': 0.0, 'physical': {'g': 9.8, 'c_theta': 0.025, 'c_alpha': 0.001, 'k_t': 0.231, 'k_b': 0.1875, 'k_u': 0.04706, 'R': 4.2857, 'm1': 0.20625, 'm2': 0.15845, 'l1cg': 0.080305, 'l1': 0.151894, 'l2cg': 0.066733, 'I1z': 0.00049228, 'I2x': 0.00036892, 'I2y': 2.3641e-05, 'I2z': 0.00036139}, 'init_theta_std_deg': 5.0, 'init_alpha_std_deg': 8.0, 'init_theta_dot_std': 0.0, 'init_alpha_dot_std': 0.0, 'pwm_limit': 150.0, 'pwm_gain': 1.0, 'pwm_bias': 0.0, 'pwm_deadzone': 0.0, 'pwm_noise_sigma': 0.0, 'actuator_tau': 0.0, 'action_delay_steps': 0, 'theta_bias': 0.0, 'alpha_bias': 0.0, 'theta_sigma': 0.0, 'alpha_sigma': 0.0, 'theta_dot_sigma': 0.0, 'alpha_dot_sigma': 0.0, 'encoder_quantization_rad': 0.0, 'velocity_lpf': 0.25, 'process_theta_dot_sigma': 0.0, 'process_alpha_dot_sigma': 0.0}"
558000,1,matlab_nominal_reproduction,0.0,"{'level': 0.0, 'physical': {'g': 9.8, 'c_theta': 0.025, 'c_alpha': 0.001, 'k_t': 0.231, 'k_b': 0.1875, 'k_u': 0.04706, 'R': 4.2857, 'm1': 0.20625, 'm2': 0.15845, 'l1cg': 0.080305, 'l1': 0.151894, 'l2cg': 0.066733, 'I1z': 0.00049228, 'I2x': 0.00036892, 'I2y': 2.3641e-05, 'I2z': 0.00036139}, 'init_theta_std_deg': 5.0, 'init_alpha_std_deg': 8.0, 'init_theta_dot_std': 0.0, 'init_alpha_dot_std': 0.0, 'pwm_limit': 150.0, 'pwm_gain': 1.0, 'pwm_bias': 0.0, 'pwm_deadzone': 0.0, 'pwm_noise_sigma': 0.0, 'actuator_tau': 0.0, 'action_delay_steps': 0, 'theta_bias': 0.0, 'alpha_bias': 0.0, 'theta_sigma': 0.0, 'alpha_sigma': 0.0, 'theta_dot_sigma': 0.0, 'alpha_dot_sigma': 0.0, 'encoder_quantization_rad': 0.0, 'velocity_lpf': 0.25, 'process_theta_dot_sigma': 0.0, 'process_alpha_dot_sigma': 0.0}"
560000,1,matlab_nominal_reproduction,0.0,"{'level': 0.0, 'physical': {'g': 9.8, 'c_theta': 0.025, 'c_alpha': 0.001, 'k_t': 0.231, 'k_b': 0.1875, 'k_u': 0.04706, 'R': 4.2857, 'm1': 0.20625, 'm2': 0.15845, 'l1cg': 0.080305, 'l1': 0.151894, 'l2cg': 0.066733, 'I1z': 0.00049228, 'I2x': 0.00036892, 'I2y': 2.3641e-05, 'I2z': 0.00036139}, 'init_theta_std_deg': 5.0, 'init_alpha_std_deg': 8.0, 'init_theta_dot_std': 0.0, 'init_alpha_dot_std': 0.0, 'pwm_limit': 150.0, 'pwm_gain': 1.0, 'pwm_bias': 0.0, 'pwm_deadzone': 0.0, 'pwm_noise_sigma': 0.0, 'actuator_tau': 0.0, 'action_delay_steps': 0, 'theta_bias': 0.0, 'alpha_bias': 0.0, 'theta_sigma': 0.0, 'alpha_sigma': 0.0, 'theta_dot_sigma': 0.0, 'alpha_dot_sigma': 0.0, 'encoder_quantization_rad': 0.0, 'velocity_lpf': 0.25, 'process_theta_dot_sigma': 0.0, 'process_alpha_dot_sigma': 0.0}"
562000,1,matlab_nominal_reproduction,0.0,"{'level': 0.0, 'physical': {'g': 9.8, 'c_theta': 0.025, 'c_alpha': 0.001, 'k_t': 0.231, 'k_b': 0.1875, 'k_u': 0.04706, 'R': 4.2857, 'm1': 0.20625, 'm2': 0.15845, 'l1cg': 0.080305, 'l1': 0.151894, 'l2cg': 0.066733, 'I1z': 0.00049228, 'I2x': 0.00036892, 'I2y': 2.3641e-05, 'I2z': 0.00036139}, 'init_theta_std_deg': 5.0, 'init_alpha_std_deg': 8.0, 'init_theta_dot_std': 0.0, 'init_alpha_dot_std': 0.0, 'pwm_limit': 150.0, 'pwm_gain': 1.0, 'pwm_bias': 0.0, 'pwm_deadzone': 0.0, 'pwm_noise_sigma': 0.0, 'actuator_tau': 0.0, 'action_delay_steps': 0, 'theta_bias': 0.0, 'alpha_bias': 0.0, 'theta_sigma': 0.0, 'alpha_sigma': 0.0, 'theta_dot_sigma': 0.0, 'alpha_dot_sigma': 0.0, 'encoder_quantization_rad': 0.0, 'velocity_lpf': 0.25, 'process_theta_dot_sigma': 0.0, 'process_alpha_dot_sigma': 0.0}"
564000,1,matlab_nominal_reproduction,0.0,"{'level': 0.0, 'physical': {'g': 9.8, 'c_theta': 0.025, 'c_alpha': 0.001, 'k_t': 0.231, 'k_b': 0.1875, 'k_u': 0.04706, 'R': 4.2857, 'm1': 0.20625, 'm2': 0.15845, 'l1cg': 0.080305, 'l1': 0.151894, 'l2cg': 0.066733, 'I1z': 0.00049228, 'I2x': 0.00036892, 'I2y': 2.3641e-05, 'I2z': 0.00036139}, 'init_theta_std_deg': 5.0, 'init_alpha_std_deg': 8.0, 'init_theta_dot_std': 0.0, 'init_alpha_dot_std': 0.0, 'pwm_limit': 150.0, 'pwm_gain': 1.0, 'pwm_bias': 0.0, 'pwm_deadzone': 0.0, 'pwm_noise_sigma': 0.0, 'actuator_tau': 0.0, 'action_delay_steps': 0, 'theta_bias': 0.0, 'alpha_bias': 0.0, 'theta_sigma': 0.0, 'alpha_sigma': 0.0, 'theta_dot_sigma': 0.0, 'alpha_dot_sigma': 0.0, 'encoder_quantization_rad': 0.0, 'velocity_lpf': 0.25, 'process_theta_dot_sigma': 0.0, 'process_alpha_dot_sigma': 0.0}"
566000,1,matlab_nominal_reproduction,0.0,"{'level': 0.0, 'physical': {'g': 9.8, 'c_theta': 0.025, 'c_alpha': 0.001, 'k_t': 0.231, 'k_b': 0.1875, 'k_u': 0.04706, 'R': 4.2857, 'm1': 0.20625, 'm2': 0.15845, 'l1cg': 0.080305, 'l1': 0.151894, 'l2cg': 0.066733, 'I1z': 0.00049228, 'I2x': 0.00036892, 'I2y': 2.3641e-05, 'I2z': 0.00036139}, 'init_theta_std_deg': 5.0, 'init_alpha_std_deg': 8.0, 'init_theta_dot_std': 0.0, 'init_alpha_dot_std': 0.0, 'pwm_limit': 150.0, 'pwm_gain': 1.0, 'pwm_bias': 0.0, 'pwm_deadzone': 0.0, 'pwm_noise_sigma': 0.0, 'actuator_tau': 0.0, 'action_delay_steps': 0, 'theta_bias': 0.0, 'alpha_bias': 0.0, 'theta_sigma': 0.0, 'alpha_sigma': 0.0, 'theta_dot_sigma': 0.0, 'alpha_dot_sigma': 0.0, 'encoder_quantization_rad': 0.0, 'velocity_lpf': 0.25, 'process_theta_dot_sigma': 0.0, 'process_alpha_dot_sigma': 0.0}"
568000,1,matlab_nominal_reproduction,0.0,"{'level': 0.0, 'physical': {'g': 9.8, 'c_theta': 0.025, 'c_alpha': 0.001, 'k_t': 0.231, 'k_b': 0.1875, 'k_u': 0.04706, 'R': 4.2857, 'm1': 0.20625, 'm2': 0.15845, 'l1cg': 0.080305, 'l1': 0.151894, 'l2cg': 0.066733, 'I1z': 0.00049228, 'I2x': 0.00036892, 'I2y': 2.3641e-05, 'I2z': 0.00036139}, 'init_theta_std_deg': 5.0, 'init_alpha_std_deg': 8.0, 'init_theta_dot_std': 0.0, 'init_alpha_dot_std': 0.0, 'pwm_limit': 150.0, 'pwm_gain': 1.0, 'pwm_bias': 0.0, 'pwm_deadzone': 0.0, 'pwm_noise_sigma': 0.0, 'actuator_tau': 0.0, 'action_delay_steps': 0, 'theta_bias': 0.0, 'alpha_bias': 0.0, 'theta_sigma': 0.0, 'alpha_sigma': 0.0, 'theta_dot_sigma': 0.0, 'alpha_dot_sigma': 0.0, 'encoder_quantization_rad': 0.0, 'velocity_lpf': 0.25, 'process_theta_dot_sigma': 0.0, 'process_alpha_dot_sigma': 0.0}"
570000,1,matlab_nominal_reproduction,0.0,"{'level': 0.0, 'physical': {'g': 9.8, 'c_theta': 0.025, 'c_alpha': 0.001, 'k_t': 0.231, 'k_b': 0.1875, 'k_u': 0.04706, 'R': 4.2857, 'm1': 0.20625, 'm2': 0.15845, 'l1cg': 0.080305, 'l1': 0.151894, 'l2cg': 0.066733, 'I1z': 0.00049228, 'I2x': 0.00036892, 'I2y': 2.3641e-05, 'I2z': 0.00036139}, 'init_theta_std_deg': 5.0, 'init_alpha_std_deg': 8.0, 'init_theta_dot_std': 0.0, 'init_alpha_dot_std': 0.0, 'pwm_limit': 150.0, 'pwm_gain': 1.0, 'pwm_bias': 0.0, 'pwm_deadzone': 0.0, 'pwm_noise_sigma': 0.0, 'actuator_tau': 0.0, 'action_delay_steps': 0, 'theta_bias': 0.0, 'alpha_bias': 0.0, 'theta_sigma': 0.0, 'alpha_sigma': 0.0, 'theta_dot_sigma': 0.0, 'alpha_dot_sigma': 0.0, 'encoder_quantization_rad': 0.0, 'velocity_lpf': 0.25, 'process_theta_dot_sigma': 0.0, 'process_alpha_dot_sigma': 0.0}"
572000,1,matlab_nominal_reproduction,0.0,"{'level': 0.0, 'physical': {'g': 9.8, 'c_theta': 0.025, 'c_alpha': 0.001, 'k_t': 0.231, 'k_b': 0.1875, 'k_u': 0.04706, 'R': 4.2857, 'm1': 0.20625, 'm2': 0.15845, 'l1cg': 0.080305, 'l1': 0.151894, 'l2cg': 0.066733, 'I1z': 0.00049228, 'I2x': 0.00036892, 'I2y': 2.3641e-05, 'I2z': 0.00036139}, 'init_theta_std_deg': 5.0, 'init_alpha_std_deg': 8.0, 'init_theta_dot_std': 0.0, 'init_alpha_dot_std': 0.0, 'pwm_limit': 150.0, 'pwm_gain': 1.0, 'pwm_bias': 0.0, 'pwm_deadzone': 0.0, 'pwm_noise_sigma': 0.0, 'actuator_tau': 0.0, 'action_delay_steps': 0, 'theta_bias': 0.0, 'alpha_bias': 0.0, 'theta_sigma': 0.0, 'alpha_sigma': 0.0, 'theta_dot_sigma': 0.0, 'alpha_dot_sigma': 0.0, 'encoder_quantization_rad': 0.0, 'velocity_lpf': 0.25, 'process_theta_dot_sigma': 0.0, 'process_alpha_dot_sigma': 0.0}"
574000,1,matlab_nominal_reproduction,0.0,"{'level': 0.0, 'physical': {'g': 9.8, 'c_theta': 0.025, 'c_alpha': 0.001, 'k_t': 0.231, 'k_b': 0.1875, 'k_u': 0.04706, 'R': 4.2857, 'm1': 0.20625, 'm2': 0.15845, 'l1cg': 0.080305, 'l1': 0.151894, 'l2cg': 0.066733, 'I1z': 0.00049228, 'I2x': 0.00036892, 'I2y': 2.3641e-05, 'I2z': 0.00036139}, 'init_theta_std_deg': 5.0, 'init_alpha_std_deg': 8.0, 'init_theta_dot_std': 0.0, 'init_alpha_dot_std': 0.0, 'pwm_limit': 150.0, 'pwm_gain': 1.0, 'pwm_bias': 0.0, 'pwm_deadzone': 0.0, 'pwm_noise_sigma': 0.0, 'actuator_tau': 0.0, 'action_delay_steps': 0, 'theta_bias': 0.0, 'alpha_bias': 0.0, 'theta_sigma': 0.0, 'alpha_sigma': 0.0, 'theta_dot_sigma': 0.0, 'alpha_dot_sigma': 0.0, 'encoder_quantization_rad': 0.0, 'velocity_lpf': 0.25, 'process_theta_dot_sigma': 0.0, 'process_alpha_dot_sigma': 0.0}"
576000,1,matlab_nominal_reproduction,0.0,"{'level': 0.0, 'physical': {'g': 9.8, 'c_theta': 0.025, 'c_alpha': 0.001, 'k_t': 0.231, 'k_b': 0.1875, 'k_u': 0.04706, 'R': 4.2857, 'm1': 0.20625, 'm2': 0.15845, 'l1cg': 0.080305, 'l1': 0.151894, 'l2cg': 0.066733, 'I1z': 0.00049228, 'I2x': 0.00036892, 'I2y': 2.3641e-05, 'I2z': 0.00036139}, 'init_theta_std_deg': 5.0, 'init_alpha_std_deg': 8.0, 'init_theta_dot_std': 0.0, 'init_alpha_dot_std': 0.0, 'pwm_limit': 150.0, 'pwm_gain': 1.0, 'pwm_bias': 0.0, 'pwm_deadzone': 0.0, 'pwm_noise_sigma': 0.0, 'actuator_tau': 0.0, 'action_delay_steps': 0, 'theta_bias': 0.0, 'alpha_bias': 0.0, 'theta_sigma': 0.0, 'alpha_sigma': 0.0, 'theta_dot_sigma': 0.0, 'alpha_dot_sigma': 0.0, 'encoder_quantization_rad': 0.0, 'velocity_lpf': 0.25, 'process_theta_dot_sigma': 0.0, 'process_alpha_dot_sigma': 0.0}"
578000,1,matlab_nominal_reproduction,0.0,"{'level': 0.0, 'physical': {'g': 9.8, 'c_theta': 0.025, 'c_alpha': 0.001, 'k_t': 0.231, 'k_b': 0.1875, 'k_u': 0.04706, 'R': 4.2857, 'm1': 0.20625, 'm2': 0.15845, 'l1cg': 0.080305, 'l1': 0.151894, 'l2cg': 0.066733, 'I1z': 0.00049228, 'I2x': 0.00036892, 'I2y': 2.3641e-05, 'I2z': 0.00036139}, 'init_theta_std_deg': 5.0, 'init_alpha_std_deg': 8.0, 'init_theta_dot_std': 0.0, 'init_alpha_dot_std': 0.0, 'pwm_limit': 150.0, 'pwm_gain': 1.0, 'pwm_bias': 0.0, 'pwm_deadzone': 0.0, 'pwm_noise_sigma': 0.0, 'actuator_tau': 0.0, 'action_delay_steps': 0, 'theta_bias': 0.0, 'alpha_bias': 0.0, 'theta_sigma': 0.0, 'alpha_sigma': 0.0, 'theta_dot_sigma': 0.0, 'alpha_dot_sigma': 0.0, 'encoder_quantization_rad': 0.0, 'velocity_lpf': 0.25, 'process_theta_dot_sigma': 0.0, 'process_alpha_dot_sigma': 0.0}"
580000,1,matlab_nominal_reproduction,0.0,"{'level': 0.0, 'physical': {'g': 9.8, 'c_theta': 0.025, 'c_alpha': 0.001, 'k_t': 0.231, 'k_b': 0.1875, 'k_u': 0.04706, 'R': 4.2857, 'm1': 0.20625, 'm2': 0.15845, 'l1cg': 0.080305, 'l1': 0.151894, 'l2cg': 0.066733, 'I1z': 0.00049228, 'I2x': 0.00036892, 'I2y': 2.3641e-05, 'I2z': 0.00036139}, 'init_theta_std_deg': 5.0, 'init_alpha_std_deg': 8.0, 'init_theta_dot_std': 0.0, 'init_alpha_dot_std': 0.0, 'pwm_limit': 150.0, 'pwm_gain': 1.0, 'pwm_bias': 0.0, 'pwm_deadzone': 0.0, 'pwm_noise_sigma': 0.0, 'actuator_tau': 0.0, 'action_delay_steps': 0, 'theta_bias': 0.0, 'alpha_bias': 0.0, 'theta_sigma': 0.0, 'alpha_sigma': 0.0, 'theta_dot_sigma': 0.0, 'alpha_dot_sigma': 0.0, 'encoder_quantization_rad': 0.0, 'velocity_lpf': 0.25, 'process_theta_dot_sigma': 0.0, 'process_alpha_dot_sigma': 0.0}"
582000,1,matlab_nominal_reproduction,0.0,"{'level': 0.0, 'physical': {'g': 9.8, 'c_theta': 0.025, 'c_alpha': 0.001, 'k_t': 0.231, 'k_b': 0.1875, 'k_u': 0.04706, 'R': 4.2857, 'm1': 0.20625, 'm2': 0.15845, 'l1cg': 0.080305, 'l1': 0.151894, 'l2cg': 0.066733, 'I1z': 0.00049228, 'I2x': 0.00036892, 'I2y': 2.3641e-05, 'I2z': 0.00036139}, 'init_theta_std_deg': 5.0, 'init_alpha_std_deg': 8.0, 'init_theta_dot_std': 0.0, 'init_alpha_dot_std': 0.0, 'pwm_limit': 150.0, 'pwm_gain': 1.0, 'pwm_bias': 0.0, 'pwm_deadzone': 0.0, 'pwm_noise_sigma': 0.0, 'actuator_tau': 0.0, 'action_delay_steps': 0, 'theta_bias': 0.0, 'alpha_bias': 0.0, 'theta_sigma': 0.0, 'alpha_sigma': 0.0, 'theta_dot_sigma': 0.0, 'alpha_dot_sigma': 0.0, 'encoder_quantization_rad': 0.0, 'velocity_lpf': 0.25, 'process_theta_dot_sigma': 0.0, 'process_alpha_dot_sigma': 0.0}"
584000,1,matlab_nominal_reproduction,0.0,"{'level': 0.0, 'physical': {'g': 9.8, 'c_theta': 0.025, 'c_alpha': 0.001, 'k_t': 0.231, 'k_b': 0.1875, 'k_u': 0.04706, 'R': 4.2857, 'm1': 0.20625, 'm2': 0.15845, 'l1cg': 0.080305, 'l1': 0.151894, 'l2cg': 0.066733, 'I1z': 0.00049228, 'I2x': 0.00036892, 'I2y': 2.3641e-05, 'I2z': 0.00036139}, 'init_theta_std_deg': 5.0, 'init_alpha_std_deg': 8.0, 'init_theta_dot_std': 0.0, 'init_alpha_dot_std': 0.0, 'pwm_limit': 150.0, 'pwm_gain': 1.0, 'pwm_bias': 0.0, 'pwm_deadzone': 0.0, 'pwm_noise_sigma': 0.0, 'actuator_tau': 0.0, 'action_delay_steps': 0, 'theta_bias': 0.0, 'alpha_bias': 0.0, 'theta_sigma': 0.0, 'alpha_sigma': 0.0, 'theta_dot_sigma': 0.0, 'alpha_dot_sigma': 0.0, 'encoder_quantization_rad': 0.0, 'velocity_lpf': 0.25, 'process_theta_dot_sigma': 0.0, 'process_alpha_dot_sigma': 0.0}"
586000,1,matlab_nominal_reproduction,0.0,"{'level': 0.0, 'physical': {'g': 9.8, 'c_theta': 0.025, 'c_alpha': 0.001, 'k_t': 0.231, 'k_b': 0.1875, 'k_u': 0.04706, 'R': 4.2857, 'm1': 0.20625, 'm2': 0.15845, 'l1cg': 0.080305, 'l1': 0.151894, 'l2cg': 0.066733, 'I1z': 0.00049228, 'I2x': 0.00036892, 'I2y': 2.3641e-05, 'I2z': 0.00036139}, 'init_theta_std_deg': 5.0, 'init_alpha_std_deg': 8.0, 'init_theta_dot_std': 0.0, 'init_alpha_dot_std': 0.0, 'pwm_limit': 150.0, 'pwm_gain': 1.0, 'pwm_bias': 0.0, 'pwm_deadzone': 0.0, 'pwm_noise_sigma': 0.0, 'actuator_tau': 0.0, 'action_delay_steps': 0, 'theta_bias': 0.0, 'alpha_bias': 0.0, 'theta_sigma': 0.0, 'alpha_sigma': 0.0, 'theta_dot_sigma': 0.0, 'alpha_dot_sigma': 0.0, 'encoder_quantization_rad': 0.0, 'velocity_lpf': 0.25, 'process_theta_dot_sigma': 0.0, 'process_alpha_dot_sigma': 0.0}"
588000,1,matlab_nominal_reproduction,0.0,"{'level': 0.0, 'physical': {'g': 9.8, 'c_theta': 0.025, 'c_alpha': 0.001, 'k_t': 0.231, 'k_b': 0.1875, 'k_u': 0.04706, 'R': 4.2857, 'm1': 0.20625, 'm2': 0.15845, 'l1cg': 0.080305, 'l1': 0.151894, 'l2cg': 0.066733, 'I1z': 0.00049228, 'I2x': 0.00036892, 'I2y': 2.3641e-05, 'I2z': 0.00036139}, 'init_theta_std_deg': 5.0, 'init_alpha_std_deg': 8.0, 'init_theta_dot_std': 0.0, 'init_alpha_dot_std': 0.0, 'pwm_limit': 150.0, 'pwm_gain': 1.0, 'pwm_bias': 0.0, 'pwm_deadzone': 0.0, 'pwm_noise_sigma': 0.0, 'actuator_tau': 0.0, 'action_delay_steps': 0, 'theta_bias': 0.0, 'alpha_bias': 0.0, 'theta_sigma': 0.0, 'alpha_sigma': 0.0, 'theta_dot_sigma': 0.0, 'alpha_dot_sigma': 0.0, 'encoder_quantization_rad': 0.0, 'velocity_lpf': 0.25, 'process_theta_dot_sigma': 0.0, 'process_alpha_dot_sigma': 0.0}"
590000,1,matlab_nominal_reproduction,0.0,"{'level': 0.0, 'physical': {'g': 9.8, 'c_theta': 0.025, 'c_alpha': 0.001, 'k_t': 0.231, 'k_b': 0.1875, 'k_u': 0.04706, 'R': 4.2857, 'm1': 0.20625, 'm2': 0.15845, 'l1cg': 0.080305, 'l1': 0.151894, 'l2cg': 0.066733, 'I1z': 0.00049228, 'I2x': 0.00036892, 'I2y': 2.3641e-05, 'I2z': 0.00036139}, 'init_theta_std_deg': 5.0, 'init_alpha_std_deg': 8.0, 'init_theta_dot_std': 0.0, 'init_alpha_dot_std': 0.0, 'pwm_limit': 150.0, 'pwm_gain': 1.0, 'pwm_bias': 0.0, 'pwm_deadzone': 0.0, 'pwm_noise_sigma': 0.0, 'actuator_tau': 0.0, 'action_delay_steps': 0, 'theta_bias': 0.0, 'alpha_bias': 0.0, 'theta_sigma': 0.0, 'alpha_sigma': 0.0, 'theta_dot_sigma': 0.0, 'alpha_dot_sigma': 0.0, 'encoder_quantization_rad': 0.0, 'velocity_lpf': 0.25, 'process_theta_dot_sigma': 0.0, 'process_alpha_dot_sigma': 0.0}"
592000,1,matlab_nominal_reproduction,0.0,"{'level': 0.0, 'physical': {'g': 9.8, 'c_theta': 0.025, 'c_alpha': 0.001, 'k_t': 0.231, 'k_b': 0.1875, 'k_u': 0.04706, 'R': 4.2857, 'm1': 0.20625, 'm2': 0.15845, 'l1cg': 0.080305, 'l1': 0.151894, 'l2cg': 0.066733, 'I1z': 0.00049228, 'I2x': 0.00036892, 'I2y': 2.3641e-05, 'I2z': 0.00036139}, 'init_theta_std_deg': 5.0, 'init_alpha_std_deg': 8.0, 'init_theta_dot_std': 0.0, 'init_alpha_dot_std': 0.0, 'pwm_limit': 150.0, 'pwm_gain': 1.0, 'pwm_bias': 0.0, 'pwm_deadzone': 0.0, 'pwm_noise_sigma': 0.0, 'actuator_tau': 0.0, 'action_delay_steps': 0, 'theta_bias': 0.0, 'alpha_bias': 0.0, 'theta_sigma': 0.0, 'alpha_sigma': 0.0, 'theta_dot_sigma': 0.0, 'alpha_dot_sigma': 0.0, 'encoder_quantization_rad': 0.0, 'velocity_lpf': 0.25, 'process_theta_dot_sigma': 0.0, 'process_alpha_dot_sigma': 0.0}"
594000,1,matlab_nominal_reproduction,0.0,"{'level': 0.0, 'physical': {'g': 9.8, 'c_theta': 0.025, 'c_alpha': 0.001, 'k_t': 0.231, 'k_b': 0.1875, 'k_u': 0.04706, 'R': 4.2857, 'm1': 0.20625, 'm2': 0.15845, 'l1cg': 0.080305, 'l1': 0.151894, 'l2cg': 0.066733, 'I1z': 0.00049228, 'I2x': 0.00036892, 'I2y': 2.3641e-05, 'I2z': 0.00036139}, 'init_theta_std_deg': 5.0, 'init_alpha_std_deg': 8.0, 'init_theta_dot_std': 0.0, 'init_alpha_dot_std': 0.0, 'pwm_limit': 150.0, 'pwm_gain': 1.0, 'pwm_bias': 0.0, 'pwm_deadzone': 0.0, 'pwm_noise_sigma': 0.0, 'actuator_tau': 0.0, 'action_delay_steps': 0, 'theta_bias': 0.0, 'alpha_bias': 0.0, 'theta_sigma': 0.0, 'alpha_sigma': 0.0, 'theta_dot_sigma': 0.0, 'alpha_dot_sigma': 0.0, 'encoder_quantization_rad': 0.0, 'velocity_lpf': 0.25, 'process_theta_dot_sigma': 0.0, 'process_alpha_dot_sigma': 0.0}"
596000,1,matlab_nominal_reproduction,0.0,"{'level': 0.0, 'physical': {'g': 9.8, 'c_theta': 0.025, 'c_alpha': 0.001, 'k_t': 0.231, 'k_b': 0.1875, 'k_u': 0.04706, 'R': 4.2857, 'm1': 0.20625, 'm2': 0.15845, 'l1cg': 0.080305, 'l1': 0.151894, 'l2cg': 0.066733, 'I1z': 0.00049228, 'I2x': 0.00036892, 'I2y': 2.3641e-05, 'I2z': 0.00036139}, 'init_theta_std_deg': 5.0, 'init_alpha_std_deg': 8.0, 'init_theta_dot_std': 0.0, 'init_alpha_dot_std': 0.0, 'pwm_limit': 150.0, 'pwm_gain': 1.0, 'pwm_bias': 0.0, 'pwm_deadzone': 0.0, 'pwm_noise_sigma': 0.0, 'actuator_tau': 0.0, 'action_delay_steps': 0, 'theta_bias': 0.0, 'alpha_bias': 0.0, 'theta_sigma': 0.0, 'alpha_sigma': 0.0, 'theta_dot_sigma': 0.0, 'alpha_dot_sigma': 0.0, 'encoder_quantization_rad': 0.0, 'velocity_lpf': 0.25, 'process_theta_dot_sigma': 0.0, 'process_alpha_dot_sigma': 0.0}"
598000,1,matlab_nominal_reproduction,0.0,"{'level': 0.0, 'physical': {'g': 9.8, 'c_theta': 0.025, 'c_alpha': 0.001, 'k_t': 0.231, 'k_b': 0.1875, 'k_u': 0.04706, 'R': 4.2857, 'm1': 0.20625, 'm2': 0.15845, 'l1cg': 0.080305, 'l1': 0.151894, 'l2cg': 0.066733, 'I1z': 0.00049228, 'I2x': 0.00036892, 'I2y': 2.3641e-05, 'I2z': 0.00036139}, 'init_theta_std_deg': 5.0, 'init_alpha_std_deg': 8.0, 'init_theta_dot_std': 0.0, 'init_alpha_dot_std': 0.0, 'pwm_limit': 150.0, 'pwm_gain': 1.0, 'pwm_bias': 0.0, 'pwm_deadzone': 0.0, 'pwm_noise_sigma': 0.0, 'actuator_tau': 0.0, 'action_delay_steps': 0, 'theta_bias': 0.0, 'alpha_bias': 0.0, 'theta_sigma': 0.0, 'alpha_sigma': 0.0, 'theta_dot_sigma': 0.0, 'alpha_dot_sigma': 0.0, 'encoder_quantization_rad': 0.0, 'velocity_lpf': 0.25, 'process_theta_dot_sigma': 0.0, 'process_alpha_dot_sigma': 0.0}"
600000,1,matlab_nominal_reproduction,0.0,"{'level': 0.0, 'physical': {'g': 9.8, 'c_theta': 0.025, 'c_alpha': 0.001, 'k_t': 0.231, 'k_b': 0.1875, 'k_u': 0.04706, 'R': 4.2857, 'm1': 0.20625, 'm2': 0.15845, 'l1cg': 0.080305, 'l1': 0.151894, 'l2cg': 0.066733, 'I1z': 0.00049228, 'I2x': 0.00036892, 'I2y': 2.3641e-05, 'I2z': 0.00036139}, 'init_theta_std_deg': 5.0, 'init_alpha_std_deg': 8.0, 'init_theta_dot_std': 0.0, 'init_alpha_dot_std': 0.0, 'pwm_limit': 150.0, 'pwm_gain': 1.0, 'pwm_bias': 0.0, 'pwm_deadzone': 0.0, 'pwm_noise_sigma': 0.0, 'actuator_tau': 0.0, 'action_delay_steps': 0, 'theta_bias': 0.0, 'alpha_bias': 0.0, 'theta_sigma': 0.0, 'alpha_sigma': 0.0, 'theta_dot_sigma': 0.0, 'alpha_dot_sigma': 0.0, 'encoder_quantization_rad': 0.0, 'velocity_lpf': 0.25, 'process_theta_dot_sigma': 0.0, 'process_alpha_dot_sigma': 0.0}"
602000,1,matlab_nominal_reproduction,0.0,"{'level': 0.0, 'physical': {'g': 9.8, 'c_theta': 0.025, 'c_alpha': 0.001, 'k_t': 0.231, 'k_b': 0.1875, 'k_u': 0.04706, 'R': 4.2857, 'm1': 0.20625, 'm2': 0.15845, 'l1cg': 0.080305, 'l1': 0.151894, 'l2cg': 0.066733, 'I1z': 0.00049228, 'I2x': 0.00036892, 'I2y': 2.3641e-05, 'I2z': 0.00036139}, 'init_theta_std_deg': 5.0, 'init_alpha_std_deg': 8.0, 'init_theta_dot_std': 0.0, 'init_alpha_dot_std': 0.0, 'pwm_limit': 150.0, 'pwm_gain': 1.0, 'pwm_bias': 0.0, 'pwm_deadzone': 0.0, 'pwm_noise_sigma': 0.0, 'actuator_tau': 0.0, 'action_delay_steps': 0, 'theta_bias': 0.0, 'alpha_bias': 0.0, 'theta_sigma': 0.0, 'alpha_sigma': 0.0, 'theta_dot_sigma': 0.0, 'alpha_dot_sigma': 0.0, 'encoder_quantization_rad': 0.0, 'velocity_lpf': 0.25, 'process_theta_dot_sigma': 0.0, 'process_alpha_dot_sigma': 0.0}"
604000,1,matlab_nominal_reproduction,0.0,"{'level': 0.0, 'physical': {'g': 9.8, 'c_theta': 0.025, 'c_alpha': 0.001, 'k_t': 0.231, 'k_b': 0.1875, 'k_u': 0.04706, 'R': 4.2857, 'm1': 0.20625, 'm2': 0.15845, 'l1cg': 0.080305, 'l1': 0.151894, 'l2cg': 0.066733, 'I1z': 0.00049228, 'I2x': 0.00036892, 'I2y': 2.3641e-05, 'I2z': 0.00036139}, 'init_theta_std_deg': 5.0, 'init_alpha_std_deg': 8.0, 'init_theta_dot_std': 0.0, 'init_alpha_dot_std': 0.0, 'pwm_limit': 150.0, 'pwm_gain': 1.0, 'pwm_bias': 0.0, 'pwm_deadzone': 0.0, 'pwm_noise_sigma': 0.0, 'actuator_tau': 0.0, 'action_delay_steps': 0, 'theta_bias': 0.0, 'alpha_bias': 0.0, 'theta_sigma': 0.0, 'alpha_sigma': 0.0, 'theta_dot_sigma': 0.0, 'alpha_dot_sigma': 0.0, 'encoder_quantization_rad': 0.0, 'velocity_lpf': 0.25, 'process_theta_dot_sigma': 0.0, 'process_alpha_dot_sigma': 0.0}"
606000,1,matlab_nominal_reproduction,0.0,"{'level': 0.0, 'physical': {'g': 9.8, 'c_theta': 0.025, 'c_alpha': 0.001, 'k_t': 0.231, 'k_b': 0.1875, 'k_u': 0.04706, 'R': 4.2857, 'm1': 0.20625, 'm2': 0.15845, 'l1cg': 0.080305, 'l1': 0.151894, 'l2cg': 0.066733, 'I1z': 0.00049228, 'I2x': 0.00036892, 'I2y': 2.3641e-05, 'I2z': 0.00036139}, 'init_theta_std_deg': 5.0, 'init_alpha_std_deg': 8.0, 'init_theta_dot_std': 0.0, 'init_alpha_dot_std': 0.0, 'pwm_limit': 150.0, 'pwm_gain': 1.0, 'pwm_bias': 0.0, 'pwm_deadzone': 0.0, 'pwm_noise_sigma': 0.0, 'actuator_tau': 0.0, 'action_delay_steps': 0, 'theta_bias': 0.0, 'alpha_bias': 0.0, 'theta_sigma': 0.0, 'alpha_sigma': 0.0, 'theta_dot_sigma': 0.0, 'alpha_dot_sigma': 0.0, 'encoder_quantization_rad': 0.0, 'velocity_lpf': 0.25, 'process_theta_dot_sigma': 0.0, 'process_alpha_dot_sigma': 0.0}"
608000,1,matlab_nominal_reproduction,0.0,"{'level': 0.0, 'physical': {'g': 9.8, 'c_theta': 0.025, 'c_alpha': 0.001, 'k_t': 0.231, 'k_b': 0.1875, 'k_u': 0.04706, 'R': 4.2857, 'm1': 0.20625, 'm2': 0.15845, 'l1cg': 0.080305, 'l1': 0.151894, 'l2cg': 0.066733, 'I1z': 0.00049228, 'I2x': 0.00036892, 'I2y': 2.3641e-05, 'I2z': 0.00036139}, 'init_theta_std_deg': 5.0, 'init_alpha_std_deg': 8.0, 'init_theta_dot_std': 0.0, 'init_alpha_dot_std': 0.0, 'pwm_limit': 150.0, 'pwm_gain': 1.0, 'pwm_bias': 0.0, 'pwm_deadzone': 0.0, 'pwm_noise_sigma': 0.0, 'actuator_tau': 0.0, 'action_delay_steps': 0, 'theta_bias': 0.0, 'alpha_bias': 0.0, 'theta_sigma': 0.0, 'alpha_sigma': 0.0, 'theta_dot_sigma': 0.0, 'alpha_dot_sigma': 0.0, 'encoder_quantization_rad': 0.0, 'velocity_lpf': 0.25, 'process_theta_dot_sigma': 0.0, 'process_alpha_dot_sigma': 0.0}"
610000,1,matlab_nominal_reproduction,0.0,"{'level': 0.0, 'physical': {'g': 9.8, 'c_theta': 0.025, 'c_alpha': 0.001, 'k_t': 0.231, 'k_b': 0.1875, 'k_u': 0.04706, 'R': 4.2857, 'm1': 0.20625, 'm2': 0.15845, 'l1cg': 0.080305, 'l1': 0.151894, 'l2cg': 0.066733, 'I1z': 0.00049228, 'I2x': 0.00036892, 'I2y': 2.3641e-05, 'I2z': 0.00036139}, 'init_theta_std_deg': 5.0, 'init_alpha_std_deg': 8.0, 'init_theta_dot_std': 0.0, 'init_alpha_dot_std': 0.0, 'pwm_limit': 150.0, 'pwm_gain': 1.0, 'pwm_bias': 0.0, 'pwm_deadzone': 0.0, 'pwm_noise_sigma': 0.0, 'actuator_tau': 0.0, 'action_delay_steps': 0, 'theta_bias': 0.0, 'alpha_bias': 0.0, 'theta_sigma': 0.0, 'alpha_sigma': 0.0, 'theta_dot_sigma': 0.0, 'alpha_dot_sigma': 0.0, 'encoder_quantization_rad': 0.0, 'velocity_lpf': 0.25, 'process_theta_dot_sigma': 0.0, 'process_alpha_dot_sigma': 0.0}"
612000,1,matlab_nominal_reproduction,0.0,"{'level': 0.0, 'physical': {'g': 9.8, 'c_theta': 0.025, 'c_alpha': 0.001, 'k_t': 0.231, 'k_b': 0.1875, 'k_u': 0.04706, 'R': 4.2857, 'm1': 0.20625, 'm2': 0.15845, 'l1cg': 0.080305, 'l1': 0.151894, 'l2cg': 0.066733, 'I1z': 0.00049228, 'I2x': 0.00036892, 'I2y': 2.3641e-05, 'I2z': 0.00036139}, 'init_theta_std_deg': 5.0, 'init_alpha_std_deg': 8.0, 'init_theta_dot_std': 0.0, 'init_alpha_dot_std': 0.0, 'pwm_limit': 150.0, 'pwm_gain': 1.0, 'pwm_bias': 0.0, 'pwm_deadzone': 0.0, 'pwm_noise_sigma': 0.0, 'actuator_tau': 0.0, 'action_delay_steps': 0, 'theta_bias': 0.0, 'alpha_bias': 0.0, 'theta_sigma': 0.0, 'alpha_sigma': 0.0, 'theta_dot_sigma': 0.0, 'alpha_dot_sigma': 0.0, 'encoder_quantization_rad': 0.0, 'velocity_lpf': 0.25, 'process_theta_dot_sigma': 0.0, 'process_alpha_dot_sigma': 0.0}"
614000,1,matlab_nominal_reproduction,0.0,"{'level': 0.0, 'physical': {'g': 9.8, 'c_theta': 0.025, 'c_alpha': 0.001, 'k_t': 0.231, 'k_b': 0.1875, 'k_u': 0.04706, 'R': 4.2857, 'm1': 0.20625, 'm2': 0.15845, 'l1cg': 0.080305, 'l1': 0.151894, 'l2cg': 0.066733, 'I1z': 0.00049228, 'I2x': 0.00036892, 'I2y': 2.3641e-05, 'I2z': 0.00036139}, 'init_theta_std_deg': 5.0, 'init_alpha_std_deg': 8.0, 'init_theta_dot_std': 0.0, 'init_alpha_dot_std': 0.0, 'pwm_limit': 150.0, 'pwm_gain': 1.0, 'pwm_bias': 0.0, 'pwm_deadzone': 0.0, 'pwm_noise_sigma': 0.0, 'actuator_tau': 0.0, 'action_delay_steps': 0, 'theta_bias': 0.0, 'alpha_bias': 0.0, 'theta_sigma': 0.0, 'alpha_sigma': 0.0, 'theta_dot_sigma': 0.0, 'alpha_dot_sigma': 0.0, 'encoder_quantization_rad': 0.0, 'velocity_lpf': 0.25, 'process_theta_dot_sigma': 0.0, 'process_alpha_dot_sigma': 0.0}"
616000,1,matlab_nominal_reproduction,0.0,"{'level': 0.0, 'physical': {'g': 9.8, 'c_theta': 0.025, 'c_alpha': 0.001, 'k_t': 0.231, 'k_b': 0.1875, 'k_u': 0.04706, 'R': 4.2857, 'm1': 0.20625, 'm2': 0.15845, 'l1cg': 0.080305, 'l1': 0.151894, 'l2cg': 0.066733, 'I1z': 0.00049228, 'I2x': 0.00036892, 'I2y': 2.3641e-05, 'I2z': 0.00036139}, 'init_theta_std_deg': 5.0, 'init_alpha_std_deg': 8.0, 'init_theta_dot_std': 0.0, 'init_alpha_dot_std': 0.0, 'pwm_limit': 150.0, 'pwm_gain': 1.0, 'pwm_bias': 0.0, 'pwm_deadzone': 0.0, 'pwm_noise_sigma': 0.0, 'actuator_tau': 0.0, 'action_delay_steps': 0, 'theta_bias': 0.0, 'alpha_bias': 0.0, 'theta_sigma': 0.0, 'alpha_sigma': 0.0, 'theta_dot_sigma': 0.0, 'alpha_dot_sigma': 0.0, 'encoder_quantization_rad': 0.0, 'velocity_lpf': 0.25, 'process_theta_dot_sigma': 0.0, 'process_alpha_dot_sigma': 0.0}"
618000,1,matlab_nominal_reproduction,0.0,"{'level': 0.0, 'physical': {'g': 9.8, 'c_theta': 0.025, 'c_alpha': 0.001, 'k_t': 0.231, 'k_b': 0.1875, 'k_u': 0.04706, 'R': 4.2857, 'm1': 0.20625, 'm2': 0.15845, 'l1cg': 0.080305, 'l1': 0.151894, 'l2cg': 0.066733, 'I1z': 0.00049228, 'I2x': 0.00036892, 'I2y': 2.3641e-05, 'I2z': 0.00036139}, 'init_theta_std_deg': 5.0, 'init_alpha_std_deg': 8.0, 'init_theta_dot_std': 0.0, 'init_alpha_dot_std': 0.0, 'pwm_limit': 150.0, 'pwm_gain': 1.0, 'pwm_bias': 0.0, 'pwm_deadzone': 0.0, 'pwm_noise_sigma': 0.0, 'actuator_tau': 0.0, 'action_delay_steps': 0, 'theta_bias': 0.0, 'alpha_bias': 0.0, 'theta_sigma': 0.0, 'alpha_sigma': 0.0, 'theta_dot_sigma': 0.0, 'alpha_dot_sigma': 0.0, 'encoder_quantization_rad': 0.0, 'velocity_lpf': 0.25, 'process_theta_dot_sigma': 0.0, 'process_alpha_dot_sigma': 0.0}"
620000,1,matlab_nominal_reproduction,0.0,"{'level': 0.0, 'physical': {'g': 9.8, 'c_theta': 0.025, 'c_alpha': 0.001, 'k_t': 0.231, 'k_b': 0.1875, 'k_u': 0.04706, 'R': 4.2857, 'm1': 0.20625, 'm2': 0.15845, 'l1cg': 0.080305, 'l1': 0.151894, 'l2cg': 0.066733, 'I1z': 0.00049228, 'I2x': 0.00036892, 'I2y': 2.3641e-05, 'I2z': 0.00036139}, 'init_theta_std_deg': 5.0, 'init_alpha_std_deg': 8.0, 'init_theta_dot_std': 0.0, 'init_alpha_dot_std': 0.0, 'pwm_limit': 150.0, 'pwm_gain': 1.0, 'pwm_bias': 0.0, 'pwm_deadzone': 0.0, 'pwm_noise_sigma': 0.0, 'actuator_tau': 0.0, 'action_delay_steps': 0, 'theta_bias': 0.0, 'alpha_bias': 0.0, 'theta_sigma': 0.0, 'alpha_sigma': 0.0, 'theta_dot_sigma': 0.0, 'alpha_dot_sigma': 0.0, 'encoder_quantization_rad': 0.0, 'velocity_lpf': 0.25, 'process_theta_dot_sigma': 0.0, 'process_alpha_dot_sigma': 0.0}"
622000,1,matlab_nominal_reproduction,0.0,"{'level': 0.0, 'physical': {'g': 9.8, 'c_theta': 0.025, 'c_alpha': 0.001, 'k_t': 0.231, 'k_b': 0.1875, 'k_u': 0.04706, 'R': 4.2857, 'm1': 0.20625, 'm2': 0.15845, 'l1cg': 0.080305, 'l1': 0.151894, 'l2cg': 0.066733, 'I1z': 0.00049228, 'I2x': 0.00036892, 'I2y': 2.3641e-05, 'I2z': 0.00036139}, 'init_theta_std_deg': 5.0, 'init_alpha_std_deg': 8.0, 'init_theta_dot_std': 0.0, 'init_alpha_dot_std': 0.0, 'pwm_limit': 150.0, 'pwm_gain': 1.0, 'pwm_bias': 0.0, 'pwm_deadzone': 0.0, 'pwm_noise_sigma': 0.0, 'actuator_tau': 0.0, 'action_delay_steps': 0, 'theta_bias': 0.0, 'alpha_bias': 0.0, 'theta_sigma': 0.0, 'alpha_sigma': 0.0, 'theta_dot_sigma': 0.0, 'alpha_dot_sigma': 0.0, 'encoder_quantization_rad': 0.0, 'velocity_lpf': 0.25, 'process_theta_dot_sigma': 0.0, 'process_alpha_dot_sigma': 0.0}"
624000,1,matlab_nominal_reproduction,0.0,"{'level': 0.0, 'physical': {'g': 9.8, 'c_theta': 0.025, 'c_alpha': 0.001, 'k_t': 0.231, 'k_b': 0.1875, 'k_u': 0.04706, 'R': 4.2857, 'm1': 0.20625, 'm2': 0.15845, 'l1cg': 0.080305, 'l1': 0.151894, 'l2cg': 0.066733, 'I1z': 0.00049228, 'I2x': 0.00036892, 'I2y': 2.3641e-05, 'I2z': 0.00036139}, 'init_theta_std_deg': 5.0, 'init_alpha_std_deg': 8.0, 'init_theta_dot_std': 0.0, 'init_alpha_dot_std': 0.0, 'pwm_limit': 150.0, 'pwm_gain': 1.0, 'pwm_bias': 0.0, 'pwm_deadzone': 0.0, 'pwm_noise_sigma': 0.0, 'actuator_tau': 0.0, 'action_delay_steps': 0, 'theta_bias': 0.0, 'alpha_bias': 0.0, 'theta_sigma': 0.0, 'alpha_sigma': 0.0, 'theta_dot_sigma': 0.0, 'alpha_dot_sigma': 0.0, 'encoder_quantization_rad': 0.0, 'velocity_lpf': 0.25, 'process_theta_dot_sigma': 0.0, 'process_alpha_dot_sigma': 0.0}"
626000,1,matlab_nominal_reproduction,0.0,"{'level': 0.0, 'physical': {'g': 9.8, 'c_theta': 0.025, 'c_alpha': 0.001, 'k_t': 0.231, 'k_b': 0.1875, 'k_u': 0.04706, 'R': 4.2857, 'm1': 0.20625, 'm2': 0.15845, 'l1cg': 0.080305, 'l1': 0.151894, 'l2cg': 0.066733, 'I1z': 0.00049228, 'I2x': 0.00036892, 'I2y': 2.3641e-05, 'I2z': 0.00036139}, 'init_theta_std_deg': 5.0, 'init_alpha_std_deg': 8.0, 'init_theta_dot_std': 0.0, 'init_alpha_dot_std': 0.0, 'pwm_limit': 150.0, 'pwm_gain': 1.0, 'pwm_bias': 0.0, 'pwm_deadzone': 0.0, 'pwm_noise_sigma': 0.0, 'actuator_tau': 0.0, 'action_delay_steps': 0, 'theta_bias': 0.0, 'alpha_bias': 0.0, 'theta_sigma': 0.0, 'alpha_sigma': 0.0, 'theta_dot_sigma': 0.0, 'alpha_dot_sigma': 0.0, 'encoder_quantization_rad': 0.0, 'velocity_lpf': 0.25, 'process_theta_dot_sigma': 0.0, 'process_alpha_dot_sigma': 0.0}"
628000,1,matlab_nominal_reproduction,0.0,"{'level': 0.0, 'physical': {'g': 9.8, 'c_theta': 0.025, 'c_alpha': 0.001, 'k_t': 0.231, 'k_b': 0.1875, 'k_u': 0.04706, 'R': 4.2857, 'm1': 0.20625, 'm2': 0.15845, 'l1cg': 0.080305, 'l1': 0.151894, 'l2cg': 0.066733, 'I1z': 0.00049228, 'I2x': 0.00036892, 'I2y': 2.3641e-05, 'I2z': 0.00036139}, 'init_theta_std_deg': 5.0, 'init_alpha_std_deg': 8.0, 'init_theta_dot_std': 0.0, 'init_alpha_dot_std': 0.0, 'pwm_limit': 150.0, 'pwm_gain': 1.0, 'pwm_bias': 0.0, 'pwm_deadzone': 0.0, 'pwm_noise_sigma': 0.0, 'actuator_tau': 0.0, 'action_delay_steps': 0, 'theta_bias': 0.0, 'alpha_bias': 0.0, 'theta_sigma': 0.0, 'alpha_sigma': 0.0, 'theta_dot_sigma': 0.0, 'alpha_dot_sigma': 0.0, 'encoder_quantization_rad': 0.0, 'velocity_lpf': 0.25, 'process_theta_dot_sigma': 0.0, 'process_alpha_dot_sigma': 0.0}"
630000,1,matlab_nominal_reproduction,0.0,"{'level': 0.0, 'physical': {'g': 9.8, 'c_theta': 0.025, 'c_alpha': 0.001, 'k_t': 0.231, 'k_b': 0.1875, 'k_u': 0.04706, 'R': 4.2857, 'm1': 0.20625, 'm2': 0.15845, 'l1cg': 0.080305, 'l1': 0.151894, 'l2cg': 0.066733, 'I1z': 0.00049228, 'I2x': 0.00036892, 'I2y': 2.3641e-05, 'I2z': 0.00036139}, 'init_theta_std_deg': 5.0, 'init_alpha_std_deg': 8.0, 'init_theta_dot_std': 0.0, 'init_alpha_dot_std': 0.0, 'pwm_limit': 150.0, 'pwm_gain': 1.0, 'pwm_bias': 0.0, 'pwm_deadzone': 0.0, 'pwm_noise_sigma': 0.0, 'actuator_tau': 0.0, 'action_delay_steps': 0, 'theta_bias': 0.0, 'alpha_bias': 0.0, 'theta_sigma': 0.0, 'alpha_sigma': 0.0, 'theta_dot_sigma': 0.0, 'alpha_dot_sigma': 0.0, 'encoder_quantization_rad': 0.0, 'velocity_lpf': 0.25, 'process_theta_dot_sigma': 0.0, 'process_alpha_dot_sigma': 0.0}"
632000,1,matlab_nominal_reproduction,0.0,"{'level': 0.0, 'physical': {'g': 9.8, 'c_theta': 0.025, 'c_alpha': 0.001, 'k_t': 0.231, 'k_b': 0.1875, 'k_u': 0.04706, 'R': 4.2857, 'm1': 0.20625, 'm2': 0.15845, 'l1cg': 0.080305, 'l1': 0.151894, 'l2cg': 0.066733, 'I1z': 0.00049228, 'I2x': 0.00036892, 'I2y': 2.3641e-05, 'I2z': 0.00036139}, 'init_theta_std_deg': 5.0, 'init_alpha_std_deg': 8.0, 'init_theta_dot_std': 0.0, 'init_alpha_dot_std': 0.0, 'pwm_limit': 150.0, 'pwm_gain': 1.0, 'pwm_bias': 0.0, 'pwm_deadzone': 0.0, 'pwm_noise_sigma': 0.0, 'actuator_tau': 0.0, 'action_delay_steps': 0, 'theta_bias': 0.0, 'alpha_bias': 0.0, 'theta_sigma': 0.0, 'alpha_sigma': 0.0, 'theta_dot_sigma': 0.0, 'alpha_dot_sigma': 0.0, 'encoder_quantization_rad': 0.0, 'velocity_lpf': 0.25, 'process_theta_dot_sigma': 0.0, 'process_alpha_dot_sigma': 0.0}"
634000,1,matlab_nominal_reproduction,0.0,"{'level': 0.0, 'physical': {'g': 9.8, 'c_theta': 0.025, 'c_alpha': 0.001, 'k_t': 0.231, 'k_b': 0.1875, 'k_u': 0.04706, 'R': 4.2857, 'm1': 0.20625, 'm2': 0.15845, 'l1cg': 0.080305, 'l1': 0.151894, 'l2cg': 0.066733, 'I1z': 0.00049228, 'I2x': 0.00036892, 'I2y': 2.3641e-05, 'I2z': 0.00036139}, 'init_theta_std_deg': 5.0, 'init_alpha_std_deg': 8.0, 'init_theta_dot_std': 0.0, 'init_alpha_dot_std': 0.0, 'pwm_limit': 150.0, 'pwm_gain': 1.0, 'pwm_bias': 0.0, 'pwm_deadzone': 0.0, 'pwm_noise_sigma': 0.0, 'actuator_tau': 0.0, 'action_delay_steps': 0, 'theta_bias': 0.0, 'alpha_bias': 0.0, 'theta_sigma': 0.0, 'alpha_sigma': 0.0, 'theta_dot_sigma': 0.0, 'alpha_dot_sigma': 0.0, 'encoder_quantization_rad': 0.0, 'velocity_lpf': 0.25, 'process_theta_dot_sigma': 0.0, 'process_alpha_dot_sigma': 0.0}"
636000,1,matlab_nominal_reproduction,0.0,"{'level': 0.0, 'physical': {'g': 9.8, 'c_theta': 0.025, 'c_alpha': 0.001, 'k_t': 0.231, 'k_b': 0.1875, 'k_u': 0.04706, 'R': 4.2857, 'm1': 0.20625, 'm2': 0.15845, 'l1cg': 0.080305, 'l1': 0.151894, 'l2cg': 0.066733, 'I1z': 0.00049228, 'I2x': 0.00036892, 'I2y': 2.3641e-05, 'I2z': 0.00036139}, 'init_theta_std_deg': 5.0, 'init_alpha_std_deg': 8.0, 'init_theta_dot_std': 0.0, 'init_alpha_dot_std': 0.0, 'pwm_limit': 150.0, 'pwm_gain': 1.0, 'pwm_bias': 0.0, 'pwm_deadzone': 0.0, 'pwm_noise_sigma': 0.0, 'actuator_tau': 0.0, 'action_delay_steps': 0, 'theta_bias': 0.0, 'alpha_bias': 0.0, 'theta_sigma': 0.0, 'alpha_sigma': 0.0, 'theta_dot_sigma': 0.0, 'alpha_dot_sigma': 0.0, 'encoder_quantization_rad': 0.0, 'velocity_lpf': 0.25, 'process_theta_dot_sigma': 0.0, 'process_alpha_dot_sigma': 0.0}"
638000,1,matlab_nominal_reproduction,0.0,"{'level': 0.0, 'physical': {'g': 9.8, 'c_theta': 0.025, 'c_alpha': 0.001, 'k_t': 0.231, 'k_b': 0.1875, 'k_u': 0.04706, 'R': 4.2857, 'm1': 0.20625, 'm2': 0.15845, 'l1cg': 0.080305, 'l1': 0.151894, 'l2cg': 0.066733, 'I1z': 0.00049228, 'I2x': 0.00036892, 'I2y': 2.3641e-05, 'I2z': 0.00036139}, 'init_theta_std_deg': 5.0, 'init_alpha_std_deg': 8.0, 'init_theta_dot_std': 0.0, 'init_alpha_dot_std': 0.0, 'pwm_limit': 150.0, 'pwm_gain': 1.0, 'pwm_bias': 0.0, 'pwm_deadzone': 0.0, 'pwm_noise_sigma': 0.0, 'actuator_tau': 0.0, 'action_delay_steps': 0, 'theta_bias': 0.0, 'alpha_bias': 0.0, 'theta_sigma': 0.0, 'alpha_sigma': 0.0, 'theta_dot_sigma': 0.0, 'alpha_dot_sigma': 0.0, 'encoder_quantization_rad': 0.0, 'velocity_lpf': 0.25, 'process_theta_dot_sigma': 0.0, 'process_alpha_dot_sigma': 0.0}"
640000,1,matlab_nominal_reproduction,0.0,"{'level': 0.0, 'physical': {'g': 9.8, 'c_theta': 0.025, 'c_alpha': 0.001, 'k_t': 0.231, 'k_b': 0.1875, 'k_u': 0.04706, 'R': 4.2857, 'm1': 0.20625, 'm2': 0.15845, 'l1cg': 0.080305, 'l1': 0.151894, 'l2cg': 0.066733, 'I1z': 0.00049228, 'I2x': 0.00036892, 'I2y': 2.3641e-05, 'I2z': 0.00036139}, 'init_theta_std_deg': 5.0, 'init_alpha_std_deg': 8.0, 'init_theta_dot_std': 0.0, 'init_alpha_dot_std': 0.0, 'pwm_limit': 150.0, 'pwm_gain': 1.0, 'pwm_bias': 0.0, 'pwm_deadzone': 0.0, 'pwm_noise_sigma': 0.0, 'actuator_tau': 0.0, 'action_delay_steps': 0, 'theta_bias': 0.0, 'alpha_bias': 0.0, 'theta_sigma': 0.0, 'alpha_sigma': 0.0, 'theta_dot_sigma': 0.0, 'alpha_dot_sigma': 0.0, 'encoder_quantization_rad': 0.0, 'velocity_lpf': 0.25, 'process_theta_dot_sigma': 0.0, 'process_alpha_dot_sigma': 0.0}"
642000,1,matlab_nominal_reproduction,0.0,"{'level': 0.0, 'physical': {'g': 9.8, 'c_theta': 0.025, 'c_alpha': 0.001, 'k_t': 0.231, 'k_b': 0.1875, 'k_u': 0.04706, 'R': 4.2857, 'm1': 0.20625, 'm2': 0.15845, 'l1cg': 0.080305, 'l1': 0.151894, 'l2cg': 0.066733, 'I1z': 0.00049228, 'I2x': 0.00036892, 'I2y': 2.3641e-05, 'I2z': 0.00036139}, 'init_theta_std_deg': 5.0, 'init_alpha_std_deg': 8.0, 'init_theta_dot_std': 0.0, 'init_alpha_dot_std': 0.0, 'pwm_limit': 150.0, 'pwm_gain': 1.0, 'pwm_bias': 0.0, 'pwm_deadzone': 0.0, 'pwm_noise_sigma': 0.0, 'actuator_tau': 0.0, 'action_delay_steps': 0, 'theta_bias': 0.0, 'alpha_bias': 0.0, 'theta_sigma': 0.0, 'alpha_sigma': 0.0, 'theta_dot_sigma': 0.0, 'alpha_dot_sigma': 0.0, 'encoder_quantization_rad': 0.0, 'velocity_lpf': 0.25, 'process_theta_dot_sigma': 0.0, 'process_alpha_dot_sigma': 0.0}"
644000,1,matlab_nominal_reproduction,0.0,"{'level': 0.0, 'physical': {'g': 9.8, 'c_theta': 0.025, 'c_alpha': 0.001, 'k_t': 0.231, 'k_b': 0.1875, 'k_u': 0.04706, 'R': 4.2857, 'm1': 0.20625, 'm2': 0.15845, 'l1cg': 0.080305, 'l1': 0.151894, 'l2cg': 0.066733, 'I1z': 0.00049228, 'I2x': 0.00036892, 'I2y': 2.3641e-05, 'I2z': 0.00036139}, 'init_theta_std_deg': 5.0, 'init_alpha_std_deg': 8.0, 'init_theta_dot_std': 0.0, 'init_alpha_dot_std': 0.0, 'pwm_limit': 150.0, 'pwm_gain': 1.0, 'pwm_bias': 0.0, 'pwm_deadzone': 0.0, 'pwm_noise_sigma': 0.0, 'actuator_tau': 0.0, 'action_delay_steps': 0, 'theta_bias': 0.0, 'alpha_bias': 0.0, 'theta_sigma': 0.0, 'alpha_sigma': 0.0, 'theta_dot_sigma': 0.0, 'alpha_dot_sigma': 0.0, 'encoder_quantization_rad': 0.0, 'velocity_lpf': 0.25, 'process_theta_dot_sigma': 0.0, 'process_alpha_dot_sigma': 0.0}"
646000,1,matlab_nominal_reproduction,0.0,"{'level': 0.0, 'physical': {'g': 9.8, 'c_theta': 0.025, 'c_alpha': 0.001, 'k_t': 0.231, 'k_b': 0.1875, 'k_u': 0.04706, 'R': 4.2857, 'm1': 0.20625, 'm2': 0.15845, 'l1cg': 0.080305, 'l1': 0.151894, 'l2cg': 0.066733, 'I1z': 0.00049228, 'I2x': 0.00036892, 'I2y': 2.3641e-05, 'I2z': 0.00036139}, 'init_theta_std_deg': 5.0, 'init_alpha_std_deg': 8.0, 'init_theta_dot_std': 0.0, 'init_alpha_dot_std': 0.0, 'pwm_limit': 150.0, 'pwm_gain': 1.0, 'pwm_bias': 0.0, 'pwm_deadzone': 0.0, 'pwm_noise_sigma': 0.0, 'actuator_tau': 0.0, 'action_delay_steps': 0, 'theta_bias': 0.0, 'alpha_bias': 0.0, 'theta_sigma': 0.0, 'alpha_sigma': 0.0, 'theta_dot_sigma': 0.0, 'alpha_dot_sigma': 0.0, 'encoder_quantization_rad': 0.0, 'velocity_lpf': 0.25, 'process_theta_dot_sigma': 0.0, 'process_alpha_dot_sigma': 0.0}"
648000,1,matlab_nominal_reproduction,0.0,"{'level': 0.0, 'physical': {'g': 9.8, 'c_theta': 0.025, 'c_alpha': 0.001, 'k_t': 0.231, 'k_b': 0.1875, 'k_u': 0.04706, 'R': 4.2857, 'm1': 0.20625, 'm2': 0.15845, 'l1cg': 0.080305, 'l1': 0.151894, 'l2cg': 0.066733, 'I1z': 0.00049228, 'I2x': 0.00036892, 'I2y': 2.3641e-05, 'I2z': 0.00036139}, 'init_theta_std_deg': 5.0, 'init_alpha_std_deg': 8.0, 'init_theta_dot_std': 0.0, 'init_alpha_dot_std': 0.0, 'pwm_limit': 150.0, 'pwm_gain': 1.0, 'pwm_bias': 0.0, 'pwm_deadzone': 0.0, 'pwm_noise_sigma': 0.0, 'actuator_tau': 0.0, 'action_delay_steps': 0, 'theta_bias': 0.0, 'alpha_bias': 0.0, 'theta_sigma': 0.0, 'alpha_sigma': 0.0, 'theta_dot_sigma': 0.0, 'alpha_dot_sigma': 0.0, 'encoder_quantization_rad': 0.0, 'velocity_lpf': 0.25, 'process_theta_dot_sigma': 0.0, 'process_alpha_dot_sigma': 0.0}"
650000,1,matlab_nominal_reproduction,0.0,"{'level': 0.0, 'physical': {'g': 9.8, 'c_theta': 0.025, 'c_alpha': 0.001, 'k_t': 0.231, 'k_b': 0.1875, 'k_u': 0.04706, 'R': 4.2857, 'm1': 0.20625, 'm2': 0.15845, 'l1cg': 0.080305, 'l1': 0.151894, 'l2cg': 0.066733, 'I1z': 0.00049228, 'I2x': 0.00036892, 'I2y': 2.3641e-05, 'I2z': 0.00036139}, 'init_theta_std_deg': 5.0, 'init_alpha_std_deg': 8.0, 'init_theta_dot_std': 0.0, 'init_alpha_dot_std': 0.0, 'pwm_limit': 150.0, 'pwm_gain': 1.0, 'pwm_bias': 0.0, 'pwm_deadzone': 0.0, 'pwm_noise_sigma': 0.0, 'actuator_tau': 0.0, 'action_delay_steps': 0, 'theta_bias': 0.0, 'alpha_bias': 0.0, 'theta_sigma': 0.0, 'alpha_sigma': 0.0, 'theta_dot_sigma': 0.0, 'alpha_dot_sigma': 0.0, 'encoder_quantization_rad': 0.0, 'velocity_lpf': 0.25, 'process_theta_dot_sigma': 0.0, 'process_alpha_dot_sigma': 0.0}"
652000,1,matlab_nominal_reproduction,0.0,"{'level': 0.0, 'physical': {'g': 9.8, 'c_theta': 0.025, 'c_alpha': 0.001, 'k_t': 0.231, 'k_b': 0.1875, 'k_u': 0.04706, 'R': 4.2857, 'm1': 0.20625, 'm2': 0.15845, 'l1cg': 0.080305, 'l1': 0.151894, 'l2cg': 0.066733, 'I1z': 0.00049228, 'I2x': 0.00036892, 'I2y': 2.3641e-05, 'I2z': 0.00036139}, 'init_theta_std_deg': 5.0, 'init_alpha_std_deg': 8.0, 'init_theta_dot_std': 0.0, 'init_alpha_dot_std': 0.0, 'pwm_limit': 150.0, 'pwm_gain': 1.0, 'pwm_bias': 0.0, 'pwm_deadzone': 0.0, 'pwm_noise_sigma': 0.0, 'actuator_tau': 0.0, 'action_delay_steps': 0, 'theta_bias': 0.0, 'alpha_bias': 0.0, 'theta_sigma': 0.0, 'alpha_sigma': 0.0, 'theta_dot_sigma': 0.0, 'alpha_dot_sigma': 0.0, 'encoder_quantization_rad': 0.0, 'velocity_lpf': 0.25, 'process_theta_dot_sigma': 0.0, 'process_alpha_dot_sigma': 0.0}"
654000,1,matlab_nominal_reproduction,0.0,"{'level': 0.0, 'physical': {'g': 9.8, 'c_theta': 0.025, 'c_alpha': 0.001, 'k_t': 0.231, 'k_b': 0.1875, 'k_u': 0.04706, 'R': 4.2857, 'm1': 0.20625, 'm2': 0.15845, 'l1cg': 0.080305, 'l1': 0.151894, 'l2cg': 0.066733, 'I1z': 0.00049228, 'I2x': 0.00036892, 'I2y': 2.3641e-05, 'I2z': 0.00036139}, 'init_theta_std_deg': 5.0, 'init_alpha_std_deg': 8.0, 'init_theta_dot_std': 0.0, 'init_alpha_dot_std': 0.0, 'pwm_limit': 150.0, 'pwm_gain': 1.0, 'pwm_bias': 0.0, 'pwm_deadzone': 0.0, 'pwm_noise_sigma': 0.0, 'actuator_tau': 0.0, 'action_delay_steps': 0, 'theta_bias': 0.0, 'alpha_bias': 0.0, 'theta_sigma': 0.0, 'alpha_sigma': 0.0, 'theta_dot_sigma': 0.0, 'alpha_dot_sigma': 0.0, 'encoder_quantization_rad': 0.0, 'velocity_lpf': 0.25, 'process_theta_dot_sigma': 0.0, 'process_alpha_dot_sigma': 0.0}"
656000,1,matlab_nominal_reproduction,0.0,"{'level': 0.0, 'physical': {'g': 9.8, 'c_theta': 0.025, 'c_alpha': 0.001, 'k_t': 0.231, 'k_b': 0.1875, 'k_u': 0.04706, 'R': 4.2857, 'm1': 0.20625, 'm2': 0.15845, 'l1cg': 0.080305, 'l1': 0.151894, 'l2cg': 0.066733, 'I1z': 0.00049228, 'I2x': 0.00036892, 'I2y': 2.3641e-05, 'I2z': 0.00036139}, 'init_theta_std_deg': 5.0, 'init_alpha_std_deg': 8.0, 'init_theta_dot_std': 0.0, 'init_alpha_dot_std': 0.0, 'pwm_limit': 150.0, 'pwm_gain': 1.0, 'pwm_bias': 0.0, 'pwm_deadzone': 0.0, 'pwm_noise_sigma': 0.0, 'actuator_tau': 0.0, 'action_delay_steps': 0, 'theta_bias': 0.0, 'alpha_bias': 0.0, 'theta_sigma': 0.0, 'alpha_sigma': 0.0, 'theta_dot_sigma': 0.0, 'alpha_dot_sigma': 0.0, 'encoder_quantization_rad': 0.0, 'velocity_lpf': 0.25, 'process_theta_dot_sigma': 0.0, 'process_alpha_dot_sigma': 0.0}"
658000,1,matlab_nominal_reproduction,0.0,"{'level': 0.0, 'physical': {'g': 9.8, 'c_theta': 0.025, 'c_alpha': 0.001, 'k_t': 0.231, 'k_b': 0.1875, 'k_u': 0.04706, 'R': 4.2857, 'm1': 0.20625, 'm2': 0.15845, 'l1cg': 0.080305, 'l1': 0.151894, 'l2cg': 0.066733, 'I1z': 0.00049228, 'I2x': 0.00036892, 'I2y': 2.3641e-05, 'I2z': 0.00036139}, 'init_theta_std_deg': 5.0, 'init_alpha_std_deg': 8.0, 'init_theta_dot_std': 0.0, 'init_alpha_dot_std': 0.0, 'pwm_limit': 150.0, 'pwm_gain': 1.0, 'pwm_bias': 0.0, 'pwm_deadzone': 0.0, 'pwm_noise_sigma': 0.0, 'actuator_tau': 0.0, 'action_delay_steps': 0, 'theta_bias': 0.0, 'alpha_bias': 0.0, 'theta_sigma': 0.0, 'alpha_sigma': 0.0, 'theta_dot_sigma': 0.0, 'alpha_dot_sigma': 0.0, 'encoder_quantization_rad': 0.0, 'velocity_lpf': 0.25, 'process_theta_dot_sigma': 0.0, 'process_alpha_dot_sigma': 0.0}"
660000,1,matlab_nominal_reproduction,0.0,"{'level': 0.0, 'physical': {'g': 9.8, 'c_theta': 0.025, 'c_alpha': 0.001, 'k_t': 0.231, 'k_b': 0.1875, 'k_u': 0.04706, 'R': 4.2857, 'm1': 0.20625, 'm2': 0.15845, 'l1cg': 0.080305, 'l1': 0.151894, 'l2cg': 0.066733, 'I1z': 0.00049228, 'I2x': 0.00036892, 'I2y': 2.3641e-05, 'I2z': 0.00036139}, 'init_theta_std_deg': 5.0, 'init_alpha_std_deg': 8.0, 'init_theta_dot_std': 0.0, 'init_alpha_dot_std': 0.0, 'pwm_limit': 150.0, 'pwm_gain': 1.0, 'pwm_bias': 0.0, 'pwm_deadzone': 0.0, 'pwm_noise_sigma': 0.0, 'actuator_tau': 0.0, 'action_delay_steps': 0, 'theta_bias': 0.0, 'alpha_bias': 0.0, 'theta_sigma': 0.0, 'alpha_sigma': 0.0, 'theta_dot_sigma': 0.0, 'alpha_dot_sigma': 0.0, 'encoder_quantization_rad': 0.0, 'velocity_lpf': 0.25, 'process_theta_dot_sigma': 0.0, 'process_alpha_dot_sigma': 0.0}"
662000,1,matlab_nominal_reproduction,0.0,"{'level': 0.0, 'physical': {'g': 9.8, 'c_theta': 0.025, 'c_alpha': 0.001, 'k_t': 0.231, 'k_b': 0.1875, 'k_u': 0.04706, 'R': 4.2857, 'm1': 0.20625, 'm2': 0.15845, 'l1cg': 0.080305, 'l1': 0.151894, 'l2cg': 0.066733, 'I1z': 0.00049228, 'I2x': 0.00036892, 'I2y': 2.3641e-05, 'I2z': 0.00036139}, 'init_theta_std_deg': 5.0, 'init_alpha_std_deg': 8.0, 'init_theta_dot_std': 0.0, 'init_alpha_dot_std': 0.0, 'pwm_limit': 150.0, 'pwm_gain': 1.0, 'pwm_bias': 0.0, 'pwm_deadzone': 0.0, 'pwm_noise_sigma': 0.0, 'actuator_tau': 0.0, 'action_delay_steps': 0, 'theta_bias': 0.0, 'alpha_bias': 0.0, 'theta_sigma': 0.0, 'alpha_sigma': 0.0, 'theta_dot_sigma': 0.0, 'alpha_dot_sigma': 0.0, 'encoder_quantization_rad': 0.0, 'velocity_lpf': 0.25, 'process_theta_dot_sigma': 0.0, 'process_alpha_dot_sigma': 0.0}"
664000,1,matlab_nominal_reproduction,0.0,"{'level': 0.0, 'physical': {'g': 9.8, 'c_theta': 0.025, 'c_alpha': 0.001, 'k_t': 0.231, 'k_b': 0.1875, 'k_u': 0.04706, 'R': 4.2857, 'm1': 0.20625, 'm2': 0.15845, 'l1cg': 0.080305, 'l1': 0.151894, 'l2cg': 0.066733, 'I1z': 0.00049228, 'I2x': 0.00036892, 'I2y': 2.3641e-05, 'I2z': 0.00036139}, 'init_theta_std_deg': 5.0, 'init_alpha_std_deg': 8.0, 'init_theta_dot_std': 0.0, 'init_alpha_dot_std': 0.0, 'pwm_limit': 150.0, 'pwm_gain': 1.0, 'pwm_bias': 0.0, 'pwm_deadzone': 0.0, 'pwm_noise_sigma': 0.0, 'actuator_tau': 0.0, 'action_delay_steps': 0, 'theta_bias': 0.0, 'alpha_bias': 0.0, 'theta_sigma': 0.0, 'alpha_sigma': 0.0, 'theta_dot_sigma': 0.0, 'alpha_dot_sigma': 0.0, 'encoder_quantization_rad': 0.0, 'velocity_lpf': 0.25, 'process_theta_dot_sigma': 0.0, 'process_alpha_dot_sigma': 0.0}"
666000,1,matlab_nominal_reproduction,0.0,"{'level': 0.0, 'physical': {'g': 9.8, 'c_theta': 0.025, 'c_alpha': 0.001, 'k_t': 0.231, 'k_b': 0.1875, 'k_u': 0.04706, 'R': 4.2857, 'm1': 0.20625, 'm2': 0.15845, 'l1cg': 0.080305, 'l1': 0.151894, 'l2cg': 0.066733, 'I1z': 0.00049228, 'I2x': 0.00036892, 'I2y': 2.3641e-05, 'I2z': 0.00036139}, 'init_theta_std_deg': 5.0, 'init_alpha_std_deg': 8.0, 'init_theta_dot_std': 0.0, 'init_alpha_dot_std': 0.0, 'pwm_limit': 150.0, 'pwm_gain': 1.0, 'pwm_bias': 0.0, 'pwm_deadzone': 0.0, 'pwm_noise_sigma': 0.0, 'actuator_tau': 0.0, 'action_delay_steps': 0, 'theta_bias': 0.0, 'alpha_bias': 0.0, 'theta_sigma': 0.0, 'alpha_sigma': 0.0, 'theta_dot_sigma': 0.0, 'alpha_dot_sigma': 0.0, 'encoder_quantization_rad': 0.0, 'velocity_lpf': 0.25, 'process_theta_dot_sigma': 0.0, 'process_alpha_dot_sigma': 0.0}"
668000,1,matlab_nominal_reproduction,0.0,"{'level': 0.0, 'physical': {'g': 9.8, 'c_theta': 0.025, 'c_alpha': 0.001, 'k_t': 0.231, 'k_b': 0.1875, 'k_u': 0.04706, 'R': 4.2857, 'm1': 0.20625, 'm2': 0.15845, 'l1cg': 0.080305, 'l1': 0.151894, 'l2cg': 0.066733, 'I1z': 0.00049228, 'I2x': 0.00036892, 'I2y': 2.3641e-05, 'I2z': 0.00036139}, 'init_theta_std_deg': 5.0, 'init_alpha_std_deg': 8.0, 'init_theta_dot_std': 0.0, 'init_alpha_dot_std': 0.0, 'pwm_limit': 150.0, 'pwm_gain': 1.0, 'pwm_bias': 0.0, 'pwm_deadzone': 0.0, 'pwm_noise_sigma': 0.0, 'actuator_tau': 0.0, 'action_delay_steps': 0, 'theta_bias': 0.0, 'alpha_bias': 0.0, 'theta_sigma': 0.0, 'alpha_sigma': 0.0, 'theta_dot_sigma': 0.0, 'alpha_dot_sigma': 0.0, 'encoder_quantization_rad': 0.0, 'velocity_lpf': 0.25, 'process_theta_dot_sigma': 0.0, 'process_alpha_dot_sigma': 0.0}"
670000,1,matlab_nominal_reproduction,0.0,"{'level': 0.0, 'physical': {'g': 9.8, 'c_theta': 0.025, 'c_alpha': 0.001, 'k_t': 0.231, 'k_b': 0.1875, 'k_u': 0.04706, 'R': 4.2857, 'm1': 0.20625, 'm2': 0.15845, 'l1cg': 0.080305, 'l1': 0.151894, 'l2cg': 0.066733, 'I1z': 0.00049228, 'I2x': 0.00036892, 'I2y': 2.3641e-05, 'I2z': 0.00036139}, 'init_theta_std_deg': 5.0, 'init_alpha_std_deg': 8.0, 'init_theta_dot_std': 0.0, 'init_alpha_dot_std': 0.0, 'pwm_limit': 150.0, 'pwm_gain': 1.0, 'pwm_bias': 0.0, 'pwm_deadzone': 0.0, 'pwm_noise_sigma': 0.0, 'actuator_tau': 0.0, 'action_delay_steps': 0, 'theta_bias': 0.0, 'alpha_bias': 0.0, 'theta_sigma': 0.0, 'alpha_sigma': 0.0, 'theta_dot_sigma': 0.0, 'alpha_dot_sigma': 0.0, 'encoder_quantization_rad': 0.0, 'velocity_lpf': 0.25, 'process_theta_dot_sigma': 0.0, 'process_alpha_dot_sigma': 0.0}"
672000,1,matlab_nominal_reproduction,0.0,"{'level': 0.0, 'physical': {'g': 9.8, 'c_theta': 0.025, 'c_alpha': 0.001, 'k_t': 0.231, 'k_b': 0.1875, 'k_u': 0.04706, 'R': 4.2857, 'm1': 0.20625, 'm2': 0.15845, 'l1cg': 0.080305, 'l1': 0.151894, 'l2cg': 0.066733, 'I1z': 0.00049228, 'I2x': 0.00036892, 'I2y': 2.3641e-05, 'I2z': 0.00036139}, 'init_theta_std_deg': 5.0, 'init_alpha_std_deg': 8.0, 'init_theta_dot_std': 0.0, 'init_alpha_dot_std': 0.0, 'pwm_limit': 150.0, 'pwm_gain': 1.0, 'pwm_bias': 0.0, 'pwm_deadzone': 0.0, 'pwm_noise_sigma': 0.0, 'actuator_tau': 0.0, 'action_delay_steps': 0, 'theta_bias': 0.0, 'alpha_bias': 0.0, 'theta_sigma': 0.0, 'alpha_sigma': 0.0, 'theta_dot_sigma': 0.0, 'alpha_dot_sigma': 0.0, 'encoder_quantization_rad': 0.0, 'velocity_lpf': 0.25, 'process_theta_dot_sigma': 0.0, 'process_alpha_dot_sigma': 0.0}"
674000,1,matlab_nominal_reproduction,0.0,"{'level': 0.0, 'physical': {'g': 9.8, 'c_theta': 0.025, 'c_alpha': 0.001, 'k_t': 0.231, 'k_b': 0.1875, 'k_u': 0.04706, 'R': 4.2857, 'm1': 0.20625, 'm2': 0.15845, 'l1cg': 0.080305, 'l1': 0.151894, 'l2cg': 0.066733, 'I1z': 0.00049228, 'I2x': 0.00036892, 'I2y': 2.3641e-05, 'I2z': 0.00036139}, 'init_theta_std_deg': 5.0, 'init_alpha_std_deg': 8.0, 'init_theta_dot_std': 0.0, 'init_alpha_dot_std': 0.0, 'pwm_limit': 150.0, 'pwm_gain': 1.0, 'pwm_bias': 0.0, 'pwm_deadzone': 0.0, 'pwm_noise_sigma': 0.0, 'actuator_tau': 0.0, 'action_delay_steps': 0, 'theta_bias': 0.0, 'alpha_bias': 0.0, 'theta_sigma': 0.0, 'alpha_sigma': 0.0, 'theta_dot_sigma': 0.0, 'alpha_dot_sigma': 0.0, 'encoder_quantization_rad': 0.0, 'velocity_lpf': 0.25, 'process_theta_dot_sigma': 0.0, 'process_alpha_dot_sigma': 0.0}"
676000,1,matlab_nominal_reproduction,0.0,"{'level': 0.0, 'physical': {'g': 9.8, 'c_theta': 0.025, 'c_alpha': 0.001, 'k_t': 0.231, 'k_b': 0.1875, 'k_u': 0.04706, 'R': 4.2857, 'm1': 0.20625, 'm2': 0.15845, 'l1cg': 0.080305, 'l1': 0.151894, 'l2cg': 0.066733, 'I1z': 0.00049228, 'I2x': 0.00036892, 'I2y': 2.3641e-05, 'I2z': 0.00036139}, 'init_theta_std_deg': 5.0, 'init_alpha_std_deg': 8.0, 'init_theta_dot_std': 0.0, 'init_alpha_dot_std': 0.0, 'pwm_limit': 150.0, 'pwm_gain': 1.0, 'pwm_bias': 0.0, 'pwm_deadzone': 0.0, 'pwm_noise_sigma': 0.0, 'actuator_tau': 0.0, 'action_delay_steps': 0, 'theta_bias': 0.0, 'alpha_bias': 0.0, 'theta_sigma': 0.0, 'alpha_sigma': 0.0, 'theta_dot_sigma': 0.0, 'alpha_dot_sigma': 0.0, 'encoder_quantization_rad': 0.0, 'velocity_lpf': 0.25, 'process_theta_dot_sigma': 0.0, 'process_alpha_dot_sigma': 0.0}"
678000,1,matlab_nominal_reproduction,0.0,"{'level': 0.0, 'physical': {'g': 9.8, 'c_theta': 0.025, 'c_alpha': 0.001, 'k_t': 0.231, 'k_b': 0.1875, 'k_u': 0.04706, 'R': 4.2857, 'm1': 0.20625, 'm2': 0.15845, 'l1cg': 0.080305, 'l1': 0.151894, 'l2cg': 0.066733, 'I1z': 0.00049228, 'I2x': 0.00036892, 'I2y': 2.3641e-05, 'I2z': 0.00036139}, 'init_theta_std_deg': 5.0, 'init_alpha_std_deg': 8.0, 'init_theta_dot_std': 0.0, 'init_alpha_dot_std': 0.0, 'pwm_limit': 150.0, 'pwm_gain': 1.0, 'pwm_bias': 0.0, 'pwm_deadzone': 0.0, 'pwm_noise_sigma': 0.0, 'actuator_tau': 0.0, 'action_delay_steps': 0, 'theta_bias': 0.0, 'alpha_bias': 0.0, 'theta_sigma': 0.0, 'alpha_sigma': 0.0, 'theta_dot_sigma': 0.0, 'alpha_dot_sigma': 0.0, 'encoder_quantization_rad': 0.0, 'velocity_lpf': 0.25, 'process_theta_dot_sigma': 0.0, 'process_alpha_dot_sigma': 0.0}"
680000,1,matlab_nominal_reproduction,0.0,"{'level': 0.0, 'physical': {'g': 9.8, 'c_theta': 0.025, 'c_alpha': 0.001, 'k_t': 0.231, 'k_b': 0.1875, 'k_u': 0.04706, 'R': 4.2857, 'm1': 0.20625, 'm2': 0.15845, 'l1cg': 0.080305, 'l1': 0.151894, 'l2cg': 0.066733, 'I1z': 0.00049228, 'I2x': 0.00036892, 'I2y': 2.3641e-05, 'I2z': 0.00036139}, 'init_theta_std_deg': 5.0, 'init_alpha_std_deg': 8.0, 'init_theta_dot_std': 0.0, 'init_alpha_dot_std': 0.0, 'pwm_limit': 150.0, 'pwm_gain': 1.0, 'pwm_bias': 0.0, 'pwm_deadzone': 0.0, 'pwm_noise_sigma': 0.0, 'actuator_tau': 0.0, 'action_delay_steps': 0, 'theta_bias': 0.0, 'alpha_bias': 0.0, 'theta_sigma': 0.0, 'alpha_sigma': 0.0, 'theta_dot_sigma': 0.0, 'alpha_dot_sigma': 0.0, 'encoder_quantization_rad': 0.0, 'velocity_lpf': 0.25, 'process_theta_dot_sigma': 0.0, 'process_alpha_dot_sigma': 0.0}"
682000,1,matlab_nominal_reproduction,0.0,"{'level': 0.0, 'physical': {'g': 9.8, 'c_theta': 0.025, 'c_alpha': 0.001, 'k_t': 0.231, 'k_b': 0.1875, 'k_u': 0.04706, 'R': 4.2857, 'm1': 0.20625, 'm2': 0.15845, 'l1cg': 0.080305, 'l1': 0.151894, 'l2cg': 0.066733, 'I1z': 0.00049228, 'I2x': 0.00036892, 'I2y': 2.3641e-05, 'I2z': 0.00036139}, 'init_theta_std_deg': 5.0, 'init_alpha_std_deg': 8.0, 'init_theta_dot_std': 0.0, 'init_alpha_dot_std': 0.0, 'pwm_limit': 150.0, 'pwm_gain': 1.0, 'pwm_bias': 0.0, 'pwm_deadzone': 0.0, 'pwm_noise_sigma': 0.0, 'actuator_tau': 0.0, 'action_delay_steps': 0, 'theta_bias': 0.0, 'alpha_bias': 0.0, 'theta_sigma': 0.0, 'alpha_sigma': 0.0, 'theta_dot_sigma': 0.0, 'alpha_dot_sigma': 0.0, 'encoder_quantization_rad': 0.0, 'velocity_lpf': 0.25, 'process_theta_dot_sigma': 0.0, 'process_alpha_dot_sigma': 0.0}"
684000,1,matlab_nominal_reproduction,0.0,"{'level': 0.0, 'physical': {'g': 9.8, 'c_theta': 0.025, 'c_alpha': 0.001, 'k_t': 0.231, 'k_b': 0.1875, 'k_u': 0.04706, 'R': 4.2857, 'm1': 0.20625, 'm2': 0.15845, 'l1cg': 0.080305, 'l1': 0.151894, 'l2cg': 0.066733, 'I1z': 0.00049228, 'I2x': 0.00036892, 'I2y': 2.3641e-05, 'I2z': 0.00036139}, 'init_theta_std_deg': 5.0, 'init_alpha_std_deg': 8.0, 'init_theta_dot_std': 0.0, 'init_alpha_dot_std': 0.0, 'pwm_limit': 150.0, 'pwm_gain': 1.0, 'pwm_bias': 0.0, 'pwm_deadzone': 0.0, 'pwm_noise_sigma': 0.0, 'actuator_tau': 0.0, 'action_delay_steps': 0, 'theta_bias': 0.0, 'alpha_bias': 0.0, 'theta_sigma': 0.0, 'alpha_sigma': 0.0, 'theta_dot_sigma': 0.0, 'alpha_dot_sigma': 0.0, 'encoder_quantization_rad': 0.0, 'velocity_lpf': 0.25, 'process_theta_dot_sigma': 0.0, 'process_alpha_dot_sigma': 0.0}"
686000,1,matlab_nominal_reproduction,0.0,"{'level': 0.0, 'physical': {'g': 9.8, 'c_theta': 0.025, 'c_alpha': 0.001, 'k_t': 0.231, 'k_b': 0.1875, 'k_u': 0.04706, 'R': 4.2857, 'm1': 0.20625, 'm2': 0.15845, 'l1cg': 0.080305, 'l1': 0.151894, 'l2cg': 0.066733, 'I1z': 0.00049228, 'I2x': 0.00036892, 'I2y': 2.3641e-05, 'I2z': 0.00036139}, 'init_theta_std_deg': 5.0, 'init_alpha_std_deg': 8.0, 'init_theta_dot_std': 0.0, 'init_alpha_dot_std': 0.0, 'pwm_limit': 150.0, 'pwm_gain': 1.0, 'pwm_bias': 0.0, 'pwm_deadzone': 0.0, 'pwm_noise_sigma': 0.0, 'actuator_tau': 0.0, 'action_delay_steps': 0, 'theta_bias': 0.0, 'alpha_bias': 0.0, 'theta_sigma': 0.0, 'alpha_sigma': 0.0, 'theta_dot_sigma': 0.0, 'alpha_dot_sigma': 0.0, 'encoder_quantization_rad': 0.0, 'velocity_lpf': 0.25, 'process_theta_dot_sigma': 0.0, 'process_alpha_dot_sigma': 0.0}"
688000,1,matlab_nominal_reproduction,0.0,"{'level': 0.0, 'physical': {'g': 9.8, 'c_theta': 0.025, 'c_alpha': 0.001, 'k_t': 0.231, 'k_b': 0.1875, 'k_u': 0.04706, 'R': 4.2857, 'm1': 0.20625, 'm2': 0.15845, 'l1cg': 0.080305, 'l1': 0.151894, 'l2cg': 0.066733, 'I1z': 0.00049228, 'I2x': 0.00036892, 'I2y': 2.3641e-05, 'I2z': 0.00036139}, 'init_theta_std_deg': 5.0, 'init_alpha_std_deg': 8.0, 'init_theta_dot_std': 0.0, 'init_alpha_dot_std': 0.0, 'pwm_limit': 150.0, 'pwm_gain': 1.0, 'pwm_bias': 0.0, 'pwm_deadzone': 0.0, 'pwm_noise_sigma': 0.0, 'actuator_tau': 0.0, 'action_delay_steps': 0, 'theta_bias': 0.0, 'alpha_bias': 0.0, 'theta_sigma': 0.0, 'alpha_sigma': 0.0, 'theta_dot_sigma': 0.0, 'alpha_dot_sigma': 0.0, 'encoder_quantization_rad': 0.0, 'velocity_lpf': 0.25, 'process_theta_dot_sigma': 0.0, 'process_alpha_dot_sigma': 0.0}"
690000,1,matlab_nominal_reproduction,0.0,"{'level': 0.0, 'physical': {'g': 9.8, 'c_theta': 0.025, 'c_alpha': 0.001, 'k_t': 0.231, 'k_b': 0.1875, 'k_u': 0.04706, 'R': 4.2857, 'm1': 0.20625, 'm2': 0.15845, 'l1cg': 0.080305, 'l1': 0.151894, 'l2cg': 0.066733, 'I1z': 0.00049228, 'I2x': 0.00036892, 'I2y': 2.3641e-05, 'I2z': 0.00036139}, 'init_theta_std_deg': 5.0, 'init_alpha_std_deg': 8.0, 'init_theta_dot_std': 0.0, 'init_alpha_dot_std': 0.0, 'pwm_limit': 150.0, 'pwm_gain': 1.0, 'pwm_bias': 0.0, 'pwm_deadzone': 0.0, 'pwm_noise_sigma': 0.0, 'actuator_tau': 0.0, 'action_delay_steps': 0, 'theta_bias': 0.0, 'alpha_bias': 0.0, 'theta_sigma': 0.0, 'alpha_sigma': 0.0, 'theta_dot_sigma': 0.0, 'alpha_dot_sigma': 0.0, 'encoder_quantization_rad': 0.0, 'velocity_lpf': 0.25, 'process_theta_dot_sigma': 0.0, 'process_alpha_dot_sigma': 0.0}"
692000,1,matlab_nominal_reproduction,0.0,"{'level': 0.0, 'physical': {'g': 9.8, 'c_theta': 0.025, 'c_alpha': 0.001, 'k_t': 0.231, 'k_b': 0.1875, 'k_u': 0.04706, 'R': 4.2857, 'm1': 0.20625, 'm2': 0.15845, 'l1cg': 0.080305, 'l1': 0.151894, 'l2cg': 0.066733, 'I1z': 0.00049228, 'I2x': 0.00036892, 'I2y': 2.3641e-05, 'I2z': 0.00036139}, 'init_theta_std_deg': 5.0, 'init_alpha_std_deg': 8.0, 'init_theta_dot_std': 0.0, 'init_alpha_dot_std': 0.0, 'pwm_limit': 150.0, 'pwm_gain': 1.0, 'pwm_bias': 0.0, 'pwm_deadzone': 0.0, 'pwm_noise_sigma': 0.0, 'actuator_tau': 0.0, 'action_delay_steps': 0, 'theta_bias': 0.0, 'alpha_bias': 0.0, 'theta_sigma': 0.0, 'alpha_sigma': 0.0, 'theta_dot_sigma': 0.0, 'alpha_dot_sigma': 0.0, 'encoder_quantization_rad': 0.0, 'velocity_lpf': 0.25, 'process_theta_dot_sigma': 0.0, 'process_alpha_dot_sigma': 0.0}"
694000,1,matlab_nominal_reproduction,0.0,"{'level': 0.0, 'physical': {'g': 9.8, 'c_theta': 0.025, 'c_alpha': 0.001, 'k_t': 0.231, 'k_b': 0.1875, 'k_u': 0.04706, 'R': 4.2857, 'm1': 0.20625, 'm2': 0.15845, 'l1cg': 0.080305, 'l1': 0.151894, 'l2cg': 0.066733, 'I1z': 0.00049228, 'I2x': 0.00036892, 'I2y': 2.3641e-05, 'I2z': 0.00036139}, 'init_theta_std_deg': 5.0, 'init_alpha_std_deg': 8.0, 'init_theta_dot_std': 0.0, 'init_alpha_dot_std': 0.0, 'pwm_limit': 150.0, 'pwm_gain': 1.0, 'pwm_bias': 0.0, 'pwm_deadzone': 0.0, 'pwm_noise_sigma': 0.0, 'actuator_tau': 0.0, 'action_delay_steps': 0, 'theta_bias': 0.0, 'alpha_bias': 0.0, 'theta_sigma': 0.0, 'alpha_sigma': 0.0, 'theta_dot_sigma': 0.0, 'alpha_dot_sigma': 0.0, 'encoder_quantization_rad': 0.0, 'velocity_lpf': 0.25, 'process_theta_dot_sigma': 0.0, 'process_alpha_dot_sigma': 0.0}"
696000,1,matlab_nominal_reproduction,0.0,"{'level': 0.0, 'physical': {'g': 9.8, 'c_theta': 0.025, 'c_alpha': 0.001, 'k_t': 0.231, 'k_b': 0.1875, 'k_u': 0.04706, 'R': 4.2857, 'm1': 0.20625, 'm2': 0.15845, 'l1cg': 0.080305, 'l1': 0.151894, 'l2cg': 0.066733, 'I1z': 0.00049228, 'I2x': 0.00036892, 'I2y': 2.3641e-05, 'I2z': 0.00036139}, 'init_theta_std_deg': 5.0, 'init_alpha_std_deg': 8.0, 'init_theta_dot_std': 0.0, 'init_alpha_dot_std': 0.0, 'pwm_limit': 150.0, 'pwm_gain': 1.0, 'pwm_bias': 0.0, 'pwm_deadzone': 0.0, 'pwm_noise_sigma': 0.0, 'actuator_tau': 0.0, 'action_delay_steps': 0, 'theta_bias': 0.0, 'alpha_bias': 0.0, 'theta_sigma': 0.0, 'alpha_sigma': 0.0, 'theta_dot_sigma': 0.0, 'alpha_dot_sigma': 0.0, 'encoder_quantization_rad': 0.0, 'velocity_lpf': 0.25, 'process_theta_dot_sigma': 0.0, 'process_alpha_dot_sigma': 0.0}"
698000,1,matlab_nominal_reproduction,0.0,"{'level': 0.0, 'physical': {'g': 9.8, 'c_theta': 0.025, 'c_alpha': 0.001, 'k_t': 0.231, 'k_b': 0.1875, 'k_u': 0.04706, 'R': 4.2857, 'm1': 0.20625, 'm2': 0.15845, 'l1cg': 0.080305, 'l1': 0.151894, 'l2cg': 0.066733, 'I1z': 0.00049228, 'I2x': 0.00036892, 'I2y': 2.3641e-05, 'I2z': 0.00036139}, 'init_theta_std_deg': 5.0, 'init_alpha_std_deg': 8.0, 'init_theta_dot_std': 0.0, 'init_alpha_dot_std': 0.0, 'pwm_limit': 150.0, 'pwm_gain': 1.0, 'pwm_bias': 0.0, 'pwm_deadzone': 0.0, 'pwm_noise_sigma': 0.0, 'actuator_tau': 0.0, 'action_delay_steps': 0, 'theta_bias': 0.0, 'alpha_bias': 0.0, 'theta_sigma': 0.0, 'alpha_sigma': 0.0, 'theta_dot_sigma': 0.0, 'alpha_dot_sigma': 0.0, 'encoder_quantization_rad': 0.0, 'velocity_lpf': 0.25, 'process_theta_dot_sigma': 0.0, 'process_alpha_dot_sigma': 0.0}"
700000,1,matlab_nominal_reproduction,0.0,"{'level': 0.0, 'physical': {'g': 9.8, 'c_theta': 0.025, 'c_alpha': 0.001, 'k_t': 0.231, 'k_b': 0.1875, 'k_u': 0.04706, 'R': 4.2857, 'm1': 0.20625, 'm2': 0.15845, 'l1cg': 0.080305, 'l1': 0.151894, 'l2cg': 0.066733, 'I1z': 0.00049228, 'I2x': 0.00036892, 'I2y': 2.3641e-05, 'I2z': 0.00036139}, 'init_theta_std_deg': 5.0, 'init_alpha_std_deg': 8.0, 'init_theta_dot_std': 0.0, 'init_alpha_dot_std': 0.0, 'pwm_limit': 150.0, 'pwm_gain': 1.0, 'pwm_bias': 0.0, 'pwm_deadzone': 0.0, 'pwm_noise_sigma': 0.0, 'actuator_tau': 0.0, 'action_delay_steps': 0, 'theta_bias': 0.0, 'alpha_bias': 0.0, 'theta_sigma': 0.0, 'alpha_sigma': 0.0, 'theta_dot_sigma': 0.0, 'alpha_dot_sigma': 0.0, 'encoder_quantization_rad': 0.0, 'velocity_lpf': 0.25, 'process_theta_dot_sigma': 0.0, 'process_alpha_dot_sigma': 0.0}"
702000,1,matlab_nominal_reproduction,0.0,"{'level': 0.0, 'physical': {'g': 9.8, 'c_theta': 0.025, 'c_alpha': 0.001, 'k_t': 0.231, 'k_b': 0.1875, 'k_u': 0.04706, 'R': 4.2857, 'm1': 0.20625, 'm2': 0.15845, 'l1cg': 0.080305, 'l1': 0.151894, 'l2cg': 0.066733, 'I1z': 0.00049228, 'I2x': 0.00036892, 'I2y': 2.3641e-05, 'I2z': 0.00036139}, 'init_theta_std_deg': 5.0, 'init_alpha_std_deg': 8.0, 'init_theta_dot_std': 0.0, 'init_alpha_dot_std': 0.0, 'pwm_limit': 150.0, 'pwm_gain': 1.0, 'pwm_bias': 0.0, 'pwm_deadzone': 0.0, 'pwm_noise_sigma': 0.0, 'actuator_tau': 0.0, 'action_delay_steps': 0, 'theta_bias': 0.0, 'alpha_bias': 0.0, 'theta_sigma': 0.0, 'alpha_sigma': 0.0, 'theta_dot_sigma': 0.0, 'alpha_dot_sigma': 0.0, 'encoder_quantization_rad': 0.0, 'velocity_lpf': 0.25, 'process_theta_dot_sigma': 0.0, 'process_alpha_dot_sigma': 0.0}"
704000,1,matlab_nominal_reproduction,0.0,"{'level': 0.0, 'physical': {'g': 9.8, 'c_theta': 0.025, 'c_alpha': 0.001, 'k_t': 0.231, 'k_b': 0.1875, 'k_u': 0.04706, 'R': 4.2857, 'm1': 0.20625, 'm2': 0.15845, 'l1cg': 0.080305, 'l1': 0.151894, 'l2cg': 0.066733, 'I1z': 0.00049228, 'I2x': 0.00036892, 'I2y': 2.3641e-05, 'I2z': 0.00036139}, 'init_theta_std_deg': 5.0, 'init_alpha_std_deg': 8.0, 'init_theta_dot_std': 0.0, 'init_alpha_dot_std': 0.0, 'pwm_limit': 150.0, 'pwm_gain': 1.0, 'pwm_bias': 0.0, 'pwm_deadzone': 0.0, 'pwm_noise_sigma': 0.0, 'actuator_tau': 0.0, 'action_delay_steps': 0, 'theta_bias': 0.0, 'alpha_bias': 0.0, 'theta_sigma': 0.0, 'alpha_sigma': 0.0, 'theta_dot_sigma': 0.0, 'alpha_dot_sigma': 0.0, 'encoder_quantization_rad': 0.0, 'velocity_lpf': 0.25, 'process_theta_dot_sigma': 0.0, 'process_alpha_dot_sigma': 0.0}"
706000,1,matlab_nominal_reproduction,0.0,"{'level': 0.0, 'physical': {'g': 9.8, 'c_theta': 0.025, 'c_alpha': 0.001, 'k_t': 0.231, 'k_b': 0.1875, 'k_u': 0.04706, 'R': 4.2857, 'm1': 0.20625, 'm2': 0.15845, 'l1cg': 0.080305, 'l1': 0.151894, 'l2cg': 0.066733, 'I1z': 0.00049228, 'I2x': 0.00036892, 'I2y': 2.3641e-05, 'I2z': 0.00036139}, 'init_theta_std_deg': 5.0, 'init_alpha_std_deg': 8.0, 'init_theta_dot_std': 0.0, 'init_alpha_dot_std': 0.0, 'pwm_limit': 150.0, 'pwm_gain': 1.0, 'pwm_bias': 0.0, 'pwm_deadzone': 0.0, 'pwm_noise_sigma': 0.0, 'actuator_tau': 0.0, 'action_delay_steps': 0, 'theta_bias': 0.0, 'alpha_bias': 0.0, 'theta_sigma': 0.0, 'alpha_sigma': 0.0, 'theta_dot_sigma': 0.0, 'alpha_dot_sigma': 0.0, 'encoder_quantization_rad': 0.0, 'velocity_lpf': 0.25, 'process_theta_dot_sigma': 0.0, 'process_alpha_dot_sigma': 0.0}"
708000,1,matlab_nominal_reproduction,0.0,"{'level': 0.0, 'physical': {'g': 9.8, 'c_theta': 0.025, 'c_alpha': 0.001, 'k_t': 0.231, 'k_b': 0.1875, 'k_u': 0.04706, 'R': 4.2857, 'm1': 0.20625, 'm2': 0.15845, 'l1cg': 0.080305, 'l1': 0.151894, 'l2cg': 0.066733, 'I1z': 0.00049228, 'I2x': 0.00036892, 'I2y': 2.3641e-05, 'I2z': 0.00036139}, 'init_theta_std_deg': 5.0, 'init_alpha_std_deg': 8.0, 'init_theta_dot_std': 0.0, 'init_alpha_dot_std': 0.0, 'pwm_limit': 150.0, 'pwm_gain': 1.0, 'pwm_bias': 0.0, 'pwm_deadzone': 0.0, 'pwm_noise_sigma': 0.0, 'actuator_tau': 0.0, 'action_delay_steps': 0, 'theta_bias': 0.0, 'alpha_bias': 0.0, 'theta_sigma': 0.0, 'alpha_sigma': 0.0, 'theta_dot_sigma': 0.0, 'alpha_dot_sigma': 0.0, 'encoder_quantization_rad': 0.0, 'velocity_lpf': 0.25, 'process_theta_dot_sigma': 0.0, 'process_alpha_dot_sigma': 0.0}"
710000,1,matlab_nominal_reproduction,0.0,"{'level': 0.0, 'physical': {'g': 9.8, 'c_theta': 0.025, 'c_alpha': 0.001, 'k_t': 0.231, 'k_b': 0.1875, 'k_u': 0.04706, 'R': 4.2857, 'm1': 0.20625, 'm2': 0.15845, 'l1cg': 0.080305, 'l1': 0.151894, 'l2cg': 0.066733, 'I1z': 0.00049228, 'I2x': 0.00036892, 'I2y': 2.3641e-05, 'I2z': 0.00036139}, 'init_theta_std_deg': 5.0, 'init_alpha_std_deg': 8.0, 'init_theta_dot_std': 0.0, 'init_alpha_dot_std': 0.0, 'pwm_limit': 150.0, 'pwm_gain': 1.0, 'pwm_bias': 0.0, 'pwm_deadzone': 0.0, 'pwm_noise_sigma': 0.0, 'actuator_tau': 0.0, 'action_delay_steps': 0, 'theta_bias': 0.0, 'alpha_bias': 0.0, 'theta_sigma': 0.0, 'alpha_sigma': 0.0, 'theta_dot_sigma': 0.0, 'alpha_dot_sigma': 0.0, 'encoder_quantization_rad': 0.0, 'velocity_lpf': 0.25, 'process_theta_dot_sigma': 0.0, 'process_alpha_dot_sigma': 0.0}"
712000,1,matlab_nominal_reproduction,0.0,"{'level': 0.0, 'physical': {'g': 9.8, 'c_theta': 0.025, 'c_alpha': 0.001, 'k_t': 0.231, 'k_b': 0.1875, 'k_u': 0.04706, 'R': 4.2857, 'm1': 0.20625, 'm2': 0.15845, 'l1cg': 0.080305, 'l1': 0.151894, 'l2cg': 0.066733, 'I1z': 0.00049228, 'I2x': 0.00036892, 'I2y': 2.3641e-05, 'I2z': 0.00036139}, 'init_theta_std_deg': 5.0, 'init_alpha_std_deg': 8.0, 'init_theta_dot_std': 0.0, 'init_alpha_dot_std': 0.0, 'pwm_limit': 150.0, 'pwm_gain': 1.0, 'pwm_bias': 0.0, 'pwm_deadzone': 0.0, 'pwm_noise_sigma': 0.0, 'actuator_tau': 0.0, 'action_delay_steps': 0, 'theta_bias': 0.0, 'alpha_bias': 0.0, 'theta_sigma': 0.0, 'alpha_sigma': 0.0, 'theta_dot_sigma': 0.0, 'alpha_dot_sigma': 0.0, 'encoder_quantization_rad': 0.0, 'velocity_lpf': 0.25, 'process_theta_dot_sigma': 0.0, 'process_alpha_dot_sigma': 0.0}"
714000,1,matlab_nominal_reproduction,0.0,"{'level': 0.0, 'physical': {'g': 9.8, 'c_theta': 0.025, 'c_alpha': 0.001, 'k_t': 0.231, 'k_b': 0.1875, 'k_u': 0.04706, 'R': 4.2857, 'm1': 0.20625, 'm2': 0.15845, 'l1cg': 0.080305, 'l1': 0.151894, 'l2cg': 0.066733, 'I1z': 0.00049228, 'I2x': 0.00036892, 'I2y': 2.3641e-05, 'I2z': 0.00036139}, 'init_theta_std_deg': 5.0, 'init_alpha_std_deg': 8.0, 'init_theta_dot_std': 0.0, 'init_alpha_dot_std': 0.0, 'pwm_limit': 150.0, 'pwm_gain': 1.0, 'pwm_bias': 0.0, 'pwm_deadzone': 0.0, 'pwm_noise_sigma': 0.0, 'actuator_tau': 0.0, 'action_delay_steps': 0, 'theta_bias': 0.0, 'alpha_bias': 0.0, 'theta_sigma': 0.0, 'alpha_sigma': 0.0, 'theta_dot_sigma': 0.0, 'alpha_dot_sigma': 0.0, 'encoder_quantization_rad': 0.0, 'velocity_lpf': 0.25, 'process_theta_dot_sigma': 0.0, 'process_alpha_dot_sigma': 0.0}"
716000,1,matlab_nominal_reproduction,0.0,"{'level': 0.0, 'physical': {'g': 9.8, 'c_theta': 0.025, 'c_alpha': 0.001, 'k_t': 0.231, 'k_b': 0.1875, 'k_u': 0.04706, 'R': 4.2857, 'm1': 0.20625, 'm2': 0.15845, 'l1cg': 0.080305, 'l1': 0.151894, 'l2cg': 0.066733, 'I1z': 0.00049228, 'I2x': 0.00036892, 'I2y': 2.3641e-05, 'I2z': 0.00036139}, 'init_theta_std_deg': 5.0, 'init_alpha_std_deg': 8.0, 'init_theta_dot_std': 0.0, 'init_alpha_dot_std': 0.0, 'pwm_limit': 150.0, 'pwm_gain': 1.0, 'pwm_bias': 0.0, 'pwm_deadzone': 0.0, 'pwm_noise_sigma': 0.0, 'actuator_tau': 0.0, 'action_delay_steps': 0, 'theta_bias': 0.0, 'alpha_bias': 0.0, 'theta_sigma': 0.0, 'alpha_sigma': 0.0, 'theta_dot_sigma': 0.0, 'alpha_dot_sigma': 0.0, 'encoder_quantization_rad': 0.0, 'velocity_lpf': 0.25, 'process_theta_dot_sigma': 0.0, 'process_alpha_dot_sigma': 0.0}"
718000,1,matlab_nominal_reproduction,0.0,"{'level': 0.0, 'physical': {'g': 9.8, 'c_theta': 0.025, 'c_alpha': 0.001, 'k_t': 0.231, 'k_b': 0.1875, 'k_u': 0.04706, 'R': 4.2857, 'm1': 0.20625, 'm2': 0.15845, 'l1cg': 0.080305, 'l1': 0.151894, 'l2cg': 0.066733, 'I1z': 0.00049228, 'I2x': 0.00036892, 'I2y': 2.3641e-05, 'I2z': 0.00036139}, 'init_theta_std_deg': 5.0, 'init_alpha_std_deg': 8.0, 'init_theta_dot_std': 0.0, 'init_alpha_dot_std': 0.0, 'pwm_limit': 150.0, 'pwm_gain': 1.0, 'pwm_bias': 0.0, 'pwm_deadzone': 0.0, 'pwm_noise_sigma': 0.0, 'actuator_tau': 0.0, 'action_delay_steps': 0, 'theta_bias': 0.0, 'alpha_bias': 0.0, 'theta_sigma': 0.0, 'alpha_sigma': 0.0, 'theta_dot_sigma': 0.0, 'alpha_dot_sigma': 0.0, 'encoder_quantization_rad': 0.0, 'velocity_lpf': 0.25, 'process_theta_dot_sigma': 0.0, 'process_alpha_dot_sigma': 0.0}"
720000,1,matlab_nominal_reproduction,0.0,"{'level': 0.0, 'physical': {'g': 9.8, 'c_theta': 0.025, 'c_alpha': 0.001, 'k_t': 0.231, 'k_b': 0.1875, 'k_u': 0.04706, 'R': 4.2857, 'm1': 0.20625, 'm2': 0.15845, 'l1cg': 0.080305, 'l1': 0.151894, 'l2cg': 0.066733, 'I1z': 0.00049228, 'I2x': 0.00036892, 'I2y': 2.3641e-05, 'I2z': 0.00036139}, 'init_theta_std_deg': 5.0, 'init_alpha_std_deg': 8.0, 'init_theta_dot_std': 0.0, 'init_alpha_dot_std': 0.0, 'pwm_limit': 150.0, 'pwm_gain': 1.0, 'pwm_bias': 0.0, 'pwm_deadzone': 0.0, 'pwm_noise_sigma': 0.0, 'actuator_tau': 0.0, 'action_delay_steps': 0, 'theta_bias': 0.0, 'alpha_bias': 0.0, 'theta_sigma': 0.0, 'alpha_sigma': 0.0, 'theta_dot_sigma': 0.0, 'alpha_dot_sigma': 0.0, 'encoder_quantization_rad': 0.0, 'velocity_lpf': 0.25, 'process_theta_dot_sigma': 0.0, 'process_alpha_dot_sigma': 0.0}"
722000,1,matlab_nominal_reproduction,0.0,"{'level': 0.0, 'physical': {'g': 9.8, 'c_theta': 0.025, 'c_alpha': 0.001, 'k_t': 0.231, 'k_b': 0.1875, 'k_u': 0.04706, 'R': 4.2857, 'm1': 0.20625, 'm2': 0.15845, 'l1cg': 0.080305, 'l1': 0.151894, 'l2cg': 0.066733, 'I1z': 0.00049228, 'I2x': 0.00036892, 'I2y': 2.3641e-05, 'I2z': 0.00036139}, 'init_theta_std_deg': 5.0, 'init_alpha_std_deg': 8.0, 'init_theta_dot_std': 0.0, 'init_alpha_dot_std': 0.0, 'pwm_limit': 150.0, 'pwm_gain': 1.0, 'pwm_bias': 0.0, 'pwm_deadzone': 0.0, 'pwm_noise_sigma': 0.0, 'actuator_tau': 0.0, 'action_delay_steps': 0, 'theta_bias': 0.0, 'alpha_bias': 0.0, 'theta_sigma': 0.0, 'alpha_sigma': 0.0, 'theta_dot_sigma': 0.0, 'alpha_dot_sigma': 0.0, 'encoder_quantization_rad': 0.0, 'velocity_lpf': 0.25, 'process_theta_dot_sigma': 0.0, 'process_alpha_dot_sigma': 0.0}"
724000,1,matlab_nominal_reproduction,0.0,"{'level': 0.0, 'physical': {'g': 9.8, 'c_theta': 0.025, 'c_alpha': 0.001, 'k_t': 0.231, 'k_b': 0.1875, 'k_u': 0.04706, 'R': 4.2857, 'm1': 0.20625, 'm2': 0.15845, 'l1cg': 0.080305, 'l1': 0.151894, 'l2cg': 0.066733, 'I1z': 0.00049228, 'I2x': 0.00036892, 'I2y': 2.3641e-05, 'I2z': 0.00036139}, 'init_theta_std_deg': 5.0, 'init_alpha_std_deg': 8.0, 'init_theta_dot_std': 0.0, 'init_alpha_dot_std': 0.0, 'pwm_limit': 150.0, 'pwm_gain': 1.0, 'pwm_bias': 0.0, 'pwm_deadzone': 0.0, 'pwm_noise_sigma': 0.0, 'actuator_tau': 0.0, 'action_delay_steps': 0, 'theta_bias': 0.0, 'alpha_bias': 0.0, 'theta_sigma': 0.0, 'alpha_sigma': 0.0, 'theta_dot_sigma': 0.0, 'alpha_dot_sigma': 0.0, 'encoder_quantization_rad': 0.0, 'velocity_lpf': 0.25, 'process_theta_dot_sigma': 0.0, 'process_alpha_dot_sigma': 0.0}"
726000,1,matlab_nominal_reproduction,0.0,"{'level': 0.0, 'physical': {'g': 9.8, 'c_theta': 0.025, 'c_alpha': 0.001, 'k_t': 0.231, 'k_b': 0.1875, 'k_u': 0.04706, 'R': 4.2857, 'm1': 0.20625, 'm2': 0.15845, 'l1cg': 0.080305, 'l1': 0.151894, 'l2cg': 0.066733, 'I1z': 0.00049228, 'I2x': 0.00036892, 'I2y': 2.3641e-05, 'I2z': 0.00036139}, 'init_theta_std_deg': 5.0, 'init_alpha_std_deg': 8.0, 'init_theta_dot_std': 0.0, 'init_alpha_dot_std': 0.0, 'pwm_limit': 150.0, 'pwm_gain': 1.0, 'pwm_bias': 0.0, 'pwm_deadzone': 0.0, 'pwm_noise_sigma': 0.0, 'actuator_tau': 0.0, 'action_delay_steps': 0, 'theta_bias': 0.0, 'alpha_bias': 0.0, 'theta_sigma': 0.0, 'alpha_sigma': 0.0, 'theta_dot_sigma': 0.0, 'alpha_dot_sigma': 0.0, 'encoder_quantization_rad': 0.0, 'velocity_lpf': 0.25, 'process_theta_dot_sigma': 0.0, 'process_alpha_dot_sigma': 0.0}"
728000,1,matlab_nominal_reproduction,0.0,"{'level': 0.0, 'physical': {'g': 9.8, 'c_theta': 0.025, 'c_alpha': 0.001, 'k_t': 0.231, 'k_b': 0.1875, 'k_u': 0.04706, 'R': 4.2857, 'm1': 0.20625, 'm2': 0.15845, 'l1cg': 0.080305, 'l1': 0.151894, 'l2cg': 0.066733, 'I1z': 0.00049228, 'I2x': 0.00036892, 'I2y': 2.3641e-05, 'I2z': 0.00036139}, 'init_theta_std_deg': 5.0, 'init_alpha_std_deg': 8.0, 'init_theta_dot_std': 0.0, 'init_alpha_dot_std': 0.0, 'pwm_limit': 150.0, 'pwm_gain': 1.0, 'pwm_bias': 0.0, 'pwm_deadzone': 0.0, 'pwm_noise_sigma': 0.0, 'actuator_tau': 0.0, 'action_delay_steps': 0, 'theta_bias': 0.0, 'alpha_bias': 0.0, 'theta_sigma': 0.0, 'alpha_sigma': 0.0, 'theta_dot_sigma': 0.0, 'alpha_dot_sigma': 0.0, 'encoder_quantization_rad': 0.0, 'velocity_lpf': 0.25, 'process_theta_dot_sigma': 0.0, 'process_alpha_dot_sigma': 0.0}"
730000,1,matlab_nominal_reproduction,0.0,"{'level': 0.0, 'physical': {'g': 9.8, 'c_theta': 0.025, 'c_alpha': 0.001, 'k_t': 0.231, 'k_b': 0.1875, 'k_u': 0.04706, 'R': 4.2857, 'm1': 0.20625, 'm2': 0.15845, 'l1cg': 0.080305, 'l1': 0.151894, 'l2cg': 0.066733, 'I1z': 0.00049228, 'I2x': 0.00036892, 'I2y': 2.3641e-05, 'I2z': 0.00036139}, 'init_theta_std_deg': 5.0, 'init_alpha_std_deg': 8.0, 'init_theta_dot_std': 0.0, 'init_alpha_dot_std': 0.0, 'pwm_limit': 150.0, 'pwm_gain': 1.0, 'pwm_bias': 0.0, 'pwm_deadzone': 0.0, 'pwm_noise_sigma': 0.0, 'actuator_tau': 0.0, 'action_delay_steps': 0, 'theta_bias': 0.0, 'alpha_bias': 0.0, 'theta_sigma': 0.0, 'alpha_sigma': 0.0, 'theta_dot_sigma': 0.0, 'alpha_dot_sigma': 0.0, 'encoder_quantization_rad': 0.0, 'velocity_lpf': 0.25, 'process_theta_dot_sigma': 0.0, 'process_alpha_dot_sigma': 0.0}"
732000,1,matlab_nominal_reproduction,0.0,"{'level': 0.0, 'physical': {'g': 9.8, 'c_theta': 0.025, 'c_alpha': 0.001, 'k_t': 0.231, 'k_b': 0.1875, 'k_u': 0.04706, 'R': 4.2857, 'm1': 0.20625, 'm2': 0.15845, 'l1cg': 0.080305, 'l1': 0.151894, 'l2cg': 0.066733, 'I1z': 0.00049228, 'I2x': 0.00036892, 'I2y': 2.3641e-05, 'I2z': 0.00036139}, 'init_theta_std_deg': 5.0, 'init_alpha_std_deg': 8.0, 'init_theta_dot_std': 0.0, 'init_alpha_dot_std': 0.0, 'pwm_limit': 150.0, 'pwm_gain': 1.0, 'pwm_bias': 0.0, 'pwm_deadzone': 0.0, 'pwm_noise_sigma': 0.0, 'actuator_tau': 0.0, 'action_delay_steps': 0, 'theta_bias': 0.0, 'alpha_bias': 0.0, 'theta_sigma': 0.0, 'alpha_sigma': 0.0, 'theta_dot_sigma': 0.0, 'alpha_dot_sigma': 0.0, 'encoder_quantization_rad': 0.0, 'velocity_lpf': 0.25, 'process_theta_dot_sigma': 0.0, 'process_alpha_dot_sigma': 0.0}"
734000,1,matlab_nominal_reproduction,0.0,"{'level': 0.0, 'physical': {'g': 9.8, 'c_theta': 0.025, 'c_alpha': 0.001, 'k_t': 0.231, 'k_b': 0.1875, 'k_u': 0.04706, 'R': 4.2857, 'm1': 0.20625, 'm2': 0.15845, 'l1cg': 0.080305, 'l1': 0.151894, 'l2cg': 0.066733, 'I1z': 0.00049228, 'I2x': 0.00036892, 'I2y': 2.3641e-05, 'I2z': 0.00036139}, 'init_theta_std_deg': 5.0, 'init_alpha_std_deg': 8.0, 'init_theta_dot_std': 0.0, 'init_alpha_dot_std': 0.0, 'pwm_limit': 150.0, 'pwm_gain': 1.0, 'pwm_bias': 0.0, 'pwm_deadzone': 0.0, 'pwm_noise_sigma': 0.0, 'actuator_tau': 0.0, 'action_delay_steps': 0, 'theta_bias': 0.0, 'alpha_bias': 0.0, 'theta_sigma': 0.0, 'alpha_sigma': 0.0, 'theta_dot_sigma': 0.0, 'alpha_dot_sigma': 0.0, 'encoder_quantization_rad': 0.0, 'velocity_lpf': 0.25, 'process_theta_dot_sigma': 0.0, 'process_alpha_dot_sigma': 0.0}"
736000,1,matlab_nominal_reproduction,0.0,"{'level': 0.0, 'physical': {'g': 9.8, 'c_theta': 0.025, 'c_alpha': 0.001, 'k_t': 0.231, 'k_b': 0.1875, 'k_u': 0.04706, 'R': 4.2857, 'm1': 0.20625, 'm2': 0.15845, 'l1cg': 0.080305, 'l1': 0.151894, 'l2cg': 0.066733, 'I1z': 0.00049228, 'I2x': 0.00036892, 'I2y': 2.3641e-05, 'I2z': 0.00036139}, 'init_theta_std_deg': 5.0, 'init_alpha_std_deg': 8.0, 'init_theta_dot_std': 0.0, 'init_alpha_dot_std': 0.0, 'pwm_limit': 150.0, 'pwm_gain': 1.0, 'pwm_bias': 0.0, 'pwm_deadzone': 0.0, 'pwm_noise_sigma': 0.0, 'actuator_tau': 0.0, 'action_delay_steps': 0, 'theta_bias': 0.0, 'alpha_bias': 0.0, 'theta_sigma': 0.0, 'alpha_sigma': 0.0, 'theta_dot_sigma': 0.0, 'alpha_dot_sigma': 0.0, 'encoder_quantization_rad': 0.0, 'velocity_lpf': 0.25, 'process_theta_dot_sigma': 0.0, 'process_alpha_dot_sigma': 0.0}"
738000,1,matlab_nominal_reproduction,0.0,"{'level': 0.0, 'physical': {'g': 9.8, 'c_theta': 0.025, 'c_alpha': 0.001, 'k_t': 0.231, 'k_b': 0.1875, 'k_u': 0.04706, 'R': 4.2857, 'm1': 0.20625, 'm2': 0.15845, 'l1cg': 0.080305, 'l1': 0.151894, 'l2cg': 0.066733, 'I1z': 0.00049228, 'I2x': 0.00036892, 'I2y': 2.3641e-05, 'I2z': 0.00036139}, 'init_theta_std_deg': 5.0, 'init_alpha_std_deg': 8.0, 'init_theta_dot_std': 0.0, 'init_alpha_dot_std': 0.0, 'pwm_limit': 150.0, 'pwm_gain': 1.0, 'pwm_bias': 0.0, 'pwm_deadzone': 0.0, 'pwm_noise_sigma': 0.0, 'actuator_tau': 0.0, 'action_delay_steps': 0, 'theta_bias': 0.0, 'alpha_bias': 0.0, 'theta_sigma': 0.0, 'alpha_sigma': 0.0, 'theta_dot_sigma': 0.0, 'alpha_dot_sigma': 0.0, 'encoder_quantization_rad': 0.0, 'velocity_lpf': 0.25, 'process_theta_dot_sigma': 0.0, 'process_alpha_dot_sigma': 0.0}"
740000,1,matlab_nominal_reproduction,0.0,"{'level': 0.0, 'physical': {'g': 9.8, 'c_theta': 0.025, 'c_alpha': 0.001, 'k_t': 0.231, 'k_b': 0.1875, 'k_u': 0.04706, 'R': 4.2857, 'm1': 0.20625, 'm2': 0.15845, 'l1cg': 0.080305, 'l1': 0.151894, 'l2cg': 0.066733, 'I1z': 0.00049228, 'I2x': 0.00036892, 'I2y': 2.3641e-05, 'I2z': 0.00036139}, 'init_theta_std_deg': 5.0, 'init_alpha_std_deg': 8.0, 'init_theta_dot_std': 0.0, 'init_alpha_dot_std': 0.0, 'pwm_limit': 150.0, 'pwm_gain': 1.0, 'pwm_bias': 0.0, 'pwm_deadzone': 0.0, 'pwm_noise_sigma': 0.0, 'actuator_tau': 0.0, 'action_delay_steps': 0, 'theta_bias': 0.0, 'alpha_bias': 0.0, 'theta_sigma': 0.0, 'alpha_sigma': 0.0, 'theta_dot_sigma': 0.0, 'alpha_dot_sigma': 0.0, 'encoder_quantization_rad': 0.0, 'velocity_lpf': 0.25, 'process_theta_dot_sigma': 0.0, 'process_alpha_dot_sigma': 0.0}"
742000,1,matlab_nominal_reproduction,0.0,"{'level': 0.0, 'physical': {'g': 9.8, 'c_theta': 0.025, 'c_alpha': 0.001, 'k_t': 0.231, 'k_b': 0.1875, 'k_u': 0.04706, 'R': 4.2857, 'm1': 0.20625, 'm2': 0.15845, 'l1cg': 0.080305, 'l1': 0.151894, 'l2cg': 0.066733, 'I1z': 0.00049228, 'I2x': 0.00036892, 'I2y': 2.3641e-05, 'I2z': 0.00036139}, 'init_theta_std_deg': 5.0, 'init_alpha_std_deg': 8.0, 'init_theta_dot_std': 0.0, 'init_alpha_dot_std': 0.0, 'pwm_limit': 150.0, 'pwm_gain': 1.0, 'pwm_bias': 0.0, 'pwm_deadzone': 0.0, 'pwm_noise_sigma': 0.0, 'actuator_tau': 0.0, 'action_delay_steps': 0, 'theta_bias': 0.0, 'alpha_bias': 0.0, 'theta_sigma': 0.0, 'alpha_sigma': 0.0, 'theta_dot_sigma': 0.0, 'alpha_dot_sigma': 0.0, 'encoder_quantization_rad': 0.0, 'velocity_lpf': 0.25, 'process_theta_dot_sigma': 0.0, 'process_alpha_dot_sigma': 0.0}"
744000,1,matlab_nominal_reproduction,0.0,"{'level': 0.0, 'physical': {'g': 9.8, 'c_theta': 0.025, 'c_alpha': 0.001, 'k_t': 0.231, 'k_b': 0.1875, 'k_u': 0.04706, 'R': 4.2857, 'm1': 0.20625, 'm2': 0.15845, 'l1cg': 0.080305, 'l1': 0.151894, 'l2cg': 0.066733, 'I1z': 0.00049228, 'I2x': 0.00036892, 'I2y': 2.3641e-05, 'I2z': 0.00036139}, 'init_theta_std_deg': 5.0, 'init_alpha_std_deg': 8.0, 'init_theta_dot_std': 0.0, 'init_alpha_dot_std': 0.0, 'pwm_limit': 150.0, 'pwm_gain': 1.0, 'pwm_bias': 0.0, 'pwm_deadzone': 0.0, 'pwm_noise_sigma': 0.0, 'actuator_tau': 0.0, 'action_delay_steps': 0, 'theta_bias': 0.0, 'alpha_bias': 0.0, 'theta_sigma': 0.0, 'alpha_sigma': 0.0, 'theta_dot_sigma': 0.0, 'alpha_dot_sigma': 0.0, 'encoder_quantization_rad': 0.0, 'velocity_lpf': 0.25, 'process_theta_dot_sigma': 0.0, 'process_alpha_dot_sigma': 0.0}"
746000,1,matlab_nominal_reproduction,0.0,"{'level': 0.0, 'physical': {'g': 9.8, 'c_theta': 0.025, 'c_alpha': 0.001, 'k_t': 0.231, 'k_b': 0.1875, 'k_u': 0.04706, 'R': 4.2857, 'm1': 0.20625, 'm2': 0.15845, 'l1cg': 0.080305, 'l1': 0.151894, 'l2cg': 0.066733, 'I1z': 0.00049228, 'I2x': 0.00036892, 'I2y': 2.3641e-05, 'I2z': 0.00036139}, 'init_theta_std_deg': 5.0, 'init_alpha_std_deg': 8.0, 'init_theta_dot_std': 0.0, 'init_alpha_dot_std': 0.0, 'pwm_limit': 150.0, 'pwm_gain': 1.0, 'pwm_bias': 0.0, 'pwm_deadzone': 0.0, 'pwm_noise_sigma': 0.0, 'actuator_tau': 0.0, 'action_delay_steps': 0, 'theta_bias': 0.0, 'alpha_bias': 0.0, 'theta_sigma': 0.0, 'alpha_sigma': 0.0, 'theta_dot_sigma': 0.0, 'alpha_dot_sigma': 0.0, 'encoder_quantization_rad': 0.0, 'velocity_lpf': 0.25, 'process_theta_dot_sigma': 0.0, 'process_alpha_dot_sigma': 0.0}"
748000,1,matlab_nominal_reproduction,0.0,"{'level': 0.0, 'physical': {'g': 9.8, 'c_theta': 0.025, 'c_alpha': 0.001, 'k_t': 0.231, 'k_b': 0.1875, 'k_u': 0.04706, 'R': 4.2857, 'm1': 0.20625, 'm2': 0.15845, 'l1cg': 0.080305, 'l1': 0.151894, 'l2cg': 0.066733, 'I1z': 0.00049228, 'I2x': 0.00036892, 'I2y': 2.3641e-05, 'I2z': 0.00036139}, 'init_theta_std_deg': 5.0, 'init_alpha_std_deg': 8.0, 'init_theta_dot_std': 0.0, 'init_alpha_dot_std': 0.0, 'pwm_limit': 150.0, 'pwm_gain': 1.0, 'pwm_bias': 0.0, 'pwm_deadzone': 0.0, 'pwm_noise_sigma': 0.0, 'actuator_tau': 0.0, 'action_delay_steps': 0, 'theta_bias': 0.0, 'alpha_bias': 0.0, 'theta_sigma': 0.0, 'alpha_sigma': 0.0, 'theta_dot_sigma': 0.0, 'alpha_dot_sigma': 0.0, 'encoder_quantization_rad': 0.0, 'velocity_lpf': 0.25, 'process_theta_dot_sigma': 0.0, 'process_alpha_dot_sigma': 0.0}"
750000,1,matlab_nominal_reproduction,0.0,"{'level': 0.0, 'physical': {'g': 9.8, 'c_theta': 0.025, 'c_alpha': 0.001, 'k_t': 0.231, 'k_b': 0.1875, 'k_u': 0.04706, 'R': 4.2857, 'm1': 0.20625, 'm2': 0.15845, 'l1cg': 0.080305, 'l1': 0.151894, 'l2cg': 0.066733, 'I1z': 0.00049228, 'I2x': 0.00036892, 'I2y': 2.3641e-05, 'I2z': 0.00036139}, 'init_theta_std_deg': 5.0, 'init_alpha_std_deg': 8.0, 'init_theta_dot_std': 0.0, 'init_alpha_dot_std': 0.0, 'pwm_limit': 150.0, 'pwm_gain': 1.0, 'pwm_bias': 0.0, 'pwm_deadzone': 0.0, 'pwm_noise_sigma': 0.0, 'actuator_tau': 0.0, 'action_delay_steps': 0, 'theta_bias': 0.0, 'alpha_bias': 0.0, 'theta_sigma': 0.0, 'alpha_sigma': 0.0, 'theta_dot_sigma': 0.0, 'alpha_dot_sigma': 0.0, 'encoder_quantization_rad': 0.0, 'velocity_lpf': 0.25, 'process_theta_dot_sigma': 0.0, 'process_alpha_dot_sigma': 0.0}"
752000,1,matlab_nominal_reproduction,0.0,"{'level': 0.0, 'physical': {'g': 9.8, 'c_theta': 0.025, 'c_alpha': 0.001, 'k_t': 0.231, 'k_b': 0.1875, 'k_u': 0.04706, 'R': 4.2857, 'm1': 0.20625, 'm2': 0.15845, 'l1cg': 0.080305, 'l1': 0.151894, 'l2cg': 0.066733, 'I1z': 0.00049228, 'I2x': 0.00036892, 'I2y': 2.3641e-05, 'I2z': 0.00036139}, 'init_theta_std_deg': 5.0, 'init_alpha_std_deg': 8.0, 'init_theta_dot_std': 0.0, 'init_alpha_dot_std': 0.0, 'pwm_limit': 150.0, 'pwm_gain': 1.0, 'pwm_bias': 0.0, 'pwm_deadzone': 0.0, 'pwm_noise_sigma': 0.0, 'actuator_tau': 0.0, 'action_delay_steps': 0, 'theta_bias': 0.0, 'alpha_bias': 0.0, 'theta_sigma': 0.0, 'alpha_sigma': 0.0, 'theta_dot_sigma': 0.0, 'alpha_dot_sigma': 0.0, 'encoder_quantization_rad': 0.0, 'velocity_lpf': 0.25, 'process_theta_dot_sigma': 0.0, 'process_alpha_dot_sigma': 0.0}"
754000,1,matlab_nominal_reproduction,0.0,"{'level': 0.0, 'physical': {'g': 9.8, 'c_theta': 0.025, 'c_alpha': 0.001, 'k_t': 0.231, 'k_b': 0.1875, 'k_u': 0.04706, 'R': 4.2857, 'm1': 0.20625, 'm2': 0.15845, 'l1cg': 0.080305, 'l1': 0.151894, 'l2cg': 0.066733, 'I1z': 0.00049228, 'I2x': 0.00036892, 'I2y': 2.3641e-05, 'I2z': 0.00036139}, 'init_theta_std_deg': 5.0, 'init_alpha_std_deg': 8.0, 'init_theta_dot_std': 0.0, 'init_alpha_dot_std': 0.0, 'pwm_limit': 150.0, 'pwm_gain': 1.0, 'pwm_bias': 0.0, 'pwm_deadzone': 0.0, 'pwm_noise_sigma': 0.0, 'actuator_tau': 0.0, 'action_delay_steps': 0, 'theta_bias': 0.0, 'alpha_bias': 0.0, 'theta_sigma': 0.0, 'alpha_sigma': 0.0, 'theta_dot_sigma': 0.0, 'alpha_dot_sigma': 0.0, 'encoder_quantization_rad': 0.0, 'velocity_lpf': 0.25, 'process_theta_dot_sigma': 0.0, 'process_alpha_dot_sigma': 0.0}"
756000,1,matlab_nominal_reproduction,0.0,"{'level': 0.0, 'physical': {'g': 9.8, 'c_theta': 0.025, 'c_alpha': 0.001, 'k_t': 0.231, 'k_b': 0.1875, 'k_u': 0.04706, 'R': 4.2857, 'm1': 0.20625, 'm2': 0.15845, 'l1cg': 0.080305, 'l1': 0.151894, 'l2cg': 0.066733, 'I1z': 0.00049228, 'I2x': 0.00036892, 'I2y': 2.3641e-05, 'I2z': 0.00036139}, 'init_theta_std_deg': 5.0, 'init_alpha_std_deg': 8.0, 'init_theta_dot_std': 0.0, 'init_alpha_dot_std': 0.0, 'pwm_limit': 150.0, 'pwm_gain': 1.0, 'pwm_bias': 0.0, 'pwm_deadzone': 0.0, 'pwm_noise_sigma': 0.0, 'actuator_tau': 0.0, 'action_delay_steps': 0, 'theta_bias': 0.0, 'alpha_bias': 0.0, 'theta_sigma': 0.0, 'alpha_sigma': 0.0, 'theta_dot_sigma': 0.0, 'alpha_dot_sigma': 0.0, 'encoder_quantization_rad': 0.0, 'velocity_lpf': 0.25, 'process_theta_dot_sigma': 0.0, 'process_alpha_dot_sigma': 0.0}"
758000,1,matlab_nominal_reproduction,0.0,"{'level': 0.0, 'physical': {'g': 9.8, 'c_theta': 0.025, 'c_alpha': 0.001, 'k_t': 0.231, 'k_b': 0.1875, 'k_u': 0.04706, 'R': 4.2857, 'm1': 0.20625, 'm2': 0.15845, 'l1cg': 0.080305, 'l1': 0.151894, 'l2cg': 0.066733, 'I1z': 0.00049228, 'I2x': 0.00036892, 'I2y': 2.3641e-05, 'I2z': 0.00036139}, 'init_theta_std_deg': 5.0, 'init_alpha_std_deg': 8.0, 'init_theta_dot_std': 0.0, 'init_alpha_dot_std': 0.0, 'pwm_limit': 150.0, 'pwm_gain': 1.0, 'pwm_bias': 0.0, 'pwm_deadzone': 0.0, 'pwm_noise_sigma': 0.0, 'actuator_tau': 0.0, 'action_delay_steps': 0, 'theta_bias': 0.0, 'alpha_bias': 0.0, 'theta_sigma': 0.0, 'alpha_sigma': 0.0, 'theta_dot_sigma': 0.0, 'alpha_dot_sigma': 0.0, 'encoder_quantization_rad': 0.0, 'velocity_lpf': 0.25, 'process_theta_dot_sigma': 0.0, 'process_alpha_dot_sigma': 0.0}"
760000,1,matlab_nominal_reproduction,0.0,"{'level': 0.0, 'physical': {'g': 9.8, 'c_theta': 0.025, 'c_alpha': 0.001, 'k_t': 0.231, 'k_b': 0.1875, 'k_u': 0.04706, 'R': 4.2857, 'm1': 0.20625, 'm2': 0.15845, 'l1cg': 0.080305, 'l1': 0.151894, 'l2cg': 0.066733, 'I1z': 0.00049228, 'I2x': 0.00036892, 'I2y': 2.3641e-05, 'I2z': 0.00036139}, 'init_theta_std_deg': 5.0, 'init_alpha_std_deg': 8.0, 'init_theta_dot_std': 0.0, 'init_alpha_dot_std': 0.0, 'pwm_limit': 150.0, 'pwm_gain': 1.0, 'pwm_bias': 0.0, 'pwm_deadzone': 0.0, 'pwm_noise_sigma': 0.0, 'actuator_tau': 0.0, 'action_delay_steps': 0, 'theta_bias': 0.0, 'alpha_bias': 0.0, 'theta_sigma': 0.0, 'alpha_sigma': 0.0, 'theta_dot_sigma': 0.0, 'alpha_dot_sigma': 0.0, 'encoder_quantization_rad': 0.0, 'velocity_lpf': 0.25, 'process_theta_dot_sigma': 0.0, 'process_alpha_dot_sigma': 0.0}"
762000,1,matlab_nominal_reproduction,0.0,"{'level': 0.0, 'physical': {'g': 9.8, 'c_theta': 0.025, 'c_alpha': 0.001, 'k_t': 0.231, 'k_b': 0.1875, 'k_u': 0.04706, 'R': 4.2857, 'm1': 0.20625, 'm2': 0.15845, 'l1cg': 0.080305, 'l1': 0.151894, 'l2cg': 0.066733, 'I1z': 0.00049228, 'I2x': 0.00036892, 'I2y': 2.3641e-05, 'I2z': 0.00036139}, 'init_theta_std_deg': 5.0, 'init_alpha_std_deg': 8.0, 'init_theta_dot_std': 0.0, 'init_alpha_dot_std': 0.0, 'pwm_limit': 150.0, 'pwm_gain': 1.0, 'pwm_bias': 0.0, 'pwm_deadzone': 0.0, 'pwm_noise_sigma': 0.0, 'actuator_tau': 0.0, 'action_delay_steps': 0, 'theta_bias': 0.0, 'alpha_bias': 0.0, 'theta_sigma': 0.0, 'alpha_sigma': 0.0, 'theta_dot_sigma': 0.0, 'alpha_dot_sigma': 0.0, 'encoder_quantization_rad': 0.0, 'velocity_lpf': 0.25, 'process_theta_dot_sigma': 0.0, 'process_alpha_dot_sigma': 0.0}"
764000,1,matlab_nominal_reproduction,0.0,"{'level': 0.0, 'physical': {'g': 9.8, 'c_theta': 0.025, 'c_alpha': 0.001, 'k_t': 0.231, 'k_b': 0.1875, 'k_u': 0.04706, 'R': 4.2857, 'm1': 0.20625, 'm2': 0.15845, 'l1cg': 0.080305, 'l1': 0.151894, 'l2cg': 0.066733, 'I1z': 0.00049228, 'I2x': 0.00036892, 'I2y': 2.3641e-05, 'I2z': 0.00036139}, 'init_theta_std_deg': 5.0, 'init_alpha_std_deg': 8.0, 'init_theta_dot_std': 0.0, 'init_alpha_dot_std': 0.0, 'pwm_limit': 150.0, 'pwm_gain': 1.0, 'pwm_bias': 0.0, 'pwm_deadzone': 0.0, 'pwm_noise_sigma': 0.0, 'actuator_tau': 0.0, 'action_delay_steps': 0, 'theta_bias': 0.0, 'alpha_bias': 0.0, 'theta_sigma': 0.0, 'alpha_sigma': 0.0, 'theta_dot_sigma': 0.0, 'alpha_dot_sigma': 0.0, 'encoder_quantization_rad': 0.0, 'velocity_lpf': 0.25, 'process_theta_dot_sigma': 0.0, 'process_alpha_dot_sigma': 0.0}"
766000,1,matlab_nominal_reproduction,0.0,"{'level': 0.0, 'physical': {'g': 9.8, 'c_theta': 0.025, 'c_alpha': 0.001, 'k_t': 0.231, 'k_b': 0.1875, 'k_u': 0.04706, 'R': 4.2857, 'm1': 0.20625, 'm2': 0.15845, 'l1cg': 0.080305, 'l1': 0.151894, 'l2cg': 0.066733, 'I1z': 0.00049228, 'I2x': 0.00036892, 'I2y': 2.3641e-05, 'I2z': 0.00036139}, 'init_theta_std_deg': 5.0, 'init_alpha_std_deg': 8.0, 'init_theta_dot_std': 0.0, 'init_alpha_dot_std': 0.0, 'pwm_limit': 150.0, 'pwm_gain': 1.0, 'pwm_bias': 0.0, 'pwm_deadzone': 0.0, 'pwm_noise_sigma': 0.0, 'actuator_tau': 0.0, 'action_delay_steps': 0, 'theta_bias': 0.0, 'alpha_bias': 0.0, 'theta_sigma': 0.0, 'alpha_sigma': 0.0, 'theta_dot_sigma': 0.0, 'alpha_dot_sigma': 0.0, 'encoder_quantization_rad': 0.0, 'velocity_lpf': 0.25, 'process_theta_dot_sigma': 0.0, 'process_alpha_dot_sigma': 0.0}"
768000,1,matlab_nominal_reproduction,0.0,"{'level': 0.0, 'physical': {'g': 9.8, 'c_theta': 0.025, 'c_alpha': 0.001, 'k_t': 0.231, 'k_b': 0.1875, 'k_u': 0.04706, 'R': 4.2857, 'm1': 0.20625, 'm2': 0.15845, 'l1cg': 0.080305, 'l1': 0.151894, 'l2cg': 0.066733, 'I1z': 0.00049228, 'I2x': 0.00036892, 'I2y': 2.3641e-05, 'I2z': 0.00036139}, 'init_theta_std_deg': 5.0, 'init_alpha_std_deg': 8.0, 'init_theta_dot_std': 0.0, 'init_alpha_dot_std': 0.0, 'pwm_limit': 150.0, 'pwm_gain': 1.0, 'pwm_bias': 0.0, 'pwm_deadzone': 0.0, 'pwm_noise_sigma': 0.0, 'actuator_tau': 0.0, 'action_delay_steps': 0, 'theta_bias': 0.0, 'alpha_bias': 0.0, 'theta_sigma': 0.0, 'alpha_sigma': 0.0, 'theta_dot_sigma': 0.0, 'alpha_dot_sigma': 0.0, 'encoder_quantization_rad': 0.0, 'velocity_lpf': 0.25, 'process_theta_dot_sigma': 0.0, 'process_alpha_dot_sigma': 0.0}"
770000,1,matlab_nominal_reproduction,0.0,"{'level': 0.0, 'physical': {'g': 9.8, 'c_theta': 0.025, 'c_alpha': 0.001, 'k_t': 0.231, 'k_b': 0.1875, 'k_u': 0.04706, 'R': 4.2857, 'm1': 0.20625, 'm2': 0.15845, 'l1cg': 0.080305, 'l1': 0.151894, 'l2cg': 0.066733, 'I1z': 0.00049228, 'I2x': 0.00036892, 'I2y': 2.3641e-05, 'I2z': 0.00036139}, 'init_theta_std_deg': 5.0, 'init_alpha_std_deg': 8.0, 'init_theta_dot_std': 0.0, 'init_alpha_dot_std': 0.0, 'pwm_limit': 150.0, 'pwm_gain': 1.0, 'pwm_bias': 0.0, 'pwm_deadzone': 0.0, 'pwm_noise_sigma': 0.0, 'actuator_tau': 0.0, 'action_delay_steps': 0, 'theta_bias': 0.0, 'alpha_bias': 0.0, 'theta_sigma': 0.0, 'alpha_sigma': 0.0, 'theta_dot_sigma': 0.0, 'alpha_dot_sigma': 0.0, 'encoder_quantization_rad': 0.0, 'velocity_lpf': 0.25, 'process_theta_dot_sigma': 0.0, 'process_alpha_dot_sigma': 0.0}"
772000,1,matlab_nominal_reproduction,0.0,"{'level': 0.0, 'physical': {'g': 9.8, 'c_theta': 0.025, 'c_alpha': 0.001, 'k_t': 0.231, 'k_b': 0.1875, 'k_u': 0.04706, 'R': 4.2857, 'm1': 0.20625, 'm2': 0.15845, 'l1cg': 0.080305, 'l1': 0.151894, 'l2cg': 0.066733, 'I1z': 0.00049228, 'I2x': 0.00036892, 'I2y': 2.3641e-05, 'I2z': 0.00036139}, 'init_theta_std_deg': 5.0, 'init_alpha_std_deg': 8.0, 'init_theta_dot_std': 0.0, 'init_alpha_dot_std': 0.0, 'pwm_limit': 150.0, 'pwm_gain': 1.0, 'pwm_bias': 0.0, 'pwm_deadzone': 0.0, 'pwm_noise_sigma': 0.0, 'actuator_tau': 0.0, 'action_delay_steps': 0, 'theta_bias': 0.0, 'alpha_bias': 0.0, 'theta_sigma': 0.0, 'alpha_sigma': 0.0, 'theta_dot_sigma': 0.0, 'alpha_dot_sigma': 0.0, 'encoder_quantization_rad': 0.0, 'velocity_lpf': 0.25, 'process_theta_dot_sigma': 0.0, 'process_alpha_dot_sigma': 0.0}"
774000,1,matlab_nominal_reproduction,0.0,"{'level': 0.0, 'physical': {'g': 9.8, 'c_theta': 0.025, 'c_alpha': 0.001, 'k_t': 0.231, 'k_b': 0.1875, 'k_u': 0.04706, 'R': 4.2857, 'm1': 0.20625, 'm2': 0.15845, 'l1cg': 0.080305, 'l1': 0.151894, 'l2cg': 0.066733, 'I1z': 0.00049228, 'I2x': 0.00036892, 'I2y': 2.3641e-05, 'I2z': 0.00036139}, 'init_theta_std_deg': 5.0, 'init_alpha_std_deg': 8.0, 'init_theta_dot_std': 0.0, 'init_alpha_dot_std': 0.0, 'pwm_limit': 150.0, 'pwm_gain': 1.0, 'pwm_bias': 0.0, 'pwm_deadzone': 0.0, 'pwm_noise_sigma': 0.0, 'actuator_tau': 0.0, 'action_delay_steps': 0, 'theta_bias': 0.0, 'alpha_bias': 0.0, 'theta_sigma': 0.0, 'alpha_sigma': 0.0, 'theta_dot_sigma': 0.0, 'alpha_dot_sigma': 0.0, 'encoder_quantization_rad': 0.0, 'velocity_lpf': 0.25, 'process_theta_dot_sigma': 0.0, 'process_alpha_dot_sigma': 0.0}"
776000,1,matlab_nominal_reproduction,0.0,"{'level': 0.0, 'physical': {'g': 9.8, 'c_theta': 0.025, 'c_alpha': 0.001, 'k_t': 0.231, 'k_b': 0.1875, 'k_u': 0.04706, 'R': 4.2857, 'm1': 0.20625, 'm2': 0.15845, 'l1cg': 0.080305, 'l1': 0.151894, 'l2cg': 0.066733, 'I1z': 0.00049228, 'I2x': 0.00036892, 'I2y': 2.3641e-05, 'I2z': 0.00036139}, 'init_theta_std_deg': 5.0, 'init_alpha_std_deg': 8.0, 'init_theta_dot_std': 0.0, 'init_alpha_dot_std': 0.0, 'pwm_limit': 150.0, 'pwm_gain': 1.0, 'pwm_bias': 0.0, 'pwm_deadzone': 0.0, 'pwm_noise_sigma': 0.0, 'actuator_tau': 0.0, 'action_delay_steps': 0, 'theta_bias': 0.0, 'alpha_bias': 0.0, 'theta_sigma': 0.0, 'alpha_sigma': 0.0, 'theta_dot_sigma': 0.0, 'alpha_dot_sigma': 0.0, 'encoder_quantization_rad': 0.0, 'velocity_lpf': 0.25, 'process_theta_dot_sigma': 0.0, 'process_alpha_dot_sigma': 0.0}"
778000,1,matlab_nominal_reproduction,0.0,"{'level': 0.0, 'physical': {'g': 9.8, 'c_theta': 0.025, 'c_alpha': 0.001, 'k_t': 0.231, 'k_b': 0.1875, 'k_u': 0.04706, 'R': 4.2857, 'm1': 0.20625, 'm2': 0.15845, 'l1cg': 0.080305, 'l1': 0.151894, 'l2cg': 0.066733, 'I1z': 0.00049228, 'I2x': 0.00036892, 'I2y': 2.3641e-05, 'I2z': 0.00036139}, 'init_theta_std_deg': 5.0, 'init_alpha_std_deg': 8.0, 'init_theta_dot_std': 0.0, 'init_alpha_dot_std': 0.0, 'pwm_limit': 150.0, 'pwm_gain': 1.0, 'pwm_bias': 0.0, 'pwm_deadzone': 0.0, 'pwm_noise_sigma': 0.0, 'actuator_tau': 0.0, 'action_delay_steps': 0, 'theta_bias': 0.0, 'alpha_bias': 0.0, 'theta_sigma': 0.0, 'alpha_sigma': 0.0, 'theta_dot_sigma': 0.0, 'alpha_dot_sigma': 0.0, 'encoder_quantization_rad': 0.0, 'velocity_lpf': 0.25, 'process_theta_dot_sigma': 0.0, 'process_alpha_dot_sigma': 0.0}"
780000,1,matlab_nominal_reproduction,0.0,"{'level': 0.0, 'physical': {'g': 9.8, 'c_theta': 0.025, 'c_alpha': 0.001, 'k_t': 0.231, 'k_b': 0.1875, 'k_u': 0.04706, 'R': 4.2857, 'm1': 0.20625, 'm2': 0.15845, 'l1cg': 0.080305, 'l1': 0.151894, 'l2cg': 0.066733, 'I1z': 0.00049228, 'I2x': 0.00036892, 'I2y': 2.3641e-05, 'I2z': 0.00036139}, 'init_theta_std_deg': 5.0, 'init_alpha_std_deg': 8.0, 'init_theta_dot_std': 0.0, 'init_alpha_dot_std': 0.0, 'pwm_limit': 150.0, 'pwm_gain': 1.0, 'pwm_bias': 0.0, 'pwm_deadzone': 0.0, 'pwm_noise_sigma': 0.0, 'actuator_tau': 0.0, 'action_delay_steps': 0, 'theta_bias': 0.0, 'alpha_bias': 0.0, 'theta_sigma': 0.0, 'alpha_sigma': 0.0, 'theta_dot_sigma': 0.0, 'alpha_dot_sigma': 0.0, 'encoder_quantization_rad': 0.0, 'velocity_lpf': 0.25, 'process_theta_dot_sigma': 0.0, 'process_alpha_dot_sigma': 0.0}"
782000,1,matlab_nominal_reproduction,0.0,"{'level': 0.0, 'physical': {'g': 9.8, 'c_theta': 0.025, 'c_alpha': 0.001, 'k_t': 0.231, 'k_b': 0.1875, 'k_u': 0.04706, 'R': 4.2857, 'm1': 0.20625, 'm2': 0.15845, 'l1cg': 0.080305, 'l1': 0.151894, 'l2cg': 0.066733, 'I1z': 0.00049228, 'I2x': 0.00036892, 'I2y': 2.3641e-05, 'I2z': 0.00036139}, 'init_theta_std_deg': 5.0, 'init_alpha_std_deg': 8.0, 'init_theta_dot_std': 0.0, 'init_alpha_dot_std': 0.0, 'pwm_limit': 150.0, 'pwm_gain': 1.0, 'pwm_bias': 0.0, 'pwm_deadzone': 0.0, 'pwm_noise_sigma': 0.0, 'actuator_tau': 0.0, 'action_delay_steps': 0, 'theta_bias': 0.0, 'alpha_bias': 0.0, 'theta_sigma': 0.0, 'alpha_sigma': 0.0, 'theta_dot_sigma': 0.0, 'alpha_dot_sigma': 0.0, 'encoder_quantization_rad': 0.0, 'velocity_lpf': 0.25, 'process_theta_dot_sigma': 0.0, 'process_alpha_dot_sigma': 0.0}"
784000,1,matlab_nominal_reproduction,0.0,"{'level': 0.0, 'physical': {'g': 9.8, 'c_theta': 0.025, 'c_alpha': 0.001, 'k_t': 0.231, 'k_b': 0.1875, 'k_u': 0.04706, 'R': 4.2857, 'm1': 0.20625, 'm2': 0.15845, 'l1cg': 0.080305, 'l1': 0.151894, 'l2cg': 0.066733, 'I1z': 0.00049228, 'I2x': 0.00036892, 'I2y': 2.3641e-05, 'I2z': 0.00036139}, 'init_theta_std_deg': 5.0, 'init_alpha_std_deg': 8.0, 'init_theta_dot_std': 0.0, 'init_alpha_dot_std': 0.0, 'pwm_limit': 150.0, 'pwm_gain': 1.0, 'pwm_bias': 0.0, 'pwm_deadzone': 0.0, 'pwm_noise_sigma': 0.0, 'actuator_tau': 0.0, 'action_delay_steps': 0, 'theta_bias': 0.0, 'alpha_bias': 0.0, 'theta_sigma': 0.0, 'alpha_sigma': 0.0, 'theta_dot_sigma': 0.0, 'alpha_dot_sigma': 0.0, 'encoder_quantization_rad': 0.0, 'velocity_lpf': 0.25, 'process_theta_dot_sigma': 0.0, 'process_alpha_dot_sigma': 0.0}"
786000,1,matlab_nominal_reproduction,0.0,"{'level': 0.0, 'physical': {'g': 9.8, 'c_theta': 0.025, 'c_alpha': 0.001, 'k_t': 0.231, 'k_b': 0.1875, 'k_u': 0.04706, 'R': 4.2857, 'm1': 0.20625, 'm2': 0.15845, 'l1cg': 0.080305, 'l1': 0.151894, 'l2cg': 0.066733, 'I1z': 0.00049228, 'I2x': 0.00036892, 'I2y': 2.3641e-05, 'I2z': 0.00036139}, 'init_theta_std_deg': 5.0, 'init_alpha_std_deg': 8.0, 'init_theta_dot_std': 0.0, 'init_alpha_dot_std': 0.0, 'pwm_limit': 150.0, 'pwm_gain': 1.0, 'pwm_bias': 0.0, 'pwm_deadzone': 0.0, 'pwm_noise_sigma': 0.0, 'actuator_tau': 0.0, 'action_delay_steps': 0, 'theta_bias': 0.0, 'alpha_bias': 0.0, 'theta_sigma': 0.0, 'alpha_sigma': 0.0, 'theta_dot_sigma': 0.0, 'alpha_dot_sigma': 0.0, 'encoder_quantization_rad': 0.0, 'velocity_lpf': 0.25, 'process_theta_dot_sigma': 0.0, 'process_alpha_dot_sigma': 0.0}"
788000,1,matlab_nominal_reproduction,0.0,"{'level': 0.0, 'physical': {'g': 9.8, 'c_theta': 0.025, 'c_alpha': 0.001, 'k_t': 0.231, 'k_b': 0.1875, 'k_u': 0.04706, 'R': 4.2857, 'm1': 0.20625, 'm2': 0.15845, 'l1cg': 0.080305, 'l1': 0.151894, 'l2cg': 0.066733, 'I1z': 0.00049228, 'I2x': 0.00036892, 'I2y': 2.3641e-05, 'I2z': 0.00036139}, 'init_theta_std_deg': 5.0, 'init_alpha_std_deg': 8.0, 'init_theta_dot_std': 0.0, 'init_alpha_dot_std': 0.0, 'pwm_limit': 150.0, 'pwm_gain': 1.0, 'pwm_bias': 0.0, 'pwm_deadzone': 0.0, 'pwm_noise_sigma': 0.0, 'actuator_tau': 0.0, 'action_delay_steps': 0, 'theta_bias': 0.0, 'alpha_bias': 0.0, 'theta_sigma': 0.0, 'alpha_sigma': 0.0, 'theta_dot_sigma': 0.0, 'alpha_dot_sigma': 0.0, 'encoder_quantization_rad': 0.0, 'velocity_lpf': 0.25, 'process_theta_dot_sigma': 0.0, 'process_alpha_dot_sigma': 0.0}"
790000,1,matlab_nominal_reproduction,0.0,"{'level': 0.0, 'physical': {'g': 9.8, 'c_theta': 0.025, 'c_alpha': 0.001, 'k_t': 0.231, 'k_b': 0.1875, 'k_u': 0.04706, 'R': 4.2857, 'm1': 0.20625, 'm2': 0.15845, 'l1cg': 0.080305, 'l1': 0.151894, 'l2cg': 0.066733, 'I1z': 0.00049228, 'I2x': 0.00036892, 'I2y': 2.3641e-05, 'I2z': 0.00036139}, 'init_theta_std_deg': 5.0, 'init_alpha_std_deg': 8.0, 'init_theta_dot_std': 0.0, 'init_alpha_dot_std': 0.0, 'pwm_limit': 150.0, 'pwm_gain': 1.0, 'pwm_bias': 0.0, 'pwm_deadzone': 0.0, 'pwm_noise_sigma': 0.0, 'actuator_tau': 0.0, 'action_delay_steps': 0, 'theta_bias': 0.0, 'alpha_bias': 0.0, 'theta_sigma': 0.0, 'alpha_sigma': 0.0, 'theta_dot_sigma': 0.0, 'alpha_dot_sigma': 0.0, 'encoder_quantization_rad': 0.0, 'velocity_lpf': 0.25, 'process_theta_dot_sigma': 0.0, 'process_alpha_dot_sigma': 0.0}"
792000,1,matlab_nominal_reproduction,0.0,"{'level': 0.0, 'physical': {'g': 9.8, 'c_theta': 0.025, 'c_alpha': 0.001, 'k_t': 0.231, 'k_b': 0.1875, 'k_u': 0.04706, 'R': 4.2857, 'm1': 0.20625, 'm2': 0.15845, 'l1cg': 0.080305, 'l1': 0.151894, 'l2cg': 0.066733, 'I1z': 0.00049228, 'I2x': 0.00036892, 'I2y': 2.3641e-05, 'I2z': 0.00036139}, 'init_theta_std_deg': 5.0, 'init_alpha_std_deg': 8.0, 'init_theta_dot_std': 0.0, 'init_alpha_dot_std': 0.0, 'pwm_limit': 150.0, 'pwm_gain': 1.0, 'pwm_bias': 0.0, 'pwm_deadzone': 0.0, 'pwm_noise_sigma': 0.0, 'actuator_tau': 0.0, 'action_delay_steps': 0, 'theta_bias': 0.0, 'alpha_bias': 0.0, 'theta_sigma': 0.0, 'alpha_sigma': 0.0, 'theta_dot_sigma': 0.0, 'alpha_dot_sigma': 0.0, 'encoder_quantization_rad': 0.0, 'velocity_lpf': 0.25, 'process_theta_dot_sigma': 0.0, 'process_alpha_dot_sigma': 0.0}"
794000,1,matlab_nominal_reproduction,0.0,"{'level': 0.0, 'physical': {'g': 9.8, 'c_theta': 0.025, 'c_alpha': 0.001, 'k_t': 0.231, 'k_b': 0.1875, 'k_u': 0.04706, 'R': 4.2857, 'm1': 0.20625, 'm2': 0.15845, 'l1cg': 0.080305, 'l1': 0.151894, 'l2cg': 0.066733, 'I1z': 0.00049228, 'I2x': 0.00036892, 'I2y': 2.3641e-05, 'I2z': 0.00036139}, 'init_theta_std_deg': 5.0, 'init_alpha_std_deg': 8.0, 'init_theta_dot_std': 0.0, 'init_alpha_dot_std': 0.0, 'pwm_limit': 150.0, 'pwm_gain': 1.0, 'pwm_bias': 0.0, 'pwm_deadzone': 0.0, 'pwm_noise_sigma': 0.0, 'actuator_tau': 0.0, 'action_delay_steps': 0, 'theta_bias': 0.0, 'alpha_bias': 0.0, 'theta_sigma': 0.0, 'alpha_sigma': 0.0, 'theta_dot_sigma': 0.0, 'alpha_dot_sigma': 0.0, 'encoder_quantization_rad': 0.0, 'velocity_lpf': 0.25, 'process_theta_dot_sigma': 0.0, 'process_alpha_dot_sigma': 0.0}"
796000,1,matlab_nominal_reproduction,0.0,"{'level': 0.0, 'physical': {'g': 9.8, 'c_theta': 0.025, 'c_alpha': 0.001, 'k_t': 0.231, 'k_b': 0.1875, 'k_u': 0.04706, 'R': 4.2857, 'm1': 0.20625, 'm2': 0.15845, 'l1cg': 0.080305, 'l1': 0.151894, 'l2cg': 0.066733, 'I1z': 0.00049228, 'I2x': 0.00036892, 'I2y': 2.3641e-05, 'I2z': 0.00036139}, 'init_theta_std_deg': 5.0, 'init_alpha_std_deg': 8.0, 'init_theta_dot_std': 0.0, 'init_alpha_dot_std': 0.0, 'pwm_limit': 150.0, 'pwm_gain': 1.0, 'pwm_bias': 0.0, 'pwm_deadzone': 0.0, 'pwm_noise_sigma': 0.0, 'actuator_tau': 0.0, 'action_delay_steps': 0, 'theta_bias': 0.0, 'alpha_bias': 0.0, 'theta_sigma': 0.0, 'alpha_sigma': 0.0, 'theta_dot_sigma': 0.0, 'alpha_dot_sigma': 0.0, 'encoder_quantization_rad': 0.0, 'velocity_lpf': 0.25, 'process_theta_dot_sigma': 0.0, 'process_alpha_dot_sigma': 0.0}"
798000,1,matlab_nominal_reproduction,0.0,"{'level': 0.0, 'physical': {'g': 9.8, 'c_theta': 0.025, 'c_alpha': 0.001, 'k_t': 0.231, 'k_b': 0.1875, 'k_u': 0.04706, 'R': 4.2857, 'm1': 0.20625, 'm2': 0.15845, 'l1cg': 0.080305, 'l1': 0.151894, 'l2cg': 0.066733, 'I1z': 0.00049228, 'I2x': 0.00036892, 'I2y': 2.3641e-05, 'I2z': 0.00036139}, 'init_theta_std_deg': 5.0, 'init_alpha_std_deg': 8.0, 'init_theta_dot_std': 0.0, 'init_alpha_dot_std': 0.0, 'pwm_limit': 150.0, 'pwm_gain': 1.0, 'pwm_bias': 0.0, 'pwm_deadzone': 0.0, 'pwm_noise_sigma': 0.0, 'actuator_tau': 0.0, 'action_delay_steps': 0, 'theta_bias': 0.0, 'alpha_bias': 0.0, 'theta_sigma': 0.0, 'alpha_sigma': 0.0, 'theta_dot_sigma': 0.0, 'alpha_dot_sigma': 0.0, 'encoder_quantization_rad': 0.0, 'velocity_lpf': 0.25, 'process_theta_dot_sigma': 0.0, 'process_alpha_dot_sigma': 0.0}"
800000,1,matlab_nominal_reproduction,0.0,"{'level': 0.0, 'physical': {'g': 9.8, 'c_theta': 0.025, 'c_alpha': 0.001, 'k_t': 0.231, 'k_b': 0.1875, 'k_u': 0.04706, 'R': 4.2857, 'm1': 0.20625, 'm2': 0.15845, 'l1cg': 0.080305, 'l1': 0.151894, 'l2cg': 0.066733, 'I1z': 0.00049228, 'I2x': 0.00036892, 'I2y': 2.3641e-05, 'I2z': 0.00036139}, 'init_theta_std_deg': 5.0, 'init_alpha_std_deg': 8.0, 'init_theta_dot_std': 0.0, 'init_alpha_dot_std': 0.0, 'pwm_limit': 150.0, 'pwm_gain': 1.0, 'pwm_bias': 0.0, 'pwm_deadzone': 0.0, 'pwm_noise_sigma': 0.0, 'actuator_tau': 0.0, 'action_delay_steps': 0, 'theta_bias': 0.0, 'alpha_bias': 0.0, 'theta_sigma': 0.0, 'alpha_sigma': 0.0, 'theta_dot_sigma': 0.0, 'alpha_dot_sigma': 0.0, 'encoder_quantization_rad': 0.0, 'velocity_lpf': 0.25, 'process_theta_dot_sigma': 0.0, 'process_alpha_dot_sigma': 0.0}"
802000,1,matlab_nominal_reproduction,0.0,"{'level': 0.0, 'physical': {'g': 9.8, 'c_theta': 0.025, 'c_alpha': 0.001, 'k_t': 0.231, 'k_b': 0.1875, 'k_u': 0.04706, 'R': 4.2857, 'm1': 0.20625, 'm2': 0.15845, 'l1cg': 0.080305, 'l1': 0.151894, 'l2cg': 0.066733, 'I1z': 0.00049228, 'I2x': 0.00036892, 'I2y': 2.3641e-05, 'I2z': 0.00036139}, 'init_theta_std_deg': 5.0, 'init_alpha_std_deg': 8.0, 'init_theta_dot_std': 0.0, 'init_alpha_dot_std': 0.0, 'pwm_limit': 150.0, 'pwm_gain': 1.0, 'pwm_bias': 0.0, 'pwm_deadzone': 0.0, 'pwm_noise_sigma': 0.0, 'actuator_tau': 0.0, 'action_delay_steps': 0, 'theta_bias': 0.0, 'alpha_bias': 0.0, 'theta_sigma': 0.0, 'alpha_sigma': 0.0, 'theta_dot_sigma': 0.0, 'alpha_dot_sigma': 0.0, 'encoder_quantization_rad': 0.0, 'velocity_lpf': 0.25, 'process_theta_dot_sigma': 0.0, 'process_alpha_dot_sigma': 0.0}"
804000,1,matlab_nominal_reproduction,0.0,"{'level': 0.0, 'physical': {'g': 9.8, 'c_theta': 0.025, 'c_alpha': 0.001, 'k_t': 0.231, 'k_b': 0.1875, 'k_u': 0.04706, 'R': 4.2857, 'm1': 0.20625, 'm2': 0.15845, 'l1cg': 0.080305, 'l1': 0.151894, 'l2cg': 0.066733, 'I1z': 0.00049228, 'I2x': 0.00036892, 'I2y': 2.3641e-05, 'I2z': 0.00036139}, 'init_theta_std_deg': 5.0, 'init_alpha_std_deg': 8.0, 'init_theta_dot_std': 0.0, 'init_alpha_dot_std': 0.0, 'pwm_limit': 150.0, 'pwm_gain': 1.0, 'pwm_bias': 0.0, 'pwm_deadzone': 0.0, 'pwm_noise_sigma': 0.0, 'actuator_tau': 0.0, 'action_delay_steps': 0, 'theta_bias': 0.0, 'alpha_bias': 0.0, 'theta_sigma': 0.0, 'alpha_sigma': 0.0, 'theta_dot_sigma': 0.0, 'alpha_dot_sigma': 0.0, 'encoder_quantization_rad': 0.0, 'velocity_lpf': 0.25, 'process_theta_dot_sigma': 0.0, 'process_alpha_dot_sigma': 0.0}"
806000,1,matlab_nominal_reproduction,0.0,"{'level': 0.0, 'physical': {'g': 9.8, 'c_theta': 0.025, 'c_alpha': 0.001, 'k_t': 0.231, 'k_b': 0.1875, 'k_u': 0.04706, 'R': 4.2857, 'm1': 0.20625, 'm2': 0.15845, 'l1cg': 0.080305, 'l1': 0.151894, 'l2cg': 0.066733, 'I1z': 0.00049228, 'I2x': 0.00036892, 'I2y': 2.3641e-05, 'I2z': 0.00036139}, 'init_theta_std_deg': 5.0, 'init_alpha_std_deg': 8.0, 'init_theta_dot_std': 0.0, 'init_alpha_dot_std': 0.0, 'pwm_limit': 150.0, 'pwm_gain': 1.0, 'pwm_bias': 0.0, 'pwm_deadzone': 0.0, 'pwm_noise_sigma': 0.0, 'actuator_tau': 0.0, 'action_delay_steps': 0, 'theta_bias': 0.0, 'alpha_bias': 0.0, 'theta_sigma': 0.0, 'alpha_sigma': 0.0, 'theta_dot_sigma': 0.0, 'alpha_dot_sigma': 0.0, 'encoder_quantization_rad': 0.0, 'velocity_lpf': 0.25, 'process_theta_dot_sigma': 0.0, 'process_alpha_dot_sigma': 0.0}"
808000,1,matlab_nominal_reproduction,0.0,"{'level': 0.0, 'physical': {'g': 9.8, 'c_theta': 0.025, 'c_alpha': 0.001, 'k_t': 0.231, 'k_b': 0.1875, 'k_u': 0.04706, 'R': 4.2857, 'm1': 0.20625, 'm2': 0.15845, 'l1cg': 0.080305, 'l1': 0.151894, 'l2cg': 0.066733, 'I1z': 0.00049228, 'I2x': 0.00036892, 'I2y': 2.3641e-05, 'I2z': 0.00036139}, 'init_theta_std_deg': 5.0, 'init_alpha_std_deg': 8.0, 'init_theta_dot_std': 0.0, 'init_alpha_dot_std': 0.0, 'pwm_limit': 150.0, 'pwm_gain': 1.0, 'pwm_bias': 0.0, 'pwm_deadzone': 0.0, 'pwm_noise_sigma': 0.0, 'actuator_tau': 0.0, 'action_delay_steps': 0, 'theta_bias': 0.0, 'alpha_bias': 0.0, 'theta_sigma': 0.0, 'alpha_sigma': 0.0, 'theta_dot_sigma': 0.0, 'alpha_dot_sigma': 0.0, 'encoder_quantization_rad': 0.0, 'velocity_lpf': 0.25, 'process_theta_dot_sigma': 0.0, 'process_alpha_dot_sigma': 0.0}"
810000,1,matlab_nominal_reproduction,0.0,"{'level': 0.0, 'physical': {'g': 9.8, 'c_theta': 0.025, 'c_alpha': 0.001, 'k_t': 0.231, 'k_b': 0.1875, 'k_u': 0.04706, 'R': 4.2857, 'm1': 0.20625, 'm2': 0.15845, 'l1cg': 0.080305, 'l1': 0.151894, 'l2cg': 0.066733, 'I1z': 0.00049228, 'I2x': 0.00036892, 'I2y': 2.3641e-05, 'I2z': 0.00036139}, 'init_theta_std_deg': 5.0, 'init_alpha_std_deg': 8.0, 'init_theta_dot_std': 0.0, 'init_alpha_dot_std': 0.0, 'pwm_limit': 150.0, 'pwm_gain': 1.0, 'pwm_bias': 0.0, 'pwm_deadzone': 0.0, 'pwm_noise_sigma': 0.0, 'actuator_tau': 0.0, 'action_delay_steps': 0, 'theta_bias': 0.0, 'alpha_bias': 0.0, 'theta_sigma': 0.0, 'alpha_sigma': 0.0, 'theta_dot_sigma': 0.0, 'alpha_dot_sigma': 0.0, 'encoder_quantization_rad': 0.0, 'velocity_lpf': 0.25, 'process_theta_dot_sigma': 0.0, 'process_alpha_dot_sigma': 0.0}"
812000,1,matlab_nominal_reproduction,0.0,"{'level': 0.0, 'physical': {'g': 9.8, 'c_theta': 0.025, 'c_alpha': 0.001, 'k_t': 0.231, 'k_b': 0.1875, 'k_u': 0.04706, 'R': 4.2857, 'm1': 0.20625, 'm2': 0.15845, 'l1cg': 0.080305, 'l1': 0.151894, 'l2cg': 0.066733, 'I1z': 0.00049228, 'I2x': 0.00036892, 'I2y': 2.3641e-05, 'I2z': 0.00036139}, 'init_theta_std_deg': 5.0, 'init_alpha_std_deg': 8.0, 'init_theta_dot_std': 0.0, 'init_alpha_dot_std': 0.0, 'pwm_limit': 150.0, 'pwm_gain': 1.0, 'pwm_bias': 0.0, 'pwm_deadzone': 0.0, 'pwm_noise_sigma': 0.0, 'actuator_tau': 0.0, 'action_delay_steps': 0, 'theta_bias': 0.0, 'alpha_bias': 0.0, 'theta_sigma': 0.0, 'alpha_sigma': 0.0, 'theta_dot_sigma': 0.0, 'alpha_dot_sigma': 0.0, 'encoder_quantization_rad': 0.0, 'velocity_lpf': 0.25, 'process_theta_dot_sigma': 0.0, 'process_alpha_dot_sigma': 0.0}"
814000,1,matlab_nominal_reproduction,0.0,"{'level': 0.0, 'physical': {'g': 9.8, 'c_theta': 0.025, 'c_alpha': 0.001, 'k_t': 0.231, 'k_b': 0.1875, 'k_u': 0.04706, 'R': 4.2857, 'm1': 0.20625, 'm2': 0.15845, 'l1cg': 0.080305, 'l1': 0.151894, 'l2cg': 0.066733, 'I1z': 0.00049228, 'I2x': 0.00036892, 'I2y': 2.3641e-05, 'I2z': 0.00036139}, 'init_theta_std_deg': 5.0, 'init_alpha_std_deg': 8.0, 'init_theta_dot_std': 0.0, 'init_alpha_dot_std': 0.0, 'pwm_limit': 150.0, 'pwm_gain': 1.0, 'pwm_bias': 0.0, 'pwm_deadzone': 0.0, 'pwm_noise_sigma': 0.0, 'actuator_tau': 0.0, 'action_delay_steps': 0, 'theta_bias': 0.0, 'alpha_bias': 0.0, 'theta_sigma': 0.0, 'alpha_sigma': 0.0, 'theta_dot_sigma': 0.0, 'alpha_dot_sigma': 0.0, 'encoder_quantization_rad': 0.0, 'velocity_lpf': 0.25, 'process_theta_dot_sigma': 0.0, 'process_alpha_dot_sigma': 0.0}"
816000,1,matlab_nominal_reproduction,0.0,"{'level': 0.0, 'physical': {'g': 9.8, 'c_theta': 0.025, 'c_alpha': 0.001, 'k_t': 0.231, 'k_b': 0.1875, 'k_u': 0.04706, 'R': 4.2857, 'm1': 0.20625, 'm2': 0.15845, 'l1cg': 0.080305, 'l1': 0.151894, 'l2cg': 0.066733, 'I1z': 0.00049228, 'I2x': 0.00036892, 'I2y': 2.3641e-05, 'I2z': 0.00036139}, 'init_theta_std_deg': 5.0, 'init_alpha_std_deg': 8.0, 'init_theta_dot_std': 0.0, 'init_alpha_dot_std': 0.0, 'pwm_limit': 150.0, 'pwm_gain': 1.0, 'pwm_bias': 0.0, 'pwm_deadzone': 0.0, 'pwm_noise_sigma': 0.0, 'actuator_tau': 0.0, 'action_delay_steps': 0, 'theta_bias': 0.0, 'alpha_bias': 0.0, 'theta_sigma': 0.0, 'alpha_sigma': 0.0, 'theta_dot_sigma': 0.0, 'alpha_dot_sigma': 0.0, 'encoder_quantization_rad': 0.0, 'velocity_lpf': 0.25, 'process_theta_dot_sigma': 0.0, 'process_alpha_dot_sigma': 0.0}"
818000,1,matlab_nominal_reproduction,0.0,"{'level': 0.0, 'physical': {'g': 9.8, 'c_theta': 0.025, 'c_alpha': 0.001, 'k_t': 0.231, 'k_b': 0.1875, 'k_u': 0.04706, 'R': 4.2857, 'm1': 0.20625, 'm2': 0.15845, 'l1cg': 0.080305, 'l1': 0.151894, 'l2cg': 0.066733, 'I1z': 0.00049228, 'I2x': 0.00036892, 'I2y': 2.3641e-05, 'I2z': 0.00036139}, 'init_theta_std_deg': 5.0, 'init_alpha_std_deg': 8.0, 'init_theta_dot_std': 0.0, 'init_alpha_dot_std': 0.0, 'pwm_limit': 150.0, 'pwm_gain': 1.0, 'pwm_bias': 0.0, 'pwm_deadzone': 0.0, 'pwm_noise_sigma': 0.0, 'actuator_tau': 0.0, 'action_delay_steps': 0, 'theta_bias': 0.0, 'alpha_bias': 0.0, 'theta_sigma': 0.0, 'alpha_sigma': 0.0, 'theta_dot_sigma': 0.0, 'alpha_dot_sigma': 0.0, 'encoder_quantization_rad': 0.0, 'velocity_lpf': 0.25, 'process_theta_dot_sigma': 0.0, 'process_alpha_dot_sigma': 0.0}"
820000,1,matlab_nominal_reproduction,0.0,"{'level': 0.0, 'physical': {'g': 9.8, 'c_theta': 0.025, 'c_alpha': 0.001, 'k_t': 0.231, 'k_b': 0.1875, 'k_u': 0.04706, 'R': 4.2857, 'm1': 0.20625, 'm2': 0.15845, 'l1cg': 0.080305, 'l1': 0.151894, 'l2cg': 0.066733, 'I1z': 0.00049228, 'I2x': 0.00036892, 'I2y': 2.3641e-05, 'I2z': 0.00036139}, 'init_theta_std_deg': 5.0, 'init_alpha_std_deg': 8.0, 'init_theta_dot_std': 0.0, 'init_alpha_dot_std': 0.0, 'pwm_limit': 150.0, 'pwm_gain': 1.0, 'pwm_bias': 0.0, 'pwm_deadzone': 0.0, 'pwm_noise_sigma': 0.0, 'actuator_tau': 0.0, 'action_delay_steps': 0, 'theta_bias': 0.0, 'alpha_bias': 0.0, 'theta_sigma': 0.0, 'alpha_sigma': 0.0, 'theta_dot_sigma': 0.0, 'alpha_dot_sigma': 0.0, 'encoder_quantization_rad': 0.0, 'velocity_lpf': 0.25, 'process_theta_dot_sigma': 0.0, 'process_alpha_dot_sigma': 0.0}"
822000,1,matlab_nominal_reproduction,0.0,"{'level': 0.0, 'physical': {'g': 9.8, 'c_theta': 0.025, 'c_alpha': 0.001, 'k_t': 0.231, 'k_b': 0.1875, 'k_u': 0.04706, 'R': 4.2857, 'm1': 0.20625, 'm2': 0.15845, 'l1cg': 0.080305, 'l1': 0.151894, 'l2cg': 0.066733, 'I1z': 0.00049228, 'I2x': 0.00036892, 'I2y': 2.3641e-05, 'I2z': 0.00036139}, 'init_theta_std_deg': 5.0, 'init_alpha_std_deg': 8.0, 'init_theta_dot_std': 0.0, 'init_alpha_dot_std': 0.0, 'pwm_limit': 150.0, 'pwm_gain': 1.0, 'pwm_bias': 0.0, 'pwm_deadzone': 0.0, 'pwm_noise_sigma': 0.0, 'actuator_tau': 0.0, 'action_delay_steps': 0, 'theta_bias': 0.0, 'alpha_bias': 0.0, 'theta_sigma': 0.0, 'alpha_sigma': 0.0, 'theta_dot_sigma': 0.0, 'alpha_dot_sigma': 0.0, 'encoder_quantization_rad': 0.0, 'velocity_lpf': 0.25, 'process_theta_dot_sigma': 0.0, 'process_alpha_dot_sigma': 0.0}"
824000,1,matlab_nominal_reproduction,0.0,"{'level': 0.0, 'physical': {'g': 9.8, 'c_theta': 0.025, 'c_alpha': 0.001, 'k_t': 0.231, 'k_b': 0.1875, 'k_u': 0.04706, 'R': 4.2857, 'm1': 0.20625, 'm2': 0.15845, 'l1cg': 0.080305, 'l1': 0.151894, 'l2cg': 0.066733, 'I1z': 0.00049228, 'I2x': 0.00036892, 'I2y': 2.3641e-05, 'I2z': 0.00036139}, 'init_theta_std_deg': 5.0, 'init_alpha_std_deg': 8.0, 'init_theta_dot_std': 0.0, 'init_alpha_dot_std': 0.0, 'pwm_limit': 150.0, 'pwm_gain': 1.0, 'pwm_bias': 0.0, 'pwm_deadzone': 0.0, 'pwm_noise_sigma': 0.0, 'actuator_tau': 0.0, 'action_delay_steps': 0, 'theta_bias': 0.0, 'alpha_bias': 0.0, 'theta_sigma': 0.0, 'alpha_sigma': 0.0, 'theta_dot_sigma': 0.0, 'alpha_dot_sigma': 0.0, 'encoder_quantization_rad': 0.0, 'velocity_lpf': 0.25, 'process_theta_dot_sigma': 0.0, 'process_alpha_dot_sigma': 0.0}"
826000,1,matlab_nominal_reproduction,0.0,"{'level': 0.0, 'physical': {'g': 9.8, 'c_theta': 0.025, 'c_alpha': 0.001, 'k_t': 0.231, 'k_b': 0.1875, 'k_u': 0.04706, 'R': 4.2857, 'm1': 0.20625, 'm2': 0.15845, 'l1cg': 0.080305, 'l1': 0.151894, 'l2cg': 0.066733, 'I1z': 0.00049228, 'I2x': 0.00036892, 'I2y': 2.3641e-05, 'I2z': 0.00036139}, 'init_theta_std_deg': 5.0, 'init_alpha_std_deg': 8.0, 'init_theta_dot_std': 0.0, 'init_alpha_dot_std': 0.0, 'pwm_limit': 150.0, 'pwm_gain': 1.0, 'pwm_bias': 0.0, 'pwm_deadzone': 0.0, 'pwm_noise_sigma': 0.0, 'actuator_tau': 0.0, 'action_delay_steps': 0, 'theta_bias': 0.0, 'alpha_bias': 0.0, 'theta_sigma': 0.0, 'alpha_sigma': 0.0, 'theta_dot_sigma': 0.0, 'alpha_dot_sigma': 0.0, 'encoder_quantization_rad': 0.0, 'velocity_lpf': 0.25, 'process_theta_dot_sigma': 0.0, 'process_alpha_dot_sigma': 0.0}"
828000,1,matlab_nominal_reproduction,0.0,"{'level': 0.0, 'physical': {'g': 9.8, 'c_theta': 0.025, 'c_alpha': 0.001, 'k_t': 0.231, 'k_b': 0.1875, 'k_u': 0.04706, 'R': 4.2857, 'm1': 0.20625, 'm2': 0.15845, 'l1cg': 0.080305, 'l1': 0.151894, 'l2cg': 0.066733, 'I1z': 0.00049228, 'I2x': 0.00036892, 'I2y': 2.3641e-05, 'I2z': 0.00036139}, 'init_theta_std_deg': 5.0, 'init_alpha_std_deg': 8.0, 'init_theta_dot_std': 0.0, 'init_alpha_dot_std': 0.0, 'pwm_limit': 150.0, 'pwm_gain': 1.0, 'pwm_bias': 0.0, 'pwm_deadzone': 0.0, 'pwm_noise_sigma': 0.0, 'actuator_tau': 0.0, 'action_delay_steps': 0, 'theta_bias': 0.0, 'alpha_bias': 0.0, 'theta_sigma': 0.0, 'alpha_sigma': 0.0, 'theta_dot_sigma': 0.0, 'alpha_dot_sigma': 0.0, 'encoder_quantization_rad': 0.0, 'velocity_lpf': 0.25, 'process_theta_dot_sigma': 0.0, 'process_alpha_dot_sigma': 0.0}"
830000,1,matlab_nominal_reproduction,0.0,"{'level': 0.0, 'physical': {'g': 9.8, 'c_theta': 0.025, 'c_alpha': 0.001, 'k_t': 0.231, 'k_b': 0.1875, 'k_u': 0.04706, 'R': 4.2857, 'm1': 0.20625, 'm2': 0.15845, 'l1cg': 0.080305, 'l1': 0.151894, 'l2cg': 0.066733, 'I1z': 0.00049228, 'I2x': 0.00036892, 'I2y': 2.3641e-05, 'I2z': 0.00036139}, 'init_theta_std_deg': 5.0, 'init_alpha_std_deg': 8.0, 'init_theta_dot_std': 0.0, 'init_alpha_dot_std': 0.0, 'pwm_limit': 150.0, 'pwm_gain': 1.0, 'pwm_bias': 0.0, 'pwm_deadzone': 0.0, 'pwm_noise_sigma': 0.0, 'actuator_tau': 0.0, 'action_delay_steps': 0, 'theta_bias': 0.0, 'alpha_bias': 0.0, 'theta_sigma': 0.0, 'alpha_sigma': 0.0, 'theta_dot_sigma': 0.0, 'alpha_dot_sigma': 0.0, 'encoder_quantization_rad': 0.0, 'velocity_lpf': 0.25, 'process_theta_dot_sigma': 0.0, 'process_alpha_dot_sigma': 0.0}"
832000,1,matlab_nominal_reproduction,0.0,"{'level': 0.0, 'physical': {'g': 9.8, 'c_theta': 0.025, 'c_alpha': 0.001, 'k_t': 0.231, 'k_b': 0.1875, 'k_u': 0.04706, 'R': 4.2857, 'm1': 0.20625, 'm2': 0.15845, 'l1cg': 0.080305, 'l1': 0.151894, 'l2cg': 0.066733, 'I1z': 0.00049228, 'I2x': 0.00036892, 'I2y': 2.3641e-05, 'I2z': 0.00036139}, 'init_theta_std_deg': 5.0, 'init_alpha_std_deg': 8.0, 'init_theta_dot_std': 0.0, 'init_alpha_dot_std': 0.0, 'pwm_limit': 150.0, 'pwm_gain': 1.0, 'pwm_bias': 0.0, 'pwm_deadzone': 0.0, 'pwm_noise_sigma': 0.0, 'actuator_tau': 0.0, 'action_delay_steps': 0, 'theta_bias': 0.0, 'alpha_bias': 0.0, 'theta_sigma': 0.0, 'alpha_sigma': 0.0, 'theta_dot_sigma': 0.0, 'alpha_dot_sigma': 0.0, 'encoder_quantization_rad': 0.0, 'velocity_lpf': 0.25, 'process_theta_dot_sigma': 0.0, 'process_alpha_dot_sigma': 0.0}"
834000,1,matlab_nominal_reproduction,0.0,"{'level': 0.0, 'physical': {'g': 9.8, 'c_theta': 0.025, 'c_alpha': 0.001, 'k_t': 0.231, 'k_b': 0.1875, 'k_u': 0.04706, 'R': 4.2857, 'm1': 0.20625, 'm2': 0.15845, 'l1cg': 0.080305, 'l1': 0.151894, 'l2cg': 0.066733, 'I1z': 0.00049228, 'I2x': 0.00036892, 'I2y': 2.3641e-05, 'I2z': 0.00036139}, 'init_theta_std_deg': 5.0, 'init_alpha_std_deg': 8.0, 'init_theta_dot_std': 0.0, 'init_alpha_dot_std': 0.0, 'pwm_limit': 150.0, 'pwm_gain': 1.0, 'pwm_bias': 0.0, 'pwm_deadzone': 0.0, 'pwm_noise_sigma': 0.0, 'actuator_tau': 0.0, 'action_delay_steps': 0, 'theta_bias': 0.0, 'alpha_bias': 0.0, 'theta_sigma': 0.0, 'alpha_sigma': 0.0, 'theta_dot_sigma': 0.0, 'alpha_dot_sigma': 0.0, 'encoder_quantization_rad': 0.0, 'velocity_lpf': 0.25, 'process_theta_dot_sigma': 0.0, 'process_alpha_dot_sigma': 0.0}"
836000,1,matlab_nominal_reproduction,0.0,"{'level': 0.0, 'physical': {'g': 9.8, 'c_theta': 0.025, 'c_alpha': 0.001, 'k_t': 0.231, 'k_b': 0.1875, 'k_u': 0.04706, 'R': 4.2857, 'm1': 0.20625, 'm2': 0.15845, 'l1cg': 0.080305, 'l1': 0.151894, 'l2cg': 0.066733, 'I1z': 0.00049228, 'I2x': 0.00036892, 'I2y': 2.3641e-05, 'I2z': 0.00036139}, 'init_theta_std_deg': 5.0, 'init_alpha_std_deg': 8.0, 'init_theta_dot_std': 0.0, 'init_alpha_dot_std': 0.0, 'pwm_limit': 150.0, 'pwm_gain': 1.0, 'pwm_bias': 0.0, 'pwm_deadzone': 0.0, 'pwm_noise_sigma': 0.0, 'actuator_tau': 0.0, 'action_delay_steps': 0, 'theta_bias': 0.0, 'alpha_bias': 0.0, 'theta_sigma': 0.0, 'alpha_sigma': 0.0, 'theta_dot_sigma': 0.0, 'alpha_dot_sigma': 0.0, 'encoder_quantization_rad': 0.0, 'velocity_lpf': 0.25, 'process_theta_dot_sigma': 0.0, 'process_alpha_dot_sigma': 0.0}"
838000,1,matlab_nominal_reproduction,0.0,"{'level': 0.0, 'physical': {'g': 9.8, 'c_theta': 0.025, 'c_alpha': 0.001, 'k_t': 0.231, 'k_b': 0.1875, 'k_u': 0.04706, 'R': 4.2857, 'm1': 0.20625, 'm2': 0.15845, 'l1cg': 0.080305, 'l1': 0.151894, 'l2cg': 0.066733, 'I1z': 0.00049228, 'I2x': 0.00036892, 'I2y': 2.3641e-05, 'I2z': 0.00036139}, 'init_theta_std_deg': 5.0, 'init_alpha_std_deg': 8.0, 'init_theta_dot_std': 0.0, 'init_alpha_dot_std': 0.0, 'pwm_limit': 150.0, 'pwm_gain': 1.0, 'pwm_bias': 0.0, 'pwm_deadzone': 0.0, 'pwm_noise_sigma': 0.0, 'actuator_tau': 0.0, 'action_delay_steps': 0, 'theta_bias': 0.0, 'alpha_bias': 0.0, 'theta_sigma': 0.0, 'alpha_sigma': 0.0, 'theta_dot_sigma': 0.0, 'alpha_dot_sigma': 0.0, 'encoder_quantization_rad': 0.0, 'velocity_lpf': 0.25, 'process_theta_dot_sigma': 0.0, 'process_alpha_dot_sigma': 0.0}"
840000,1,matlab_nominal_reproduction,0.0,"{'level': 0.0, 'physical': {'g': 9.8, 'c_theta': 0.025, 'c_alpha': 0.001, 'k_t': 0.231, 'k_b': 0.1875, 'k_u': 0.04706, 'R': 4.2857, 'm1': 0.20625, 'm2': 0.15845, 'l1cg': 0.080305, 'l1': 0.151894, 'l2cg': 0.066733, 'I1z': 0.00049228, 'I2x': 0.00036892, 'I2y': 2.3641e-05, 'I2z': 0.00036139}, 'init_theta_std_deg': 5.0, 'init_alpha_std_deg': 8.0, 'init_theta_dot_std': 0.0, 'init_alpha_dot_std': 0.0, 'pwm_limit': 150.0, 'pwm_gain': 1.0, 'pwm_bias': 0.0, 'pwm_deadzone': 0.0, 'pwm_noise_sigma': 0.0, 'actuator_tau': 0.0, 'action_delay_steps': 0, 'theta_bias': 0.0, 'alpha_bias': 0.0, 'theta_sigma': 0.0, 'alpha_sigma': 0.0, 'theta_dot_sigma': 0.0, 'alpha_dot_sigma': 0.0, 'encoder_quantization_rad': 0.0, 'velocity_lpf': 0.25, 'process_theta_dot_sigma': 0.0, 'process_alpha_dot_sigma': 0.0}"
842000,1,matlab_nominal_reproduction,0.0,"{'level': 0.0, 'physical': {'g': 9.8, 'c_theta': 0.025, 'c_alpha': 0.001, 'k_t': 0.231, 'k_b': 0.1875, 'k_u': 0.04706, 'R': 4.2857, 'm1': 0.20625, 'm2': 0.15845, 'l1cg': 0.080305, 'l1': 0.151894, 'l2cg': 0.066733, 'I1z': 0.00049228, 'I2x': 0.00036892, 'I2y': 2.3641e-05, 'I2z': 0.00036139}, 'init_theta_std_deg': 5.0, 'init_alpha_std_deg': 8.0, 'init_theta_dot_std': 0.0, 'init_alpha_dot_std': 0.0, 'pwm_limit': 150.0, 'pwm_gain': 1.0, 'pwm_bias': 0.0, 'pwm_deadzone': 0.0, 'pwm_noise_sigma': 0.0, 'actuator_tau': 0.0, 'action_delay_steps': 0, 'theta_bias': 0.0, 'alpha_bias': 0.0, 'theta_sigma': 0.0, 'alpha_sigma': 0.0, 'theta_dot_sigma': 0.0, 'alpha_dot_sigma': 0.0, 'encoder_quantization_rad': 0.0, 'velocity_lpf': 0.25, 'process_theta_dot_sigma': 0.0, 'process_alpha_dot_sigma': 0.0}"
844000,1,matlab_nominal_reproduction,0.0,"{'level': 0.0, 'physical': {'g': 9.8, 'c_theta': 0.025, 'c_alpha': 0.001, 'k_t': 0.231, 'k_b': 0.1875, 'k_u': 0.04706, 'R': 4.2857, 'm1': 0.20625, 'm2': 0.15845, 'l1cg': 0.080305, 'l1': 0.151894, 'l2cg': 0.066733, 'I1z': 0.00049228, 'I2x': 0.00036892, 'I2y': 2.3641e-05, 'I2z': 0.00036139}, 'init_theta_std_deg': 5.0, 'init_alpha_std_deg': 8.0, 'init_theta_dot_std': 0.0, 'init_alpha_dot_std': 0.0, 'pwm_limit': 150.0, 'pwm_gain': 1.0, 'pwm_bias': 0.0, 'pwm_deadzone': 0.0, 'pwm_noise_sigma': 0.0, 'actuator_tau': 0.0, 'action_delay_steps': 0, 'theta_bias': 0.0, 'alpha_bias': 0.0, 'theta_sigma': 0.0, 'alpha_sigma': 0.0, 'theta_dot_sigma': 0.0, 'alpha_dot_sigma': 0.0, 'encoder_quantization_rad': 0.0, 'velocity_lpf': 0.25, 'process_theta_dot_sigma': 0.0, 'process_alpha_dot_sigma': 0.0}"
846000,1,matlab_nominal_reproduction,0.0,"{'level': 0.0, 'physical': {'g': 9.8, 'c_theta': 0.025, 'c_alpha': 0.001, 'k_t': 0.231, 'k_b': 0.1875, 'k_u': 0.04706, 'R': 4.2857, 'm1': 0.20625, 'm2': 0.15845, 'l1cg': 0.080305, 'l1': 0.151894, 'l2cg': 0.066733, 'I1z': 0.00049228, 'I2x': 0.00036892, 'I2y': 2.3641e-05, 'I2z': 0.00036139}, 'init_theta_std_deg': 5.0, 'init_alpha_std_deg': 8.0, 'init_theta_dot_std': 0.0, 'init_alpha_dot_std': 0.0, 'pwm_limit': 150.0, 'pwm_gain': 1.0, 'pwm_bias': 0.0, 'pwm_deadzone': 0.0, 'pwm_noise_sigma': 0.0, 'actuator_tau': 0.0, 'action_delay_steps': 0, 'theta_bias': 0.0, 'alpha_bias': 0.0, 'theta_sigma': 0.0, 'alpha_sigma': 0.0, 'theta_dot_sigma': 0.0, 'alpha_dot_sigma': 0.0, 'encoder_quantization_rad': 0.0, 'velocity_lpf': 0.25, 'process_theta_dot_sigma': 0.0, 'process_alpha_dot_sigma': 0.0}"
848000,1,matlab_nominal_reproduction,0.0,"{'level': 0.0, 'physical': {'g': 9.8, 'c_theta': 0.025, 'c_alpha': 0.001, 'k_t': 0.231, 'k_b': 0.1875, 'k_u': 0.04706, 'R': 4.2857, 'm1': 0.20625, 'm2': 0.15845, 'l1cg': 0.080305, 'l1': 0.151894, 'l2cg': 0.066733, 'I1z': 0.00049228, 'I2x': 0.00036892, 'I2y': 2.3641e-05, 'I2z': 0.00036139}, 'init_theta_std_deg': 5.0, 'init_alpha_std_deg': 8.0, 'init_theta_dot_std': 0.0, 'init_alpha_dot_std': 0.0, 'pwm_limit': 150.0, 'pwm_gain': 1.0, 'pwm_bias': 0.0, 'pwm_deadzone': 0.0, 'pwm_noise_sigma': 0.0, 'actuator_tau': 0.0, 'action_delay_steps': 0, 'theta_bias': 0.0, 'alpha_bias': 0.0, 'theta_sigma': 0.0, 'alpha_sigma': 0.0, 'theta_dot_sigma': 0.0, 'alpha_dot_sigma': 0.0, 'encoder_quantization_rad': 0.0, 'velocity_lpf': 0.25, 'process_theta_dot_sigma': 0.0, 'process_alpha_dot_sigma': 0.0}"
850000,1,matlab_nominal_reproduction,0.0,"{'level': 0.0, 'physical': {'g': 9.8, 'c_theta': 0.025, 'c_alpha': 0.001, 'k_t': 0.231, 'k_b': 0.1875, 'k_u': 0.04706, 'R': 4.2857, 'm1': 0.20625, 'm2': 0.15845, 'l1cg': 0.080305, 'l1': 0.151894, 'l2cg': 0.066733, 'I1z': 0.00049228, 'I2x': 0.00036892, 'I2y': 2.3641e-05, 'I2z': 0.00036139}, 'init_theta_std_deg': 5.0, 'init_alpha_std_deg': 8.0, 'init_theta_dot_std': 0.0, 'init_alpha_dot_std': 0.0, 'pwm_limit': 150.0, 'pwm_gain': 1.0, 'pwm_bias': 0.0, 'pwm_deadzone': 0.0, 'pwm_noise_sigma': 0.0, 'actuator_tau': 0.0, 'action_delay_steps': 0, 'theta_bias': 0.0, 'alpha_bias': 0.0, 'theta_sigma': 0.0, 'alpha_sigma': 0.0, 'theta_dot_sigma': 0.0, 'alpha_dot_sigma': 0.0, 'encoder_quantization_rad': 0.0, 'velocity_lpf': 0.25, 'process_theta_dot_sigma': 0.0, 'process_alpha_dot_sigma': 0.0}"
852000,1,matlab_nominal_reproduction,0.0,"{'level': 0.0, 'physical': {'g': 9.8, 'c_theta': 0.025, 'c_alpha': 0.001, 'k_t': 0.231, 'k_b': 0.1875, 'k_u': 0.04706, 'R': 4.2857, 'm1': 0.20625, 'm2': 0.15845, 'l1cg': 0.080305, 'l1': 0.151894, 'l2cg': 0.066733, 'I1z': 0.00049228, 'I2x': 0.00036892, 'I2y': 2.3641e-05, 'I2z': 0.00036139}, 'init_theta_std_deg': 5.0, 'init_alpha_std_deg': 8.0, 'init_theta_dot_std': 0.0, 'init_alpha_dot_std': 0.0, 'pwm_limit': 150.0, 'pwm_gain': 1.0, 'pwm_bias': 0.0, 'pwm_deadzone': 0.0, 'pwm_noise_sigma': 0.0, 'actuator_tau': 0.0, 'action_delay_steps': 0, 'theta_bias': 0.0, 'alpha_bias': 0.0, 'theta_sigma': 0.0, 'alpha_sigma': 0.0, 'theta_dot_sigma': 0.0, 'alpha_dot_sigma': 0.0, 'encoder_quantization_rad': 0.0, 'velocity_lpf': 0.25, 'process_theta_dot_sigma': 0.0, 'process_alpha_dot_sigma': 0.0}"
854000,1,matlab_nominal_reproduction,0.0,"{'level': 0.0, 'physical': {'g': 9.8, 'c_theta': 0.025, 'c_alpha': 0.001, 'k_t': 0.231, 'k_b': 0.1875, 'k_u': 0.04706, 'R': 4.2857, 'm1': 0.20625, 'm2': 0.15845, 'l1cg': 0.080305, 'l1': 0.151894, 'l2cg': 0.066733, 'I1z': 0.00049228, 'I2x': 0.00036892, 'I2y': 2.3641e-05, 'I2z': 0.00036139}, 'init_theta_std_deg': 5.0, 'init_alpha_std_deg': 8.0, 'init_theta_dot_std': 0.0, 'init_alpha_dot_std': 0.0, 'pwm_limit': 150.0, 'pwm_gain': 1.0, 'pwm_bias': 0.0, 'pwm_deadzone': 0.0, 'pwm_noise_sigma': 0.0, 'actuator_tau': 0.0, 'action_delay_steps': 0, 'theta_bias': 0.0, 'alpha_bias': 0.0, 'theta_sigma': 0.0, 'alpha_sigma': 0.0, 'theta_dot_sigma': 0.0, 'alpha_dot_sigma': 0.0, 'encoder_quantization_rad': 0.0, 'velocity_lpf': 0.25, 'process_theta_dot_sigma': 0.0, 'process_alpha_dot_sigma': 0.0}"
856000,1,matlab_nominal_reproduction,0.0,"{'level': 0.0, 'physical': {'g': 9.8, 'c_theta': 0.025, 'c_alpha': 0.001, 'k_t': 0.231, 'k_b': 0.1875, 'k_u': 0.04706, 'R': 4.2857, 'm1': 0.20625, 'm2': 0.15845, 'l1cg': 0.080305, 'l1': 0.151894, 'l2cg': 0.066733, 'I1z': 0.00049228, 'I2x': 0.00036892, 'I2y': 2.3641e-05, 'I2z': 0.00036139}, 'init_theta_std_deg': 5.0, 'init_alpha_std_deg': 8.0, 'init_theta_dot_std': 0.0, 'init_alpha_dot_std': 0.0, 'pwm_limit': 150.0, 'pwm_gain': 1.0, 'pwm_bias': 0.0, 'pwm_deadzone': 0.0, 'pwm_noise_sigma': 0.0, 'actuator_tau': 0.0, 'action_delay_steps': 0, 'theta_bias': 0.0, 'alpha_bias': 0.0, 'theta_sigma': 0.0, 'alpha_sigma': 0.0, 'theta_dot_sigma': 0.0, 'alpha_dot_sigma': 0.0, 'encoder_quantization_rad': 0.0, 'velocity_lpf': 0.25, 'process_theta_dot_sigma': 0.0, 'process_alpha_dot_sigma': 0.0}"
858000,1,matlab_nominal_reproduction,0.0,"{'level': 0.0, 'physical': {'g': 9.8, 'c_theta': 0.025, 'c_alpha': 0.001, 'k_t': 0.231, 'k_b': 0.1875, 'k_u': 0.04706, 'R': 4.2857, 'm1': 0.20625, 'm2': 0.15845, 'l1cg': 0.080305, 'l1': 0.151894, 'l2cg': 0.066733, 'I1z': 0.00049228, 'I2x': 0.00036892, 'I2y': 2.3641e-05, 'I2z': 0.00036139}, 'init_theta_std_deg': 5.0, 'init_alpha_std_deg': 8.0, 'init_theta_dot_std': 0.0, 'init_alpha_dot_std': 0.0, 'pwm_limit': 150.0, 'pwm_gain': 1.0, 'pwm_bias': 0.0, 'pwm_deadzone': 0.0, 'pwm_noise_sigma': 0.0, 'actuator_tau': 0.0, 'action_delay_steps': 0, 'theta_bias': 0.0, 'alpha_bias': 0.0, 'theta_sigma': 0.0, 'alpha_sigma': 0.0, 'theta_dot_sigma': 0.0, 'alpha_dot_sigma': 0.0, 'encoder_quantization_rad': 0.0, 'velocity_lpf': 0.25, 'process_theta_dot_sigma': 0.0, 'process_alpha_dot_sigma': 0.0}"
860000,1,matlab_nominal_reproduction,0.0,"{'level': 0.0, 'physical': {'g': 9.8, 'c_theta': 0.025, 'c_alpha': 0.001, 'k_t': 0.231, 'k_b': 0.1875, 'k_u': 0.04706, 'R': 4.2857, 'm1': 0.20625, 'm2': 0.15845, 'l1cg': 0.080305, 'l1': 0.151894, 'l2cg': 0.066733, 'I1z': 0.00049228, 'I2x': 0.00036892, 'I2y': 2.3641e-05, 'I2z': 0.00036139}, 'init_theta_std_deg': 5.0, 'init_alpha_std_deg': 8.0, 'init_theta_dot_std': 0.0, 'init_alpha_dot_std': 0.0, 'pwm_limit': 150.0, 'pwm_gain': 1.0, 'pwm_bias': 0.0, 'pwm_deadzone': 0.0, 'pwm_noise_sigma': 0.0, 'actuator_tau': 0.0, 'action_delay_steps': 0, 'theta_bias': 0.0, 'alpha_bias': 0.0, 'theta_sigma': 0.0, 'alpha_sigma': 0.0, 'theta_dot_sigma': 0.0, 'alpha_dot_sigma': 0.0, 'encoder_quantization_rad': 0.0, 'velocity_lpf': 0.25, 'process_theta_dot_sigma': 0.0, 'process_alpha_dot_sigma': 0.0}"
862000,1,matlab_nominal_reproduction,0.0,"{'level': 0.0, 'physical': {'g': 9.8, 'c_theta': 0.025, 'c_alpha': 0.001, 'k_t': 0.231, 'k_b': 0.1875, 'k_u': 0.04706, 'R': 4.2857, 'm1': 0.20625, 'm2': 0.15845, 'l1cg': 0.080305, 'l1': 0.151894, 'l2cg': 0.066733, 'I1z': 0.00049228, 'I2x': 0.00036892, 'I2y': 2.3641e-05, 'I2z': 0.00036139}, 'init_theta_std_deg': 5.0, 'init_alpha_std_deg': 8.0, 'init_theta_dot_std': 0.0, 'init_alpha_dot_std': 0.0, 'pwm_limit': 150.0, 'pwm_gain': 1.0, 'pwm_bias': 0.0, 'pwm_deadzone': 0.0, 'pwm_noise_sigma': 0.0, 'actuator_tau': 0.0, 'action_delay_steps': 0, 'theta_bias': 0.0, 'alpha_bias': 0.0, 'theta_sigma': 0.0, 'alpha_sigma': 0.0, 'theta_dot_sigma': 0.0, 'alpha_dot_sigma': 0.0, 'encoder_quantization_rad': 0.0, 'velocity_lpf': 0.25, 'process_theta_dot_sigma': 0.0, 'process_alpha_dot_sigma': 0.0}"
864000,1,matlab_nominal_reproduction,0.0,"{'level': 0.0, 'physical': {'g': 9.8, 'c_theta': 0.025, 'c_alpha': 0.001, 'k_t': 0.231, 'k_b': 0.1875, 'k_u': 0.04706, 'R': 4.2857, 'm1': 0.20625, 'm2': 0.15845, 'l1cg': 0.080305, 'l1': 0.151894, 'l2cg': 0.066733, 'I1z': 0.00049228, 'I2x': 0.00036892, 'I2y': 2.3641e-05, 'I2z': 0.00036139}, 'init_theta_std_deg': 5.0, 'init_alpha_std_deg': 8.0, 'init_theta_dot_std': 0.0, 'init_alpha_dot_std': 0.0, 'pwm_limit': 150.0, 'pwm_gain': 1.0, 'pwm_bias': 0.0, 'pwm_deadzone': 0.0, 'pwm_noise_sigma': 0.0, 'actuator_tau': 0.0, 'action_delay_steps': 0, 'theta_bias': 0.0, 'alpha_bias': 0.0, 'theta_sigma': 0.0, 'alpha_sigma': 0.0, 'theta_dot_sigma': 0.0, 'alpha_dot_sigma': 0.0, 'encoder_quantization_rad': 0.0, 'velocity_lpf': 0.25, 'process_theta_dot_sigma': 0.0, 'process_alpha_dot_sigma': 0.0}"
866000,1,matlab_nominal_reproduction,0.0,"{'level': 0.0, 'physical': {'g': 9.8, 'c_theta': 0.025, 'c_alpha': 0.001, 'k_t': 0.231, 'k_b': 0.1875, 'k_u': 0.04706, 'R': 4.2857, 'm1': 0.20625, 'm2': 0.15845, 'l1cg': 0.080305, 'l1': 0.151894, 'l2cg': 0.066733, 'I1z': 0.00049228, 'I2x': 0.00036892, 'I2y': 2.3641e-05, 'I2z': 0.00036139}, 'init_theta_std_deg': 5.0, 'init_alpha_std_deg': 8.0, 'init_theta_dot_std': 0.0, 'init_alpha_dot_std': 0.0, 'pwm_limit': 150.0, 'pwm_gain': 1.0, 'pwm_bias': 0.0, 'pwm_deadzone': 0.0, 'pwm_noise_sigma': 0.0, 'actuator_tau': 0.0, 'action_delay_steps': 0, 'theta_bias': 0.0, 'alpha_bias': 0.0, 'theta_sigma': 0.0, 'alpha_sigma': 0.0, 'theta_dot_sigma': 0.0, 'alpha_dot_sigma': 0.0, 'encoder_quantization_rad': 0.0, 'velocity_lpf': 0.25, 'process_theta_dot_sigma': 0.0, 'process_alpha_dot_sigma': 0.0}"
868000,1,matlab_nominal_reproduction,0.0,"{'level': 0.0, 'physical': {'g': 9.8, 'c_theta': 0.025, 'c_alpha': 0.001, 'k_t': 0.231, 'k_b': 0.1875, 'k_u': 0.04706, 'R': 4.2857, 'm1': 0.20625, 'm2': 0.15845, 'l1cg': 0.080305, 'l1': 0.151894, 'l2cg': 0.066733, 'I1z': 0.00049228, 'I2x': 0.00036892, 'I2y': 2.3641e-05, 'I2z': 0.00036139}, 'init_theta_std_deg': 5.0, 'init_alpha_std_deg': 8.0, 'init_theta_dot_std': 0.0, 'init_alpha_dot_std': 0.0, 'pwm_limit': 150.0, 'pwm_gain': 1.0, 'pwm_bias': 0.0, 'pwm_deadzone': 0.0, 'pwm_noise_sigma': 0.0, 'actuator_tau': 0.0, 'action_delay_steps': 0, 'theta_bias': 0.0, 'alpha_bias': 0.0, 'theta_sigma': 0.0, 'alpha_sigma': 0.0, 'theta_dot_sigma': 0.0, 'alpha_dot_sigma': 0.0, 'encoder_quantization_rad': 0.0, 'velocity_lpf': 0.25, 'process_theta_dot_sigma': 0.0, 'process_alpha_dot_sigma': 0.0}"
870000,1,matlab_nominal_reproduction,0.0,"{'level': 0.0, 'physical': {'g': 9.8, 'c_theta': 0.025, 'c_alpha': 0.001, 'k_t': 0.231, 'k_b': 0.1875, 'k_u': 0.04706, 'R': 4.2857, 'm1': 0.20625, 'm2': 0.15845, 'l1cg': 0.080305, 'l1': 0.151894, 'l2cg': 0.066733, 'I1z': 0.00049228, 'I2x': 0.00036892, 'I2y': 2.3641e-05, 'I2z': 0.00036139}, 'init_theta_std_deg': 5.0, 'init_alpha_std_deg': 8.0, 'init_theta_dot_std': 0.0, 'init_alpha_dot_std': 0.0, 'pwm_limit': 150.0, 'pwm_gain': 1.0, 'pwm_bias': 0.0, 'pwm_deadzone': 0.0, 'pwm_noise_sigma': 0.0, 'actuator_tau': 0.0, 'action_delay_steps': 0, 'theta_bias': 0.0, 'alpha_bias': 0.0, 'theta_sigma': 0.0, 'alpha_sigma': 0.0, 'theta_dot_sigma': 0.0, 'alpha_dot_sigma': 0.0, 'encoder_quantization_rad': 0.0, 'velocity_lpf': 0.25, 'process_theta_dot_sigma': 0.0, 'process_alpha_dot_sigma': 0.0}"
872000,1,matlab_nominal_reproduction,0.0,"{'level': 0.0, 'physical': {'g': 9.8, 'c_theta': 0.025, 'c_alpha': 0.001, 'k_t': 0.231, 'k_b': 0.1875, 'k_u': 0.04706, 'R': 4.2857, 'm1': 0.20625, 'm2': 0.15845, 'l1cg': 0.080305, 'l1': 0.151894, 'l2cg': 0.066733, 'I1z': 0.00049228, 'I2x': 0.00036892, 'I2y': 2.3641e-05, 'I2z': 0.00036139}, 'init_theta_std_deg': 5.0, 'init_alpha_std_deg': 8.0, 'init_theta_dot_std': 0.0, 'init_alpha_dot_std': 0.0, 'pwm_limit': 150.0, 'pwm_gain': 1.0, 'pwm_bias': 0.0, 'pwm_deadzone': 0.0, 'pwm_noise_sigma': 0.0, 'actuator_tau': 0.0, 'action_delay_steps': 0, 'theta_bias': 0.0, 'alpha_bias': 0.0, 'theta_sigma': 0.0, 'alpha_sigma': 0.0, 'theta_dot_sigma': 0.0, 'alpha_dot_sigma': 0.0, 'encoder_quantization_rad': 0.0, 'velocity_lpf': 0.25, 'process_theta_dot_sigma': 0.0, 'process_alpha_dot_sigma': 0.0}"
874000,1,matlab_nominal_reproduction,0.0,"{'level': 0.0, 'physical': {'g': 9.8, 'c_theta': 0.025, 'c_alpha': 0.001, 'k_t': 0.231, 'k_b': 0.1875, 'k_u': 0.04706, 'R': 4.2857, 'm1': 0.20625, 'm2': 0.15845, 'l1cg': 0.080305, 'l1': 0.151894, 'l2cg': 0.066733, 'I1z': 0.00049228, 'I2x': 0.00036892, 'I2y': 2.3641e-05, 'I2z': 0.00036139}, 'init_theta_std_deg': 5.0, 'init_alpha_std_deg': 8.0, 'init_theta_dot_std': 0.0, 'init_alpha_dot_std': 0.0, 'pwm_limit': 150.0, 'pwm_gain': 1.0, 'pwm_bias': 0.0, 'pwm_deadzone': 0.0, 'pwm_noise_sigma': 0.0, 'actuator_tau': 0.0, 'action_delay_steps': 0, 'theta_bias': 0.0, 'alpha_bias': 0.0, 'theta_sigma': 0.0, 'alpha_sigma': 0.0, 'theta_dot_sigma': 0.0, 'alpha_dot_sigma': 0.0, 'encoder_quantization_rad': 0.0, 'velocity_lpf': 0.25, 'process_theta_dot_sigma': 0.0, 'process_alpha_dot_sigma': 0.0}"
876000,1,matlab_nominal_reproduction,0.0,"{'level': 0.0, 'physical': {'g': 9.8, 'c_theta': 0.025, 'c_alpha': 0.001, 'k_t': 0.231, 'k_b': 0.1875, 'k_u': 0.04706, 'R': 4.2857, 'm1': 0.20625, 'm2': 0.15845, 'l1cg': 0.080305, 'l1': 0.151894, 'l2cg': 0.066733, 'I1z': 0.00049228, 'I2x': 0.00036892, 'I2y': 2.3641e-05, 'I2z': 0.00036139}, 'init_theta_std_deg': 5.0, 'init_alpha_std_deg': 8.0, 'init_theta_dot_std': 0.0, 'init_alpha_dot_std': 0.0, 'pwm_limit': 150.0, 'pwm_gain': 1.0, 'pwm_bias': 0.0, 'pwm_deadzone': 0.0, 'pwm_noise_sigma': 0.0, 'actuator_tau': 0.0, 'action_delay_steps': 0, 'theta_bias': 0.0, 'alpha_bias': 0.0, 'theta_sigma': 0.0, 'alpha_sigma': 0.0, 'theta_dot_sigma': 0.0, 'alpha_dot_sigma': 0.0, 'encoder_quantization_rad': 0.0, 'velocity_lpf': 0.25, 'process_theta_dot_sigma': 0.0, 'process_alpha_dot_sigma': 0.0}"
878000,1,matlab_nominal_reproduction,0.0,"{'level': 0.0, 'physical': {'g': 9.8, 'c_theta': 0.025, 'c_alpha': 0.001, 'k_t': 0.231, 'k_b': 0.1875, 'k_u': 0.04706, 'R': 4.2857, 'm1': 0.20625, 'm2': 0.15845, 'l1cg': 0.080305, 'l1': 0.151894, 'l2cg': 0.066733, 'I1z': 0.00049228, 'I2x': 0.00036892, 'I2y': 2.3641e-05, 'I2z': 0.00036139}, 'init_theta_std_deg': 5.0, 'init_alpha_std_deg': 8.0, 'init_theta_dot_std': 0.0, 'init_alpha_dot_std': 0.0, 'pwm_limit': 150.0, 'pwm_gain': 1.0, 'pwm_bias': 0.0, 'pwm_deadzone': 0.0, 'pwm_noise_sigma': 0.0, 'actuator_tau': 0.0, 'action_delay_steps': 0, 'theta_bias': 0.0, 'alpha_bias': 0.0, 'theta_sigma': 0.0, 'alpha_sigma': 0.0, 'theta_dot_sigma': 0.0, 'alpha_dot_sigma': 0.0, 'encoder_quantization_rad': 0.0, 'velocity_lpf': 0.25, 'process_theta_dot_sigma': 0.0, 'process_alpha_dot_sigma': 0.0}"
880000,1,matlab_nominal_reproduction,0.0,"{'level': 0.0, 'physical': {'g': 9.8, 'c_theta': 0.025, 'c_alpha': 0.001, 'k_t': 0.231, 'k_b': 0.1875, 'k_u': 0.04706, 'R': 4.2857, 'm1': 0.20625, 'm2': 0.15845, 'l1cg': 0.080305, 'l1': 0.151894, 'l2cg': 0.066733, 'I1z': 0.00049228, 'I2x': 0.00036892, 'I2y': 2.3641e-05, 'I2z': 0.00036139}, 'init_theta_std_deg': 5.0, 'init_alpha_std_deg': 8.0, 'init_theta_dot_std': 0.0, 'init_alpha_dot_std': 0.0, 'pwm_limit': 150.0, 'pwm_gain': 1.0, 'pwm_bias': 0.0, 'pwm_deadzone': 0.0, 'pwm_noise_sigma': 0.0, 'actuator_tau': 0.0, 'action_delay_steps': 0, 'theta_bias': 0.0, 'alpha_bias': 0.0, 'theta_sigma': 0.0, 'alpha_sigma': 0.0, 'theta_dot_sigma': 0.0, 'alpha_dot_sigma': 0.0, 'encoder_quantization_rad': 0.0, 'velocity_lpf': 0.25, 'process_theta_dot_sigma': 0.0, 'process_alpha_dot_sigma': 0.0}"
882000,1,matlab_nominal_reproduction,0.0,"{'level': 0.0, 'physical': {'g': 9.8, 'c_theta': 0.025, 'c_alpha': 0.001, 'k_t': 0.231, 'k_b': 0.1875, 'k_u': 0.04706, 'R': 4.2857, 'm1': 0.20625, 'm2': 0.15845, 'l1cg': 0.080305, 'l1': 0.151894, 'l2cg': 0.066733, 'I1z': 0.00049228, 'I2x': 0.00036892, 'I2y': 2.3641e-05, 'I2z': 0.00036139}, 'init_theta_std_deg': 5.0, 'init_alpha_std_deg': 8.0, 'init_theta_dot_std': 0.0, 'init_alpha_dot_std': 0.0, 'pwm_limit': 150.0, 'pwm_gain': 1.0, 'pwm_bias': 0.0, 'pwm_deadzone': 0.0, 'pwm_noise_sigma': 0.0, 'actuator_tau': 0.0, 'action_delay_steps': 0, 'theta_bias': 0.0, 'alpha_bias': 0.0, 'theta_sigma': 0.0, 'alpha_sigma': 0.0, 'theta_dot_sigma': 0.0, 'alpha_dot_sigma': 0.0, 'encoder_quantization_rad': 0.0, 'velocity_lpf': 0.25, 'process_theta_dot_sigma': 0.0, 'process_alpha_dot_sigma': 0.0}"
884000,1,matlab_nominal_reproduction,0.0,"{'level': 0.0, 'physical': {'g': 9.8, 'c_theta': 0.025, 'c_alpha': 0.001, 'k_t': 0.231, 'k_b': 0.1875, 'k_u': 0.04706, 'R': 4.2857, 'm1': 0.20625, 'm2': 0.15845, 'l1cg': 0.080305, 'l1': 0.151894, 'l2cg': 0.066733, 'I1z': 0.00049228, 'I2x': 0.00036892, 'I2y': 2.3641e-05, 'I2z': 0.00036139}, 'init_theta_std_deg': 5.0, 'init_alpha_std_deg': 8.0, 'init_theta_dot_std': 0.0, 'init_alpha_dot_std': 0.0, 'pwm_limit': 150.0, 'pwm_gain': 1.0, 'pwm_bias': 0.0, 'pwm_deadzone': 0.0, 'pwm_noise_sigma': 0.0, 'actuator_tau': 0.0, 'action_delay_steps': 0, 'theta_bias': 0.0, 'alpha_bias': 0.0, 'theta_sigma': 0.0, 'alpha_sigma': 0.0, 'theta_dot_sigma': 0.0, 'alpha_dot_sigma': 0.0, 'encoder_quantization_rad': 0.0, 'velocity_lpf': 0.25, 'process_theta_dot_sigma': 0.0, 'process_alpha_dot_sigma': 0.0}"
886000,1,matlab_nominal_reproduction,0.0,"{'level': 0.0, 'physical': {'g': 9.8, 'c_theta': 0.025, 'c_alpha': 0.001, 'k_t': 0.231, 'k_b': 0.1875, 'k_u': 0.04706, 'R': 4.2857, 'm1': 0.20625, 'm2': 0.15845, 'l1cg': 0.080305, 'l1': 0.151894, 'l2cg': 0.066733, 'I1z': 0.00049228, 'I2x': 0.00036892, 'I2y': 2.3641e-05, 'I2z': 0.00036139}, 'init_theta_std_deg': 5.0, 'init_alpha_std_deg': 8.0, 'init_theta_dot_std': 0.0, 'init_alpha_dot_std': 0.0, 'pwm_limit': 150.0, 'pwm_gain': 1.0, 'pwm_bias': 0.0, 'pwm_deadzone': 0.0, 'pwm_noise_sigma': 0.0, 'actuator_tau': 0.0, 'action_delay_steps': 0, 'theta_bias': 0.0, 'alpha_bias': 0.0, 'theta_sigma': 0.0, 'alpha_sigma': 0.0, 'theta_dot_sigma': 0.0, 'alpha_dot_sigma': 0.0, 'encoder_quantization_rad': 0.0, 'velocity_lpf': 0.25, 'process_theta_dot_sigma': 0.0, 'process_alpha_dot_sigma': 0.0}"
888000,1,matlab_nominal_reproduction,0.0,"{'level': 0.0, 'physical': {'g': 9.8, 'c_theta': 0.025, 'c_alpha': 0.001, 'k_t': 0.231, 'k_b': 0.1875, 'k_u': 0.04706, 'R': 4.2857, 'm1': 0.20625, 'm2': 0.15845, 'l1cg': 0.080305, 'l1': 0.151894, 'l2cg': 0.066733, 'I1z': 0.00049228, 'I2x': 0.00036892, 'I2y': 2.3641e-05, 'I2z': 0.00036139}, 'init_theta_std_deg': 5.0, 'init_alpha_std_deg': 8.0, 'init_theta_dot_std': 0.0, 'init_alpha_dot_std': 0.0, 'pwm_limit': 150.0, 'pwm_gain': 1.0, 'pwm_bias': 0.0, 'pwm_deadzone': 0.0, 'pwm_noise_sigma': 0.0, 'actuator_tau': 0.0, 'action_delay_steps': 0, 'theta_bias': 0.0, 'alpha_bias': 0.0, 'theta_sigma': 0.0, 'alpha_sigma': 0.0, 'theta_dot_sigma': 0.0, 'alpha_dot_sigma': 0.0, 'encoder_quantization_rad': 0.0, 'velocity_lpf': 0.25, 'process_theta_dot_sigma': 0.0, 'process_alpha_dot_sigma': 0.0}"
890000,1,matlab_nominal_reproduction,0.0,"{'level': 0.0, 'physical': {'g': 9.8, 'c_theta': 0.025, 'c_alpha': 0.001, 'k_t': 0.231, 'k_b': 0.1875, 'k_u': 0.04706, 'R': 4.2857, 'm1': 0.20625, 'm2': 0.15845, 'l1cg': 0.080305, 'l1': 0.151894, 'l2cg': 0.066733, 'I1z': 0.00049228, 'I2x': 0.00036892, 'I2y': 2.3641e-05, 'I2z': 0.00036139}, 'init_theta_std_deg': 5.0, 'init_alpha_std_deg': 8.0, 'init_theta_dot_std': 0.0, 'init_alpha_dot_std': 0.0, 'pwm_limit': 150.0, 'pwm_gain': 1.0, 'pwm_bias': 0.0, 'pwm_deadzone': 0.0, 'pwm_noise_sigma': 0.0, 'actuator_tau': 0.0, 'action_delay_steps': 0, 'theta_bias': 0.0, 'alpha_bias': 0.0, 'theta_sigma': 0.0, 'alpha_sigma': 0.0, 'theta_dot_sigma': 0.0, 'alpha_dot_sigma': 0.0, 'encoder_quantization_rad': 0.0, 'velocity_lpf': 0.25, 'process_theta_dot_sigma': 0.0, 'process_alpha_dot_sigma': 0.0}"
892000,1,matlab_nominal_reproduction,0.0,"{'level': 0.0, 'physical': {'g': 9.8, 'c_theta': 0.025, 'c_alpha': 0.001, 'k_t': 0.231, 'k_b': 0.1875, 'k_u': 0.04706, 'R': 4.2857, 'm1': 0.20625, 'm2': 0.15845, 'l1cg': 0.080305, 'l1': 0.151894, 'l2cg': 0.066733, 'I1z': 0.00049228, 'I2x': 0.00036892, 'I2y': 2.3641e-05, 'I2z': 0.00036139}, 'init_theta_std_deg': 5.0, 'init_alpha_std_deg': 8.0, 'init_theta_dot_std': 0.0, 'init_alpha_dot_std': 0.0, 'pwm_limit': 150.0, 'pwm_gain': 1.0, 'pwm_bias': 0.0, 'pwm_deadzone': 0.0, 'pwm_noise_sigma': 0.0, 'actuator_tau': 0.0, 'action_delay_steps': 0, 'theta_bias': 0.0, 'alpha_bias': 0.0, 'theta_sigma': 0.0, 'alpha_sigma': 0.0, 'theta_dot_sigma': 0.0, 'alpha_dot_sigma': 0.0, 'encoder_quantization_rad': 0.0, 'velocity_lpf': 0.25, 'process_theta_dot_sigma': 0.0, 'process_alpha_dot_sigma': 0.0}"
894000,1,matlab_nominal_reproduction,0.0,"{'level': 0.0, 'physical': {'g': 9.8, 'c_theta': 0.025, 'c_alpha': 0.001, 'k_t': 0.231, 'k_b': 0.1875, 'k_u': 0.04706, 'R': 4.2857, 'm1': 0.20625, 'm2': 0.15845, 'l1cg': 0.080305, 'l1': 0.151894, 'l2cg': 0.066733, 'I1z': 0.00049228, 'I2x': 0.00036892, 'I2y': 2.3641e-05, 'I2z': 0.00036139}, 'init_theta_std_deg': 5.0, 'init_alpha_std_deg': 8.0, 'init_theta_dot_std': 0.0, 'init_alpha_dot_std': 0.0, 'pwm_limit': 150.0, 'pwm_gain': 1.0, 'pwm_bias': 0.0, 'pwm_deadzone': 0.0, 'pwm_noise_sigma': 0.0, 'actuator_tau': 0.0, 'action_delay_steps': 0, 'theta_bias': 0.0, 'alpha_bias': 0.0, 'theta_sigma': 0.0, 'alpha_sigma': 0.0, 'theta_dot_sigma': 0.0, 'alpha_dot_sigma': 0.0, 'encoder_quantization_rad': 0.0, 'velocity_lpf': 0.25, 'process_theta_dot_sigma': 0.0, 'process_alpha_dot_sigma': 0.0}"
896000,1,matlab_nominal_reproduction,0.0,"{'level': 0.0, 'physical': {'g': 9.8, 'c_theta': 0.025, 'c_alpha': 0.001, 'k_t': 0.231, 'k_b': 0.1875, 'k_u': 0.04706, 'R': 4.2857, 'm1': 0.20625, 'm2': 0.15845, 'l1cg': 0.080305, 'l1': 0.151894, 'l2cg': 0.066733, 'I1z': 0.00049228, 'I2x': 0.00036892, 'I2y': 2.3641e-05, 'I2z': 0.00036139}, 'init_theta_std_deg': 5.0, 'init_alpha_std_deg': 8.0, 'init_theta_dot_std': 0.0, 'init_alpha_dot_std': 0.0, 'pwm_limit': 150.0, 'pwm_gain': 1.0, 'pwm_bias': 0.0, 'pwm_deadzone': 0.0, 'pwm_noise_sigma': 0.0, 'actuator_tau': 0.0, 'action_delay_steps': 0, 'theta_bias': 0.0, 'alpha_bias': 0.0, 'theta_sigma': 0.0, 'alpha_sigma': 0.0, 'theta_dot_sigma': 0.0, 'alpha_dot_sigma': 0.0, 'encoder_quantization_rad': 0.0, 'velocity_lpf': 0.25, 'process_theta_dot_sigma': 0.0, 'process_alpha_dot_sigma': 0.0}"
898000,1,matlab_nominal_reproduction,0.0,"{'level': 0.0, 'physical': {'g': 9.8, 'c_theta': 0.025, 'c_alpha': 0.001, 'k_t': 0.231, 'k_b': 0.1875, 'k_u': 0.04706, 'R': 4.2857, 'm1': 0.20625, 'm2': 0.15845, 'l1cg': 0.080305, 'l1': 0.151894, 'l2cg': 0.066733, 'I1z': 0.00049228, 'I2x': 0.00036892, 'I2y': 2.3641e-05, 'I2z': 0.00036139}, 'init_theta_std_deg': 5.0, 'init_alpha_std_deg': 8.0, 'init_theta_dot_std': 0.0, 'init_alpha_dot_std': 0.0, 'pwm_limit': 150.0, 'pwm_gain': 1.0, 'pwm_bias': 0.0, 'pwm_deadzone': 0.0, 'pwm_noise_sigma': 0.0, 'actuator_tau': 0.0, 'action_delay_steps': 0, 'theta_bias': 0.0, 'alpha_bias': 0.0, 'theta_sigma': 0.0, 'alpha_sigma': 0.0, 'theta_dot_sigma': 0.0, 'alpha_dot_sigma': 0.0, 'encoder_quantization_rad': 0.0, 'velocity_lpf': 0.25, 'process_theta_dot_sigma': 0.0, 'process_alpha_dot_sigma': 0.0}"
900000,1,matlab_nominal_reproduction,0.0,"{'level': 0.0, 'physical': {'g': 9.8, 'c_theta': 0.025, 'c_alpha': 0.001, 'k_t': 0.231, 'k_b': 0.1875, 'k_u': 0.04706, 'R': 4.2857, 'm1': 0.20625, 'm2': 0.15845, 'l1cg': 0.080305, 'l1': 0.151894, 'l2cg': 0.066733, 'I1z': 0.00049228, 'I2x': 0.00036892, 'I2y': 2.3641e-05, 'I2z': 0.00036139}, 'init_theta_std_deg': 5.0, 'init_alpha_std_deg': 8.0, 'init_theta_dot_std': 0.0, 'init_alpha_dot_std': 0.0, 'pwm_limit': 150.0, 'pwm_gain': 1.0, 'pwm_bias': 0.0, 'pwm_deadzone': 0.0, 'pwm_noise_sigma': 0.0, 'actuator_tau': 0.0, 'action_delay_steps': 0, 'theta_bias': 0.0, 'alpha_bias': 0.0, 'theta_sigma': 0.0, 'alpha_sigma': 0.0, 'theta_dot_sigma': 0.0, 'alpha_dot_sigma': 0.0, 'encoder_quantization_rad': 0.0, 'velocity_lpf': 0.25, 'process_theta_dot_sigma': 0.0, 'process_alpha_dot_sigma': 0.0}"
902000,1,matlab_nominal_reproduction,0.0,"{'level': 0.0, 'physical': {'g': 9.8, 'c_theta': 0.025, 'c_alpha': 0.001, 'k_t': 0.231, 'k_b': 0.1875, 'k_u': 0.04706, 'R': 4.2857, 'm1': 0.20625, 'm2': 0.15845, 'l1cg': 0.080305, 'l1': 0.151894, 'l2cg': 0.066733, 'I1z': 0.00049228, 'I2x': 0.00036892, 'I2y': 2.3641e-05, 'I2z': 0.00036139}, 'init_theta_std_deg': 5.0, 'init_alpha_std_deg': 8.0, 'init_theta_dot_std': 0.0, 'init_alpha_dot_std': 0.0, 'pwm_limit': 150.0, 'pwm_gain': 1.0, 'pwm_bias': 0.0, 'pwm_deadzone': 0.0, 'pwm_noise_sigma': 0.0, 'actuator_tau': 0.0, 'action_delay_steps': 0, 'theta_bias': 0.0, 'alpha_bias': 0.0, 'theta_sigma': 0.0, 'alpha_sigma': 0.0, 'theta_dot_sigma': 0.0, 'alpha_dot_sigma': 0.0, 'encoder_quantization_rad': 0.0, 'velocity_lpf': 0.25, 'process_theta_dot_sigma': 0.0, 'process_alpha_dot_sigma': 0.0}"
904000,1,matlab_nominal_reproduction,0.0,"{'level': 0.0, 'physical': {'g': 9.8, 'c_theta': 0.025, 'c_alpha': 0.001, 'k_t': 0.231, 'k_b': 0.1875, 'k_u': 0.04706, 'R': 4.2857, 'm1': 0.20625, 'm2': 0.15845, 'l1cg': 0.080305, 'l1': 0.151894, 'l2cg': 0.066733, 'I1z': 0.00049228, 'I2x': 0.00036892, 'I2y': 2.3641e-05, 'I2z': 0.00036139}, 'init_theta_std_deg': 5.0, 'init_alpha_std_deg': 8.0, 'init_theta_dot_std': 0.0, 'init_alpha_dot_std': 0.0, 'pwm_limit': 150.0, 'pwm_gain': 1.0, 'pwm_bias': 0.0, 'pwm_deadzone': 0.0, 'pwm_noise_sigma': 0.0, 'actuator_tau': 0.0, 'action_delay_steps': 0, 'theta_bias': 0.0, 'alpha_bias': 0.0, 'theta_sigma': 0.0, 'alpha_sigma': 0.0, 'theta_dot_sigma': 0.0, 'alpha_dot_sigma': 0.0, 'encoder_quantization_rad': 0.0, 'velocity_lpf': 0.25, 'process_theta_dot_sigma': 0.0, 'process_alpha_dot_sigma': 0.0}"
906000,1,matlab_nominal_reproduction,0.0,"{'level': 0.0, 'physical': {'g': 9.8, 'c_theta': 0.025, 'c_alpha': 0.001, 'k_t': 0.231, 'k_b': 0.1875, 'k_u': 0.04706, 'R': 4.2857, 'm1': 0.20625, 'm2': 0.15845, 'l1cg': 0.080305, 'l1': 0.151894, 'l2cg': 0.066733, 'I1z': 0.00049228, 'I2x': 0.00036892, 'I2y': 2.3641e-05, 'I2z': 0.00036139}, 'init_theta_std_deg': 5.0, 'init_alpha_std_deg': 8.0, 'init_theta_dot_std': 0.0, 'init_alpha_dot_std': 0.0, 'pwm_limit': 150.0, 'pwm_gain': 1.0, 'pwm_bias': 0.0, 'pwm_deadzone': 0.0, 'pwm_noise_sigma': 0.0, 'actuator_tau': 0.0, 'action_delay_steps': 0, 'theta_bias': 0.0, 'alpha_bias': 0.0, 'theta_sigma': 0.0, 'alpha_sigma': 0.0, 'theta_dot_sigma': 0.0, 'alpha_dot_sigma': 0.0, 'encoder_quantization_rad': 0.0, 'velocity_lpf': 0.25, 'process_theta_dot_sigma': 0.0, 'process_alpha_dot_sigma': 0.0}"
908000,1,matlab_nominal_reproduction,0.0,"{'level': 0.0, 'physical': {'g': 9.8, 'c_theta': 0.025, 'c_alpha': 0.001, 'k_t': 0.231, 'k_b': 0.1875, 'k_u': 0.04706, 'R': 4.2857, 'm1': 0.20625, 'm2': 0.15845, 'l1cg': 0.080305, 'l1': 0.151894, 'l2cg': 0.066733, 'I1z': 0.00049228, 'I2x': 0.00036892, 'I2y': 2.3641e-05, 'I2z': 0.00036139}, 'init_theta_std_deg': 5.0, 'init_alpha_std_deg': 8.0, 'init_theta_dot_std': 0.0, 'init_alpha_dot_std': 0.0, 'pwm_limit': 150.0, 'pwm_gain': 1.0, 'pwm_bias': 0.0, 'pwm_deadzone': 0.0, 'pwm_noise_sigma': 0.0, 'actuator_tau': 0.0, 'action_delay_steps': 0, 'theta_bias': 0.0, 'alpha_bias': 0.0, 'theta_sigma': 0.0, 'alpha_sigma': 0.0, 'theta_dot_sigma': 0.0, 'alpha_dot_sigma': 0.0, 'encoder_quantization_rad': 0.0, 'velocity_lpf': 0.25, 'process_theta_dot_sigma': 0.0, 'process_alpha_dot_sigma': 0.0}"
910000,1,matlab_nominal_reproduction,0.0,"{'level': 0.0, 'physical': {'g': 9.8, 'c_theta': 0.025, 'c_alpha': 0.001, 'k_t': 0.231, 'k_b': 0.1875, 'k_u': 0.04706, 'R': 4.2857, 'm1': 0.20625, 'm2': 0.15845, 'l1cg': 0.080305, 'l1': 0.151894, 'l2cg': 0.066733, 'I1z': 0.00049228, 'I2x': 0.00036892, 'I2y': 2.3641e-05, 'I2z': 0.00036139}, 'init_theta_std_deg': 5.0, 'init_alpha_std_deg': 8.0, 'init_theta_dot_std': 0.0, 'init_alpha_dot_std': 0.0, 'pwm_limit': 150.0, 'pwm_gain': 1.0, 'pwm_bias': 0.0, 'pwm_deadzone': 0.0, 'pwm_noise_sigma': 0.0, 'actuator_tau': 0.0, 'action_delay_steps': 0, 'theta_bias': 0.0, 'alpha_bias': 0.0, 'theta_sigma': 0.0, 'alpha_sigma': 0.0, 'theta_dot_sigma': 0.0, 'alpha_dot_sigma': 0.0, 'encoder_quantization_rad': 0.0, 'velocity_lpf': 0.25, 'process_theta_dot_sigma': 0.0, 'process_alpha_dot_sigma': 0.0}"
912000,1,matlab_nominal_reproduction,0.0,"{'level': 0.0, 'physical': {'g': 9.8, 'c_theta': 0.025, 'c_alpha': 0.001, 'k_t': 0.231, 'k_b': 0.1875, 'k_u': 0.04706, 'R': 4.2857, 'm1': 0.20625, 'm2': 0.15845, 'l1cg': 0.080305, 'l1': 0.151894, 'l2cg': 0.066733, 'I1z': 0.00049228, 'I2x': 0.00036892, 'I2y': 2.3641e-05, 'I2z': 0.00036139}, 'init_theta_std_deg': 5.0, 'init_alpha_std_deg': 8.0, 'init_theta_dot_std': 0.0, 'init_alpha_dot_std': 0.0, 'pwm_limit': 150.0, 'pwm_gain': 1.0, 'pwm_bias': 0.0, 'pwm_deadzone': 0.0, 'pwm_noise_sigma': 0.0, 'actuator_tau': 0.0, 'action_delay_steps': 0, 'theta_bias': 0.0, 'alpha_bias': 0.0, 'theta_sigma': 0.0, 'alpha_sigma': 0.0, 'theta_dot_sigma': 0.0, 'alpha_dot_sigma': 0.0, 'encoder_quantization_rad': 0.0, 'velocity_lpf': 0.25, 'process_theta_dot_sigma': 0.0, 'process_alpha_dot_sigma': 0.0}"
914000,1,matlab_nominal_reproduction,0.0,"{'level': 0.0, 'physical': {'g': 9.8, 'c_theta': 0.025, 'c_alpha': 0.001, 'k_t': 0.231, 'k_b': 0.1875, 'k_u': 0.04706, 'R': 4.2857, 'm1': 0.20625, 'm2': 0.15845, 'l1cg': 0.080305, 'l1': 0.151894, 'l2cg': 0.066733, 'I1z': 0.00049228, 'I2x': 0.00036892, 'I2y': 2.3641e-05, 'I2z': 0.00036139}, 'init_theta_std_deg': 5.0, 'init_alpha_std_deg': 8.0, 'init_theta_dot_std': 0.0, 'init_alpha_dot_std': 0.0, 'pwm_limit': 150.0, 'pwm_gain': 1.0, 'pwm_bias': 0.0, 'pwm_deadzone': 0.0, 'pwm_noise_sigma': 0.0, 'actuator_tau': 0.0, 'action_delay_steps': 0, 'theta_bias': 0.0, 'alpha_bias': 0.0, 'theta_sigma': 0.0, 'alpha_sigma': 0.0, 'theta_dot_sigma': 0.0, 'alpha_dot_sigma': 0.0, 'encoder_quantization_rad': 0.0, 'velocity_lpf': 0.25, 'process_theta_dot_sigma': 0.0, 'process_alpha_dot_sigma': 0.0}"
916000,1,matlab_nominal_reproduction,0.0,"{'level': 0.0, 'physical': {'g': 9.8, 'c_theta': 0.025, 'c_alpha': 0.001, 'k_t': 0.231, 'k_b': 0.1875, 'k_u': 0.04706, 'R': 4.2857, 'm1': 0.20625, 'm2': 0.15845, 'l1cg': 0.080305, 'l1': 0.151894, 'l2cg': 0.066733, 'I1z': 0.00049228, 'I2x': 0.00036892, 'I2y': 2.3641e-05, 'I2z': 0.00036139}, 'init_theta_std_deg': 5.0, 'init_alpha_std_deg': 8.0, 'init_theta_dot_std': 0.0, 'init_alpha_dot_std': 0.0, 'pwm_limit': 150.0, 'pwm_gain': 1.0, 'pwm_bias': 0.0, 'pwm_deadzone': 0.0, 'pwm_noise_sigma': 0.0, 'actuator_tau': 0.0, 'action_delay_steps': 0, 'theta_bias': 0.0, 'alpha_bias': 0.0, 'theta_sigma': 0.0, 'alpha_sigma': 0.0, 'theta_dot_sigma': 0.0, 'alpha_dot_sigma': 0.0, 'encoder_quantization_rad': 0.0, 'velocity_lpf': 0.25, 'process_theta_dot_sigma': 0.0, 'process_alpha_dot_sigma': 0.0}"
918000,1,matlab_nominal_reproduction,0.0,"{'level': 0.0, 'physical': {'g': 9.8, 'c_theta': 0.025, 'c_alpha': 0.001, 'k_t': 0.231, 'k_b': 0.1875, 'k_u': 0.04706, 'R': 4.2857, 'm1': 0.20625, 'm2': 0.15845, 'l1cg': 0.080305, 'l1': 0.151894, 'l2cg': 0.066733, 'I1z': 0.00049228, 'I2x': 0.00036892, 'I2y': 2.3641e-05, 'I2z': 0.00036139}, 'init_theta_std_deg': 5.0, 'init_alpha_std_deg': 8.0, 'init_theta_dot_std': 0.0, 'init_alpha_dot_std': 0.0, 'pwm_limit': 150.0, 'pwm_gain': 1.0, 'pwm_bias': 0.0, 'pwm_deadzone': 0.0, 'pwm_noise_sigma': 0.0, 'actuator_tau': 0.0, 'action_delay_steps': 0, 'theta_bias': 0.0, 'alpha_bias': 0.0, 'theta_sigma': 0.0, 'alpha_sigma': 0.0, 'theta_dot_sigma': 0.0, 'alpha_dot_sigma': 0.0, 'encoder_quantization_rad': 0.0, 'velocity_lpf': 0.25, 'process_theta_dot_sigma': 0.0, 'process_alpha_dot_sigma': 0.0}"
920000,1,matlab_nominal_reproduction,0.0,"{'level': 0.0, 'physical': {'g': 9.8, 'c_theta': 0.025, 'c_alpha': 0.001, 'k_t': 0.231, 'k_b': 0.1875, 'k_u': 0.04706, 'R': 4.2857, 'm1': 0.20625, 'm2': 0.15845, 'l1cg': 0.080305, 'l1': 0.151894, 'l2cg': 0.066733, 'I1z': 0.00049228, 'I2x': 0.00036892, 'I2y': 2.3641e-05, 'I2z': 0.00036139}, 'init_theta_std_deg': 5.0, 'init_alpha_std_deg': 8.0, 'init_theta_dot_std': 0.0, 'init_alpha_dot_std': 0.0, 'pwm_limit': 150.0, 'pwm_gain': 1.0, 'pwm_bias': 0.0, 'pwm_deadzone': 0.0, 'pwm_noise_sigma': 0.0, 'actuator_tau': 0.0, 'action_delay_steps': 0, 'theta_bias': 0.0, 'alpha_bias': 0.0, 'theta_sigma': 0.0, 'alpha_sigma': 0.0, 'theta_dot_sigma': 0.0, 'alpha_dot_sigma': 0.0, 'encoder_quantization_rad': 0.0, 'velocity_lpf': 0.25, 'process_theta_dot_sigma': 0.0, 'process_alpha_dot_sigma': 0.0}"
922000,1,matlab_nominal_reproduction,0.0,"{'level': 0.0, 'physical': {'g': 9.8, 'c_theta': 0.025, 'c_alpha': 0.001, 'k_t': 0.231, 'k_b': 0.1875, 'k_u': 0.04706, 'R': 4.2857, 'm1': 0.20625, 'm2': 0.15845, 'l1cg': 0.080305, 'l1': 0.151894, 'l2cg': 0.066733, 'I1z': 0.00049228, 'I2x': 0.00036892, 'I2y': 2.3641e-05, 'I2z': 0.00036139}, 'init_theta_std_deg': 5.0, 'init_alpha_std_deg': 8.0, 'init_theta_dot_std': 0.0, 'init_alpha_dot_std': 0.0, 'pwm_limit': 150.0, 'pwm_gain': 1.0, 'pwm_bias': 0.0, 'pwm_deadzone': 0.0, 'pwm_noise_sigma': 0.0, 'actuator_tau': 0.0, 'action_delay_steps': 0, 'theta_bias': 0.0, 'alpha_bias': 0.0, 'theta_sigma': 0.0, 'alpha_sigma': 0.0, 'theta_dot_sigma': 0.0, 'alpha_dot_sigma': 0.0, 'encoder_quantization_rad': 0.0, 'velocity_lpf': 0.25, 'process_theta_dot_sigma': 0.0, 'process_alpha_dot_sigma': 0.0}"
924000,1,matlab_nominal_reproduction,0.0,"{'level': 0.0, 'physical': {'g': 9.8, 'c_theta': 0.025, 'c_alpha': 0.001, 'k_t': 0.231, 'k_b': 0.1875, 'k_u': 0.04706, 'R': 4.2857, 'm1': 0.20625, 'm2': 0.15845, 'l1cg': 0.080305, 'l1': 0.151894, 'l2cg': 0.066733, 'I1z': 0.00049228, 'I2x': 0.00036892, 'I2y': 2.3641e-05, 'I2z': 0.00036139}, 'init_theta_std_deg': 5.0, 'init_alpha_std_deg': 8.0, 'init_theta_dot_std': 0.0, 'init_alpha_dot_std': 0.0, 'pwm_limit': 150.0, 'pwm_gain': 1.0, 'pwm_bias': 0.0, 'pwm_deadzone': 0.0, 'pwm_noise_sigma': 0.0, 'actuator_tau': 0.0, 'action_delay_steps': 0, 'theta_bias': 0.0, 'alpha_bias': 0.0, 'theta_sigma': 0.0, 'alpha_sigma': 0.0, 'theta_dot_sigma': 0.0, 'alpha_dot_sigma': 0.0, 'encoder_quantization_rad': 0.0, 'velocity_lpf': 0.25, 'process_theta_dot_sigma': 0.0, 'process_alpha_dot_sigma': 0.0}"
926000,1,matlab_nominal_reproduction,0.0,"{'level': 0.0, 'physical': {'g': 9.8, 'c_theta': 0.025, 'c_alpha': 0.001, 'k_t': 0.231, 'k_b': 0.1875, 'k_u': 0.04706, 'R': 4.2857, 'm1': 0.20625, 'm2': 0.15845, 'l1cg': 0.080305, 'l1': 0.151894, 'l2cg': 0.066733, 'I1z': 0.00049228, 'I2x': 0.00036892, 'I2y': 2.3641e-05, 'I2z': 0.00036139}, 'init_theta_std_deg': 5.0, 'init_alpha_std_deg': 8.0, 'init_theta_dot_std': 0.0, 'init_alpha_dot_std': 0.0, 'pwm_limit': 150.0, 'pwm_gain': 1.0, 'pwm_bias': 0.0, 'pwm_deadzone': 0.0, 'pwm_noise_sigma': 0.0, 'actuator_tau': 0.0, 'action_delay_steps': 0, 'theta_bias': 0.0, 'alpha_bias': 0.0, 'theta_sigma': 0.0, 'alpha_sigma': 0.0, 'theta_dot_sigma': 0.0, 'alpha_dot_sigma': 0.0, 'encoder_quantization_rad': 0.0, 'velocity_lpf': 0.25, 'process_theta_dot_sigma': 0.0, 'process_alpha_dot_sigma': 0.0}"
927935,1,matlab_nominal_reproduction,0.0,"{'level': 0.0, 'physical': {'g': 9.8, 'c_theta': 0.025, 'c_alpha': 0.001, 'k_t': 0.231, 'k_b': 0.1875, 'k_u': 0.04706, 'R': 4.2857, 'm1': 0.20625, 'm2': 0.15845, 'l1cg': 0.080305, 'l1': 0.151894, 'l2cg': 0.066733, 'I1z': 0.00049228, 'I2x': 0.00036892, 'I2y': 2.3641e-05, 'I2z': 0.00036139}, 'init_theta_std_deg': 5.0, 'init_alpha_std_deg': 8.0, 'init_theta_dot_std': 0.0, 'init_alpha_dot_std': 0.0, 'pwm_limit': 150.0, 'pwm_gain': 1.0, 'pwm_bias': 0.0, 'pwm_deadzone': 0.0, 'pwm_noise_sigma': 0.0, 'actuator_tau': 0.0, 'action_delay_steps': 0, 'theta_bias': 0.0, 'alpha_bias': 0.0, 'theta_sigma': 0.0, 'alpha_sigma': 0.0, 'theta_dot_sigma': 0.0, 'alpha_dot_sigma': 0.0, 'encoder_quantization_rad': 0.0, 'velocity_lpf': 0.25, 'process_theta_dot_sigma': 0.0, 'process_alpha_dot_sigma': 0.0}"
929935,1,matlab_nominal_reproduction,0.0,"{'level': 0.0, 'physical': {'g': 9.8, 'c_theta': 0.025, 'c_alpha': 0.001, 'k_t': 0.231, 'k_b': 0.1875, 'k_u': 0.04706, 'R': 4.2857, 'm1': 0.20625, 'm2': 0.15845, 'l1cg': 0.080305, 'l1': 0.151894, 'l2cg': 0.066733, 'I1z': 0.00049228, 'I2x': 0.00036892, 'I2y': 2.3641e-05, 'I2z': 0.00036139}, 'init_theta_std_deg': 5.0, 'init_alpha_std_deg': 8.0, 'init_theta_dot_std': 0.0, 'init_alpha_dot_std': 0.0, 'pwm_limit': 150.0, 'pwm_gain': 1.0, 'pwm_bias': 0.0, 'pwm_deadzone': 0.0, 'pwm_noise_sigma': 0.0, 'actuator_tau': 0.0, 'action_delay_steps': 0, 'theta_bias': 0.0, 'alpha_bias': 0.0, 'theta_sigma': 0.0, 'alpha_sigma': 0.0, 'theta_dot_sigma': 0.0, 'alpha_dot_sigma': 0.0, 'encoder_quantization_rad': 0.0, 'velocity_lpf': 0.25, 'process_theta_dot_sigma': 0.0, 'process_alpha_dot_sigma': 0.0}"
931935,1,matlab_nominal_reproduction,0.0,"{'level': 0.0, 'physical': {'g': 9.8, 'c_theta': 0.025, 'c_alpha': 0.001, 'k_t': 0.231, 'k_b': 0.1875, 'k_u': 0.04706, 'R': 4.2857, 'm1': 0.20625, 'm2': 0.15845, 'l1cg': 0.080305, 'l1': 0.151894, 'l2cg': 0.066733, 'I1z': 0.00049228, 'I2x': 0.00036892, 'I2y': 2.3641e-05, 'I2z': 0.00036139}, 'init_theta_std_deg': 5.0, 'init_alpha_std_deg': 8.0, 'init_theta_dot_std': 0.0, 'init_alpha_dot_std': 0.0, 'pwm_limit': 150.0, 'pwm_gain': 1.0, 'pwm_bias': 0.0, 'pwm_deadzone': 0.0, 'pwm_noise_sigma': 0.0, 'actuator_tau': 0.0, 'action_delay_steps': 0, 'theta_bias': 0.0, 'alpha_bias': 0.0, 'theta_sigma': 0.0, 'alpha_sigma': 0.0, 'theta_dot_sigma': 0.0, 'alpha_dot_sigma': 0.0, 'encoder_quantization_rad': 0.0, 'velocity_lpf': 0.25, 'process_theta_dot_sigma': 0.0, 'process_alpha_dot_sigma': 0.0}"
933935,1,matlab_nominal_reproduction,0.0,"{'level': 0.0, 'physical': {'g': 9.8, 'c_theta': 0.025, 'c_alpha': 0.001, 'k_t': 0.231, 'k_b': 0.1875, 'k_u': 0.04706, 'R': 4.2857, 'm1': 0.20625, 'm2': 0.15845, 'l1cg': 0.080305, 'l1': 0.151894, 'l2cg': 0.066733, 'I1z': 0.00049228, 'I2x': 0.00036892, 'I2y': 2.3641e-05, 'I2z': 0.00036139}, 'init_theta_std_deg': 5.0, 'init_alpha_std_deg': 8.0, 'init_theta_dot_std': 0.0, 'init_alpha_dot_std': 0.0, 'pwm_limit': 150.0, 'pwm_gain': 1.0, 'pwm_bias': 0.0, 'pwm_deadzone': 0.0, 'pwm_noise_sigma': 0.0, 'actuator_tau': 0.0, 'action_delay_steps': 0, 'theta_bias': 0.0, 'alpha_bias': 0.0, 'theta_sigma': 0.0, 'alpha_sigma': 0.0, 'theta_dot_sigma': 0.0, 'alpha_dot_sigma': 0.0, 'encoder_quantization_rad': 0.0, 'velocity_lpf': 0.25, 'process_theta_dot_sigma': 0.0, 'process_alpha_dot_sigma': 0.0}"
935935,1,matlab_nominal_reproduction,0.0,"{'level': 0.0, 'physical': {'g': 9.8, 'c_theta': 0.025, 'c_alpha': 0.001, 'k_t': 0.231, 'k_b': 0.1875, 'k_u': 0.04706, 'R': 4.2857, 'm1': 0.20625, 'm2': 0.15845, 'l1cg': 0.080305, 'l1': 0.151894, 'l2cg': 0.066733, 'I1z': 0.00049228, 'I2x': 0.00036892, 'I2y': 2.3641e-05, 'I2z': 0.00036139}, 'init_theta_std_deg': 5.0, 'init_alpha_std_deg': 8.0, 'init_theta_dot_std': 0.0, 'init_alpha_dot_std': 0.0, 'pwm_limit': 150.0, 'pwm_gain': 1.0, 'pwm_bias': 0.0, 'pwm_deadzone': 0.0, 'pwm_noise_sigma': 0.0, 'actuator_tau': 0.0, 'action_delay_steps': 0, 'theta_bias': 0.0, 'alpha_bias': 0.0, 'theta_sigma': 0.0, 'alpha_sigma': 0.0, 'theta_dot_sigma': 0.0, 'alpha_dot_sigma': 0.0, 'encoder_quantization_rad': 0.0, 'velocity_lpf': 0.25, 'process_theta_dot_sigma': 0.0, 'process_alpha_dot_sigma': 0.0}"
937935,1,matlab_nominal_reproduction,0.0,"{'level': 0.0, 'physical': {'g': 9.8, 'c_theta': 0.025, 'c_alpha': 0.001, 'k_t': 0.231, 'k_b': 0.1875, 'k_u': 0.04706, 'R': 4.2857, 'm1': 0.20625, 'm2': 0.15845, 'l1cg': 0.080305, 'l1': 0.151894, 'l2cg': 0.066733, 'I1z': 0.00049228, 'I2x': 0.00036892, 'I2y': 2.3641e-05, 'I2z': 0.00036139}, 'init_theta_std_deg': 5.0, 'init_alpha_std_deg': 8.0, 'init_theta_dot_std': 0.0, 'init_alpha_dot_std': 0.0, 'pwm_limit': 150.0, 'pwm_gain': 1.0, 'pwm_bias': 0.0, 'pwm_deadzone': 0.0, 'pwm_noise_sigma': 0.0, 'actuator_tau': 0.0, 'action_delay_steps': 0, 'theta_bias': 0.0, 'alpha_bias': 0.0, 'theta_sigma': 0.0, 'alpha_sigma': 0.0, 'theta_dot_sigma': 0.0, 'alpha_dot_sigma': 0.0, 'encoder_quantization_rad': 0.0, 'velocity_lpf': 0.25, 'process_theta_dot_sigma': 0.0, 'process_alpha_dot_sigma': 0.0}"
939935,1,matlab_nominal_reproduction,0.0,"{'level': 0.0, 'physical': {'g': 9.8, 'c_theta': 0.025, 'c_alpha': 0.001, 'k_t': 0.231, 'k_b': 0.1875, 'k_u': 0.04706, 'R': 4.2857, 'm1': 0.20625, 'm2': 0.15845, 'l1cg': 0.080305, 'l1': 0.151894, 'l2cg': 0.066733, 'I1z': 0.00049228, 'I2x': 0.00036892, 'I2y': 2.3641e-05, 'I2z': 0.00036139}, 'init_theta_std_deg': 5.0, 'init_alpha_std_deg': 8.0, 'init_theta_dot_std': 0.0, 'init_alpha_dot_std': 0.0, 'pwm_limit': 150.0, 'pwm_gain': 1.0, 'pwm_bias': 0.0, 'pwm_deadzone': 0.0, 'pwm_noise_sigma': 0.0, 'actuator_tau': 0.0, 'action_delay_steps': 0, 'theta_bias': 0.0, 'alpha_bias': 0.0, 'theta_sigma': 0.0, 'alpha_sigma': 0.0, 'theta_dot_sigma': 0.0, 'alpha_dot_sigma': 0.0, 'encoder_quantization_rad': 0.0, 'velocity_lpf': 0.25, 'process_theta_dot_sigma': 0.0, 'process_alpha_dot_sigma': 0.0}"
941935,1,matlab_nominal_reproduction,0.0,"{'level': 0.0, 'physical': {'g': 9.8, 'c_theta': 0.025, 'c_alpha': 0.001, 'k_t': 0.231, 'k_b': 0.1875, 'k_u': 0.04706, 'R': 4.2857, 'm1': 0.20625, 'm2': 0.15845, 'l1cg': 0.080305, 'l1': 0.151894, 'l2cg': 0.066733, 'I1z': 0.00049228, 'I2x': 0.00036892, 'I2y': 2.3641e-05, 'I2z': 0.00036139}, 'init_theta_std_deg': 5.0, 'init_alpha_std_deg': 8.0, 'init_theta_dot_std': 0.0, 'init_alpha_dot_std': 0.0, 'pwm_limit': 150.0, 'pwm_gain': 1.0, 'pwm_bias': 0.0, 'pwm_deadzone': 0.0, 'pwm_noise_sigma': 0.0, 'actuator_tau': 0.0, 'action_delay_steps': 0, 'theta_bias': 0.0, 'alpha_bias': 0.0, 'theta_sigma': 0.0, 'alpha_sigma': 0.0, 'theta_dot_sigma': 0.0, 'alpha_dot_sigma': 0.0, 'encoder_quantization_rad': 0.0, 'velocity_lpf': 0.25, 'process_theta_dot_sigma': 0.0, 'process_alpha_dot_sigma': 0.0}"
943935,1,matlab_nominal_reproduction,0.0,"{'level': 0.0, 'physical': {'g': 9.8, 'c_theta': 0.025, 'c_alpha': 0.001, 'k_t': 0.231, 'k_b': 0.1875, 'k_u': 0.04706, 'R': 4.2857, 'm1': 0.20625, 'm2': 0.15845, 'l1cg': 0.080305, 'l1': 0.151894, 'l2cg': 0.066733, 'I1z': 0.00049228, 'I2x': 0.00036892, 'I2y': 2.3641e-05, 'I2z': 0.00036139}, 'init_theta_std_deg': 5.0, 'init_alpha_std_deg': 8.0, 'init_theta_dot_std': 0.0, 'init_alpha_dot_std': 0.0, 'pwm_limit': 150.0, 'pwm_gain': 1.0, 'pwm_bias': 0.0, 'pwm_deadzone': 0.0, 'pwm_noise_sigma': 0.0, 'actuator_tau': 0.0, 'action_delay_steps': 0, 'theta_bias': 0.0, 'alpha_bias': 0.0, 'theta_sigma': 0.0, 'alpha_sigma': 0.0, 'theta_dot_sigma': 0.0, 'alpha_dot_sigma': 0.0, 'encoder_quantization_rad': 0.0, 'velocity_lpf': 0.25, 'process_theta_dot_sigma': 0.0, 'process_alpha_dot_sigma': 0.0}"
945935,1,matlab_nominal_reproduction,0.0,"{'level': 0.0, 'physical': {'g': 9.8, 'c_theta': 0.025, 'c_alpha': 0.001, 'k_t': 0.231, 'k_b': 0.1875, 'k_u': 0.04706, 'R': 4.2857, 'm1': 0.20625, 'm2': 0.15845, 'l1cg': 0.080305, 'l1': 0.151894, 'l2cg': 0.066733, 'I1z': 0.00049228, 'I2x': 0.00036892, 'I2y': 2.3641e-05, 'I2z': 0.00036139}, 'init_theta_std_deg': 5.0, 'init_alpha_std_deg': 8.0, 'init_theta_dot_std': 0.0, 'init_alpha_dot_std': 0.0, 'pwm_limit': 150.0, 'pwm_gain': 1.0, 'pwm_bias': 0.0, 'pwm_deadzone': 0.0, 'pwm_noise_sigma': 0.0, 'actuator_tau': 0.0, 'action_delay_steps': 0, 'theta_bias': 0.0, 'alpha_bias': 0.0, 'theta_sigma': 0.0, 'alpha_sigma': 0.0, 'theta_dot_sigma': 0.0, 'alpha_dot_sigma': 0.0, 'encoder_quantization_rad': 0.0, 'velocity_lpf': 0.25, 'process_theta_dot_sigma': 0.0, 'process_alpha_dot_sigma': 0.0}"
947935,1,matlab_nominal_reproduction,0.0,"{'level': 0.0, 'physical': {'g': 9.8, 'c_theta': 0.025, 'c_alpha': 0.001, 'k_t': 0.231, 'k_b': 0.1875, 'k_u': 0.04706, 'R': 4.2857, 'm1': 0.20625, 'm2': 0.15845, 'l1cg': 0.080305, 'l1': 0.151894, 'l2cg': 0.066733, 'I1z': 0.00049228, 'I2x': 0.00036892, 'I2y': 2.3641e-05, 'I2z': 0.00036139}, 'init_theta_std_deg': 5.0, 'init_alpha_std_deg': 8.0, 'init_theta_dot_std': 0.0, 'init_alpha_dot_std': 0.0, 'pwm_limit': 150.0, 'pwm_gain': 1.0, 'pwm_bias': 0.0, 'pwm_deadzone': 0.0, 'pwm_noise_sigma': 0.0, 'actuator_tau': 0.0, 'action_delay_steps': 0, 'theta_bias': 0.0, 'alpha_bias': 0.0, 'theta_sigma': 0.0, 'alpha_sigma': 0.0, 'theta_dot_sigma': 0.0, 'alpha_dot_sigma': 0.0, 'encoder_quantization_rad': 0.0, 'velocity_lpf': 0.25, 'process_theta_dot_sigma': 0.0, 'process_alpha_dot_sigma': 0.0}"
949935,1,matlab_nominal_reproduction,0.0,"{'level': 0.0, 'physical': {'g': 9.8, 'c_theta': 0.025, 'c_alpha': 0.001, 'k_t': 0.231, 'k_b': 0.1875, 'k_u': 0.04706, 'R': 4.2857, 'm1': 0.20625, 'm2': 0.15845, 'l1cg': 0.080305, 'l1': 0.151894, 'l2cg': 0.066733, 'I1z': 0.00049228, 'I2x': 0.00036892, 'I2y': 2.3641e-05, 'I2z': 0.00036139}, 'init_theta_std_deg': 5.0, 'init_alpha_std_deg': 8.0, 'init_theta_dot_std': 0.0, 'init_alpha_dot_std': 0.0, 'pwm_limit': 150.0, 'pwm_gain': 1.0, 'pwm_bias': 0.0, 'pwm_deadzone': 0.0, 'pwm_noise_sigma': 0.0, 'actuator_tau': 0.0, 'action_delay_steps': 0, 'theta_bias': 0.0, 'alpha_bias': 0.0, 'theta_sigma': 0.0, 'alpha_sigma': 0.0, 'theta_dot_sigma': 0.0, 'alpha_dot_sigma': 0.0, 'encoder_quantization_rad': 0.0, 'velocity_lpf': 0.25, 'process_theta_dot_sigma': 0.0, 'process_alpha_dot_sigma': 0.0}"
951935,1,matlab_nominal_reproduction,0.0,"{'level': 0.0, 'physical': {'g': 9.8, 'c_theta': 0.025, 'c_alpha': 0.001, 'k_t': 0.231, 'k_b': 0.1875, 'k_u': 0.04706, 'R': 4.2857, 'm1': 0.20625, 'm2': 0.15845, 'l1cg': 0.080305, 'l1': 0.151894, 'l2cg': 0.066733, 'I1z': 0.00049228, 'I2x': 0.00036892, 'I2y': 2.3641e-05, 'I2z': 0.00036139}, 'init_theta_std_deg': 5.0, 'init_alpha_std_deg': 8.0, 'init_theta_dot_std': 0.0, 'init_alpha_dot_std': 0.0, 'pwm_limit': 150.0, 'pwm_gain': 1.0, 'pwm_bias': 0.0, 'pwm_deadzone': 0.0, 'pwm_noise_sigma': 0.0, 'actuator_tau': 0.0, 'action_delay_steps': 0, 'theta_bias': 0.0, 'alpha_bias': 0.0, 'theta_sigma': 0.0, 'alpha_sigma': 0.0, 'theta_dot_sigma': 0.0, 'alpha_dot_sigma': 0.0, 'encoder_quantization_rad': 0.0, 'velocity_lpf': 0.25, 'process_theta_dot_sigma': 0.0, 'process_alpha_dot_sigma': 0.0}"
953935,1,matlab_nominal_reproduction,0.0,"{'level': 0.0, 'physical': {'g': 9.8, 'c_theta': 0.025, 'c_alpha': 0.001, 'k_t': 0.231, 'k_b': 0.1875, 'k_u': 0.04706, 'R': 4.2857, 'm1': 0.20625, 'm2': 0.15845, 'l1cg': 0.080305, 'l1': 0.151894, 'l2cg': 0.066733, 'I1z': 0.00049228, 'I2x': 0.00036892, 'I2y': 2.3641e-05, 'I2z': 0.00036139}, 'init_theta_std_deg': 5.0, 'init_alpha_std_deg': 8.0, 'init_theta_dot_std': 0.0, 'init_alpha_dot_std': 0.0, 'pwm_limit': 150.0, 'pwm_gain': 1.0, 'pwm_bias': 0.0, 'pwm_deadzone': 0.0, 'pwm_noise_sigma': 0.0, 'actuator_tau': 0.0, 'action_delay_steps': 0, 'theta_bias': 0.0, 'alpha_bias': 0.0, 'theta_sigma': 0.0, 'alpha_sigma': 0.0, 'theta_dot_sigma': 0.0, 'alpha_dot_sigma': 0.0, 'encoder_quantization_rad': 0.0, 'velocity_lpf': 0.25, 'process_theta_dot_sigma': 0.0, 'process_alpha_dot_sigma': 0.0}"
955935,1,matlab_nominal_reproduction,0.0,"{'level': 0.0, 'physical': {'g': 9.8, 'c_theta': 0.025, 'c_alpha': 0.001, 'k_t': 0.231, 'k_b': 0.1875, 'k_u': 0.04706, 'R': 4.2857, 'm1': 0.20625, 'm2': 0.15845, 'l1cg': 0.080305, 'l1': 0.151894, 'l2cg': 0.066733, 'I1z': 0.00049228, 'I2x': 0.00036892, 'I2y': 2.3641e-05, 'I2z': 0.00036139}, 'init_theta_std_deg': 5.0, 'init_alpha_std_deg': 8.0, 'init_theta_dot_std': 0.0, 'init_alpha_dot_std': 0.0, 'pwm_limit': 150.0, 'pwm_gain': 1.0, 'pwm_bias': 0.0, 'pwm_deadzone': 0.0, 'pwm_noise_sigma': 0.0, 'actuator_tau': 0.0, 'action_delay_steps': 0, 'theta_bias': 0.0, 'alpha_bias': 0.0, 'theta_sigma': 0.0, 'alpha_sigma': 0.0, 'theta_dot_sigma': 0.0, 'alpha_dot_sigma': 0.0, 'encoder_quantization_rad': 0.0, 'velocity_lpf': 0.25, 'process_theta_dot_sigma': 0.0, 'process_alpha_dot_sigma': 0.0}"
957935,1,matlab_nominal_reproduction,0.0,"{'level': 0.0, 'physical': {'g': 9.8, 'c_theta': 0.025, 'c_alpha': 0.001, 'k_t': 0.231, 'k_b': 0.1875, 'k_u': 0.04706, 'R': 4.2857, 'm1': 0.20625, 'm2': 0.15845, 'l1cg': 0.080305, 'l1': 0.151894, 'l2cg': 0.066733, 'I1z': 0.00049228, 'I2x': 0.00036892, 'I2y': 2.3641e-05, 'I2z': 0.00036139}, 'init_theta_std_deg': 5.0, 'init_alpha_std_deg': 8.0, 'init_theta_dot_std': 0.0, 'init_alpha_dot_std': 0.0, 'pwm_limit': 150.0, 'pwm_gain': 1.0, 'pwm_bias': 0.0, 'pwm_deadzone': 0.0, 'pwm_noise_sigma': 0.0, 'actuator_tau': 0.0, 'action_delay_steps': 0, 'theta_bias': 0.0, 'alpha_bias': 0.0, 'theta_sigma': 0.0, 'alpha_sigma': 0.0, 'theta_dot_sigma': 0.0, 'alpha_dot_sigma': 0.0, 'encoder_quantization_rad': 0.0, 'velocity_lpf': 0.25, 'process_theta_dot_sigma': 0.0, 'process_alpha_dot_sigma': 0.0}"
959935,1,matlab_nominal_reproduction,0.0,"{'level': 0.0, 'physical': {'g': 9.8, 'c_theta': 0.025, 'c_alpha': 0.001, 'k_t': 0.231, 'k_b': 0.1875, 'k_u': 0.04706, 'R': 4.2857, 'm1': 0.20625, 'm2': 0.15845, 'l1cg': 0.080305, 'l1': 0.151894, 'l2cg': 0.066733, 'I1z': 0.00049228, 'I2x': 0.00036892, 'I2y': 2.3641e-05, 'I2z': 0.00036139}, 'init_theta_std_deg': 5.0, 'init_alpha_std_deg': 8.0, 'init_theta_dot_std': 0.0, 'init_alpha_dot_std': 0.0, 'pwm_limit': 150.0, 'pwm_gain': 1.0, 'pwm_bias': 0.0, 'pwm_deadzone': 0.0, 'pwm_noise_sigma': 0.0, 'actuator_tau': 0.0, 'action_delay_steps': 0, 'theta_bias': 0.0, 'alpha_bias': 0.0, 'theta_sigma': 0.0, 'alpha_sigma': 0.0, 'theta_dot_sigma': 0.0, 'alpha_dot_sigma': 0.0, 'encoder_quantization_rad': 0.0, 'velocity_lpf': 0.25, 'process_theta_dot_sigma': 0.0, 'process_alpha_dot_sigma': 0.0}"
961935,1,matlab_nominal_reproduction,0.0,"{'level': 0.0, 'physical': {'g': 9.8, 'c_theta': 0.025, 'c_alpha': 0.001, 'k_t': 0.231, 'k_b': 0.1875, 'k_u': 0.04706, 'R': 4.2857, 'm1': 0.20625, 'm2': 0.15845, 'l1cg': 0.080305, 'l1': 0.151894, 'l2cg': 0.066733, 'I1z': 0.00049228, 'I2x': 0.00036892, 'I2y': 2.3641e-05, 'I2z': 0.00036139}, 'init_theta_std_deg': 5.0, 'init_alpha_std_deg': 8.0, 'init_theta_dot_std': 0.0, 'init_alpha_dot_std': 0.0, 'pwm_limit': 150.0, 'pwm_gain': 1.0, 'pwm_bias': 0.0, 'pwm_deadzone': 0.0, 'pwm_noise_sigma': 0.0, 'actuator_tau': 0.0, 'action_delay_steps': 0, 'theta_bias': 0.0, 'alpha_bias': 0.0, 'theta_sigma': 0.0, 'alpha_sigma': 0.0, 'theta_dot_sigma': 0.0, 'alpha_dot_sigma': 0.0, 'encoder_quantization_rad': 0.0, 'velocity_lpf': 0.25, 'process_theta_dot_sigma': 0.0, 'process_alpha_dot_sigma': 0.0}"
963935,1,matlab_nominal_reproduction,0.0,"{'level': 0.0, 'physical': {'g': 9.8, 'c_theta': 0.025, 'c_alpha': 0.001, 'k_t': 0.231, 'k_b': 0.1875, 'k_u': 0.04706, 'R': 4.2857, 'm1': 0.20625, 'm2': 0.15845, 'l1cg': 0.080305, 'l1': 0.151894, 'l2cg': 0.066733, 'I1z': 0.00049228, 'I2x': 0.00036892, 'I2y': 2.3641e-05, 'I2z': 0.00036139}, 'init_theta_std_deg': 5.0, 'init_alpha_std_deg': 8.0, 'init_theta_dot_std': 0.0, 'init_alpha_dot_std': 0.0, 'pwm_limit': 150.0, 'pwm_gain': 1.0, 'pwm_bias': 0.0, 'pwm_deadzone': 0.0, 'pwm_noise_sigma': 0.0, 'actuator_tau': 0.0, 'action_delay_steps': 0, 'theta_bias': 0.0, 'alpha_bias': 0.0, 'theta_sigma': 0.0, 'alpha_sigma': 0.0, 'theta_dot_sigma': 0.0, 'alpha_dot_sigma': 0.0, 'encoder_quantization_rad': 0.0, 'velocity_lpf': 0.25, 'process_theta_dot_sigma': 0.0, 'process_alpha_dot_sigma': 0.0}"
965935,1,matlab_nominal_reproduction,0.0,"{'level': 0.0, 'physical': {'g': 9.8, 'c_theta': 0.025, 'c_alpha': 0.001, 'k_t': 0.231, 'k_b': 0.1875, 'k_u': 0.04706, 'R': 4.2857, 'm1': 0.20625, 'm2': 0.15845, 'l1cg': 0.080305, 'l1': 0.151894, 'l2cg': 0.066733, 'I1z': 0.00049228, 'I2x': 0.00036892, 'I2y': 2.3641e-05, 'I2z': 0.00036139}, 'init_theta_std_deg': 5.0, 'init_alpha_std_deg': 8.0, 'init_theta_dot_std': 0.0, 'init_alpha_dot_std': 0.0, 'pwm_limit': 150.0, 'pwm_gain': 1.0, 'pwm_bias': 0.0, 'pwm_deadzone': 0.0, 'pwm_noise_sigma': 0.0, 'actuator_tau': 0.0, 'action_delay_steps': 0, 'theta_bias': 0.0, 'alpha_bias': 0.0, 'theta_sigma': 0.0, 'alpha_sigma': 0.0, 'theta_dot_sigma': 0.0, 'alpha_dot_sigma': 0.0, 'encoder_quantization_rad': 0.0, 'velocity_lpf': 0.25, 'process_theta_dot_sigma': 0.0, 'process_alpha_dot_sigma': 0.0}"
967935,1,matlab_nominal_reproduction,0.0,"{'level': 0.0, 'physical': {'g': 9.8, 'c_theta': 0.025, 'c_alpha': 0.001, 'k_t': 0.231, 'k_b': 0.1875, 'k_u': 0.04706, 'R': 4.2857, 'm1': 0.20625, 'm2': 0.15845, 'l1cg': 0.080305, 'l1': 0.151894, 'l2cg': 0.066733, 'I1z': 0.00049228, 'I2x': 0.00036892, 'I2y': 2.3641e-05, 'I2z': 0.00036139}, 'init_theta_std_deg': 5.0, 'init_alpha_std_deg': 8.0, 'init_theta_dot_std': 0.0, 'init_alpha_dot_std': 0.0, 'pwm_limit': 150.0, 'pwm_gain': 1.0, 'pwm_bias': 0.0, 'pwm_deadzone': 0.0, 'pwm_noise_sigma': 0.0, 'actuator_tau': 0.0, 'action_delay_steps': 0, 'theta_bias': 0.0, 'alpha_bias': 0.0, 'theta_sigma': 0.0, 'alpha_sigma': 0.0, 'theta_dot_sigma': 0.0, 'alpha_dot_sigma': 0.0, 'encoder_quantization_rad': 0.0, 'velocity_lpf': 0.25, 'process_theta_dot_sigma': 0.0, 'process_alpha_dot_sigma': 0.0}"
969935,1,matlab_nominal_reproduction,0.0,"{'level': 0.0, 'physical': {'g': 9.8, 'c_theta': 0.025, 'c_alpha': 0.001, 'k_t': 0.231, 'k_b': 0.1875, 'k_u': 0.04706, 'R': 4.2857, 'm1': 0.20625, 'm2': 0.15845, 'l1cg': 0.080305, 'l1': 0.151894, 'l2cg': 0.066733, 'I1z': 0.00049228, 'I2x': 0.00036892, 'I2y': 2.3641e-05, 'I2z': 0.00036139}, 'init_theta_std_deg': 5.0, 'init_alpha_std_deg': 8.0, 'init_theta_dot_std': 0.0, 'init_alpha_dot_std': 0.0, 'pwm_limit': 150.0, 'pwm_gain': 1.0, 'pwm_bias': 0.0, 'pwm_deadzone': 0.0, 'pwm_noise_sigma': 0.0, 'actuator_tau': 0.0, 'action_delay_steps': 0, 'theta_bias': 0.0, 'alpha_bias': 0.0, 'theta_sigma': 0.0, 'alpha_sigma': 0.0, 'theta_dot_sigma': 0.0, 'alpha_dot_sigma': 0.0, 'encoder_quantization_rad': 0.0, 'velocity_lpf': 0.25, 'process_theta_dot_sigma': 0.0, 'process_alpha_dot_sigma': 0.0}"
971935,1,matlab_nominal_reproduction,0.0,"{'level': 0.0, 'physical': {'g': 9.8, 'c_theta': 0.025, 'c_alpha': 0.001, 'k_t': 0.231, 'k_b': 0.1875, 'k_u': 0.04706, 'R': 4.2857, 'm1': 0.20625, 'm2': 0.15845, 'l1cg': 0.080305, 'l1': 0.151894, 'l2cg': 0.066733, 'I1z': 0.00049228, 'I2x': 0.00036892, 'I2y': 2.3641e-05, 'I2z': 0.00036139}, 'init_theta_std_deg': 5.0, 'init_alpha_std_deg': 8.0, 'init_theta_dot_std': 0.0, 'init_alpha_dot_std': 0.0, 'pwm_limit': 150.0, 'pwm_gain': 1.0, 'pwm_bias': 0.0, 'pwm_deadzone': 0.0, 'pwm_noise_sigma': 0.0, 'actuator_tau': 0.0, 'action_delay_steps': 0, 'theta_bias': 0.0, 'alpha_bias': 0.0, 'theta_sigma': 0.0, 'alpha_sigma': 0.0, 'theta_dot_sigma': 0.0, 'alpha_dot_sigma': 0.0, 'encoder_quantization_rad': 0.0, 'velocity_lpf': 0.25, 'process_theta_dot_sigma': 0.0, 'process_alpha_dot_sigma': 0.0}"
973935,1,matlab_nominal_reproduction,0.0,"{'level': 0.0, 'physical': {'g': 9.8, 'c_theta': 0.025, 'c_alpha': 0.001, 'k_t': 0.231, 'k_b': 0.1875, 'k_u': 0.04706, 'R': 4.2857, 'm1': 0.20625, 'm2': 0.15845, 'l1cg': 0.080305, 'l1': 0.151894, 'l2cg': 0.066733, 'I1z': 0.00049228, 'I2x': 0.00036892, 'I2y': 2.3641e-05, 'I2z': 0.00036139}, 'init_theta_std_deg': 5.0, 'init_alpha_std_deg': 8.0, 'init_theta_dot_std': 0.0, 'init_alpha_dot_std': 0.0, 'pwm_limit': 150.0, 'pwm_gain': 1.0, 'pwm_bias': 0.0, 'pwm_deadzone': 0.0, 'pwm_noise_sigma': 0.0, 'actuator_tau': 0.0, 'action_delay_steps': 0, 'theta_bias': 0.0, 'alpha_bias': 0.0, 'theta_sigma': 0.0, 'alpha_sigma': 0.0, 'theta_dot_sigma': 0.0, 'alpha_dot_sigma': 0.0, 'encoder_quantization_rad': 0.0, 'velocity_lpf': 0.25, 'process_theta_dot_sigma': 0.0, 'process_alpha_dot_sigma': 0.0}"
975935,1,matlab_nominal_reproduction,0.0,"{'level': 0.0, 'physical': {'g': 9.8, 'c_theta': 0.025, 'c_alpha': 0.001, 'k_t': 0.231, 'k_b': 0.1875, 'k_u': 0.04706, 'R': 4.2857, 'm1': 0.20625, 'm2': 0.15845, 'l1cg': 0.080305, 'l1': 0.151894, 'l2cg': 0.066733, 'I1z': 0.00049228, 'I2x': 0.00036892, 'I2y': 2.3641e-05, 'I2z': 0.00036139}, 'init_theta_std_deg': 5.0, 'init_alpha_std_deg': 8.0, 'init_theta_dot_std': 0.0, 'init_alpha_dot_std': 0.0, 'pwm_limit': 150.0, 'pwm_gain': 1.0, 'pwm_bias': 0.0, 'pwm_deadzone': 0.0, 'pwm_noise_sigma': 0.0, 'actuator_tau': 0.0, 'action_delay_steps': 0, 'theta_bias': 0.0, 'alpha_bias': 0.0, 'theta_sigma': 0.0, 'alpha_sigma': 0.0, 'theta_dot_sigma': 0.0, 'alpha_dot_sigma': 0.0, 'encoder_quantization_rad': 0.0, 'velocity_lpf': 0.25, 'process_theta_dot_sigma': 0.0, 'process_alpha_dot_sigma': 0.0}"
977935,1,matlab_nominal_reproduction,0.0,"{'level': 0.0, 'physical': {'g': 9.8, 'c_theta': 0.025, 'c_alpha': 0.001, 'k_t': 0.231, 'k_b': 0.1875, 'k_u': 0.04706, 'R': 4.2857, 'm1': 0.20625, 'm2': 0.15845, 'l1cg': 0.080305, 'l1': 0.151894, 'l2cg': 0.066733, 'I1z': 0.00049228, 'I2x': 0.00036892, 'I2y': 2.3641e-05, 'I2z': 0.00036139}, 'init_theta_std_deg': 5.0, 'init_alpha_std_deg': 8.0, 'init_theta_dot_std': 0.0, 'init_alpha_dot_std': 0.0, 'pwm_limit': 150.0, 'pwm_gain': 1.0, 'pwm_bias': 0.0, 'pwm_deadzone': 0.0, 'pwm_noise_sigma': 0.0, 'actuator_tau': 0.0, 'action_delay_steps': 0, 'theta_bias': 0.0, 'alpha_bias': 0.0, 'theta_sigma': 0.0, 'alpha_sigma': 0.0, 'theta_dot_sigma': 0.0, 'alpha_dot_sigma': 0.0, 'encoder_quantization_rad': 0.0, 'velocity_lpf': 0.25, 'process_theta_dot_sigma': 0.0, 'process_alpha_dot_sigma': 0.0}"
979935,1,matlab_nominal_reproduction,0.0,"{'level': 0.0, 'physical': {'g': 9.8, 'c_theta': 0.025, 'c_alpha': 0.001, 'k_t': 0.231, 'k_b': 0.1875, 'k_u': 0.04706, 'R': 4.2857, 'm1': 0.20625, 'm2': 0.15845, 'l1cg': 0.080305, 'l1': 0.151894, 'l2cg': 0.066733, 'I1z': 0.00049228, 'I2x': 0.00036892, 'I2y': 2.3641e-05, 'I2z': 0.00036139}, 'init_theta_std_deg': 5.0, 'init_alpha_std_deg': 8.0, 'init_theta_dot_std': 0.0, 'init_alpha_dot_std': 0.0, 'pwm_limit': 150.0, 'pwm_gain': 1.0, 'pwm_bias': 0.0, 'pwm_deadzone': 0.0, 'pwm_noise_sigma': 0.0, 'actuator_tau': 0.0, 'action_delay_steps': 0, 'theta_bias': 0.0, 'alpha_bias': 0.0, 'theta_sigma': 0.0, 'alpha_sigma': 0.0, 'theta_dot_sigma': 0.0, 'alpha_dot_sigma': 0.0, 'encoder_quantization_rad': 0.0, 'velocity_lpf': 0.25, 'process_theta_dot_sigma': 0.0, 'process_alpha_dot_sigma': 0.0}"
981935,1,matlab_nominal_reproduction,0.0,"{'level': 0.0, 'physical': {'g': 9.8, 'c_theta': 0.025, 'c_alpha': 0.001, 'k_t': 0.231, 'k_b': 0.1875, 'k_u': 0.04706, 'R': 4.2857, 'm1': 0.20625, 'm2': 0.15845, 'l1cg': 0.080305, 'l1': 0.151894, 'l2cg': 0.066733, 'I1z': 0.00049228, 'I2x': 0.00036892, 'I2y': 2.3641e-05, 'I2z': 0.00036139}, 'init_theta_std_deg': 5.0, 'init_alpha_std_deg': 8.0, 'init_theta_dot_std': 0.0, 'init_alpha_dot_std': 0.0, 'pwm_limit': 150.0, 'pwm_gain': 1.0, 'pwm_bias': 0.0, 'pwm_deadzone': 0.0, 'pwm_noise_sigma': 0.0, 'actuator_tau': 0.0, 'action_delay_steps': 0, 'theta_bias': 0.0, 'alpha_bias': 0.0, 'theta_sigma': 0.0, 'alpha_sigma': 0.0, 'theta_dot_sigma': 0.0, 'alpha_dot_sigma': 0.0, 'encoder_quantization_rad': 0.0, 'velocity_lpf': 0.25, 'process_theta_dot_sigma': 0.0, 'process_alpha_dot_sigma': 0.0}"
983935,1,matlab_nominal_reproduction,0.0,"{'level': 0.0, 'physical': {'g': 9.8, 'c_theta': 0.025, 'c_alpha': 0.001, 'k_t': 0.231, 'k_b': 0.1875, 'k_u': 0.04706, 'R': 4.2857, 'm1': 0.20625, 'm2': 0.15845, 'l1cg': 0.080305, 'l1': 0.151894, 'l2cg': 0.066733, 'I1z': 0.00049228, 'I2x': 0.00036892, 'I2y': 2.3641e-05, 'I2z': 0.00036139}, 'init_theta_std_deg': 5.0, 'init_alpha_std_deg': 8.0, 'init_theta_dot_std': 0.0, 'init_alpha_dot_std': 0.0, 'pwm_limit': 150.0, 'pwm_gain': 1.0, 'pwm_bias': 0.0, 'pwm_deadzone': 0.0, 'pwm_noise_sigma': 0.0, 'actuator_tau': 0.0, 'action_delay_steps': 0, 'theta_bias': 0.0, 'alpha_bias': 0.0, 'theta_sigma': 0.0, 'alpha_sigma': 0.0, 'theta_dot_sigma': 0.0, 'alpha_dot_sigma': 0.0, 'encoder_quantization_rad': 0.0, 'velocity_lpf': 0.25, 'process_theta_dot_sigma': 0.0, 'process_alpha_dot_sigma': 0.0}"
985935,1,matlab_nominal_reproduction,0.0,"{'level': 0.0, 'physical': {'g': 9.8, 'c_theta': 0.025, 'c_alpha': 0.001, 'k_t': 0.231, 'k_b': 0.1875, 'k_u': 0.04706, 'R': 4.2857, 'm1': 0.20625, 'm2': 0.15845, 'l1cg': 0.080305, 'l1': 0.151894, 'l2cg': 0.066733, 'I1z': 0.00049228, 'I2x': 0.00036892, 'I2y': 2.3641e-05, 'I2z': 0.00036139}, 'init_theta_std_deg': 5.0, 'init_alpha_std_deg': 8.0, 'init_theta_dot_std': 0.0, 'init_alpha_dot_std': 0.0, 'pwm_limit': 150.0, 'pwm_gain': 1.0, 'pwm_bias': 0.0, 'pwm_deadzone': 0.0, 'pwm_noise_sigma': 0.0, 'actuator_tau': 0.0, 'action_delay_steps': 0, 'theta_bias': 0.0, 'alpha_bias': 0.0, 'theta_sigma': 0.0, 'alpha_sigma': 0.0, 'theta_dot_sigma': 0.0, 'alpha_dot_sigma': 0.0, 'encoder_quantization_rad': 0.0, 'velocity_lpf': 0.25, 'process_theta_dot_sigma': 0.0, 'process_alpha_dot_sigma': 0.0}"
987935,1,matlab_nominal_reproduction,0.0,"{'level': 0.0, 'physical': {'g': 9.8, 'c_theta': 0.025, 'c_alpha': 0.001, 'k_t': 0.231, 'k_b': 0.1875, 'k_u': 0.04706, 'R': 4.2857, 'm1': 0.20625, 'm2': 0.15845, 'l1cg': 0.080305, 'l1': 0.151894, 'l2cg': 0.066733, 'I1z': 0.00049228, 'I2x': 0.00036892, 'I2y': 2.3641e-05, 'I2z': 0.00036139}, 'init_theta_std_deg': 5.0, 'init_alpha_std_deg': 8.0, 'init_theta_dot_std': 0.0, 'init_alpha_dot_std': 0.0, 'pwm_limit': 150.0, 'pwm_gain': 1.0, 'pwm_bias': 0.0, 'pwm_deadzone': 0.0, 'pwm_noise_sigma': 0.0, 'actuator_tau': 0.0, 'action_delay_steps': 0, 'theta_bias': 0.0, 'alpha_bias': 0.0, 'theta_sigma': 0.0, 'alpha_sigma': 0.0, 'theta_dot_sigma': 0.0, 'alpha_dot_sigma': 0.0, 'encoder_quantization_rad': 0.0, 'velocity_lpf': 0.25, 'process_theta_dot_sigma': 0.0, 'process_alpha_dot_sigma': 0.0}"
989935,1,matlab_nominal_reproduction,0.0,"{'level': 0.0, 'physical': {'g': 9.8, 'c_theta': 0.025, 'c_alpha': 0.001, 'k_t': 0.231, 'k_b': 0.1875, 'k_u': 0.04706, 'R': 4.2857, 'm1': 0.20625, 'm2': 0.15845, 'l1cg': 0.080305, 'l1': 0.151894, 'l2cg': 0.066733, 'I1z': 0.00049228, 'I2x': 0.00036892, 'I2y': 2.3641e-05, 'I2z': 0.00036139}, 'init_theta_std_deg': 5.0, 'init_alpha_std_deg': 8.0, 'init_theta_dot_std': 0.0, 'init_alpha_dot_std': 0.0, 'pwm_limit': 150.0, 'pwm_gain': 1.0, 'pwm_bias': 0.0, 'pwm_deadzone': 0.0, 'pwm_noise_sigma': 0.0, 'actuator_tau': 0.0, 'action_delay_steps': 0, 'theta_bias': 0.0, 'alpha_bias': 0.0, 'theta_sigma': 0.0, 'alpha_sigma': 0.0, 'theta_dot_sigma': 0.0, 'alpha_dot_sigma': 0.0, 'encoder_quantization_rad': 0.0, 'velocity_lpf': 0.25, 'process_theta_dot_sigma': 0.0, 'process_alpha_dot_sigma': 0.0}"
991935,1,matlab_nominal_reproduction,0.0,"{'level': 0.0, 'physical': {'g': 9.8, 'c_theta': 0.025, 'c_alpha': 0.001, 'k_t': 0.231, 'k_b': 0.1875, 'k_u': 0.04706, 'R': 4.2857, 'm1': 0.20625, 'm2': 0.15845, 'l1cg': 0.080305, 'l1': 0.151894, 'l2cg': 0.066733, 'I1z': 0.00049228, 'I2x': 0.00036892, 'I2y': 2.3641e-05, 'I2z': 0.00036139}, 'init_theta_std_deg': 5.0, 'init_alpha_std_deg': 8.0, 'init_theta_dot_std': 0.0, 'init_alpha_dot_std': 0.0, 'pwm_limit': 150.0, 'pwm_gain': 1.0, 'pwm_bias': 0.0, 'pwm_deadzone': 0.0, 'pwm_noise_sigma': 0.0, 'actuator_tau': 0.0, 'action_delay_steps': 0, 'theta_bias': 0.0, 'alpha_bias': 0.0, 'theta_sigma': 0.0, 'alpha_sigma': 0.0, 'theta_dot_sigma': 0.0, 'alpha_dot_sigma': 0.0, 'encoder_quantization_rad': 0.0, 'velocity_lpf': 0.25, 'process_theta_dot_sigma': 0.0, 'process_alpha_dot_sigma': 0.0}"
993935,1,matlab_nominal_reproduction,0.0,"{'level': 0.0, 'physical': {'g': 9.8, 'c_theta': 0.025, 'c_alpha': 0.001, 'k_t': 0.231, 'k_b': 0.1875, 'k_u': 0.04706, 'R': 4.2857, 'm1': 0.20625, 'm2': 0.15845, 'l1cg': 0.080305, 'l1': 0.151894, 'l2cg': 0.066733, 'I1z': 0.00049228, 'I2x': 0.00036892, 'I2y': 2.3641e-05, 'I2z': 0.00036139}, 'init_theta_std_deg': 5.0, 'init_alpha_std_deg': 8.0, 'init_theta_dot_std': 0.0, 'init_alpha_dot_std': 0.0, 'pwm_limit': 150.0, 'pwm_gain': 1.0, 'pwm_bias': 0.0, 'pwm_deadzone': 0.0, 'pwm_noise_sigma': 0.0, 'actuator_tau': 0.0, 'action_delay_steps': 0, 'theta_bias': 0.0, 'alpha_bias': 0.0, 'theta_sigma': 0.0, 'alpha_sigma': 0.0, 'theta_dot_sigma': 0.0, 'alpha_dot_sigma': 0.0, 'encoder_quantization_rad': 0.0, 'velocity_lpf': 0.25, 'process_theta_dot_sigma': 0.0, 'process_alpha_dot_sigma': 0.0}"
995935,1,matlab_nominal_reproduction,0.0,"{'level': 0.0, 'physical': {'g': 9.8, 'c_theta': 0.025, 'c_alpha': 0.001, 'k_t': 0.231, 'k_b': 0.1875, 'k_u': 0.04706, 'R': 4.2857, 'm1': 0.20625, 'm2': 0.15845, 'l1cg': 0.080305, 'l1': 0.151894, 'l2cg': 0.066733, 'I1z': 0.00049228, 'I2x': 0.00036892, 'I2y': 2.3641e-05, 'I2z': 0.00036139}, 'init_theta_std_deg': 5.0, 'init_alpha_std_deg': 8.0, 'init_theta_dot_std': 0.0, 'init_alpha_dot_std': 0.0, 'pwm_limit': 150.0, 'pwm_gain': 1.0, 'pwm_bias': 0.0, 'pwm_deadzone': 0.0, 'pwm_noise_sigma': 0.0, 'actuator_tau': 0.0, 'action_delay_steps': 0, 'theta_bias': 0.0, 'alpha_bias': 0.0, 'theta_sigma': 0.0, 'alpha_sigma': 0.0, 'theta_dot_sigma': 0.0, 'alpha_dot_sigma': 0.0, 'encoder_quantization_rad': 0.0, 'velocity_lpf': 0.25, 'process_theta_dot_sigma': 0.0, 'process_alpha_dot_sigma': 0.0}"
997935,1,matlab_nominal_reproduction,0.0,"{'level': 0.0, 'physical': {'g': 9.8, 'c_theta': 0.025, 'c_alpha': 0.001, 'k_t': 0.231, 'k_b': 0.1875, 'k_u': 0.04706, 'R': 4.2857, 'm1': 0.20625, 'm2': 0.15845, 'l1cg': 0.080305, 'l1': 0.151894, 'l2cg': 0.066733, 'I1z': 0.00049228, 'I2x': 0.00036892, 'I2y': 2.3641e-05, 'I2z': 0.00036139}, 'init_theta_std_deg': 5.0, 'init_alpha_std_deg': 8.0, 'init_theta_dot_std': 0.0, 'init_alpha_dot_std': 0.0, 'pwm_limit': 150.0, 'pwm_gain': 1.0, 'pwm_bias': 0.0, 'pwm_deadzone': 0.0, 'pwm_noise_sigma': 0.0, 'actuator_tau': 0.0, 'action_delay_steps': 0, 'theta_bias': 0.0, 'alpha_bias': 0.0, 'theta_sigma': 0.0, 'alpha_sigma': 0.0, 'theta_dot_sigma': 0.0, 'alpha_dot_sigma': 0.0, 'encoder_quantization_rad': 0.0, 'velocity_lpf': 0.25, 'process_theta_dot_sigma': 0.0, 'process_alpha_dot_sigma': 0.0}"
999935,1,matlab_nominal_reproduction,0.0,"{'level': 0.0, 'physical': {'g': 9.8, 'c_theta': 0.025, 'c_alpha': 0.001, 'k_t': 0.231, 'k_b': 0.1875, 'k_u': 0.04706, 'R': 4.2857, 'm1': 0.20625, 'm2': 0.15845, 'l1cg': 0.080305, 'l1': 0.151894, 'l2cg': 0.066733, 'I1z': 0.00049228, 'I2x': 0.00036892, 'I2y': 2.3641e-05, 'I2z': 0.00036139}, 'init_theta_std_deg': 5.0, 'init_alpha_std_deg': 8.0, 'init_theta_dot_std': 0.0, 'init_alpha_dot_std': 0.0, 'pwm_limit': 150.0, 'pwm_gain': 1.0, 'pwm_bias': 0.0, 'pwm_deadzone': 0.0, 'pwm_noise_sigma': 0.0, 'actuator_tau': 0.0, 'action_delay_steps': 0, 'theta_bias': 0.0, 'alpha_bias': 0.0, 'theta_sigma': 0.0, 'alpha_sigma': 0.0, 'theta_dot_sigma': 0.0, 'alpha_dot_sigma': 0.0, 'encoder_quantization_rad': 0.0, 'velocity_lpf': 0.25, 'process_theta_dot_sigma': 0.0, 'process_alpha_dot_sigma': 0.0}"
1001935,1,matlab_nominal_reproduction,0.0,"{'level': 0.0, 'physical': {'g': 9.8, 'c_theta': 0.025, 'c_alpha': 0.001, 'k_t': 0.231, 'k_b': 0.1875, 'k_u': 0.04706, 'R': 4.2857, 'm1': 0.20625, 'm2': 0.15845, 'l1cg': 0.080305, 'l1': 0.151894, 'l2cg': 0.066733, 'I1z': 0.00049228, 'I2x': 0.00036892, 'I2y': 2.3641e-05, 'I2z': 0.00036139}, 'init_theta_std_deg': 5.0, 'init_alpha_std_deg': 8.0, 'init_theta_dot_std': 0.0, 'init_alpha_dot_std': 0.0, 'pwm_limit': 150.0, 'pwm_gain': 1.0, 'pwm_bias': 0.0, 'pwm_deadzone': 0.0, 'pwm_noise_sigma': 0.0, 'actuator_tau': 0.0, 'action_delay_steps': 0, 'theta_bias': 0.0, 'alpha_bias': 0.0, 'theta_sigma': 0.0, 'alpha_sigma': 0.0, 'theta_dot_sigma': 0.0, 'alpha_dot_sigma': 0.0, 'encoder_quantization_rad': 0.0, 'velocity_lpf': 0.25, 'process_theta_dot_sigma': 0.0, 'process_alpha_dot_sigma': 0.0}"
1003935,1,matlab_nominal_reproduction,0.0,"{'level': 0.0, 'physical': {'g': 9.8, 'c_theta': 0.025, 'c_alpha': 0.001, 'k_t': 0.231, 'k_b': 0.1875, 'k_u': 0.04706, 'R': 4.2857, 'm1': 0.20625, 'm2': 0.15845, 'l1cg': 0.080305, 'l1': 0.151894, 'l2cg': 0.066733, 'I1z': 0.00049228, 'I2x': 0.00036892, 'I2y': 2.3641e-05, 'I2z': 0.00036139}, 'init_theta_std_deg': 5.0, 'init_alpha_std_deg': 8.0, 'init_theta_dot_std': 0.0, 'init_alpha_dot_std': 0.0, 'pwm_limit': 150.0, 'pwm_gain': 1.0, 'pwm_bias': 0.0, 'pwm_deadzone': 0.0, 'pwm_noise_sigma': 0.0, 'actuator_tau': 0.0, 'action_delay_steps': 0, 'theta_bias': 0.0, 'alpha_bias': 0.0, 'theta_sigma': 0.0, 'alpha_sigma': 0.0, 'theta_dot_sigma': 0.0, 'alpha_dot_sigma': 0.0, 'encoder_quantization_rad': 0.0, 'velocity_lpf': 0.25, 'process_theta_dot_sigma': 0.0, 'process_alpha_dot_sigma': 0.0}"
1005935,1,matlab_nominal_reproduction,0.0,"{'level': 0.0, 'physical': {'g': 9.8, 'c_theta': 0.025, 'c_alpha': 0.001, 'k_t': 0.231, 'k_b': 0.1875, 'k_u': 0.04706, 'R': 4.2857, 'm1': 0.20625, 'm2': 0.15845, 'l1cg': 0.080305, 'l1': 0.151894, 'l2cg': 0.066733, 'I1z': 0.00049228, 'I2x': 0.00036892, 'I2y': 2.3641e-05, 'I2z': 0.00036139}, 'init_theta_std_deg': 5.0, 'init_alpha_std_deg': 8.0, 'init_theta_dot_std': 0.0, 'init_alpha_dot_std': 0.0, 'pwm_limit': 150.0, 'pwm_gain': 1.0, 'pwm_bias': 0.0, 'pwm_deadzone': 0.0, 'pwm_noise_sigma': 0.0, 'actuator_tau': 0.0, 'action_delay_steps': 0, 'theta_bias': 0.0, 'alpha_bias': 0.0, 'theta_sigma': 0.0, 'alpha_sigma': 0.0, 'theta_dot_sigma': 0.0, 'alpha_dot_sigma': 0.0, 'encoder_quantization_rad': 0.0, 'velocity_lpf': 0.25, 'process_theta_dot_sigma': 0.0, 'process_alpha_dot_sigma': 0.0}"
1007935,1,matlab_nominal_reproduction,0.0,"{'level': 0.0, 'physical': {'g': 9.8, 'c_theta': 0.025, 'c_alpha': 0.001, 'k_t': 0.231, 'k_b': 0.1875, 'k_u': 0.04706, 'R': 4.2857, 'm1': 0.20625, 'm2': 0.15845, 'l1cg': 0.080305, 'l1': 0.151894, 'l2cg': 0.066733, 'I1z': 0.00049228, 'I2x': 0.00036892, 'I2y': 2.3641e-05, 'I2z': 0.00036139}, 'init_theta_std_deg': 5.0, 'init_alpha_std_deg': 8.0, 'init_theta_dot_std': 0.0, 'init_alpha_dot_std': 0.0, 'pwm_limit': 150.0, 'pwm_gain': 1.0, 'pwm_bias': 0.0, 'pwm_deadzone': 0.0, 'pwm_noise_sigma': 0.0, 'actuator_tau': 0.0, 'action_delay_steps': 0, 'theta_bias': 0.0, 'alpha_bias': 0.0, 'theta_sigma': 0.0, 'alpha_sigma': 0.0, 'theta_dot_sigma': 0.0, 'alpha_dot_sigma': 0.0, 'encoder_quantization_rad': 0.0, 'velocity_lpf': 0.25, 'process_theta_dot_sigma': 0.0, 'process_alpha_dot_sigma': 0.0}"
1009935,1,matlab_nominal_reproduction,0.0,"{'level': 0.0, 'physical': {'g': 9.8, 'c_theta': 0.025, 'c_alpha': 0.001, 'k_t': 0.231, 'k_b': 0.1875, 'k_u': 0.04706, 'R': 4.2857, 'm1': 0.20625, 'm2': 0.15845, 'l1cg': 0.080305, 'l1': 0.151894, 'l2cg': 0.066733, 'I1z': 0.00049228, 'I2x': 0.00036892, 'I2y': 2.3641e-05, 'I2z': 0.00036139}, 'init_theta_std_deg': 5.0, 'init_alpha_std_deg': 8.0, 'init_theta_dot_std': 0.0, 'init_alpha_dot_std': 0.0, 'pwm_limit': 150.0, 'pwm_gain': 1.0, 'pwm_bias': 0.0, 'pwm_deadzone': 0.0, 'pwm_noise_sigma': 0.0, 'actuator_tau': 0.0, 'action_delay_steps': 0, 'theta_bias': 0.0, 'alpha_bias': 0.0, 'theta_sigma': 0.0, 'alpha_sigma': 0.0, 'theta_dot_sigma': 0.0, 'alpha_dot_sigma': 0.0, 'encoder_quantization_rad': 0.0, 'velocity_lpf': 0.25, 'process_theta_dot_sigma': 0.0, 'process_alpha_dot_sigma': 0.0}"
1011935,1,matlab_nominal_reproduction,0.0,"{'level': 0.0, 'physical': {'g': 9.8, 'c_theta': 0.025, 'c_alpha': 0.001, 'k_t': 0.231, 'k_b': 0.1875, 'k_u': 0.04706, 'R': 4.2857, 'm1': 0.20625, 'm2': 0.15845, 'l1cg': 0.080305, 'l1': 0.151894, 'l2cg': 0.066733, 'I1z': 0.00049228, 'I2x': 0.00036892, 'I2y': 2.3641e-05, 'I2z': 0.00036139}, 'init_theta_std_deg': 5.0, 'init_alpha_std_deg': 8.0, 'init_theta_dot_std': 0.0, 'init_alpha_dot_std': 0.0, 'pwm_limit': 150.0, 'pwm_gain': 1.0, 'pwm_bias': 0.0, 'pwm_deadzone': 0.0, 'pwm_noise_sigma': 0.0, 'actuator_tau': 0.0, 'action_delay_steps': 0, 'theta_bias': 0.0, 'alpha_bias': 0.0, 'theta_sigma': 0.0, 'alpha_sigma': 0.0, 'theta_dot_sigma': 0.0, 'alpha_dot_sigma': 0.0, 'encoder_quantization_rad': 0.0, 'velocity_lpf': 0.25, 'process_theta_dot_sigma': 0.0, 'process_alpha_dot_sigma': 0.0}"
1013935,1,matlab_nominal_reproduction,0.0,"{'level': 0.0, 'physical': {'g': 9.8, 'c_theta': 0.025, 'c_alpha': 0.001, 'k_t': 0.231, 'k_b': 0.1875, 'k_u': 0.04706, 'R': 4.2857, 'm1': 0.20625, 'm2': 0.15845, 'l1cg': 0.080305, 'l1': 0.151894, 'l2cg': 0.066733, 'I1z': 0.00049228, 'I2x': 0.00036892, 'I2y': 2.3641e-05, 'I2z': 0.00036139}, 'init_theta_std_deg': 5.0, 'init_alpha_std_deg': 8.0, 'init_theta_dot_std': 0.0, 'init_alpha_dot_std': 0.0, 'pwm_limit': 150.0, 'pwm_gain': 1.0, 'pwm_bias': 0.0, 'pwm_deadzone': 0.0, 'pwm_noise_sigma': 0.0, 'actuator_tau': 0.0, 'action_delay_steps': 0, 'theta_bias': 0.0, 'alpha_bias': 0.0, 'theta_sigma': 0.0, 'alpha_sigma': 0.0, 'theta_dot_sigma': 0.0, 'alpha_dot_sigma': 0.0, 'encoder_quantization_rad': 0.0, 'velocity_lpf': 0.25, 'process_theta_dot_sigma': 0.0, 'process_alpha_dot_sigma': 0.0}"
1015935,1,matlab_nominal_reproduction,0.0,"{'level': 0.0, 'physical': {'g': 9.8, 'c_theta': 0.025, 'c_alpha': 0.001, 'k_t': 0.231, 'k_b': 0.1875, 'k_u': 0.04706, 'R': 4.2857, 'm1': 0.20625, 'm2': 0.15845, 'l1cg': 0.080305, 'l1': 0.151894, 'l2cg': 0.066733, 'I1z': 0.00049228, 'I2x': 0.00036892, 'I2y': 2.3641e-05, 'I2z': 0.00036139}, 'init_theta_std_deg': 5.0, 'init_alpha_std_deg': 8.0, 'init_theta_dot_std': 0.0, 'init_alpha_dot_std': 0.0, 'pwm_limit': 150.0, 'pwm_gain': 1.0, 'pwm_bias': 0.0, 'pwm_deadzone': 0.0, 'pwm_noise_sigma': 0.0, 'actuator_tau': 0.0, 'action_delay_steps': 0, 'theta_bias': 0.0, 'alpha_bias': 0.0, 'theta_sigma': 0.0, 'alpha_sigma': 0.0, 'theta_dot_sigma': 0.0, 'alpha_dot_sigma': 0.0, 'encoder_quantization_rad': 0.0, 'velocity_lpf': 0.25, 'process_theta_dot_sigma': 0.0, 'process_alpha_dot_sigma': 0.0}"
1017935,1,matlab_nominal_reproduction,0.0,"{'level': 0.0, 'physical': {'g': 9.8, 'c_theta': 0.025, 'c_alpha': 0.001, 'k_t': 0.231, 'k_b': 0.1875, 'k_u': 0.04706, 'R': 4.2857, 'm1': 0.20625, 'm2': 0.15845, 'l1cg': 0.080305, 'l1': 0.151894, 'l2cg': 0.066733, 'I1z': 0.00049228, 'I2x': 0.00036892, 'I2y': 2.3641e-05, 'I2z': 0.00036139}, 'init_theta_std_deg': 5.0, 'init_alpha_std_deg': 8.0, 'init_theta_dot_std': 0.0, 'init_alpha_dot_std': 0.0, 'pwm_limit': 150.0, 'pwm_gain': 1.0, 'pwm_bias': 0.0, 'pwm_deadzone': 0.0, 'pwm_noise_sigma': 0.0, 'actuator_tau': 0.0, 'action_delay_steps': 0, 'theta_bias': 0.0, 'alpha_bias': 0.0, 'theta_sigma': 0.0, 'alpha_sigma': 0.0, 'theta_dot_sigma': 0.0, 'alpha_dot_sigma': 0.0, 'encoder_quantization_rad': 0.0, 'velocity_lpf': 0.25, 'process_theta_dot_sigma': 0.0, 'process_alpha_dot_sigma': 0.0}"
1019935,1,matlab_nominal_reproduction,0.0,"{'level': 0.0, 'physical': {'g': 9.8, 'c_theta': 0.025, 'c_alpha': 0.001, 'k_t': 0.231, 'k_b': 0.1875, 'k_u': 0.04706, 'R': 4.2857, 'm1': 0.20625, 'm2': 0.15845, 'l1cg': 0.080305, 'l1': 0.151894, 'l2cg': 0.066733, 'I1z': 0.00049228, 'I2x': 0.00036892, 'I2y': 2.3641e-05, 'I2z': 0.00036139}, 'init_theta_std_deg': 5.0, 'init_alpha_std_deg': 8.0, 'init_theta_dot_std': 0.0, 'init_alpha_dot_std': 0.0, 'pwm_limit': 150.0, 'pwm_gain': 1.0, 'pwm_bias': 0.0, 'pwm_deadzone': 0.0, 'pwm_noise_sigma': 0.0, 'actuator_tau': 0.0, 'action_delay_steps': 0, 'theta_bias': 0.0, 'alpha_bias': 0.0, 'theta_sigma': 0.0, 'alpha_sigma': 0.0, 'theta_dot_sigma': 0.0, 'alpha_dot_sigma': 0.0, 'encoder_quantization_rad': 0.0, 'velocity_lpf': 0.25, 'process_theta_dot_sigma': 0.0, 'process_alpha_dot_sigma': 0.0}"
1021935,1,matlab_nominal_reproduction,0.0,"{'level': 0.0, 'physical': {'g': 9.8, 'c_theta': 0.025, 'c_alpha': 0.001, 'k_t': 0.231, 'k_b': 0.1875, 'k_u': 0.04706, 'R': 4.2857, 'm1': 0.20625, 'm2': 0.15845, 'l1cg': 0.080305, 'l1': 0.151894, 'l2cg': 0.066733, 'I1z': 0.00049228, 'I2x': 0.00036892, 'I2y': 2.3641e-05, 'I2z': 0.00036139}, 'init_theta_std_deg': 5.0, 'init_alpha_std_deg': 8.0, 'init_theta_dot_std': 0.0, 'init_alpha_dot_std': 0.0, 'pwm_limit': 150.0, 'pwm_gain': 1.0, 'pwm_bias': 0.0, 'pwm_deadzone': 0.0, 'pwm_noise_sigma': 0.0, 'actuator_tau': 0.0, 'action_delay_steps': 0, 'theta_bias': 0.0, 'alpha_bias': 0.0, 'theta_sigma': 0.0, 'alpha_sigma': 0.0, 'theta_dot_sigma': 0.0, 'alpha_dot_sigma': 0.0, 'encoder_quantization_rad': 0.0, 'velocity_lpf': 0.25, 'process_theta_dot_sigma': 0.0, 'process_alpha_dot_sigma': 0.0}"
1023935,1,matlab_nominal_reproduction,0.0,"{'level': 0.0, 'physical': {'g': 9.8, 'c_theta': 0.025, 'c_alpha': 0.001, 'k_t': 0.231, 'k_b': 0.1875, 'k_u': 0.04706, 'R': 4.2857, 'm1': 0.20625, 'm2': 0.15845, 'l1cg': 0.080305, 'l1': 0.151894, 'l2cg': 0.066733, 'I1z': 0.00049228, 'I2x': 0.00036892, 'I2y': 2.3641e-05, 'I2z': 0.00036139}, 'init_theta_std_deg': 5.0, 'init_alpha_std_deg': 8.0, 'init_theta_dot_std': 0.0, 'init_alpha_dot_std': 0.0, 'pwm_limit': 150.0, 'pwm_gain': 1.0, 'pwm_bias': 0.0, 'pwm_deadzone': 0.0, 'pwm_noise_sigma': 0.0, 'actuator_tau': 0.0, 'action_delay_steps': 0, 'theta_bias': 0.0, 'alpha_bias': 0.0, 'theta_sigma': 0.0, 'alpha_sigma': 0.0, 'theta_dot_sigma': 0.0, 'alpha_dot_sigma': 0.0, 'encoder_quantization_rad': 0.0, 'velocity_lpf': 0.25, 'process_theta_dot_sigma': 0.0, 'process_alpha_dot_sigma': 0.0}"
1025935,1,matlab_nominal_reproduction,0.0,"{'level': 0.0, 'physical': {'g': 9.8, 'c_theta': 0.025, 'c_alpha': 0.001, 'k_t': 0.231, 'k_b': 0.1875, 'k_u': 0.04706, 'R': 4.2857, 'm1': 0.20625, 'm2': 0.15845, 'l1cg': 0.080305, 'l1': 0.151894, 'l2cg': 0.066733, 'I1z': 0.00049228, 'I2x': 0.00036892, 'I2y': 2.3641e-05, 'I2z': 0.00036139}, 'init_theta_std_deg': 5.0, 'init_alpha_std_deg': 8.0, 'init_theta_dot_std': 0.0, 'init_alpha_dot_std': 0.0, 'pwm_limit': 150.0, 'pwm_gain': 1.0, 'pwm_bias': 0.0, 'pwm_deadzone': 0.0, 'pwm_noise_sigma': 0.0, 'actuator_tau': 0.0, 'action_delay_steps': 0, 'theta_bias': 0.0, 'alpha_bias': 0.0, 'theta_sigma': 0.0, 'alpha_sigma': 0.0, 'theta_dot_sigma': 0.0, 'alpha_dot_sigma': 0.0, 'encoder_quantization_rad': 0.0, 'velocity_lpf': 0.25, 'process_theta_dot_sigma': 0.0, 'process_alpha_dot_sigma': 0.0}"
1027935,1,matlab_nominal_reproduction,0.0,"{'level': 0.0, 'physical': {'g': 9.8, 'c_theta': 0.025, 'c_alpha': 0.001, 'k_t': 0.231, 'k_b': 0.1875, 'k_u': 0.04706, 'R': 4.2857, 'm1': 0.20625, 'm2': 0.15845, 'l1cg': 0.080305, 'l1': 0.151894, 'l2cg': 0.066733, 'I1z': 0.00049228, 'I2x': 0.00036892, 'I2y': 2.3641e-05, 'I2z': 0.00036139}, 'init_theta_std_deg': 5.0, 'init_alpha_std_deg': 8.0, 'init_theta_dot_std': 0.0, 'init_alpha_dot_std': 0.0, 'pwm_limit': 150.0, 'pwm_gain': 1.0, 'pwm_bias': 0.0, 'pwm_deadzone': 0.0, 'pwm_noise_sigma': 0.0, 'actuator_tau': 0.0, 'action_delay_steps': 0, 'theta_bias': 0.0, 'alpha_bias': 0.0, 'theta_sigma': 0.0, 'alpha_sigma': 0.0, 'theta_dot_sigma': 0.0, 'alpha_dot_sigma': 0.0, 'encoder_quantization_rad': 0.0, 'velocity_lpf': 0.25, 'process_theta_dot_sigma': 0.0, 'process_alpha_dot_sigma': 0.0}"
1029935,1,matlab_nominal_reproduction,0.0,"{'level': 0.0, 'physical': {'g': 9.8, 'c_theta': 0.025, 'c_alpha': 0.001, 'k_t': 0.231, 'k_b': 0.1875, 'k_u': 0.04706, 'R': 4.2857, 'm1': 0.20625, 'm2': 0.15845, 'l1cg': 0.080305, 'l1': 0.151894, 'l2cg': 0.066733, 'I1z': 0.00049228, 'I2x': 0.00036892, 'I2y': 2.3641e-05, 'I2z': 0.00036139}, 'init_theta_std_deg': 5.0, 'init_alpha_std_deg': 8.0, 'init_theta_dot_std': 0.0, 'init_alpha_dot_std': 0.0, 'pwm_limit': 150.0, 'pwm_gain': 1.0, 'pwm_bias': 0.0, 'pwm_deadzone': 0.0, 'pwm_noise_sigma': 0.0, 'actuator_tau': 0.0, 'action_delay_steps': 0, 'theta_bias': 0.0, 'alpha_bias': 0.0, 'theta_sigma': 0.0, 'alpha_sigma': 0.0, 'theta_dot_sigma': 0.0, 'alpha_dot_sigma': 0.0, 'encoder_quantization_rad': 0.0, 'velocity_lpf': 0.25, 'process_theta_dot_sigma': 0.0, 'process_alpha_dot_sigma': 0.0}"
1031935,1,matlab_nominal_reproduction,0.0,"{'level': 0.0, 'physical': {'g': 9.8, 'c_theta': 0.025, 'c_alpha': 0.001, 'k_t': 0.231, 'k_b': 0.1875, 'k_u': 0.04706, 'R': 4.2857, 'm1': 0.20625, 'm2': 0.15845, 'l1cg': 0.080305, 'l1': 0.151894, 'l2cg': 0.066733, 'I1z': 0.00049228, 'I2x': 0.00036892, 'I2y': 2.3641e-05, 'I2z': 0.00036139}, 'init_theta_std_deg': 5.0, 'init_alpha_std_deg': 8.0, 'init_theta_dot_std': 0.0, 'init_alpha_dot_std': 0.0, 'pwm_limit': 150.0, 'pwm_gain': 1.0, 'pwm_bias': 0.0, 'pwm_deadzone': 0.0, 'pwm_noise_sigma': 0.0, 'actuator_tau': 0.0, 'action_delay_steps': 0, 'theta_bias': 0.0, 'alpha_bias': 0.0, 'theta_sigma': 0.0, 'alpha_sigma': 0.0, 'theta_dot_sigma': 0.0, 'alpha_dot_sigma': 0.0, 'encoder_quantization_rad': 0.0, 'velocity_lpf': 0.25, 'process_theta_dot_sigma': 0.0, 'process_alpha_dot_sigma': 0.0}"
1033935,1,matlab_nominal_reproduction,0.0,"{'level': 0.0, 'physical': {'g': 9.8, 'c_theta': 0.025, 'c_alpha': 0.001, 'k_t': 0.231, 'k_b': 0.1875, 'k_u': 0.04706, 'R': 4.2857, 'm1': 0.20625, 'm2': 0.15845, 'l1cg': 0.080305, 'l1': 0.151894, 'l2cg': 0.066733, 'I1z': 0.00049228, 'I2x': 0.00036892, 'I2y': 2.3641e-05, 'I2z': 0.00036139}, 'init_theta_std_deg': 5.0, 'init_alpha_std_deg': 8.0, 'init_theta_dot_std': 0.0, 'init_alpha_dot_std': 0.0, 'pwm_limit': 150.0, 'pwm_gain': 1.0, 'pwm_bias': 0.0, 'pwm_deadzone': 0.0, 'pwm_noise_sigma': 0.0, 'actuator_tau': 0.0, 'action_delay_steps': 0, 'theta_bias': 0.0, 'alpha_bias': 0.0, 'theta_sigma': 0.0, 'alpha_sigma': 0.0, 'theta_dot_sigma': 0.0, 'alpha_dot_sigma': 0.0, 'encoder_quantization_rad': 0.0, 'velocity_lpf': 0.25, 'process_theta_dot_sigma': 0.0, 'process_alpha_dot_sigma': 0.0}"
1035935,1,matlab_nominal_reproduction,0.0,"{'level': 0.0, 'physical': {'g': 9.8, 'c_theta': 0.025, 'c_alpha': 0.001, 'k_t': 0.231, 'k_b': 0.1875, 'k_u': 0.04706, 'R': 4.2857, 'm1': 0.20625, 'm2': 0.15845, 'l1cg': 0.080305, 'l1': 0.151894, 'l2cg': 0.066733, 'I1z': 0.00049228, 'I2x': 0.00036892, 'I2y': 2.3641e-05, 'I2z': 0.00036139}, 'init_theta_std_deg': 5.0, 'init_alpha_std_deg': 8.0, 'init_theta_dot_std': 0.0, 'init_alpha_dot_std': 0.0, 'pwm_limit': 150.0, 'pwm_gain': 1.0, 'pwm_bias': 0.0, 'pwm_deadzone': 0.0, 'pwm_noise_sigma': 0.0, 'actuator_tau': 0.0, 'action_delay_steps': 0, 'theta_bias': 0.0, 'alpha_bias': 0.0, 'theta_sigma': 0.0, 'alpha_sigma': 0.0, 'theta_dot_sigma': 0.0, 'alpha_dot_sigma': 0.0, 'encoder_quantization_rad': 0.0, 'velocity_lpf': 0.25, 'process_theta_dot_sigma': 0.0, 'process_alpha_dot_sigma': 0.0}"
1037935,1,matlab_nominal_reproduction,0.0,"{'level': 0.0, 'physical': {'g': 9.8, 'c_theta': 0.025, 'c_alpha': 0.001, 'k_t': 0.231, 'k_b': 0.1875, 'k_u': 0.04706, 'R': 4.2857, 'm1': 0.20625, 'm2': 0.15845, 'l1cg': 0.080305, 'l1': 0.151894, 'l2cg': 0.066733, 'I1z': 0.00049228, 'I2x': 0.00036892, 'I2y': 2.3641e-05, 'I2z': 0.00036139}, 'init_theta_std_deg': 5.0, 'init_alpha_std_deg': 8.0, 'init_theta_dot_std': 0.0, 'init_alpha_dot_std': 0.0, 'pwm_limit': 150.0, 'pwm_gain': 1.0, 'pwm_bias': 0.0, 'pwm_deadzone': 0.0, 'pwm_noise_sigma': 0.0, 'actuator_tau': 0.0, 'action_delay_steps': 0, 'theta_bias': 0.0, 'alpha_bias': 0.0, 'theta_sigma': 0.0, 'alpha_sigma': 0.0, 'theta_dot_sigma': 0.0, 'alpha_dot_sigma': 0.0, 'encoder_quantization_rad': 0.0, 'velocity_lpf': 0.25, 'process_theta_dot_sigma': 0.0, 'process_alpha_dot_sigma': 0.0}"
1039935,1,matlab_nominal_reproduction,0.0,"{'level': 0.0, 'physical': {'g': 9.8, 'c_theta': 0.025, 'c_alpha': 0.001, 'k_t': 0.231, 'k_b': 0.1875, 'k_u': 0.04706, 'R': 4.2857, 'm1': 0.20625, 'm2': 0.15845, 'l1cg': 0.080305, 'l1': 0.151894, 'l2cg': 0.066733, 'I1z': 0.00049228, 'I2x': 0.00036892, 'I2y': 2.3641e-05, 'I2z': 0.00036139}, 'init_theta_std_deg': 5.0, 'init_alpha_std_deg': 8.0, 'init_theta_dot_std': 0.0, 'init_alpha_dot_std': 0.0, 'pwm_limit': 150.0, 'pwm_gain': 1.0, 'pwm_bias': 0.0, 'pwm_deadzone': 0.0, 'pwm_noise_sigma': 0.0, 'actuator_tau': 0.0, 'action_delay_steps': 0, 'theta_bias': 0.0, 'alpha_bias': 0.0, 'theta_sigma': 0.0, 'alpha_sigma': 0.0, 'theta_dot_sigma': 0.0, 'alpha_dot_sigma': 0.0, 'encoder_quantization_rad': 0.0, 'velocity_lpf': 0.25, 'process_theta_dot_sigma': 0.0, 'process_alpha_dot_sigma': 0.0}"
1041935,1,matlab_nominal_reproduction,0.0,"{'level': 0.0, 'physical': {'g': 9.8, 'c_theta': 0.025, 'c_alpha': 0.001, 'k_t': 0.231, 'k_b': 0.1875, 'k_u': 0.04706, 'R': 4.2857, 'm1': 0.20625, 'm2': 0.15845, 'l1cg': 0.080305, 'l1': 0.151894, 'l2cg': 0.066733, 'I1z': 0.00049228, 'I2x': 0.00036892, 'I2y': 2.3641e-05, 'I2z': 0.00036139}, 'init_theta_std_deg': 5.0, 'init_alpha_std_deg': 8.0, 'init_theta_dot_std': 0.0, 'init_alpha_dot_std': 0.0, 'pwm_limit': 150.0, 'pwm_gain': 1.0, 'pwm_bias': 0.0, 'pwm_deadzone': 0.0, 'pwm_noise_sigma': 0.0, 'actuator_tau': 0.0, 'action_delay_steps': 0, 'theta_bias': 0.0, 'alpha_bias': 0.0, 'theta_sigma': 0.0, 'alpha_sigma': 0.0, 'theta_dot_sigma': 0.0, 'alpha_dot_sigma': 0.0, 'encoder_quantization_rad': 0.0, 'velocity_lpf': 0.25, 'process_theta_dot_sigma': 0.0, 'process_alpha_dot_sigma': 0.0}"
1043935,1,matlab_nominal_reproduction,0.0,"{'level': 0.0, 'physical': {'g': 9.8, 'c_theta': 0.025, 'c_alpha': 0.001, 'k_t': 0.231, 'k_b': 0.1875, 'k_u': 0.04706, 'R': 4.2857, 'm1': 0.20625, 'm2': 0.15845, 'l1cg': 0.080305, 'l1': 0.151894, 'l2cg': 0.066733, 'I1z': 0.00049228, 'I2x': 0.00036892, 'I2y': 2.3641e-05, 'I2z': 0.00036139}, 'init_theta_std_deg': 5.0, 'init_alpha_std_deg': 8.0, 'init_theta_dot_std': 0.0, 'init_alpha_dot_std': 0.0, 'pwm_limit': 150.0, 'pwm_gain': 1.0, 'pwm_bias': 0.0, 'pwm_deadzone': 0.0, 'pwm_noise_sigma': 0.0, 'actuator_tau': 0.0, 'action_delay_steps': 0, 'theta_bias': 0.0, 'alpha_bias': 0.0, 'theta_sigma': 0.0, 'alpha_sigma': 0.0, 'theta_dot_sigma': 0.0, 'alpha_dot_sigma': 0.0, 'encoder_quantization_rad': 0.0, 'velocity_lpf': 0.25, 'process_theta_dot_sigma': 0.0, 'process_alpha_dot_sigma': 0.0}"
1045935,1,matlab_nominal_reproduction,0.0,"{'level': 0.0, 'physical': {'g': 9.8, 'c_theta': 0.025, 'c_alpha': 0.001, 'k_t': 0.231, 'k_b': 0.1875, 'k_u': 0.04706, 'R': 4.2857, 'm1': 0.20625, 'm2': 0.15845, 'l1cg': 0.080305, 'l1': 0.151894, 'l2cg': 0.066733, 'I1z': 0.00049228, 'I2x': 0.00036892, 'I2y': 2.3641e-05, 'I2z': 0.00036139}, 'init_theta_std_deg': 5.0, 'init_alpha_std_deg': 8.0, 'init_theta_dot_std': 0.0, 'init_alpha_dot_std': 0.0, 'pwm_limit': 150.0, 'pwm_gain': 1.0, 'pwm_bias': 0.0, 'pwm_deadzone': 0.0, 'pwm_noise_sigma': 0.0, 'actuator_tau': 0.0, 'action_delay_steps': 0, 'theta_bias': 0.0, 'alpha_bias': 0.0, 'theta_sigma': 0.0, 'alpha_sigma': 0.0, 'theta_dot_sigma': 0.0, 'alpha_dot_sigma': 0.0, 'encoder_quantization_rad': 0.0, 'velocity_lpf': 0.25, 'process_theta_dot_sigma': 0.0, 'process_alpha_dot_sigma': 0.0}"
1047935,1,matlab_nominal_reproduction,0.0,"{'level': 0.0, 'physical': {'g': 9.8, 'c_theta': 0.025, 'c_alpha': 0.001, 'k_t': 0.231, 'k_b': 0.1875, 'k_u': 0.04706, 'R': 4.2857, 'm1': 0.20625, 'm2': 0.15845, 'l1cg': 0.080305, 'l1': 0.151894, 'l2cg': 0.066733, 'I1z': 0.00049228, 'I2x': 0.00036892, 'I2y': 2.3641e-05, 'I2z': 0.00036139}, 'init_theta_std_deg': 5.0, 'init_alpha_std_deg': 8.0, 'init_theta_dot_std': 0.0, 'init_alpha_dot_std': 0.0, 'pwm_limit': 150.0, 'pwm_gain': 1.0, 'pwm_bias': 0.0, 'pwm_deadzone': 0.0, 'pwm_noise_sigma': 0.0, 'actuator_tau': 0.0, 'action_delay_steps': 0, 'theta_bias': 0.0, 'alpha_bias': 0.0, 'theta_sigma': 0.0, 'alpha_sigma': 0.0, 'theta_dot_sigma': 0.0, 'alpha_dot_sigma': 0.0, 'encoder_quantization_rad': 0.0, 'velocity_lpf': 0.25, 'process_theta_dot_sigma': 0.0, 'process_alpha_dot_sigma': 0.0}"
1049935,1,matlab_nominal_reproduction,0.0,"{'level': 0.0, 'physical': {'g': 9.8, 'c_theta': 0.025, 'c_alpha': 0.001, 'k_t': 0.231, 'k_b': 0.1875, 'k_u': 0.04706, 'R': 4.2857, 'm1': 0.20625, 'm2': 0.15845, 'l1cg': 0.080305, 'l1': 0.151894, 'l2cg': 0.066733, 'I1z': 0.00049228, 'I2x': 0.00036892, 'I2y': 2.3641e-05, 'I2z': 0.00036139}, 'init_theta_std_deg': 5.0, 'init_alpha_std_deg': 8.0, 'init_theta_dot_std': 0.0, 'init_alpha_dot_std': 0.0, 'pwm_limit': 150.0, 'pwm_gain': 1.0, 'pwm_bias': 0.0, 'pwm_deadzone': 0.0, 'pwm_noise_sigma': 0.0, 'actuator_tau': 0.0, 'action_delay_steps': 0, 'theta_bias': 0.0, 'alpha_bias': 0.0, 'theta_sigma': 0.0, 'alpha_sigma': 0.0, 'theta_dot_sigma': 0.0, 'alpha_dot_sigma': 0.0, 'encoder_quantization_rad': 0.0, 'velocity_lpf': 0.25, 'process_theta_dot_sigma': 0.0, 'process_alpha_dot_sigma': 0.0}"
1051935,1,matlab_nominal_reproduction,0.0,"{'level': 0.0, 'physical': {'g': 9.8, 'c_theta': 0.025, 'c_alpha': 0.001, 'k_t': 0.231, 'k_b': 0.1875, 'k_u': 0.04706, 'R': 4.2857, 'm1': 0.20625, 'm2': 0.15845, 'l1cg': 0.080305, 'l1': 0.151894, 'l2cg': 0.066733, 'I1z': 0.00049228, 'I2x': 0.00036892, 'I2y': 2.3641e-05, 'I2z': 0.00036139}, 'init_theta_std_deg': 5.0, 'init_alpha_std_deg': 8.0, 'init_theta_dot_std': 0.0, 'init_alpha_dot_std': 0.0, 'pwm_limit': 150.0, 'pwm_gain': 1.0, 'pwm_bias': 0.0, 'pwm_deadzone': 0.0, 'pwm_noise_sigma': 0.0, 'actuator_tau': 0.0, 'action_delay_steps': 0, 'theta_bias': 0.0, 'alpha_bias': 0.0, 'theta_sigma': 0.0, 'alpha_sigma': 0.0, 'theta_dot_sigma': 0.0, 'alpha_dot_sigma': 0.0, 'encoder_quantization_rad': 0.0, 'velocity_lpf': 0.25, 'process_theta_dot_sigma': 0.0, 'process_alpha_dot_sigma': 0.0}"
1053935,1,matlab_nominal_reproduction,0.0,"{'level': 0.0, 'physical': {'g': 9.8, 'c_theta': 0.025, 'c_alpha': 0.001, 'k_t': 0.231, 'k_b': 0.1875, 'k_u': 0.04706, 'R': 4.2857, 'm1': 0.20625, 'm2': 0.15845, 'l1cg': 0.080305, 'l1': 0.151894, 'l2cg': 0.066733, 'I1z': 0.00049228, 'I2x': 0.00036892, 'I2y': 2.3641e-05, 'I2z': 0.00036139}, 'init_theta_std_deg': 5.0, 'init_alpha_std_deg': 8.0, 'init_theta_dot_std': 0.0, 'init_alpha_dot_std': 0.0, 'pwm_limit': 150.0, 'pwm_gain': 1.0, 'pwm_bias': 0.0, 'pwm_deadzone': 0.0, 'pwm_noise_sigma': 0.0, 'actuator_tau': 0.0, 'action_delay_steps': 0, 'theta_bias': 0.0, 'alpha_bias': 0.0, 'theta_sigma': 0.0, 'alpha_sigma': 0.0, 'theta_dot_sigma': 0.0, 'alpha_dot_sigma': 0.0, 'encoder_quantization_rad': 0.0, 'velocity_lpf': 0.25, 'process_theta_dot_sigma': 0.0, 'process_alpha_dot_sigma': 0.0}"
1055935,1,matlab_nominal_reproduction,0.0,"{'level': 0.0, 'physical': {'g': 9.8, 'c_theta': 0.025, 'c_alpha': 0.001, 'k_t': 0.231, 'k_b': 0.1875, 'k_u': 0.04706, 'R': 4.2857, 'm1': 0.20625, 'm2': 0.15845, 'l1cg': 0.080305, 'l1': 0.151894, 'l2cg': 0.066733, 'I1z': 0.00049228, 'I2x': 0.00036892, 'I2y': 2.3641e-05, 'I2z': 0.00036139}, 'init_theta_std_deg': 5.0, 'init_alpha_std_deg': 8.0, 'init_theta_dot_std': 0.0, 'init_alpha_dot_std': 0.0, 'pwm_limit': 150.0, 'pwm_gain': 1.0, 'pwm_bias': 0.0, 'pwm_deadzone': 0.0, 'pwm_noise_sigma': 0.0, 'actuator_tau': 0.0, 'action_delay_steps': 0, 'theta_bias': 0.0, 'alpha_bias': 0.0, 'theta_sigma': 0.0, 'alpha_sigma': 0.0, 'theta_dot_sigma': 0.0, 'alpha_dot_sigma': 0.0, 'encoder_quantization_rad': 0.0, 'velocity_lpf': 0.25, 'process_theta_dot_sigma': 0.0, 'process_alpha_dot_sigma': 0.0}"
1057935,1,matlab_nominal_reproduction,0.0,"{'level': 0.0, 'physical': {'g': 9.8, 'c_theta': 0.025, 'c_alpha': 0.001, 'k_t': 0.231, 'k_b': 0.1875, 'k_u': 0.04706, 'R': 4.2857, 'm1': 0.20625, 'm2': 0.15845, 'l1cg': 0.080305, 'l1': 0.151894, 'l2cg': 0.066733, 'I1z': 0.00049228, 'I2x': 0.00036892, 'I2y': 2.3641e-05, 'I2z': 0.00036139}, 'init_theta_std_deg': 5.0, 'init_alpha_std_deg': 8.0, 'init_theta_dot_std': 0.0, 'init_alpha_dot_std': 0.0, 'pwm_limit': 150.0, 'pwm_gain': 1.0, 'pwm_bias': 0.0, 'pwm_deadzone': 0.0, 'pwm_noise_sigma': 0.0, 'actuator_tau': 0.0, 'action_delay_steps': 0, 'theta_bias': 0.0, 'alpha_bias': 0.0, 'theta_sigma': 0.0, 'alpha_sigma': 0.0, 'theta_dot_sigma': 0.0, 'alpha_dot_sigma': 0.0, 'encoder_quantization_rad': 0.0, 'velocity_lpf': 0.25, 'process_theta_dot_sigma': 0.0, 'process_alpha_dot_sigma': 0.0}"
1059935,1,matlab_nominal_reproduction,0.0,"{'level': 0.0, 'physical': {'g': 9.8, 'c_theta': 0.025, 'c_alpha': 0.001, 'k_t': 0.231, 'k_b': 0.1875, 'k_u': 0.04706, 'R': 4.2857, 'm1': 0.20625, 'm2': 0.15845, 'l1cg': 0.080305, 'l1': 0.151894, 'l2cg': 0.066733, 'I1z': 0.00049228, 'I2x': 0.00036892, 'I2y': 2.3641e-05, 'I2z': 0.00036139}, 'init_theta_std_deg': 5.0, 'init_alpha_std_deg': 8.0, 'init_theta_dot_std': 0.0, 'init_alpha_dot_std': 0.0, 'pwm_limit': 150.0, 'pwm_gain': 1.0, 'pwm_bias': 0.0, 'pwm_deadzone': 0.0, 'pwm_noise_sigma': 0.0, 'actuator_tau': 0.0, 'action_delay_steps': 0, 'theta_bias': 0.0, 'alpha_bias': 0.0, 'theta_sigma': 0.0, 'alpha_sigma': 0.0, 'theta_dot_sigma': 0.0, 'alpha_dot_sigma': 0.0, 'encoder_quantization_rad': 0.0, 'velocity_lpf': 0.25, 'process_theta_dot_sigma': 0.0, 'process_alpha_dot_sigma': 0.0}"
1061935,1,matlab_nominal_reproduction,0.0,"{'level': 0.0, 'physical': {'g': 9.8, 'c_theta': 0.025, 'c_alpha': 0.001, 'k_t': 0.231, 'k_b': 0.1875, 'k_u': 0.04706, 'R': 4.2857, 'm1': 0.20625, 'm2': 0.15845, 'l1cg': 0.080305, 'l1': 0.151894, 'l2cg': 0.066733, 'I1z': 0.00049228, 'I2x': 0.00036892, 'I2y': 2.3641e-05, 'I2z': 0.00036139}, 'init_theta_std_deg': 5.0, 'init_alpha_std_deg': 8.0, 'init_theta_dot_std': 0.0, 'init_alpha_dot_std': 0.0, 'pwm_limit': 150.0, 'pwm_gain': 1.0, 'pwm_bias': 0.0, 'pwm_deadzone': 0.0, 'pwm_noise_sigma': 0.0, 'actuator_tau': 0.0, 'action_delay_steps': 0, 'theta_bias': 0.0, 'alpha_bias': 0.0, 'theta_sigma': 0.0, 'alpha_sigma': 0.0, 'theta_dot_sigma': 0.0, 'alpha_dot_sigma': 0.0, 'encoder_quantization_rad': 0.0, 'velocity_lpf': 0.25, 'process_theta_dot_sigma': 0.0, 'process_alpha_dot_sigma': 0.0}"
1063935,1,matlab_nominal_reproduction,0.0,"{'level': 0.0, 'physical': {'g': 9.8, 'c_theta': 0.025, 'c_alpha': 0.001, 'k_t': 0.231, 'k_b': 0.1875, 'k_u': 0.04706, 'R': 4.2857, 'm1': 0.20625, 'm2': 0.15845, 'l1cg': 0.080305, 'l1': 0.151894, 'l2cg': 0.066733, 'I1z': 0.00049228, 'I2x': 0.00036892, 'I2y': 2.3641e-05, 'I2z': 0.00036139}, 'init_theta_std_deg': 5.0, 'init_alpha_std_deg': 8.0, 'init_theta_dot_std': 0.0, 'init_alpha_dot_std': 0.0, 'pwm_limit': 150.0, 'pwm_gain': 1.0, 'pwm_bias': 0.0, 'pwm_deadzone': 0.0, 'pwm_noise_sigma': 0.0, 'actuator_tau': 0.0, 'action_delay_steps': 0, 'theta_bias': 0.0, 'alpha_bias': 0.0, 'theta_sigma': 0.0, 'alpha_sigma': 0.0, 'theta_dot_sigma': 0.0, 'alpha_dot_sigma': 0.0, 'encoder_quantization_rad': 0.0, 'velocity_lpf': 0.25, 'process_theta_dot_sigma': 0.0, 'process_alpha_dot_sigma': 0.0}"
1065935,1,matlab_nominal_reproduction,0.0,"{'level': 0.0, 'physical': {'g': 9.8, 'c_theta': 0.025, 'c_alpha': 0.001, 'k_t': 0.231, 'k_b': 0.1875, 'k_u': 0.04706, 'R': 4.2857, 'm1': 0.20625, 'm2': 0.15845, 'l1cg': 0.080305, 'l1': 0.151894, 'l2cg': 0.066733, 'I1z': 0.00049228, 'I2x': 0.00036892, 'I2y': 2.3641e-05, 'I2z': 0.00036139}, 'init_theta_std_deg': 5.0, 'init_alpha_std_deg': 8.0, 'init_theta_dot_std': 0.0, 'init_alpha_dot_std': 0.0, 'pwm_limit': 150.0, 'pwm_gain': 1.0, 'pwm_bias': 0.0, 'pwm_deadzone': 0.0, 'pwm_noise_sigma': 0.0, 'actuator_tau': 0.0, 'action_delay_steps': 0, 'theta_bias': 0.0, 'alpha_bias': 0.0, 'theta_sigma': 0.0, 'alpha_sigma': 0.0, 'theta_dot_sigma': 0.0, 'alpha_dot_sigma': 0.0, 'encoder_quantization_rad': 0.0, 'velocity_lpf': 0.25, 'process_theta_dot_sigma': 0.0, 'process_alpha_dot_sigma': 0.0}"
1067935,1,matlab_nominal_reproduction,0.0,"{'level': 0.0, 'physical': {'g': 9.8, 'c_theta': 0.025, 'c_alpha': 0.001, 'k_t': 0.231, 'k_b': 0.1875, 'k_u': 0.04706, 'R': 4.2857, 'm1': 0.20625, 'm2': 0.15845, 'l1cg': 0.080305, 'l1': 0.151894, 'l2cg': 0.066733, 'I1z': 0.00049228, 'I2x': 0.00036892, 'I2y': 2.3641e-05, 'I2z': 0.00036139}, 'init_theta_std_deg': 5.0, 'init_alpha_std_deg': 8.0, 'init_theta_dot_std': 0.0, 'init_alpha_dot_std': 0.0, 'pwm_limit': 150.0, 'pwm_gain': 1.0, 'pwm_bias': 0.0, 'pwm_deadzone': 0.0, 'pwm_noise_sigma': 0.0, 'actuator_tau': 0.0, 'action_delay_steps': 0, 'theta_bias': 0.0, 'alpha_bias': 0.0, 'theta_sigma': 0.0, 'alpha_sigma': 0.0, 'theta_dot_sigma': 0.0, 'alpha_dot_sigma': 0.0, 'encoder_quantization_rad': 0.0, 'velocity_lpf': 0.25, 'process_theta_dot_sigma': 0.0, 'process_alpha_dot_sigma': 0.0}"
1069935,1,matlab_nominal_reproduction,0.0,"{'level': 0.0, 'physical': {'g': 9.8, 'c_theta': 0.025, 'c_alpha': 0.001, 'k_t': 0.231, 'k_b': 0.1875, 'k_u': 0.04706, 'R': 4.2857, 'm1': 0.20625, 'm2': 0.15845, 'l1cg': 0.080305, 'l1': 0.151894, 'l2cg': 0.066733, 'I1z': 0.00049228, 'I2x': 0.00036892, 'I2y': 2.3641e-05, 'I2z': 0.00036139}, 'init_theta_std_deg': 5.0, 'init_alpha_std_deg': 8.0, 'init_theta_dot_std': 0.0, 'init_alpha_dot_std': 0.0, 'pwm_limit': 150.0, 'pwm_gain': 1.0, 'pwm_bias': 0.0, 'pwm_deadzone': 0.0, 'pwm_noise_sigma': 0.0, 'actuator_tau': 0.0, 'action_delay_steps': 0, 'theta_bias': 0.0, 'alpha_bias': 0.0, 'theta_sigma': 0.0, 'alpha_sigma': 0.0, 'theta_dot_sigma': 0.0, 'alpha_dot_sigma': 0.0, 'encoder_quantization_rad': 0.0, 'velocity_lpf': 0.25, 'process_theta_dot_sigma': 0.0, 'process_alpha_dot_sigma': 0.0}"
1071935,1,matlab_nominal_reproduction,0.0,"{'level': 0.0, 'physical': {'g': 9.8, 'c_theta': 0.025, 'c_alpha': 0.001, 'k_t': 0.231, 'k_b': 0.1875, 'k_u': 0.04706, 'R': 4.2857, 'm1': 0.20625, 'm2': 0.15845, 'l1cg': 0.080305, 'l1': 0.151894, 'l2cg': 0.066733, 'I1z': 0.00049228, 'I2x': 0.00036892, 'I2y': 2.3641e-05, 'I2z': 0.00036139}, 'init_theta_std_deg': 5.0, 'init_alpha_std_deg': 8.0, 'init_theta_dot_std': 0.0, 'init_alpha_dot_std': 0.0, 'pwm_limit': 150.0, 'pwm_gain': 1.0, 'pwm_bias': 0.0, 'pwm_deadzone': 0.0, 'pwm_noise_sigma': 0.0, 'actuator_tau': 0.0, 'action_delay_steps': 0, 'theta_bias': 0.0, 'alpha_bias': 0.0, 'theta_sigma': 0.0, 'alpha_sigma': 0.0, 'theta_dot_sigma': 0.0, 'alpha_dot_sigma': 0.0, 'encoder_quantization_rad': 0.0, 'velocity_lpf': 0.25, 'process_theta_dot_sigma': 0.0, 'process_alpha_dot_sigma': 0.0}"
1073935,1,matlab_nominal_reproduction,0.0,"{'level': 0.0, 'physical': {'g': 9.8, 'c_theta': 0.025, 'c_alpha': 0.001, 'k_t': 0.231, 'k_b': 0.1875, 'k_u': 0.04706, 'R': 4.2857, 'm1': 0.20625, 'm2': 0.15845, 'l1cg': 0.080305, 'l1': 0.151894, 'l2cg': 0.066733, 'I1z': 0.00049228, 'I2x': 0.00036892, 'I2y': 2.3641e-05, 'I2z': 0.00036139}, 'init_theta_std_deg': 5.0, 'init_alpha_std_deg': 8.0, 'init_theta_dot_std': 0.0, 'init_alpha_dot_std': 0.0, 'pwm_limit': 150.0, 'pwm_gain': 1.0, 'pwm_bias': 0.0, 'pwm_deadzone': 0.0, 'pwm_noise_sigma': 0.0, 'actuator_tau': 0.0, 'action_delay_steps': 0, 'theta_bias': 0.0, 'alpha_bias': 0.0, 'theta_sigma': 0.0, 'alpha_sigma': 0.0, 'theta_dot_sigma': 0.0, 'alpha_dot_sigma': 0.0, 'encoder_quantization_rad': 0.0, 'velocity_lpf': 0.25, 'process_theta_dot_sigma': 0.0, 'process_alpha_dot_sigma': 0.0}"
1075935,1,matlab_nominal_reproduction,0.0,"{'level': 0.0, 'physical': {'g': 9.8, 'c_theta': 0.025, 'c_alpha': 0.001, 'k_t': 0.231, 'k_b': 0.1875, 'k_u': 0.04706, 'R': 4.2857, 'm1': 0.20625, 'm2': 0.15845, 'l1cg': 0.080305, 'l1': 0.151894, 'l2cg': 0.066733, 'I1z': 0.00049228, 'I2x': 0.00036892, 'I2y': 2.3641e-05, 'I2z': 0.00036139}, 'init_theta_std_deg': 5.0, 'init_alpha_std_deg': 8.0, 'init_theta_dot_std': 0.0, 'init_alpha_dot_std': 0.0, 'pwm_limit': 150.0, 'pwm_gain': 1.0, 'pwm_bias': 0.0, 'pwm_deadzone': 0.0, 'pwm_noise_sigma': 0.0, 'actuator_tau': 0.0, 'action_delay_steps': 0, 'theta_bias': 0.0, 'alpha_bias': 0.0, 'theta_sigma': 0.0, 'alpha_sigma': 0.0, 'theta_dot_sigma': 0.0, 'alpha_dot_sigma': 0.0, 'encoder_quantization_rad': 0.0, 'velocity_lpf': 0.25, 'process_theta_dot_sigma': 0.0, 'process_alpha_dot_sigma': 0.0}"
1077935,1,matlab_nominal_reproduction,0.0,"{'level': 0.0, 'physical': {'g': 9.8, 'c_theta': 0.025, 'c_alpha': 0.001, 'k_t': 0.231, 'k_b': 0.1875, 'k_u': 0.04706, 'R': 4.2857, 'm1': 0.20625, 'm2': 0.15845, 'l1cg': 0.080305, 'l1': 0.151894, 'l2cg': 0.066733, 'I1z': 0.00049228, 'I2x': 0.00036892, 'I2y': 2.3641e-05, 'I2z': 0.00036139}, 'init_theta_std_deg': 5.0, 'init_alpha_std_deg': 8.0, 'init_theta_dot_std': 0.0, 'init_alpha_dot_std': 0.0, 'pwm_limit': 150.0, 'pwm_gain': 1.0, 'pwm_bias': 0.0, 'pwm_deadzone': 0.0, 'pwm_noise_sigma': 0.0, 'actuator_tau': 0.0, 'action_delay_steps': 0, 'theta_bias': 0.0, 'alpha_bias': 0.0, 'theta_sigma': 0.0, 'alpha_sigma': 0.0, 'theta_dot_sigma': 0.0, 'alpha_dot_sigma': 0.0, 'encoder_quantization_rad': 0.0, 'velocity_lpf': 0.25, 'process_theta_dot_sigma': 0.0, 'process_alpha_dot_sigma': 0.0}"
1079935,1,matlab_nominal_reproduction,0.0,"{'level': 0.0, 'physical': {'g': 9.8, 'c_theta': 0.025, 'c_alpha': 0.001, 'k_t': 0.231, 'k_b': 0.1875, 'k_u': 0.04706, 'R': 4.2857, 'm1': 0.20625, 'm2': 0.15845, 'l1cg': 0.080305, 'l1': 0.151894, 'l2cg': 0.066733, 'I1z': 0.00049228, 'I2x': 0.00036892, 'I2y': 2.3641e-05, 'I2z': 0.00036139}, 'init_theta_std_deg': 5.0, 'init_alpha_std_deg': 8.0, 'init_theta_dot_std': 0.0, 'init_alpha_dot_std': 0.0, 'pwm_limit': 150.0, 'pwm_gain': 1.0, 'pwm_bias': 0.0, 'pwm_deadzone': 0.0, 'pwm_noise_sigma': 0.0, 'actuator_tau': 0.0, 'action_delay_steps': 0, 'theta_bias': 0.0, 'alpha_bias': 0.0, 'theta_sigma': 0.0, 'alpha_sigma': 0.0, 'theta_dot_sigma': 0.0, 'alpha_dot_sigma': 0.0, 'encoder_quantization_rad': 0.0, 'velocity_lpf': 0.25, 'process_theta_dot_sigma': 0.0, 'process_alpha_dot_sigma': 0.0}"
1081935,1,matlab_nominal_reproduction,0.0,"{'level': 0.0, 'physical': {'g': 9.8, 'c_theta': 0.025, 'c_alpha': 0.001, 'k_t': 0.231, 'k_b': 0.1875, 'k_u': 0.04706, 'R': 4.2857, 'm1': 0.20625, 'm2': 0.15845, 'l1cg': 0.080305, 'l1': 0.151894, 'l2cg': 0.066733, 'I1z': 0.00049228, 'I2x': 0.00036892, 'I2y': 2.3641e-05, 'I2z': 0.00036139}, 'init_theta_std_deg': 5.0, 'init_alpha_std_deg': 8.0, 'init_theta_dot_std': 0.0, 'init_alpha_dot_std': 0.0, 'pwm_limit': 150.0, 'pwm_gain': 1.0, 'pwm_bias': 0.0, 'pwm_deadzone': 0.0, 'pwm_noise_sigma': 0.0, 'actuator_tau': 0.0, 'action_delay_steps': 0, 'theta_bias': 0.0, 'alpha_bias': 0.0, 'theta_sigma': 0.0, 'alpha_sigma': 0.0, 'theta_dot_sigma': 0.0, 'alpha_dot_sigma': 0.0, 'encoder_quantization_rad': 0.0, 'velocity_lpf': 0.25, 'process_theta_dot_sigma': 0.0, 'process_alpha_dot_sigma': 0.0}"
1083935,1,matlab_nominal_reproduction,0.0,"{'level': 0.0, 'physical': {'g': 9.8, 'c_theta': 0.025, 'c_alpha': 0.001, 'k_t': 0.231, 'k_b': 0.1875, 'k_u': 0.04706, 'R': 4.2857, 'm1': 0.20625, 'm2': 0.15845, 'l1cg': 0.080305, 'l1': 0.151894, 'l2cg': 0.066733, 'I1z': 0.00049228, 'I2x': 0.00036892, 'I2y': 2.3641e-05, 'I2z': 0.00036139}, 'init_theta_std_deg': 5.0, 'init_alpha_std_deg': 8.0, 'init_theta_dot_std': 0.0, 'init_alpha_dot_std': 0.0, 'pwm_limit': 150.0, 'pwm_gain': 1.0, 'pwm_bias': 0.0, 'pwm_deadzone': 0.0, 'pwm_noise_sigma': 0.0, 'actuator_tau': 0.0, 'action_delay_steps': 0, 'theta_bias': 0.0, 'alpha_bias': 0.0, 'theta_sigma': 0.0, 'alpha_sigma': 0.0, 'theta_dot_sigma': 0.0, 'alpha_dot_sigma': 0.0, 'encoder_quantization_rad': 0.0, 'velocity_lpf': 0.25, 'process_theta_dot_sigma': 0.0, 'process_alpha_dot_sigma': 0.0}"
1085935,1,matlab_nominal_reproduction,0.0,"{'level': 0.0, 'physical': {'g': 9.8, 'c_theta': 0.025, 'c_alpha': 0.001, 'k_t': 0.231, 'k_b': 0.1875, 'k_u': 0.04706, 'R': 4.2857, 'm1': 0.20625, 'm2': 0.15845, 'l1cg': 0.080305, 'l1': 0.151894, 'l2cg': 0.066733, 'I1z': 0.00049228, 'I2x': 0.00036892, 'I2y': 2.3641e-05, 'I2z': 0.00036139}, 'init_theta_std_deg': 5.0, 'init_alpha_std_deg': 8.0, 'init_theta_dot_std': 0.0, 'init_alpha_dot_std': 0.0, 'pwm_limit': 150.0, 'pwm_gain': 1.0, 'pwm_bias': 0.0, 'pwm_deadzone': 0.0, 'pwm_noise_sigma': 0.0, 'actuator_tau': 0.0, 'action_delay_steps': 0, 'theta_bias': 0.0, 'alpha_bias': 0.0, 'theta_sigma': 0.0, 'alpha_sigma': 0.0, 'theta_dot_sigma': 0.0, 'alpha_dot_sigma': 0.0, 'encoder_quantization_rad': 0.0, 'velocity_lpf': 0.25, 'process_theta_dot_sigma': 0.0, 'process_alpha_dot_sigma': 0.0}"
1087935,1,matlab_nominal_reproduction,0.0,"{'level': 0.0, 'physical': {'g': 9.8, 'c_theta': 0.025, 'c_alpha': 0.001, 'k_t': 0.231, 'k_b': 0.1875, 'k_u': 0.04706, 'R': 4.2857, 'm1': 0.20625, 'm2': 0.15845, 'l1cg': 0.080305, 'l1': 0.151894, 'l2cg': 0.066733, 'I1z': 0.00049228, 'I2x': 0.00036892, 'I2y': 2.3641e-05, 'I2z': 0.00036139}, 'init_theta_std_deg': 5.0, 'init_alpha_std_deg': 8.0, 'init_theta_dot_std': 0.0, 'init_alpha_dot_std': 0.0, 'pwm_limit': 150.0, 'pwm_gain': 1.0, 'pwm_bias': 0.0, 'pwm_deadzone': 0.0, 'pwm_noise_sigma': 0.0, 'actuator_tau': 0.0, 'action_delay_steps': 0, 'theta_bias': 0.0, 'alpha_bias': 0.0, 'theta_sigma': 0.0, 'alpha_sigma': 0.0, 'theta_dot_sigma': 0.0, 'alpha_dot_sigma': 0.0, 'encoder_quantization_rad': 0.0, 'velocity_lpf': 0.25, 'process_theta_dot_sigma': 0.0, 'process_alpha_dot_sigma': 0.0}"
1089935,1,matlab_nominal_reproduction,0.0,"{'level': 0.0, 'physical': {'g': 9.8, 'c_theta': 0.025, 'c_alpha': 0.001, 'k_t': 0.231, 'k_b': 0.1875, 'k_u': 0.04706, 'R': 4.2857, 'm1': 0.20625, 'm2': 0.15845, 'l1cg': 0.080305, 'l1': 0.151894, 'l2cg': 0.066733, 'I1z': 0.00049228, 'I2x': 0.00036892, 'I2y': 2.3641e-05, 'I2z': 0.00036139}, 'init_theta_std_deg': 5.0, 'init_alpha_std_deg': 8.0, 'init_theta_dot_std': 0.0, 'init_alpha_dot_std': 0.0, 'pwm_limit': 150.0, 'pwm_gain': 1.0, 'pwm_bias': 0.0, 'pwm_deadzone': 0.0, 'pwm_noise_sigma': 0.0, 'actuator_tau': 0.0, 'action_delay_steps': 0, 'theta_bias': 0.0, 'alpha_bias': 0.0, 'theta_sigma': 0.0, 'alpha_sigma': 0.0, 'theta_dot_sigma': 0.0, 'alpha_dot_sigma': 0.0, 'encoder_quantization_rad': 0.0, 'velocity_lpf': 0.25, 'process_theta_dot_sigma': 0.0, 'process_alpha_dot_sigma': 0.0}"
1091935,1,matlab_nominal_reproduction,0.0,"{'level': 0.0, 'physical': {'g': 9.8, 'c_theta': 0.025, 'c_alpha': 0.001, 'k_t': 0.231, 'k_b': 0.1875, 'k_u': 0.04706, 'R': 4.2857, 'm1': 0.20625, 'm2': 0.15845, 'l1cg': 0.080305, 'l1': 0.151894, 'l2cg': 0.066733, 'I1z': 0.00049228, 'I2x': 0.00036892, 'I2y': 2.3641e-05, 'I2z': 0.00036139}, 'init_theta_std_deg': 5.0, 'init_alpha_std_deg': 8.0, 'init_theta_dot_std': 0.0, 'init_alpha_dot_std': 0.0, 'pwm_limit': 150.0, 'pwm_gain': 1.0, 'pwm_bias': 0.0, 'pwm_deadzone': 0.0, 'pwm_noise_sigma': 0.0, 'actuator_tau': 0.0, 'action_delay_steps': 0, 'theta_bias': 0.0, 'alpha_bias': 0.0, 'theta_sigma': 0.0, 'alpha_sigma': 0.0, 'theta_dot_sigma': 0.0, 'alpha_dot_sigma': 0.0, 'encoder_quantization_rad': 0.0, 'velocity_lpf': 0.25, 'process_theta_dot_sigma': 0.0, 'process_alpha_dot_sigma': 0.0}"
1093935,1,matlab_nominal_reproduction,0.0,"{'level': 0.0, 'physical': {'g': 9.8, 'c_theta': 0.025, 'c_alpha': 0.001, 'k_t': 0.231, 'k_b': 0.1875, 'k_u': 0.04706, 'R': 4.2857, 'm1': 0.20625, 'm2': 0.15845, 'l1cg': 0.080305, 'l1': 0.151894, 'l2cg': 0.066733, 'I1z': 0.00049228, 'I2x': 0.00036892, 'I2y': 2.3641e-05, 'I2z': 0.00036139}, 'init_theta_std_deg': 5.0, 'init_alpha_std_deg': 8.0, 'init_theta_dot_std': 0.0, 'init_alpha_dot_std': 0.0, 'pwm_limit': 150.0, 'pwm_gain': 1.0, 'pwm_bias': 0.0, 'pwm_deadzone': 0.0, 'pwm_noise_sigma': 0.0, 'actuator_tau': 0.0, 'action_delay_steps': 0, 'theta_bias': 0.0, 'alpha_bias': 0.0, 'theta_sigma': 0.0, 'alpha_sigma': 0.0, 'theta_dot_sigma': 0.0, 'alpha_dot_sigma': 0.0, 'encoder_quantization_rad': 0.0, 'velocity_lpf': 0.25, 'process_theta_dot_sigma': 0.0, 'process_alpha_dot_sigma': 0.0}"
1095935,1,matlab_nominal_reproduction,0.0,"{'level': 0.0, 'physical': {'g': 9.8, 'c_theta': 0.025, 'c_alpha': 0.001, 'k_t': 0.231, 'k_b': 0.1875, 'k_u': 0.04706, 'R': 4.2857, 'm1': 0.20625, 'm2': 0.15845, 'l1cg': 0.080305, 'l1': 0.151894, 'l2cg': 0.066733, 'I1z': 0.00049228, 'I2x': 0.00036892, 'I2y': 2.3641e-05, 'I2z': 0.00036139}, 'init_theta_std_deg': 5.0, 'init_alpha_std_deg': 8.0, 'init_theta_dot_std': 0.0, 'init_alpha_dot_std': 0.0, 'pwm_limit': 150.0, 'pwm_gain': 1.0, 'pwm_bias': 0.0, 'pwm_deadzone': 0.0, 'pwm_noise_sigma': 0.0, 'actuator_tau': 0.0, 'action_delay_steps': 0, 'theta_bias': 0.0, 'alpha_bias': 0.0, 'theta_sigma': 0.0, 'alpha_sigma': 0.0, 'theta_dot_sigma': 0.0, 'alpha_dot_sigma': 0.0, 'encoder_quantization_rad': 0.0, 'velocity_lpf': 0.25, 'process_theta_dot_sigma': 0.0, 'process_alpha_dot_sigma': 0.0}"
1097935,1,matlab_nominal_reproduction,0.0,"{'level': 0.0, 'physical': {'g': 9.8, 'c_theta': 0.025, 'c_alpha': 0.001, 'k_t': 0.231, 'k_b': 0.1875, 'k_u': 0.04706, 'R': 4.2857, 'm1': 0.20625, 'm2': 0.15845, 'l1cg': 0.080305, 'l1': 0.151894, 'l2cg': 0.066733, 'I1z': 0.00049228, 'I2x': 0.00036892, 'I2y': 2.3641e-05, 'I2z': 0.00036139}, 'init_theta_std_deg': 5.0, 'init_alpha_std_deg': 8.0, 'init_theta_dot_std': 0.0, 'init_alpha_dot_std': 0.0, 'pwm_limit': 150.0, 'pwm_gain': 1.0, 'pwm_bias': 0.0, 'pwm_deadzone': 0.0, 'pwm_noise_sigma': 0.0, 'actuator_tau': 0.0, 'action_delay_steps': 0, 'theta_bias': 0.0, 'alpha_bias': 0.0, 'theta_sigma': 0.0, 'alpha_sigma': 0.0, 'theta_dot_sigma': 0.0, 'alpha_dot_sigma': 0.0, 'encoder_quantization_rad': 0.0, 'velocity_lpf': 0.25, 'process_theta_dot_sigma': 0.0, 'process_alpha_dot_sigma': 0.0}"
1099935,1,matlab_nominal_reproduction,0.0,"{'level': 0.0, 'physical': {'g': 9.8, 'c_theta': 0.025, 'c_alpha': 0.001, 'k_t': 0.231, 'k_b': 0.1875, 'k_u': 0.04706, 'R': 4.2857, 'm1': 0.20625, 'm2': 0.15845, 'l1cg': 0.080305, 'l1': 0.151894, 'l2cg': 0.066733, 'I1z': 0.00049228, 'I2x': 0.00036892, 'I2y': 2.3641e-05, 'I2z': 0.00036139}, 'init_theta_std_deg': 5.0, 'init_alpha_std_deg': 8.0, 'init_theta_dot_std': 0.0, 'init_alpha_dot_std': 0.0, 'pwm_limit': 150.0, 'pwm_gain': 1.0, 'pwm_bias': 0.0, 'pwm_deadzone': 0.0, 'pwm_noise_sigma': 0.0, 'actuator_tau': 0.0, 'action_delay_steps': 0, 'theta_bias': 0.0, 'alpha_bias': 0.0, 'theta_sigma': 0.0, 'alpha_sigma': 0.0, 'theta_dot_sigma': 0.0, 'alpha_dot_sigma': 0.0, 'encoder_quantization_rad': 0.0, 'velocity_lpf': 0.25, 'process_theta_dot_sigma': 0.0, 'process_alpha_dot_sigma': 0.0}"
1101935,1,matlab_nominal_reproduction,0.0,"{'level': 0.0, 'physical': {'g': 9.8, 'c_theta': 0.025, 'c_alpha': 0.001, 'k_t': 0.231, 'k_b': 0.1875, 'k_u': 0.04706, 'R': 4.2857, 'm1': 0.20625, 'm2': 0.15845, 'l1cg': 0.080305, 'l1': 0.151894, 'l2cg': 0.066733, 'I1z': 0.00049228, 'I2x': 0.00036892, 'I2y': 2.3641e-05, 'I2z': 0.00036139}, 'init_theta_std_deg': 5.0, 'init_alpha_std_deg': 8.0, 'init_theta_dot_std': 0.0, 'init_alpha_dot_std': 0.0, 'pwm_limit': 150.0, 'pwm_gain': 1.0, 'pwm_bias': 0.0, 'pwm_deadzone': 0.0, 'pwm_noise_sigma': 0.0, 'actuator_tau': 0.0, 'action_delay_steps': 0, 'theta_bias': 0.0, 'alpha_bias': 0.0, 'theta_sigma': 0.0, 'alpha_sigma': 0.0, 'theta_dot_sigma': 0.0, 'alpha_dot_sigma': 0.0, 'encoder_quantization_rad': 0.0, 'velocity_lpf': 0.25, 'process_theta_dot_sigma': 0.0, 'process_alpha_dot_sigma': 0.0}"
1103935,1,matlab_nominal_reproduction,0.0,"{'level': 0.0, 'physical': {'g': 9.8, 'c_theta': 0.025, 'c_alpha': 0.001, 'k_t': 0.231, 'k_b': 0.1875, 'k_u': 0.04706, 'R': 4.2857, 'm1': 0.20625, 'm2': 0.15845, 'l1cg': 0.080305, 'l1': 0.151894, 'l2cg': 0.066733, 'I1z': 0.00049228, 'I2x': 0.00036892, 'I2y': 2.3641e-05, 'I2z': 0.00036139}, 'init_theta_std_deg': 5.0, 'init_alpha_std_deg': 8.0, 'init_theta_dot_std': 0.0, 'init_alpha_dot_std': 0.0, 'pwm_limit': 150.0, 'pwm_gain': 1.0, 'pwm_bias': 0.0, 'pwm_deadzone': 0.0, 'pwm_noise_sigma': 0.0, 'actuator_tau': 0.0, 'action_delay_steps': 0, 'theta_bias': 0.0, 'alpha_bias': 0.0, 'theta_sigma': 0.0, 'alpha_sigma': 0.0, 'theta_dot_sigma': 0.0, 'alpha_dot_sigma': 0.0, 'encoder_quantization_rad': 0.0, 'velocity_lpf': 0.25, 'process_theta_dot_sigma': 0.0, 'process_alpha_dot_sigma': 0.0}"
1105935,1,matlab_nominal_reproduction,0.0,"{'level': 0.0, 'physical': {'g': 9.8, 'c_theta': 0.025, 'c_alpha': 0.001, 'k_t': 0.231, 'k_b': 0.1875, 'k_u': 0.04706, 'R': 4.2857, 'm1': 0.20625, 'm2': 0.15845, 'l1cg': 0.080305, 'l1': 0.151894, 'l2cg': 0.066733, 'I1z': 0.00049228, 'I2x': 0.00036892, 'I2y': 2.3641e-05, 'I2z': 0.00036139}, 'init_theta_std_deg': 5.0, 'init_alpha_std_deg': 8.0, 'init_theta_dot_std': 0.0, 'init_alpha_dot_std': 0.0, 'pwm_limit': 150.0, 'pwm_gain': 1.0, 'pwm_bias': 0.0, 'pwm_deadzone': 0.0, 'pwm_noise_sigma': 0.0, 'actuator_tau': 0.0, 'action_delay_steps': 0, 'theta_bias': 0.0, 'alpha_bias': 0.0, 'theta_sigma': 0.0, 'alpha_sigma': 0.0, 'theta_dot_sigma': 0.0, 'alpha_dot_sigma': 0.0, 'encoder_quantization_rad': 0.0, 'velocity_lpf': 0.25, 'process_theta_dot_sigma': 0.0, 'process_alpha_dot_sigma': 0.0}"
1107935,1,matlab_nominal_reproduction,0.0,"{'level': 0.0, 'physical': {'g': 9.8, 'c_theta': 0.025, 'c_alpha': 0.001, 'k_t': 0.231, 'k_b': 0.1875, 'k_u': 0.04706, 'R': 4.2857, 'm1': 0.20625, 'm2': 0.15845, 'l1cg': 0.080305, 'l1': 0.151894, 'l2cg': 0.066733, 'I1z': 0.00049228, 'I2x': 0.00036892, 'I2y': 2.3641e-05, 'I2z': 0.00036139}, 'init_theta_std_deg': 5.0, 'init_alpha_std_deg': 8.0, 'init_theta_dot_std': 0.0, 'init_alpha_dot_std': 0.0, 'pwm_limit': 150.0, 'pwm_gain': 1.0, 'pwm_bias': 0.0, 'pwm_deadzone': 0.0, 'pwm_noise_sigma': 0.0, 'actuator_tau': 0.0, 'action_delay_steps': 0, 'theta_bias': 0.0, 'alpha_bias': 0.0, 'theta_sigma': 0.0, 'alpha_sigma': 0.0, 'theta_dot_sigma': 0.0, 'alpha_dot_sigma': 0.0, 'encoder_quantization_rad': 0.0, 'velocity_lpf': 0.25, 'process_theta_dot_sigma': 0.0, 'process_alpha_dot_sigma': 0.0}"
1109935,1,matlab_nominal_reproduction,0.0,"{'level': 0.0, 'physical': {'g': 9.8, 'c_theta': 0.025, 'c_alpha': 0.001, 'k_t': 0.231, 'k_b': 0.1875, 'k_u': 0.04706, 'R': 4.2857, 'm1': 0.20625, 'm2': 0.15845, 'l1cg': 0.080305, 'l1': 0.151894, 'l2cg': 0.066733, 'I1z': 0.00049228, 'I2x': 0.00036892, 'I2y': 2.3641e-05, 'I2z': 0.00036139}, 'init_theta_std_deg': 5.0, 'init_alpha_std_deg': 8.0, 'init_theta_dot_std': 0.0, 'init_alpha_dot_std': 0.0, 'pwm_limit': 150.0, 'pwm_gain': 1.0, 'pwm_bias': 0.0, 'pwm_deadzone': 0.0, 'pwm_noise_sigma': 0.0, 'actuator_tau': 0.0, 'action_delay_steps': 0, 'theta_bias': 0.0, 'alpha_bias': 0.0, 'theta_sigma': 0.0, 'alpha_sigma': 0.0, 'theta_dot_sigma': 0.0, 'alpha_dot_sigma': 0.0, 'encoder_quantization_rad': 0.0, 'velocity_lpf': 0.25, 'process_theta_dot_sigma': 0.0, 'process_alpha_dot_sigma': 0.0}"
1111935,1,matlab_nominal_reproduction,0.0,"{'level': 0.0, 'physical': {'g': 9.8, 'c_theta': 0.025, 'c_alpha': 0.001, 'k_t': 0.231, 'k_b': 0.1875, 'k_u': 0.04706, 'R': 4.2857, 'm1': 0.20625, 'm2': 0.15845, 'l1cg': 0.080305, 'l1': 0.151894, 'l2cg': 0.066733, 'I1z': 0.00049228, 'I2x': 0.00036892, 'I2y': 2.3641e-05, 'I2z': 0.00036139}, 'init_theta_std_deg': 5.0, 'init_alpha_std_deg': 8.0, 'init_theta_dot_std': 0.0, 'init_alpha_dot_std': 0.0, 'pwm_limit': 150.0, 'pwm_gain': 1.0, 'pwm_bias': 0.0, 'pwm_deadzone': 0.0, 'pwm_noise_sigma': 0.0, 'actuator_tau': 0.0, 'action_delay_steps': 0, 'theta_bias': 0.0, 'alpha_bias': 0.0, 'theta_sigma': 0.0, 'alpha_sigma': 0.0, 'theta_dot_sigma': 0.0, 'alpha_dot_sigma': 0.0, 'encoder_quantization_rad': 0.0, 'velocity_lpf': 0.25, 'process_theta_dot_sigma': 0.0, 'process_alpha_dot_sigma': 0.0}"
1113935,1,matlab_nominal_reproduction,0.0,"{'level': 0.0, 'physical': {'g': 9.8, 'c_theta': 0.025, 'c_alpha': 0.001, 'k_t': 0.231, 'k_b': 0.1875, 'k_u': 0.04706, 'R': 4.2857, 'm1': 0.20625, 'm2': 0.15845, 'l1cg': 0.080305, 'l1': 0.151894, 'l2cg': 0.066733, 'I1z': 0.00049228, 'I2x': 0.00036892, 'I2y': 2.3641e-05, 'I2z': 0.00036139}, 'init_theta_std_deg': 5.0, 'init_alpha_std_deg': 8.0, 'init_theta_dot_std': 0.0, 'init_alpha_dot_std': 0.0, 'pwm_limit': 150.0, 'pwm_gain': 1.0, 'pwm_bias': 0.0, 'pwm_deadzone': 0.0, 'pwm_noise_sigma': 0.0, 'actuator_tau': 0.0, 'action_delay_steps': 0, 'theta_bias': 0.0, 'alpha_bias': 0.0, 'theta_sigma': 0.0, 'alpha_sigma': 0.0, 'theta_dot_sigma': 0.0, 'alpha_dot_sigma': 0.0, 'encoder_quantization_rad': 0.0, 'velocity_lpf': 0.25, 'process_theta_dot_sigma': 0.0, 'process_alpha_dot_sigma': 0.0}"
1115935,1,matlab_nominal_reproduction,0.0,"{'level': 0.0, 'physical': {'g': 9.8, 'c_theta': 0.025, 'c_alpha': 0.001, 'k_t': 0.231, 'k_b': 0.1875, 'k_u': 0.04706, 'R': 4.2857, 'm1': 0.20625, 'm2': 0.15845, 'l1cg': 0.080305, 'l1': 0.151894, 'l2cg': 0.066733, 'I1z': 0.00049228, 'I2x': 0.00036892, 'I2y': 2.3641e-05, 'I2z': 0.00036139}, 'init_theta_std_deg': 5.0, 'init_alpha_std_deg': 8.0, 'init_theta_dot_std': 0.0, 'init_alpha_dot_std': 0.0, 'pwm_limit': 150.0, 'pwm_gain': 1.0, 'pwm_bias': 0.0, 'pwm_deadzone': 0.0, 'pwm_noise_sigma': 0.0, 'actuator_tau': 0.0, 'action_delay_steps': 0, 'theta_bias': 0.0, 'alpha_bias': 0.0, 'theta_sigma': 0.0, 'alpha_sigma': 0.0, 'theta_dot_sigma': 0.0, 'alpha_dot_sigma': 0.0, 'encoder_quantization_rad': 0.0, 'velocity_lpf': 0.25, 'process_theta_dot_sigma': 0.0, 'process_alpha_dot_sigma': 0.0}"
1117935,1,matlab_nominal_reproduction,0.0,"{'level': 0.0, 'physical': {'g': 9.8, 'c_theta': 0.025, 'c_alpha': 0.001, 'k_t': 0.231, 'k_b': 0.1875, 'k_u': 0.04706, 'R': 4.2857, 'm1': 0.20625, 'm2': 0.15845, 'l1cg': 0.080305, 'l1': 0.151894, 'l2cg': 0.066733, 'I1z': 0.00049228, 'I2x': 0.00036892, 'I2y': 2.3641e-05, 'I2z': 0.00036139}, 'init_theta_std_deg': 5.0, 'init_alpha_std_deg': 8.0, 'init_theta_dot_std': 0.0, 'init_alpha_dot_std': 0.0, 'pwm_limit': 150.0, 'pwm_gain': 1.0, 'pwm_bias': 0.0, 'pwm_deadzone': 0.0, 'pwm_noise_sigma': 0.0, 'actuator_tau': 0.0, 'action_delay_steps': 0, 'theta_bias': 0.0, 'alpha_bias': 0.0, 'theta_sigma': 0.0, 'alpha_sigma': 0.0, 'theta_dot_sigma': 0.0, 'alpha_dot_sigma': 0.0, 'encoder_quantization_rad': 0.0, 'velocity_lpf': 0.25, 'process_theta_dot_sigma': 0.0, 'process_alpha_dot_sigma': 0.0}"
1119935,1,matlab_nominal_reproduction,0.0,"{'level': 0.0, 'physical': {'g': 9.8, 'c_theta': 0.025, 'c_alpha': 0.001, 'k_t': 0.231, 'k_b': 0.1875, 'k_u': 0.04706, 'R': 4.2857, 'm1': 0.20625, 'm2': 0.15845, 'l1cg': 0.080305, 'l1': 0.151894, 'l2cg': 0.066733, 'I1z': 0.00049228, 'I2x': 0.00036892, 'I2y': 2.3641e-05, 'I2z': 0.00036139}, 'init_theta_std_deg': 5.0, 'init_alpha_std_deg': 8.0, 'init_theta_dot_std': 0.0, 'init_alpha_dot_std': 0.0, 'pwm_limit': 150.0, 'pwm_gain': 1.0, 'pwm_bias': 0.0, 'pwm_deadzone': 0.0, 'pwm_noise_sigma': 0.0, 'actuator_tau': 0.0, 'action_delay_steps': 0, 'theta_bias': 0.0, 'alpha_bias': 0.0, 'theta_sigma': 0.0, 'alpha_sigma': 0.0, 'theta_dot_sigma': 0.0, 'alpha_dot_sigma': 0.0, 'encoder_quantization_rad': 0.0, 'velocity_lpf': 0.25, 'process_theta_dot_sigma': 0.0, 'process_alpha_dot_sigma': 0.0}"
1121935,1,matlab_nominal_reproduction,0.0,"{'level': 0.0, 'physical': {'g': 9.8, 'c_theta': 0.025, 'c_alpha': 0.001, 'k_t': 0.231, 'k_b': 0.1875, 'k_u': 0.04706, 'R': 4.2857, 'm1': 0.20625, 'm2': 0.15845, 'l1cg': 0.080305, 'l1': 0.151894, 'l2cg': 0.066733, 'I1z': 0.00049228, 'I2x': 0.00036892, 'I2y': 2.3641e-05, 'I2z': 0.00036139}, 'init_theta_std_deg': 5.0, 'init_alpha_std_deg': 8.0, 'init_theta_dot_std': 0.0, 'init_alpha_dot_std': 0.0, 'pwm_limit': 150.0, 'pwm_gain': 1.0, 'pwm_bias': 0.0, 'pwm_deadzone': 0.0, 'pwm_noise_sigma': 0.0, 'actuator_tau': 0.0, 'action_delay_steps': 0, 'theta_bias': 0.0, 'alpha_bias': 0.0, 'theta_sigma': 0.0, 'alpha_sigma': 0.0, 'theta_dot_sigma': 0.0, 'alpha_dot_sigma': 0.0, 'encoder_quantization_rad': 0.0, 'velocity_lpf': 0.25, 'process_theta_dot_sigma': 0.0, 'process_alpha_dot_sigma': 0.0}"
1123935,1,matlab_nominal_reproduction,0.0,"{'level': 0.0, 'physical': {'g': 9.8, 'c_theta': 0.025, 'c_alpha': 0.001, 'k_t': 0.231, 'k_b': 0.1875, 'k_u': 0.04706, 'R': 4.2857, 'm1': 0.20625, 'm2': 0.15845, 'l1cg': 0.080305, 'l1': 0.151894, 'l2cg': 0.066733, 'I1z': 0.00049228, 'I2x': 0.00036892, 'I2y': 2.3641e-05, 'I2z': 0.00036139}, 'init_theta_std_deg': 5.0, 'init_alpha_std_deg': 8.0, 'init_theta_dot_std': 0.0, 'init_alpha_dot_std': 0.0, 'pwm_limit': 150.0, 'pwm_gain': 1.0, 'pwm_bias': 0.0, 'pwm_deadzone': 0.0, 'pwm_noise_sigma': 0.0, 'actuator_tau': 0.0, 'action_delay_steps': 0, 'theta_bias': 0.0, 'alpha_bias': 0.0, 'theta_sigma': 0.0, 'alpha_sigma': 0.0, 'theta_dot_sigma': 0.0, 'alpha_dot_sigma': 0.0, 'encoder_quantization_rad': 0.0, 'velocity_lpf': 0.25, 'process_theta_dot_sigma': 0.0, 'process_alpha_dot_sigma': 0.0}"
1125935,1,matlab_nominal_reproduction,0.0,"{'level': 0.0, 'physical': {'g': 9.8, 'c_theta': 0.025, 'c_alpha': 0.001, 'k_t': 0.231, 'k_b': 0.1875, 'k_u': 0.04706, 'R': 4.2857, 'm1': 0.20625, 'm2': 0.15845, 'l1cg': 0.080305, 'l1': 0.151894, 'l2cg': 0.066733, 'I1z': 0.00049228, 'I2x': 0.00036892, 'I2y': 2.3641e-05, 'I2z': 0.00036139}, 'init_theta_std_deg': 5.0, 'init_alpha_std_deg': 8.0, 'init_theta_dot_std': 0.0, 'init_alpha_dot_std': 0.0, 'pwm_limit': 150.0, 'pwm_gain': 1.0, 'pwm_bias': 0.0, 'pwm_deadzone': 0.0, 'pwm_noise_sigma': 0.0, 'actuator_tau': 0.0, 'action_delay_steps': 0, 'theta_bias': 0.0, 'alpha_bias': 0.0, 'theta_sigma': 0.0, 'alpha_sigma': 0.0, 'theta_dot_sigma': 0.0, 'alpha_dot_sigma': 0.0, 'encoder_quantization_rad': 0.0, 'velocity_lpf': 0.25, 'process_theta_dot_sigma': 0.0, 'process_alpha_dot_sigma': 0.0}"
1127935,1,matlab_nominal_reproduction,0.0,"{'level': 0.0, 'physical': {'g': 9.8, 'c_theta': 0.025, 'c_alpha': 0.001, 'k_t': 0.231, 'k_b': 0.1875, 'k_u': 0.04706, 'R': 4.2857, 'm1': 0.20625, 'm2': 0.15845, 'l1cg': 0.080305, 'l1': 0.151894, 'l2cg': 0.066733, 'I1z': 0.00049228, 'I2x': 0.00036892, 'I2y': 2.3641e-05, 'I2z': 0.00036139}, 'init_theta_std_deg': 5.0, 'init_alpha_std_deg': 8.0, 'init_theta_dot_std': 0.0, 'init_alpha_dot_std': 0.0, 'pwm_limit': 150.0, 'pwm_gain': 1.0, 'pwm_bias': 0.0, 'pwm_deadzone': 0.0, 'pwm_noise_sigma': 0.0, 'actuator_tau': 0.0, 'action_delay_steps': 0, 'theta_bias': 0.0, 'alpha_bias': 0.0, 'theta_sigma': 0.0, 'alpha_sigma': 0.0, 'theta_dot_sigma': 0.0, 'alpha_dot_sigma': 0.0, 'encoder_quantization_rad': 0.0, 'velocity_lpf': 0.25, 'process_theta_dot_sigma': 0.0, 'process_alpha_dot_sigma': 0.0}"
1129935,1,matlab_nominal_reproduction,0.0,"{'level': 0.0, 'physical': {'g': 9.8, 'c_theta': 0.025, 'c_alpha': 0.001, 'k_t': 0.231, 'k_b': 0.1875, 'k_u': 0.04706, 'R': 4.2857, 'm1': 0.20625, 'm2': 0.15845, 'l1cg': 0.080305, 'l1': 0.151894, 'l2cg': 0.066733, 'I1z': 0.00049228, 'I2x': 0.00036892, 'I2y': 2.3641e-05, 'I2z': 0.00036139}, 'init_theta_std_deg': 5.0, 'init_alpha_std_deg': 8.0, 'init_theta_dot_std': 0.0, 'init_alpha_dot_std': 0.0, 'pwm_limit': 150.0, 'pwm_gain': 1.0, 'pwm_bias': 0.0, 'pwm_deadzone': 0.0, 'pwm_noise_sigma': 0.0, 'actuator_tau': 0.0, 'action_delay_steps': 0, 'theta_bias': 0.0, 'alpha_bias': 0.0, 'theta_sigma': 0.0, 'alpha_sigma': 0.0, 'theta_dot_sigma': 0.0, 'alpha_dot_sigma': 0.0, 'encoder_quantization_rad': 0.0, 'velocity_lpf': 0.25, 'process_theta_dot_sigma': 0.0, 'process_alpha_dot_sigma': 0.0}"
1131935,1,matlab_nominal_reproduction,0.0,"{'level': 0.0, 'physical': {'g': 9.8, 'c_theta': 0.025, 'c_alpha': 0.001, 'k_t': 0.231, 'k_b': 0.1875, 'k_u': 0.04706, 'R': 4.2857, 'm1': 0.20625, 'm2': 0.15845, 'l1cg': 0.080305, 'l1': 0.151894, 'l2cg': 0.066733, 'I1z': 0.00049228, 'I2x': 0.00036892, 'I2y': 2.3641e-05, 'I2z': 0.00036139}, 'init_theta_std_deg': 5.0, 'init_alpha_std_deg': 8.0, 'init_theta_dot_std': 0.0, 'init_alpha_dot_std': 0.0, 'pwm_limit': 150.0, 'pwm_gain': 1.0, 'pwm_bias': 0.0, 'pwm_deadzone': 0.0, 'pwm_noise_sigma': 0.0, 'actuator_tau': 0.0, 'action_delay_steps': 0, 'theta_bias': 0.0, 'alpha_bias': 0.0, 'theta_sigma': 0.0, 'alpha_sigma': 0.0, 'theta_dot_sigma': 0.0, 'alpha_dot_sigma': 0.0, 'encoder_quantization_rad': 0.0, 'velocity_lpf': 0.25, 'process_theta_dot_sigma': 0.0, 'process_alpha_dot_sigma': 0.0}"
1133935,1,matlab_nominal_reproduction,0.0,"{'level': 0.0, 'physical': {'g': 9.8, 'c_theta': 0.025, 'c_alpha': 0.001, 'k_t': 0.231, 'k_b': 0.1875, 'k_u': 0.04706, 'R': 4.2857, 'm1': 0.20625, 'm2': 0.15845, 'l1cg': 0.080305, 'l1': 0.151894, 'l2cg': 0.066733, 'I1z': 0.00049228, 'I2x': 0.00036892, 'I2y': 2.3641e-05, 'I2z': 0.00036139}, 'init_theta_std_deg': 5.0, 'init_alpha_std_deg': 8.0, 'init_theta_dot_std': 0.0, 'init_alpha_dot_std': 0.0, 'pwm_limit': 150.0, 'pwm_gain': 1.0, 'pwm_bias': 0.0, 'pwm_deadzone': 0.0, 'pwm_noise_sigma': 0.0, 'actuator_tau': 0.0, 'action_delay_steps': 0, 'theta_bias': 0.0, 'alpha_bias': 0.0, 'theta_sigma': 0.0, 'alpha_sigma': 0.0, 'theta_dot_sigma': 0.0, 'alpha_dot_sigma': 0.0, 'encoder_quantization_rad': 0.0, 'velocity_lpf': 0.25, 'process_theta_dot_sigma': 0.0, 'process_alpha_dot_sigma': 0.0}"
1135935,1,matlab_nominal_reproduction,0.0,"{'level': 0.0, 'physical': {'g': 9.8, 'c_theta': 0.025, 'c_alpha': 0.001, 'k_t': 0.231, 'k_b': 0.1875, 'k_u': 0.04706, 'R': 4.2857, 'm1': 0.20625, 'm2': 0.15845, 'l1cg': 0.080305, 'l1': 0.151894, 'l2cg': 0.066733, 'I1z': 0.00049228, 'I2x': 0.00036892, 'I2y': 2.3641e-05, 'I2z': 0.00036139}, 'init_theta_std_deg': 5.0, 'init_alpha_std_deg': 8.0, 'init_theta_dot_std': 0.0, 'init_alpha_dot_std': 0.0, 'pwm_limit': 150.0, 'pwm_gain': 1.0, 'pwm_bias': 0.0, 'pwm_deadzone': 0.0, 'pwm_noise_sigma': 0.0, 'actuator_tau': 0.0, 'action_delay_steps': 0, 'theta_bias': 0.0, 'alpha_bias': 0.0, 'theta_sigma': 0.0, 'alpha_sigma': 0.0, 'theta_dot_sigma': 0.0, 'alpha_dot_sigma': 0.0, 'encoder_quantization_rad': 0.0, 'velocity_lpf': 0.25, 'process_theta_dot_sigma': 0.0, 'process_alpha_dot_sigma': 0.0}"
1137935,1,matlab_nominal_reproduction,0.0,"{'level': 0.0, 'physical': {'g': 9.8, 'c_theta': 0.025, 'c_alpha': 0.001, 'k_t': 0.231, 'k_b': 0.1875, 'k_u': 0.04706, 'R': 4.2857, 'm1': 0.20625, 'm2': 0.15845, 'l1cg': 0.080305, 'l1': 0.151894, 'l2cg': 0.066733, 'I1z': 0.00049228, 'I2x': 0.00036892, 'I2y': 2.3641e-05, 'I2z': 0.00036139}, 'init_theta_std_deg': 5.0, 'init_alpha_std_deg': 8.0, 'init_theta_dot_std': 0.0, 'init_alpha_dot_std': 0.0, 'pwm_limit': 150.0, 'pwm_gain': 1.0, 'pwm_bias': 0.0, 'pwm_deadzone': 0.0, 'pwm_noise_sigma': 0.0, 'actuator_tau': 0.0, 'action_delay_steps': 0, 'theta_bias': 0.0, 'alpha_bias': 0.0, 'theta_sigma': 0.0, 'alpha_sigma': 0.0, 'theta_dot_sigma': 0.0, 'alpha_dot_sigma': 0.0, 'encoder_quantization_rad': 0.0, 'velocity_lpf': 0.25, 'process_theta_dot_sigma': 0.0, 'process_alpha_dot_sigma': 0.0}"
1139935,1,matlab_nominal_reproduction,0.0,"{'level': 0.0, 'physical': {'g': 9.8, 'c_theta': 0.025, 'c_alpha': 0.001, 'k_t': 0.231, 'k_b': 0.1875, 'k_u': 0.04706, 'R': 4.2857, 'm1': 0.20625, 'm2': 0.15845, 'l1cg': 0.080305, 'l1': 0.151894, 'l2cg': 0.066733, 'I1z': 0.00049228, 'I2x': 0.00036892, 'I2y': 2.3641e-05, 'I2z': 0.00036139}, 'init_theta_std_deg': 5.0, 'init_alpha_std_deg': 8.0, 'init_theta_dot_std': 0.0, 'init_alpha_dot_std': 0.0, 'pwm_limit': 150.0, 'pwm_gain': 1.0, 'pwm_bias': 0.0, 'pwm_deadzone': 0.0, 'pwm_noise_sigma': 0.0, 'actuator_tau': 0.0, 'action_delay_steps': 0, 'theta_bias': 0.0, 'alpha_bias': 0.0, 'theta_sigma': 0.0, 'alpha_sigma': 0.0, 'theta_dot_sigma': 0.0, 'alpha_dot_sigma': 0.0, 'encoder_quantization_rad': 0.0, 'velocity_lpf': 0.25, 'process_theta_dot_sigma': 0.0, 'process_alpha_dot_sigma': 0.0}"
1141935,1,matlab_nominal_reproduction,0.0,"{'level': 0.0, 'physical': {'g': 9.8, 'c_theta': 0.025, 'c_alpha': 0.001, 'k_t': 0.231, 'k_b': 0.1875, 'k_u': 0.04706, 'R': 4.2857, 'm1': 0.20625, 'm2': 0.15845, 'l1cg': 0.080305, 'l1': 0.151894, 'l2cg': 0.066733, 'I1z': 0.00049228, 'I2x': 0.00036892, 'I2y': 2.3641e-05, 'I2z': 0.00036139}, 'init_theta_std_deg': 5.0, 'init_alpha_std_deg': 8.0, 'init_theta_dot_std': 0.0, 'init_alpha_dot_std': 0.0, 'pwm_limit': 150.0, 'pwm_gain': 1.0, 'pwm_bias': 0.0, 'pwm_deadzone': 0.0, 'pwm_noise_sigma': 0.0, 'actuator_tau': 0.0, 'action_delay_steps': 0, 'theta_bias': 0.0, 'alpha_bias': 0.0, 'theta_sigma': 0.0, 'alpha_sigma': 0.0, 'theta_dot_sigma': 0.0, 'alpha_dot_sigma': 0.0, 'encoder_quantization_rad': 0.0, 'velocity_lpf': 0.25, 'process_theta_dot_sigma': 0.0, 'process_alpha_dot_sigma': 0.0}"
1143563,1,matlab_nominal_reproduction,0.0,"{'level': 0.0, 'physical': {'g': 9.8, 'c_theta': 0.025, 'c_alpha': 0.001, 'k_t': 0.231, 'k_b': 0.1875, 'k_u': 0.04706, 'R': 4.2857, 'm1': 0.20625, 'm2': 0.15845, 'l1cg': 0.080305, 'l1': 0.151894, 'l2cg': 0.066733, 'I1z': 0.00049228, 'I2x': 0.00036892, 'I2y': 2.3641e-05, 'I2z': 0.00036139}, 'init_theta_std_deg': 5.0, 'init_alpha_std_deg': 8.0, 'init_theta_dot_std': 0.0, 'init_alpha_dot_std': 0.0, 'pwm_limit': 150.0, 'pwm_gain': 1.0, 'pwm_bias': 0.0, 'pwm_deadzone': 0.0, 'pwm_noise_sigma': 0.0, 'actuator_tau': 0.0, 'action_delay_steps': 0, 'theta_bias': 0.0, 'alpha_bias': 0.0, 'theta_sigma': 0.0, 'alpha_sigma': 0.0, 'theta_dot_sigma': 0.0, 'alpha_dot_sigma': 0.0, 'encoder_quantization_rad': 0.0, 'velocity_lpf': 0.25, 'process_theta_dot_sigma': 0.0, 'process_alpha_dot_sigma': 0.0}"
1145522,1,matlab_nominal_reproduction,0.0,"{'level': 0.0, 'physical': {'g': 9.8, 'c_theta': 0.025, 'c_alpha': 0.001, 'k_t': 0.231, 'k_b': 0.1875, 'k_u': 0.04706, 'R': 4.2857, 'm1': 0.20625, 'm2': 0.15845, 'l1cg': 0.080305, 'l1': 0.151894, 'l2cg': 0.066733, 'I1z': 0.00049228, 'I2x': 0.00036892, 'I2y': 2.3641e-05, 'I2z': 0.00036139}, 'init_theta_std_deg': 5.0, 'init_alpha_std_deg': 8.0, 'init_theta_dot_std': 0.0, 'init_alpha_dot_std': 0.0, 'pwm_limit': 150.0, 'pwm_gain': 1.0, 'pwm_bias': 0.0, 'pwm_deadzone': 0.0, 'pwm_noise_sigma': 0.0, 'actuator_tau': 0.0, 'action_delay_steps': 0, 'theta_bias': 0.0, 'alpha_bias': 0.0, 'theta_sigma': 0.0, 'alpha_sigma': 0.0, 'theta_dot_sigma': 0.0, 'alpha_dot_sigma': 0.0, 'encoder_quantization_rad': 0.0, 'velocity_lpf': 0.25, 'process_theta_dot_sigma': 0.0, 'process_alpha_dot_sigma': 0.0}"
1147522,1,matlab_nominal_reproduction,0.0,"{'level': 0.0, 'physical': {'g': 9.8, 'c_theta': 0.025, 'c_alpha': 0.001, 'k_t': 0.231, 'k_b': 0.1875, 'k_u': 0.04706, 'R': 4.2857, 'm1': 0.20625, 'm2': 0.15845, 'l1cg': 0.080305, 'l1': 0.151894, 'l2cg': 0.066733, 'I1z': 0.00049228, 'I2x': 0.00036892, 'I2y': 2.3641e-05, 'I2z': 0.00036139}, 'init_theta_std_deg': 5.0, 'init_alpha_std_deg': 8.0, 'init_theta_dot_std': 0.0, 'init_alpha_dot_std': 0.0, 'pwm_limit': 150.0, 'pwm_gain': 1.0, 'pwm_bias': 0.0, 'pwm_deadzone': 0.0, 'pwm_noise_sigma': 0.0, 'actuator_tau': 0.0, 'action_delay_steps': 0, 'theta_bias': 0.0, 'alpha_bias': 0.0, 'theta_sigma': 0.0, 'alpha_sigma': 0.0, 'theta_dot_sigma': 0.0, 'alpha_dot_sigma': 0.0, 'encoder_quantization_rad': 0.0, 'velocity_lpf': 0.25, 'process_theta_dot_sigma': 0.0, 'process_alpha_dot_sigma': 0.0}"
1149522,1,matlab_nominal_reproduction,0.0,"{'level': 0.0, 'physical': {'g': 9.8, 'c_theta': 0.025, 'c_alpha': 0.001, 'k_t': 0.231, 'k_b': 0.1875, 'k_u': 0.04706, 'R': 4.2857, 'm1': 0.20625, 'm2': 0.15845, 'l1cg': 0.080305, 'l1': 0.151894, 'l2cg': 0.066733, 'I1z': 0.00049228, 'I2x': 0.00036892, 'I2y': 2.3641e-05, 'I2z': 0.00036139}, 'init_theta_std_deg': 5.0, 'init_alpha_std_deg': 8.0, 'init_theta_dot_std': 0.0, 'init_alpha_dot_std': 0.0, 'pwm_limit': 150.0, 'pwm_gain': 1.0, 'pwm_bias': 0.0, 'pwm_deadzone': 0.0, 'pwm_noise_sigma': 0.0, 'actuator_tau': 0.0, 'action_delay_steps': 0, 'theta_bias': 0.0, 'alpha_bias': 0.0, 'theta_sigma': 0.0, 'alpha_sigma': 0.0, 'theta_dot_sigma': 0.0, 'alpha_dot_sigma': 0.0, 'encoder_quantization_rad': 0.0, 'velocity_lpf': 0.25, 'process_theta_dot_sigma': 0.0, 'process_alpha_dot_sigma': 0.0}"
1151522,1,matlab_nominal_reproduction,0.0,"{'level': 0.0, 'physical': {'g': 9.8, 'c_theta': 0.025, 'c_alpha': 0.001, 'k_t': 0.231, 'k_b': 0.1875, 'k_u': 0.04706, 'R': 4.2857, 'm1': 0.20625, 'm2': 0.15845, 'l1cg': 0.080305, 'l1': 0.151894, 'l2cg': 0.066733, 'I1z': 0.00049228, 'I2x': 0.00036892, 'I2y': 2.3641e-05, 'I2z': 0.00036139}, 'init_theta_std_deg': 5.0, 'init_alpha_std_deg': 8.0, 'init_theta_dot_std': 0.0, 'init_alpha_dot_std': 0.0, 'pwm_limit': 150.0, 'pwm_gain': 1.0, 'pwm_bias': 0.0, 'pwm_deadzone': 0.0, 'pwm_noise_sigma': 0.0, 'actuator_tau': 0.0, 'action_delay_steps': 0, 'theta_bias': 0.0, 'alpha_bias': 0.0, 'theta_sigma': 0.0, 'alpha_sigma': 0.0, 'theta_dot_sigma': 0.0, 'alpha_dot_sigma': 0.0, 'encoder_quantization_rad': 0.0, 'velocity_lpf': 0.25, 'process_theta_dot_sigma': 0.0, 'process_alpha_dot_sigma': 0.0}"
1153522,1,matlab_nominal_reproduction,0.0,"{'level': 0.0, 'physical': {'g': 9.8, 'c_theta': 0.025, 'c_alpha': 0.001, 'k_t': 0.231, 'k_b': 0.1875, 'k_u': 0.04706, 'R': 4.2857, 'm1': 0.20625, 'm2': 0.15845, 'l1cg': 0.080305, 'l1': 0.151894, 'l2cg': 0.066733, 'I1z': 0.00049228, 'I2x': 0.00036892, 'I2y': 2.3641e-05, 'I2z': 0.00036139}, 'init_theta_std_deg': 5.0, 'init_alpha_std_deg': 8.0, 'init_theta_dot_std': 0.0, 'init_alpha_dot_std': 0.0, 'pwm_limit': 150.0, 'pwm_gain': 1.0, 'pwm_bias': 0.0, 'pwm_deadzone': 0.0, 'pwm_noise_sigma': 0.0, 'actuator_tau': 0.0, 'action_delay_steps': 0, 'theta_bias': 0.0, 'alpha_bias': 0.0, 'theta_sigma': 0.0, 'alpha_sigma': 0.0, 'theta_dot_sigma': 0.0, 'alpha_dot_sigma': 0.0, 'encoder_quantization_rad': 0.0, 'velocity_lpf': 0.25, 'process_theta_dot_sigma': 0.0, 'process_alpha_dot_sigma': 0.0}"
1155385,1,matlab_nominal_reproduction,0.0,"{'level': 0.0, 'physical': {'g': 9.8, 'c_theta': 0.025, 'c_alpha': 0.001, 'k_t': 0.231, 'k_b': 0.1875, 'k_u': 0.04706, 'R': 4.2857, 'm1': 0.20625, 'm2': 0.15845, 'l1cg': 0.080305, 'l1': 0.151894, 'l2cg': 0.066733, 'I1z': 0.00049228, 'I2x': 0.00036892, 'I2y': 2.3641e-05, 'I2z': 0.00036139}, 'init_theta_std_deg': 5.0, 'init_alpha_std_deg': 8.0, 'init_theta_dot_std': 0.0, 'init_alpha_dot_std': 0.0, 'pwm_limit': 150.0, 'pwm_gain': 1.0, 'pwm_bias': 0.0, 'pwm_deadzone': 0.0, 'pwm_noise_sigma': 0.0, 'actuator_tau': 0.0, 'action_delay_steps': 0, 'theta_bias': 0.0, 'alpha_bias': 0.0, 'theta_sigma': 0.0, 'alpha_sigma': 0.0, 'theta_dot_sigma': 0.0, 'alpha_dot_sigma': 0.0, 'encoder_quantization_rad': 0.0, 'velocity_lpf': 0.25, 'process_theta_dot_sigma': 0.0, 'process_alpha_dot_sigma': 0.0}"
1157385,1,matlab_nominal_reproduction,0.0,"{'level': 0.0, 'physical': {'g': 9.8, 'c_theta': 0.025, 'c_alpha': 0.001, 'k_t': 0.231, 'k_b': 0.1875, 'k_u': 0.04706, 'R': 4.2857, 'm1': 0.20625, 'm2': 0.15845, 'l1cg': 0.080305, 'l1': 0.151894, 'l2cg': 0.066733, 'I1z': 0.00049228, 'I2x': 0.00036892, 'I2y': 2.3641e-05, 'I2z': 0.00036139}, 'init_theta_std_deg': 5.0, 'init_alpha_std_deg': 8.0, 'init_theta_dot_std': 0.0, 'init_alpha_dot_std': 0.0, 'pwm_limit': 150.0, 'pwm_gain': 1.0, 'pwm_bias': 0.0, 'pwm_deadzone': 0.0, 'pwm_noise_sigma': 0.0, 'actuator_tau': 0.0, 'action_delay_steps': 0, 'theta_bias': 0.0, 'alpha_bias': 0.0, 'theta_sigma': 0.0, 'alpha_sigma': 0.0, 'theta_dot_sigma': 0.0, 'alpha_dot_sigma': 0.0, 'encoder_quantization_rad': 0.0, 'velocity_lpf': 0.25, 'process_theta_dot_sigma': 0.0, 'process_alpha_dot_sigma': 0.0}"
1159385,1,matlab_nominal_reproduction,0.0,"{'level': 0.0, 'physical': {'g': 9.8, 'c_theta': 0.025, 'c_alpha': 0.001, 'k_t': 0.231, 'k_b': 0.1875, 'k_u': 0.04706, 'R': 4.2857, 'm1': 0.20625, 'm2': 0.15845, 'l1cg': 0.080305, 'l1': 0.151894, 'l2cg': 0.066733, 'I1z': 0.00049228, 'I2x': 0.00036892, 'I2y': 2.3641e-05, 'I2z': 0.00036139}, 'init_theta_std_deg': 5.0, 'init_alpha_std_deg': 8.0, 'init_theta_dot_std': 0.0, 'init_alpha_dot_std': 0.0, 'pwm_limit': 150.0, 'pwm_gain': 1.0, 'pwm_bias': 0.0, 'pwm_deadzone': 0.0, 'pwm_noise_sigma': 0.0, 'actuator_tau': 0.0, 'action_delay_steps': 0, 'theta_bias': 0.0, 'alpha_bias': 0.0, 'theta_sigma': 0.0, 'alpha_sigma': 0.0, 'theta_dot_sigma': 0.0, 'alpha_dot_sigma': 0.0, 'encoder_quantization_rad': 0.0, 'velocity_lpf': 0.25, 'process_theta_dot_sigma': 0.0, 'process_alpha_dot_sigma': 0.0}"
1161385,1,matlab_nominal_reproduction,0.0,"{'level': 0.0, 'physical': {'g': 9.8, 'c_theta': 0.025, 'c_alpha': 0.001, 'k_t': 0.231, 'k_b': 0.1875, 'k_u': 0.04706, 'R': 4.2857, 'm1': 0.20625, 'm2': 0.15845, 'l1cg': 0.080305, 'l1': 0.151894, 'l2cg': 0.066733, 'I1z': 0.00049228, 'I2x': 0.00036892, 'I2y': 2.3641e-05, 'I2z': 0.00036139}, 'init_theta_std_deg': 5.0, 'init_alpha_std_deg': 8.0, 'init_theta_dot_std': 0.0, 'init_alpha_dot_std': 0.0, 'pwm_limit': 150.0, 'pwm_gain': 1.0, 'pwm_bias': 0.0, 'pwm_deadzone': 0.0, 'pwm_noise_sigma': 0.0, 'actuator_tau': 0.0, 'action_delay_steps': 0, 'theta_bias': 0.0, 'alpha_bias': 0.0, 'theta_sigma': 0.0, 'alpha_sigma': 0.0, 'theta_dot_sigma': 0.0, 'alpha_dot_sigma': 0.0, 'encoder_quantization_rad': 0.0, 'velocity_lpf': 0.25, 'process_theta_dot_sigma': 0.0, 'process_alpha_dot_sigma': 0.0}"
1163385,1,matlab_nominal_reproduction,0.0,"{'level': 0.0, 'physical': {'g': 9.8, 'c_theta': 0.025, 'c_alpha': 0.001, 'k_t': 0.231, 'k_b': 0.1875, 'k_u': 0.04706, 'R': 4.2857, 'm1': 0.20625, 'm2': 0.15845, 'l1cg': 0.080305, 'l1': 0.151894, 'l2cg': 0.066733, 'I1z': 0.00049228, 'I2x': 0.00036892, 'I2y': 2.3641e-05, 'I2z': 0.00036139}, 'init_theta_std_deg': 5.0, 'init_alpha_std_deg': 8.0, 'init_theta_dot_std': 0.0, 'init_alpha_dot_std': 0.0, 'pwm_limit': 150.0, 'pwm_gain': 1.0, 'pwm_bias': 0.0, 'pwm_deadzone': 0.0, 'pwm_noise_sigma': 0.0, 'actuator_tau': 0.0, 'action_delay_steps': 0, 'theta_bias': 0.0, 'alpha_bias': 0.0, 'theta_sigma': 0.0, 'alpha_sigma': 0.0, 'theta_dot_sigma': 0.0, 'alpha_dot_sigma': 0.0, 'encoder_quantization_rad': 0.0, 'velocity_lpf': 0.25, 'process_theta_dot_sigma': 0.0, 'process_alpha_dot_sigma': 0.0}"
1165385,1,matlab_nominal_reproduction,0.0,"{'level': 0.0, 'physical': {'g': 9.8, 'c_theta': 0.025, 'c_alpha': 0.001, 'k_t': 0.231, 'k_b': 0.1875, 'k_u': 0.04706, 'R': 4.2857, 'm1': 0.20625, 'm2': 0.15845, 'l1cg': 0.080305, 'l1': 0.151894, 'l2cg': 0.066733, 'I1z': 0.00049228, 'I2x': 0.00036892, 'I2y': 2.3641e-05, 'I2z': 0.00036139}, 'init_theta_std_deg': 5.0, 'init_alpha_std_deg': 8.0, 'init_theta_dot_std': 0.0, 'init_alpha_dot_std': 0.0, 'pwm_limit': 150.0, 'pwm_gain': 1.0, 'pwm_bias': 0.0, 'pwm_deadzone': 0.0, 'pwm_noise_sigma': 0.0, 'actuator_tau': 0.0, 'action_delay_steps': 0, 'theta_bias': 0.0, 'alpha_bias': 0.0, 'theta_sigma': 0.0, 'alpha_sigma': 0.0, 'theta_dot_sigma': 0.0, 'alpha_dot_sigma': 0.0, 'encoder_quantization_rad': 0.0, 'velocity_lpf': 0.25, 'process_theta_dot_sigma': 0.0, 'process_alpha_dot_sigma': 0.0}"
1167385,1,matlab_nominal_reproduction,0.0,"{'level': 0.0, 'physical': {'g': 9.8, 'c_theta': 0.025, 'c_alpha': 0.001, 'k_t': 0.231, 'k_b': 0.1875, 'k_u': 0.04706, 'R': 4.2857, 'm1': 0.20625, 'm2': 0.15845, 'l1cg': 0.080305, 'l1': 0.151894, 'l2cg': 0.066733, 'I1z': 0.00049228, 'I2x': 0.00036892, 'I2y': 2.3641e-05, 'I2z': 0.00036139}, 'init_theta_std_deg': 5.0, 'init_alpha_std_deg': 8.0, 'init_theta_dot_std': 0.0, 'init_alpha_dot_std': 0.0, 'pwm_limit': 150.0, 'pwm_gain': 1.0, 'pwm_bias': 0.0, 'pwm_deadzone': 0.0, 'pwm_noise_sigma': 0.0, 'actuator_tau': 0.0, 'action_delay_steps': 0, 'theta_bias': 0.0, 'alpha_bias': 0.0, 'theta_sigma': 0.0, 'alpha_sigma': 0.0, 'theta_dot_sigma': 0.0, 'alpha_dot_sigma': 0.0, 'encoder_quantization_rad': 0.0, 'velocity_lpf': 0.25, 'process_theta_dot_sigma': 0.0, 'process_alpha_dot_sigma': 0.0}"
1169385,1,matlab_nominal_reproduction,0.0,"{'level': 0.0, 'physical': {'g': 9.8, 'c_theta': 0.025, 'c_alpha': 0.001, 'k_t': 0.231, 'k_b': 0.1875, 'k_u': 0.04706, 'R': 4.2857, 'm1': 0.20625, 'm2': 0.15845, 'l1cg': 0.080305, 'l1': 0.151894, 'l2cg': 0.066733, 'I1z': 0.00049228, 'I2x': 0.00036892, 'I2y': 2.3641e-05, 'I2z': 0.00036139}, 'init_theta_std_deg': 5.0, 'init_alpha_std_deg': 8.0, 'init_theta_dot_std': 0.0, 'init_alpha_dot_std': 0.0, 'pwm_limit': 150.0, 'pwm_gain': 1.0, 'pwm_bias': 0.0, 'pwm_deadzone': 0.0, 'pwm_noise_sigma': 0.0, 'actuator_tau': 0.0, 'action_delay_steps': 0, 'theta_bias': 0.0, 'alpha_bias': 0.0, 'theta_sigma': 0.0, 'alpha_sigma': 0.0, 'theta_dot_sigma': 0.0, 'alpha_dot_sigma': 0.0, 'encoder_quantization_rad': 0.0, 'velocity_lpf': 0.25, 'process_theta_dot_sigma': 0.0, 'process_alpha_dot_sigma': 0.0}"
1171385,1,matlab_nominal_reproduction,0.0,"{'level': 0.0, 'physical': {'g': 9.8, 'c_theta': 0.025, 'c_alpha': 0.001, 'k_t': 0.231, 'k_b': 0.1875, 'k_u': 0.04706, 'R': 4.2857, 'm1': 0.20625, 'm2': 0.15845, 'l1cg': 0.080305, 'l1': 0.151894, 'l2cg': 0.066733, 'I1z': 0.00049228, 'I2x': 0.00036892, 'I2y': 2.3641e-05, 'I2z': 0.00036139}, 'init_theta_std_deg': 5.0, 'init_alpha_std_deg': 8.0, 'init_theta_dot_std': 0.0, 'init_alpha_dot_std': 0.0, 'pwm_limit': 150.0, 'pwm_gain': 1.0, 'pwm_bias': 0.0, 'pwm_deadzone': 0.0, 'pwm_noise_sigma': 0.0, 'actuator_tau': 0.0, 'action_delay_steps': 0, 'theta_bias': 0.0, 'alpha_bias': 0.0, 'theta_sigma': 0.0, 'alpha_sigma': 0.0, 'theta_dot_sigma': 0.0, 'alpha_dot_sigma': 0.0, 'encoder_quantization_rad': 0.0, 'velocity_lpf': 0.25, 'process_theta_dot_sigma': 0.0, 'process_alpha_dot_sigma': 0.0}"
1173385,1,matlab_nominal_reproduction,0.0,"{'level': 0.0, 'physical': {'g': 9.8, 'c_theta': 0.025, 'c_alpha': 0.001, 'k_t': 0.231, 'k_b': 0.1875, 'k_u': 0.04706, 'R': 4.2857, 'm1': 0.20625, 'm2': 0.15845, 'l1cg': 0.080305, 'l1': 0.151894, 'l2cg': 0.066733, 'I1z': 0.00049228, 'I2x': 0.00036892, 'I2y': 2.3641e-05, 'I2z': 0.00036139}, 'init_theta_std_deg': 5.0, 'init_alpha_std_deg': 8.0, 'init_theta_dot_std': 0.0, 'init_alpha_dot_std': 0.0, 'pwm_limit': 150.0, 'pwm_gain': 1.0, 'pwm_bias': 0.0, 'pwm_deadzone': 0.0, 'pwm_noise_sigma': 0.0, 'actuator_tau': 0.0, 'action_delay_steps': 0, 'theta_bias': 0.0, 'alpha_bias': 0.0, 'theta_sigma': 0.0, 'alpha_sigma': 0.0, 'theta_dot_sigma': 0.0, 'alpha_dot_sigma': 0.0, 'encoder_quantization_rad': 0.0, 'velocity_lpf': 0.25, 'process_theta_dot_sigma': 0.0, 'process_alpha_dot_sigma': 0.0}"
1175385,1,matlab_nominal_reproduction,0.0,"{'level': 0.0, 'physical': {'g': 9.8, 'c_theta': 0.025, 'c_alpha': 0.001, 'k_t': 0.231, 'k_b': 0.1875, 'k_u': 0.04706, 'R': 4.2857, 'm1': 0.20625, 'm2': 0.15845, 'l1cg': 0.080305, 'l1': 0.151894, 'l2cg': 0.066733, 'I1z': 0.00049228, 'I2x': 0.00036892, 'I2y': 2.3641e-05, 'I2z': 0.00036139}, 'init_theta_std_deg': 5.0, 'init_alpha_std_deg': 8.0, 'init_theta_dot_std': 0.0, 'init_alpha_dot_std': 0.0, 'pwm_limit': 150.0, 'pwm_gain': 1.0, 'pwm_bias': 0.0, 'pwm_deadzone': 0.0, 'pwm_noise_sigma': 0.0, 'actuator_tau': 0.0, 'action_delay_steps': 0, 'theta_bias': 0.0, 'alpha_bias': 0.0, 'theta_sigma': 0.0, 'alpha_sigma': 0.0, 'theta_dot_sigma': 0.0, 'alpha_dot_sigma': 0.0, 'encoder_quantization_rad': 0.0, 'velocity_lpf': 0.25, 'process_theta_dot_sigma': 0.0, 'process_alpha_dot_sigma': 0.0}"
1177385,1,matlab_nominal_reproduction,0.0,"{'level': 0.0, 'physical': {'g': 9.8, 'c_theta': 0.025, 'c_alpha': 0.001, 'k_t': 0.231, 'k_b': 0.1875, 'k_u': 0.04706, 'R': 4.2857, 'm1': 0.20625, 'm2': 0.15845, 'l1cg': 0.080305, 'l1': 0.151894, 'l2cg': 0.066733, 'I1z': 0.00049228, 'I2x': 0.00036892, 'I2y': 2.3641e-05, 'I2z': 0.00036139}, 'init_theta_std_deg': 5.0, 'init_alpha_std_deg': 8.0, 'init_theta_dot_std': 0.0, 'init_alpha_dot_std': 0.0, 'pwm_limit': 150.0, 'pwm_gain': 1.0, 'pwm_bias': 0.0, 'pwm_deadzone': 0.0, 'pwm_noise_sigma': 0.0, 'actuator_tau': 0.0, 'action_delay_steps': 0, 'theta_bias': 0.0, 'alpha_bias': 0.0, 'theta_sigma': 0.0, 'alpha_sigma': 0.0, 'theta_dot_sigma': 0.0, 'alpha_dot_sigma': 0.0, 'encoder_quantization_rad': 0.0, 'velocity_lpf': 0.25, 'process_theta_dot_sigma': 0.0, 'process_alpha_dot_sigma': 0.0}"
1179385,1,matlab_nominal_reproduction,0.0,"{'level': 0.0, 'physical': {'g': 9.8, 'c_theta': 0.025, 'c_alpha': 0.001, 'k_t': 0.231, 'k_b': 0.1875, 'k_u': 0.04706, 'R': 4.2857, 'm1': 0.20625, 'm2': 0.15845, 'l1cg': 0.080305, 'l1': 0.151894, 'l2cg': 0.066733, 'I1z': 0.00049228, 'I2x': 0.00036892, 'I2y': 2.3641e-05, 'I2z': 0.00036139}, 'init_theta_std_deg': 5.0, 'init_alpha_std_deg': 8.0, 'init_theta_dot_std': 0.0, 'init_alpha_dot_std': 0.0, 'pwm_limit': 150.0, 'pwm_gain': 1.0, 'pwm_bias': 0.0, 'pwm_deadzone': 0.0, 'pwm_noise_sigma': 0.0, 'actuator_tau': 0.0, 'action_delay_steps': 0, 'theta_bias': 0.0, 'alpha_bias': 0.0, 'theta_sigma': 0.0, 'alpha_sigma': 0.0, 'theta_dot_sigma': 0.0, 'alpha_dot_sigma': 0.0, 'encoder_quantization_rad': 0.0, 'velocity_lpf': 0.25, 'process_theta_dot_sigma': 0.0, 'process_alpha_dot_sigma': 0.0}"
1181385,1,matlab_nominal_reproduction,0.0,"{'level': 0.0, 'physical': {'g': 9.8, 'c_theta': 0.025, 'c_alpha': 0.001, 'k_t': 0.231, 'k_b': 0.1875, 'k_u': 0.04706, 'R': 4.2857, 'm1': 0.20625, 'm2': 0.15845, 'l1cg': 0.080305, 'l1': 0.151894, 'l2cg': 0.066733, 'I1z': 0.00049228, 'I2x': 0.00036892, 'I2y': 2.3641e-05, 'I2z': 0.00036139}, 'init_theta_std_deg': 5.0, 'init_alpha_std_deg': 8.0, 'init_theta_dot_std': 0.0, 'init_alpha_dot_std': 0.0, 'pwm_limit': 150.0, 'pwm_gain': 1.0, 'pwm_bias': 0.0, 'pwm_deadzone': 0.0, 'pwm_noise_sigma': 0.0, 'actuator_tau': 0.0, 'action_delay_steps': 0, 'theta_bias': 0.0, 'alpha_bias': 0.0, 'theta_sigma': 0.0, 'alpha_sigma': 0.0, 'theta_dot_sigma': 0.0, 'alpha_dot_sigma': 0.0, 'encoder_quantization_rad': 0.0, 'velocity_lpf': 0.25, 'process_theta_dot_sigma': 0.0, 'process_alpha_dot_sigma': 0.0}"
1183385,1,matlab_nominal_reproduction,0.0,"{'level': 0.0, 'physical': {'g': 9.8, 'c_theta': 0.025, 'c_alpha': 0.001, 'k_t': 0.231, 'k_b': 0.1875, 'k_u': 0.04706, 'R': 4.2857, 'm1': 0.20625, 'm2': 0.15845, 'l1cg': 0.080305, 'l1': 0.151894, 'l2cg': 0.066733, 'I1z': 0.00049228, 'I2x': 0.00036892, 'I2y': 2.3641e-05, 'I2z': 0.00036139}, 'init_theta_std_deg': 5.0, 'init_alpha_std_deg': 8.0, 'init_theta_dot_std': 0.0, 'init_alpha_dot_std': 0.0, 'pwm_limit': 150.0, 'pwm_gain': 1.0, 'pwm_bias': 0.0, 'pwm_deadzone': 0.0, 'pwm_noise_sigma': 0.0, 'actuator_tau': 0.0, 'action_delay_steps': 0, 'theta_bias': 0.0, 'alpha_bias': 0.0, 'theta_sigma': 0.0, 'alpha_sigma': 0.0, 'theta_dot_sigma': 0.0, 'alpha_dot_sigma': 0.0, 'encoder_quantization_rad': 0.0, 'velocity_lpf': 0.25, 'process_theta_dot_sigma': 0.0, 'process_alpha_dot_sigma': 0.0}"
1185385,1,matlab_nominal_reproduction,0.0,"{'level': 0.0, 'physical': {'g': 9.8, 'c_theta': 0.025, 'c_alpha': 0.001, 'k_t': 0.231, 'k_b': 0.1875, 'k_u': 0.04706, 'R': 4.2857, 'm1': 0.20625, 'm2': 0.15845, 'l1cg': 0.080305, 'l1': 0.151894, 'l2cg': 0.066733, 'I1z': 0.00049228, 'I2x': 0.00036892, 'I2y': 2.3641e-05, 'I2z': 0.00036139}, 'init_theta_std_deg': 5.0, 'init_alpha_std_deg': 8.0, 'init_theta_dot_std': 0.0, 'init_alpha_dot_std': 0.0, 'pwm_limit': 150.0, 'pwm_gain': 1.0, 'pwm_bias': 0.0, 'pwm_deadzone': 0.0, 'pwm_noise_sigma': 0.0, 'actuator_tau': 0.0, 'action_delay_steps': 0, 'theta_bias': 0.0, 'alpha_bias': 0.0, 'theta_sigma': 0.0, 'alpha_sigma': 0.0, 'theta_dot_sigma': 0.0, 'alpha_dot_sigma': 0.0, 'encoder_quantization_rad': 0.0, 'velocity_lpf': 0.25, 'process_theta_dot_sigma': 0.0, 'process_alpha_dot_sigma': 0.0}"
1187385,1,matlab_nominal_reproduction,0.0,"{'level': 0.0, 'physical': {'g': 9.8, 'c_theta': 0.025, 'c_alpha': 0.001, 'k_t': 0.231, 'k_b': 0.1875, 'k_u': 0.04706, 'R': 4.2857, 'm1': 0.20625, 'm2': 0.15845, 'l1cg': 0.080305, 'l1': 0.151894, 'l2cg': 0.066733, 'I1z': 0.00049228, 'I2x': 0.00036892, 'I2y': 2.3641e-05, 'I2z': 0.00036139}, 'init_theta_std_deg': 5.0, 'init_alpha_std_deg': 8.0, 'init_theta_dot_std': 0.0, 'init_alpha_dot_std': 0.0, 'pwm_limit': 150.0, 'pwm_gain': 1.0, 'pwm_bias': 0.0, 'pwm_deadzone': 0.0, 'pwm_noise_sigma': 0.0, 'actuator_tau': 0.0, 'action_delay_steps': 0, 'theta_bias': 0.0, 'alpha_bias': 0.0, 'theta_sigma': 0.0, 'alpha_sigma': 0.0, 'theta_dot_sigma': 0.0, 'alpha_dot_sigma': 0.0, 'encoder_quantization_rad': 0.0, 'velocity_lpf': 0.25, 'process_theta_dot_sigma': 0.0, 'process_alpha_dot_sigma': 0.0}"
1189385,1,matlab_nominal_reproduction,0.0,"{'level': 0.0, 'physical': {'g': 9.8, 'c_theta': 0.025, 'c_alpha': 0.001, 'k_t': 0.231, 'k_b': 0.1875, 'k_u': 0.04706, 'R': 4.2857, 'm1': 0.20625, 'm2': 0.15845, 'l1cg': 0.080305, 'l1': 0.151894, 'l2cg': 0.066733, 'I1z': 0.00049228, 'I2x': 0.00036892, 'I2y': 2.3641e-05, 'I2z': 0.00036139}, 'init_theta_std_deg': 5.0, 'init_alpha_std_deg': 8.0, 'init_theta_dot_std': 0.0, 'init_alpha_dot_std': 0.0, 'pwm_limit': 150.0, 'pwm_gain': 1.0, 'pwm_bias': 0.0, 'pwm_deadzone': 0.0, 'pwm_noise_sigma': 0.0, 'actuator_tau': 0.0, 'action_delay_steps': 0, 'theta_bias': 0.0, 'alpha_bias': 0.0, 'theta_sigma': 0.0, 'alpha_sigma': 0.0, 'theta_dot_sigma': 0.0, 'alpha_dot_sigma': 0.0, 'encoder_quantization_rad': 0.0, 'velocity_lpf': 0.25, 'process_theta_dot_sigma': 0.0, 'process_alpha_dot_sigma': 0.0}"
1191385,1,matlab_nominal_reproduction,0.0,"{'level': 0.0, 'physical': {'g': 9.8, 'c_theta': 0.025, 'c_alpha': 0.001, 'k_t': 0.231, 'k_b': 0.1875, 'k_u': 0.04706, 'R': 4.2857, 'm1': 0.20625, 'm2': 0.15845, 'l1cg': 0.080305, 'l1': 0.151894, 'l2cg': 0.066733, 'I1z': 0.00049228, 'I2x': 0.00036892, 'I2y': 2.3641e-05, 'I2z': 0.00036139}, 'init_theta_std_deg': 5.0, 'init_alpha_std_deg': 8.0, 'init_theta_dot_std': 0.0, 'init_alpha_dot_std': 0.0, 'pwm_limit': 150.0, 'pwm_gain': 1.0, 'pwm_bias': 0.0, 'pwm_deadzone': 0.0, 'pwm_noise_sigma': 0.0, 'actuator_tau': 0.0, 'action_delay_steps': 0, 'theta_bias': 0.0, 'alpha_bias': 0.0, 'theta_sigma': 0.0, 'alpha_sigma': 0.0, 'theta_dot_sigma': 0.0, 'alpha_dot_sigma': 0.0, 'encoder_quantization_rad': 0.0, 'velocity_lpf': 0.25, 'process_theta_dot_sigma': 0.0, 'process_alpha_dot_sigma': 0.0}"
1193385,1,matlab_nominal_reproduction,0.0,"{'level': 0.0, 'physical': {'g': 9.8, 'c_theta': 0.025, 'c_alpha': 0.001, 'k_t': 0.231, 'k_b': 0.1875, 'k_u': 0.04706, 'R': 4.2857, 'm1': 0.20625, 'm2': 0.15845, 'l1cg': 0.080305, 'l1': 0.151894, 'l2cg': 0.066733, 'I1z': 0.00049228, 'I2x': 0.00036892, 'I2y': 2.3641e-05, 'I2z': 0.00036139}, 'init_theta_std_deg': 5.0, 'init_alpha_std_deg': 8.0, 'init_theta_dot_std': 0.0, 'init_alpha_dot_std': 0.0, 'pwm_limit': 150.0, 'pwm_gain': 1.0, 'pwm_bias': 0.0, 'pwm_deadzone': 0.0, 'pwm_noise_sigma': 0.0, 'actuator_tau': 0.0, 'action_delay_steps': 0, 'theta_bias': 0.0, 'alpha_bias': 0.0, 'theta_sigma': 0.0, 'alpha_sigma': 0.0, 'theta_dot_sigma': 0.0, 'alpha_dot_sigma': 0.0, 'encoder_quantization_rad': 0.0, 'velocity_lpf': 0.25, 'process_theta_dot_sigma': 0.0, 'process_alpha_dot_sigma': 0.0}"
1195385,1,matlab_nominal_reproduction,0.0,"{'level': 0.0, 'physical': {'g': 9.8, 'c_theta': 0.025, 'c_alpha': 0.001, 'k_t': 0.231, 'k_b': 0.1875, 'k_u': 0.04706, 'R': 4.2857, 'm1': 0.20625, 'm2': 0.15845, 'l1cg': 0.080305, 'l1': 0.151894, 'l2cg': 0.066733, 'I1z': 0.00049228, 'I2x': 0.00036892, 'I2y': 2.3641e-05, 'I2z': 0.00036139}, 'init_theta_std_deg': 5.0, 'init_alpha_std_deg': 8.0, 'init_theta_dot_std': 0.0, 'init_alpha_dot_std': 0.0, 'pwm_limit': 150.0, 'pwm_gain': 1.0, 'pwm_bias': 0.0, 'pwm_deadzone': 0.0, 'pwm_noise_sigma': 0.0, 'actuator_tau': 0.0, 'action_delay_steps': 0, 'theta_bias': 0.0, 'alpha_bias': 0.0, 'theta_sigma': 0.0, 'alpha_sigma': 0.0, 'theta_dot_sigma': 0.0, 'alpha_dot_sigma': 0.0, 'encoder_quantization_rad': 0.0, 'velocity_lpf': 0.25, 'process_theta_dot_sigma': 0.0, 'process_alpha_dot_sigma': 0.0}"
1197385,1,matlab_nominal_reproduction,0.0,"{'level': 0.0, 'physical': {'g': 9.8, 'c_theta': 0.025, 'c_alpha': 0.001, 'k_t': 0.231, 'k_b': 0.1875, 'k_u': 0.04706, 'R': 4.2857, 'm1': 0.20625, 'm2': 0.15845, 'l1cg': 0.080305, 'l1': 0.151894, 'l2cg': 0.066733, 'I1z': 0.00049228, 'I2x': 0.00036892, 'I2y': 2.3641e-05, 'I2z': 0.00036139}, 'init_theta_std_deg': 5.0, 'init_alpha_std_deg': 8.0, 'init_theta_dot_std': 0.0, 'init_alpha_dot_std': 0.0, 'pwm_limit': 150.0, 'pwm_gain': 1.0, 'pwm_bias': 0.0, 'pwm_deadzone': 0.0, 'pwm_noise_sigma': 0.0, 'actuator_tau': 0.0, 'action_delay_steps': 0, 'theta_bias': 0.0, 'alpha_bias': 0.0, 'theta_sigma': 0.0, 'alpha_sigma': 0.0, 'theta_dot_sigma': 0.0, 'alpha_dot_sigma': 0.0, 'encoder_quantization_rad': 0.0, 'velocity_lpf': 0.25, 'process_theta_dot_sigma': 0.0, 'process_alpha_dot_sigma': 0.0}"
1199385,1,matlab_nominal_reproduction,0.0,"{'level': 0.0, 'physical': {'g': 9.8, 'c_theta': 0.025, 'c_alpha': 0.001, 'k_t': 0.231, 'k_b': 0.1875, 'k_u': 0.04706, 'R': 4.2857, 'm1': 0.20625, 'm2': 0.15845, 'l1cg': 0.080305, 'l1': 0.151894, 'l2cg': 0.066733, 'I1z': 0.00049228, 'I2x': 0.00036892, 'I2y': 2.3641e-05, 'I2z': 0.00036139}, 'init_theta_std_deg': 5.0, 'init_alpha_std_deg': 8.0, 'init_theta_dot_std': 0.0, 'init_alpha_dot_std': 0.0, 'pwm_limit': 150.0, 'pwm_gain': 1.0, 'pwm_bias': 0.0, 'pwm_deadzone': 0.0, 'pwm_noise_sigma': 0.0, 'actuator_tau': 0.0, 'action_delay_steps': 0, 'theta_bias': 0.0, 'alpha_bias': 0.0, 'theta_sigma': 0.0, 'alpha_sigma': 0.0, 'theta_dot_sigma': 0.0, 'alpha_dot_sigma': 0.0, 'encoder_quantization_rad': 0.0, 'velocity_lpf': 0.25, 'process_theta_dot_sigma': 0.0, 'process_alpha_dot_sigma': 0.0}"
1201385,1,matlab_nominal_reproduction,0.0,"{'level': 0.0, 'physical': {'g': 9.8, 'c_theta': 0.025, 'c_alpha': 0.001, 'k_t': 0.231, 'k_b': 0.1875, 'k_u': 0.04706, 'R': 4.2857, 'm1': 0.20625, 'm2': 0.15845, 'l1cg': 0.080305, 'l1': 0.151894, 'l2cg': 0.066733, 'I1z': 0.00049228, 'I2x': 0.00036892, 'I2y': 2.3641e-05, 'I2z': 0.00036139}, 'init_theta_std_deg': 5.0, 'init_alpha_std_deg': 8.0, 'init_theta_dot_std': 0.0, 'init_alpha_dot_std': 0.0, 'pwm_limit': 150.0, 'pwm_gain': 1.0, 'pwm_bias': 0.0, 'pwm_deadzone': 0.0, 'pwm_noise_sigma': 0.0, 'actuator_tau': 0.0, 'action_delay_steps': 0, 'theta_bias': 0.0, 'alpha_bias': 0.0, 'theta_sigma': 0.0, 'alpha_sigma': 0.0, 'theta_dot_sigma': 0.0, 'alpha_dot_sigma': 0.0, 'encoder_quantization_rad': 0.0, 'velocity_lpf': 0.25, 'process_theta_dot_sigma': 0.0, 'process_alpha_dot_sigma': 0.0}"
1203385,1,matlab_nominal_reproduction,0.0,"{'level': 0.0, 'physical': {'g': 9.8, 'c_theta': 0.025, 'c_alpha': 0.001, 'k_t': 0.231, 'k_b': 0.1875, 'k_u': 0.04706, 'R': 4.2857, 'm1': 0.20625, 'm2': 0.15845, 'l1cg': 0.080305, 'l1': 0.151894, 'l2cg': 0.066733, 'I1z': 0.00049228, 'I2x': 0.00036892, 'I2y': 2.3641e-05, 'I2z': 0.00036139}, 'init_theta_std_deg': 5.0, 'init_alpha_std_deg': 8.0, 'init_theta_dot_std': 0.0, 'init_alpha_dot_std': 0.0, 'pwm_limit': 150.0, 'pwm_gain': 1.0, 'pwm_bias': 0.0, 'pwm_deadzone': 0.0, 'pwm_noise_sigma': 0.0, 'actuator_tau': 0.0, 'action_delay_steps': 0, 'theta_bias': 0.0, 'alpha_bias': 0.0, 'theta_sigma': 0.0, 'alpha_sigma': 0.0, 'theta_dot_sigma': 0.0, 'alpha_dot_sigma': 0.0, 'encoder_quantization_rad': 0.0, 'velocity_lpf': 0.25, 'process_theta_dot_sigma': 0.0, 'process_alpha_dot_sigma': 0.0}"
1205385,1,matlab_nominal_reproduction,0.0,"{'level': 0.0, 'physical': {'g': 9.8, 'c_theta': 0.025, 'c_alpha': 0.001, 'k_t': 0.231, 'k_b': 0.1875, 'k_u': 0.04706, 'R': 4.2857, 'm1': 0.20625, 'm2': 0.15845, 'l1cg': 0.080305, 'l1': 0.151894, 'l2cg': 0.066733, 'I1z': 0.00049228, 'I2x': 0.00036892, 'I2y': 2.3641e-05, 'I2z': 0.00036139}, 'init_theta_std_deg': 5.0, 'init_alpha_std_deg': 8.0, 'init_theta_dot_std': 0.0, 'init_alpha_dot_std': 0.0, 'pwm_limit': 150.0, 'pwm_gain': 1.0, 'pwm_bias': 0.0, 'pwm_deadzone': 0.0, 'pwm_noise_sigma': 0.0, 'actuator_tau': 0.0, 'action_delay_steps': 0, 'theta_bias': 0.0, 'alpha_bias': 0.0, 'theta_sigma': 0.0, 'alpha_sigma': 0.0, 'theta_dot_sigma': 0.0, 'alpha_dot_sigma': 0.0, 'encoder_quantization_rad': 0.0, 'velocity_lpf': 0.25, 'process_theta_dot_sigma': 0.0, 'process_alpha_dot_sigma': 0.0}"
1207385,1,matlab_nominal_reproduction,0.0,"{'level': 0.0, 'physical': {'g': 9.8, 'c_theta': 0.025, 'c_alpha': 0.001, 'k_t': 0.231, 'k_b': 0.1875, 'k_u': 0.04706, 'R': 4.2857, 'm1': 0.20625, 'm2': 0.15845, 'l1cg': 0.080305, 'l1': 0.151894, 'l2cg': 0.066733, 'I1z': 0.00049228, 'I2x': 0.00036892, 'I2y': 2.3641e-05, 'I2z': 0.00036139}, 'init_theta_std_deg': 5.0, 'init_alpha_std_deg': 8.0, 'init_theta_dot_std': 0.0, 'init_alpha_dot_std': 0.0, 'pwm_limit': 150.0, 'pwm_gain': 1.0, 'pwm_bias': 0.0, 'pwm_deadzone': 0.0, 'pwm_noise_sigma': 0.0, 'actuator_tau': 0.0, 'action_delay_steps': 0, 'theta_bias': 0.0, 'alpha_bias': 0.0, 'theta_sigma': 0.0, 'alpha_sigma': 0.0, 'theta_dot_sigma': 0.0, 'alpha_dot_sigma': 0.0, 'encoder_quantization_rad': 0.0, 'velocity_lpf': 0.25, 'process_theta_dot_sigma': 0.0, 'process_alpha_dot_sigma': 0.0}"
1209385,1,matlab_nominal_reproduction,0.0,"{'level': 0.0, 'physical': {'g': 9.8, 'c_theta': 0.025, 'c_alpha': 0.001, 'k_t': 0.231, 'k_b': 0.1875, 'k_u': 0.04706, 'R': 4.2857, 'm1': 0.20625, 'm2': 0.15845, 'l1cg': 0.080305, 'l1': 0.151894, 'l2cg': 0.066733, 'I1z': 0.00049228, 'I2x': 0.00036892, 'I2y': 2.3641e-05, 'I2z': 0.00036139}, 'init_theta_std_deg': 5.0, 'init_alpha_std_deg': 8.0, 'init_theta_dot_std': 0.0, 'init_alpha_dot_std': 0.0, 'pwm_limit': 150.0, 'pwm_gain': 1.0, 'pwm_bias': 0.0, 'pwm_deadzone': 0.0, 'pwm_noise_sigma': 0.0, 'actuator_tau': 0.0, 'action_delay_steps': 0, 'theta_bias': 0.0, 'alpha_bias': 0.0, 'theta_sigma': 0.0, 'alpha_sigma': 0.0, 'theta_dot_sigma': 0.0, 'alpha_dot_sigma': 0.0, 'encoder_quantization_rad': 0.0, 'velocity_lpf': 0.25, 'process_theta_dot_sigma': 0.0, 'process_alpha_dot_sigma': 0.0}"
1211385,1,matlab_nominal_reproduction,0.0,"{'level': 0.0, 'physical': {'g': 9.8, 'c_theta': 0.025, 'c_alpha': 0.001, 'k_t': 0.231, 'k_b': 0.1875, 'k_u': 0.04706, 'R': 4.2857, 'm1': 0.20625, 'm2': 0.15845, 'l1cg': 0.080305, 'l1': 0.151894, 'l2cg': 0.066733, 'I1z': 0.00049228, 'I2x': 0.00036892, 'I2y': 2.3641e-05, 'I2z': 0.00036139}, 'init_theta_std_deg': 5.0, 'init_alpha_std_deg': 8.0, 'init_theta_dot_std': 0.0, 'init_alpha_dot_std': 0.0, 'pwm_limit': 150.0, 'pwm_gain': 1.0, 'pwm_bias': 0.0, 'pwm_deadzone': 0.0, 'pwm_noise_sigma': 0.0, 'actuator_tau': 0.0, 'action_delay_steps': 0, 'theta_bias': 0.0, 'alpha_bias': 0.0, 'theta_sigma': 0.0, 'alpha_sigma': 0.0, 'theta_dot_sigma': 0.0, 'alpha_dot_sigma': 0.0, 'encoder_quantization_rad': 0.0, 'velocity_lpf': 0.25, 'process_theta_dot_sigma': 0.0, 'process_alpha_dot_sigma': 0.0}"
1213385,1,matlab_nominal_reproduction,0.0,"{'level': 0.0, 'physical': {'g': 9.8, 'c_theta': 0.025, 'c_alpha': 0.001, 'k_t': 0.231, 'k_b': 0.1875, 'k_u': 0.04706, 'R': 4.2857, 'm1': 0.20625, 'm2': 0.15845, 'l1cg': 0.080305, 'l1': 0.151894, 'l2cg': 0.066733, 'I1z': 0.00049228, 'I2x': 0.00036892, 'I2y': 2.3641e-05, 'I2z': 0.00036139}, 'init_theta_std_deg': 5.0, 'init_alpha_std_deg': 8.0, 'init_theta_dot_std': 0.0, 'init_alpha_dot_std': 0.0, 'pwm_limit': 150.0, 'pwm_gain': 1.0, 'pwm_bias': 0.0, 'pwm_deadzone': 0.0, 'pwm_noise_sigma': 0.0, 'actuator_tau': 0.0, 'action_delay_steps': 0, 'theta_bias': 0.0, 'alpha_bias': 0.0, 'theta_sigma': 0.0, 'alpha_sigma': 0.0, 'theta_dot_sigma': 0.0, 'alpha_dot_sigma': 0.0, 'encoder_quantization_rad': 0.0, 'velocity_lpf': 0.25, 'process_theta_dot_sigma': 0.0, 'process_alpha_dot_sigma': 0.0}"
1215385,1,matlab_nominal_reproduction,0.0,"{'level': 0.0, 'physical': {'g': 9.8, 'c_theta': 0.025, 'c_alpha': 0.001, 'k_t': 0.231, 'k_b': 0.1875, 'k_u': 0.04706, 'R': 4.2857, 'm1': 0.20625, 'm2': 0.15845, 'l1cg': 0.080305, 'l1': 0.151894, 'l2cg': 0.066733, 'I1z': 0.00049228, 'I2x': 0.00036892, 'I2y': 2.3641e-05, 'I2z': 0.00036139}, 'init_theta_std_deg': 5.0, 'init_alpha_std_deg': 8.0, 'init_theta_dot_std': 0.0, 'init_alpha_dot_std': 0.0, 'pwm_limit': 150.0, 'pwm_gain': 1.0, 'pwm_bias': 0.0, 'pwm_deadzone': 0.0, 'pwm_noise_sigma': 0.0, 'actuator_tau': 0.0, 'action_delay_steps': 0, 'theta_bias': 0.0, 'alpha_bias': 0.0, 'theta_sigma': 0.0, 'alpha_sigma': 0.0, 'theta_dot_sigma': 0.0, 'alpha_dot_sigma': 0.0, 'encoder_quantization_rad': 0.0, 'velocity_lpf': 0.25, 'process_theta_dot_sigma': 0.0, 'process_alpha_dot_sigma': 0.0}"
1217385,1,matlab_nominal_reproduction,0.0,"{'level': 0.0, 'physical': {'g': 9.8, 'c_theta': 0.025, 'c_alpha': 0.001, 'k_t': 0.231, 'k_b': 0.1875, 'k_u': 0.04706, 'R': 4.2857, 'm1': 0.20625, 'm2': 0.15845, 'l1cg': 0.080305, 'l1': 0.151894, 'l2cg': 0.066733, 'I1z': 0.00049228, 'I2x': 0.00036892, 'I2y': 2.3641e-05, 'I2z': 0.00036139}, 'init_theta_std_deg': 5.0, 'init_alpha_std_deg': 8.0, 'init_theta_dot_std': 0.0, 'init_alpha_dot_std': 0.0, 'pwm_limit': 150.0, 'pwm_gain': 1.0, 'pwm_bias': 0.0, 'pwm_deadzone': 0.0, 'pwm_noise_sigma': 0.0, 'actuator_tau': 0.0, 'action_delay_steps': 0, 'theta_bias': 0.0, 'alpha_bias': 0.0, 'theta_sigma': 0.0, 'alpha_sigma': 0.0, 'theta_dot_sigma': 0.0, 'alpha_dot_sigma': 0.0, 'encoder_quantization_rad': 0.0, 'velocity_lpf': 0.25, 'process_theta_dot_sigma': 0.0, 'process_alpha_dot_sigma': 0.0}"
1219385,1,matlab_nominal_reproduction,0.0,"{'level': 0.0, 'physical': {'g': 9.8, 'c_theta': 0.025, 'c_alpha': 0.001, 'k_t': 0.231, 'k_b': 0.1875, 'k_u': 0.04706, 'R': 4.2857, 'm1': 0.20625, 'm2': 0.15845, 'l1cg': 0.080305, 'l1': 0.151894, 'l2cg': 0.066733, 'I1z': 0.00049228, 'I2x': 0.00036892, 'I2y': 2.3641e-05, 'I2z': 0.00036139}, 'init_theta_std_deg': 5.0, 'init_alpha_std_deg': 8.0, 'init_theta_dot_std': 0.0, 'init_alpha_dot_std': 0.0, 'pwm_limit': 150.0, 'pwm_gain': 1.0, 'pwm_bias': 0.0, 'pwm_deadzone': 0.0, 'pwm_noise_sigma': 0.0, 'actuator_tau': 0.0, 'action_delay_steps': 0, 'theta_bias': 0.0, 'alpha_bias': 0.0, 'theta_sigma': 0.0, 'alpha_sigma': 0.0, 'theta_dot_sigma': 0.0, 'alpha_dot_sigma': 0.0, 'encoder_quantization_rad': 0.0, 'velocity_lpf': 0.25, 'process_theta_dot_sigma': 0.0, 'process_alpha_dot_sigma': 0.0}"
1221385,1,matlab_nominal_reproduction,0.0,"{'level': 0.0, 'physical': {'g': 9.8, 'c_theta': 0.025, 'c_alpha': 0.001, 'k_t': 0.231, 'k_b': 0.1875, 'k_u': 0.04706, 'R': 4.2857, 'm1': 0.20625, 'm2': 0.15845, 'l1cg': 0.080305, 'l1': 0.151894, 'l2cg': 0.066733, 'I1z': 0.00049228, 'I2x': 0.00036892, 'I2y': 2.3641e-05, 'I2z': 0.00036139}, 'init_theta_std_deg': 5.0, 'init_alpha_std_deg': 8.0, 'init_theta_dot_std': 0.0, 'init_alpha_dot_std': 0.0, 'pwm_limit': 150.0, 'pwm_gain': 1.0, 'pwm_bias': 0.0, 'pwm_deadzone': 0.0, 'pwm_noise_sigma': 0.0, 'actuator_tau': 0.0, 'action_delay_steps': 0, 'theta_bias': 0.0, 'alpha_bias': 0.0, 'theta_sigma': 0.0, 'alpha_sigma': 0.0, 'theta_dot_sigma': 0.0, 'alpha_dot_sigma': 0.0, 'encoder_quantization_rad': 0.0, 'velocity_lpf': 0.25, 'process_theta_dot_sigma': 0.0, 'process_alpha_dot_sigma': 0.0}"
1223385,1,matlab_nominal_reproduction,0.0,"{'level': 0.0, 'physical': {'g': 9.8, 'c_theta': 0.025, 'c_alpha': 0.001, 'k_t': 0.231, 'k_b': 0.1875, 'k_u': 0.04706, 'R': 4.2857, 'm1': 0.20625, 'm2': 0.15845, 'l1cg': 0.080305, 'l1': 0.151894, 'l2cg': 0.066733, 'I1z': 0.00049228, 'I2x': 0.00036892, 'I2y': 2.3641e-05, 'I2z': 0.00036139}, 'init_theta_std_deg': 5.0, 'init_alpha_std_deg': 8.0, 'init_theta_dot_std': 0.0, 'init_alpha_dot_std': 0.0, 'pwm_limit': 150.0, 'pwm_gain': 1.0, 'pwm_bias': 0.0, 'pwm_deadzone': 0.0, 'pwm_noise_sigma': 0.0, 'actuator_tau': 0.0, 'action_delay_steps': 0, 'theta_bias': 0.0, 'alpha_bias': 0.0, 'theta_sigma': 0.0, 'alpha_sigma': 0.0, 'theta_dot_sigma': 0.0, 'alpha_dot_sigma': 0.0, 'encoder_quantization_rad': 0.0, 'velocity_lpf': 0.25, 'process_theta_dot_sigma': 0.0, 'process_alpha_dot_sigma': 0.0}"
1225385,1,matlab_nominal_reproduction,0.0,"{'level': 0.0, 'physical': {'g': 9.8, 'c_theta': 0.025, 'c_alpha': 0.001, 'k_t': 0.231, 'k_b': 0.1875, 'k_u': 0.04706, 'R': 4.2857, 'm1': 0.20625, 'm2': 0.15845, 'l1cg': 0.080305, 'l1': 0.151894, 'l2cg': 0.066733, 'I1z': 0.00049228, 'I2x': 0.00036892, 'I2y': 2.3641e-05, 'I2z': 0.00036139}, 'init_theta_std_deg': 5.0, 'init_alpha_std_deg': 8.0, 'init_theta_dot_std': 0.0, 'init_alpha_dot_std': 0.0, 'pwm_limit': 150.0, 'pwm_gain': 1.0, 'pwm_bias': 0.0, 'pwm_deadzone': 0.0, 'pwm_noise_sigma': 0.0, 'actuator_tau': 0.0, 'action_delay_steps': 0, 'theta_bias': 0.0, 'alpha_bias': 0.0, 'theta_sigma': 0.0, 'alpha_sigma': 0.0, 'theta_dot_sigma': 0.0, 'alpha_dot_sigma': 0.0, 'encoder_quantization_rad': 0.0, 'velocity_lpf': 0.25, 'process_theta_dot_sigma': 0.0, 'process_alpha_dot_sigma': 0.0}"
1227385,1,matlab_nominal_reproduction,0.0,"{'level': 0.0, 'physical': {'g': 9.8, 'c_theta': 0.025, 'c_alpha': 0.001, 'k_t': 0.231, 'k_b': 0.1875, 'k_u': 0.04706, 'R': 4.2857, 'm1': 0.20625, 'm2': 0.15845, 'l1cg': 0.080305, 'l1': 0.151894, 'l2cg': 0.066733, 'I1z': 0.00049228, 'I2x': 0.00036892, 'I2y': 2.3641e-05, 'I2z': 0.00036139}, 'init_theta_std_deg': 5.0, 'init_alpha_std_deg': 8.0, 'init_theta_dot_std': 0.0, 'init_alpha_dot_std': 0.0, 'pwm_limit': 150.0, 'pwm_gain': 1.0, 'pwm_bias': 0.0, 'pwm_deadzone': 0.0, 'pwm_noise_sigma': 0.0, 'actuator_tau': 0.0, 'action_delay_steps': 0, 'theta_bias': 0.0, 'alpha_bias': 0.0, 'theta_sigma': 0.0, 'alpha_sigma': 0.0, 'theta_dot_sigma': 0.0, 'alpha_dot_sigma': 0.0, 'encoder_quantization_rad': 0.0, 'velocity_lpf': 0.25, 'process_theta_dot_sigma': 0.0, 'process_alpha_dot_sigma': 0.0}"
1229385,1,matlab_nominal_reproduction,0.0,"{'level': 0.0, 'physical': {'g': 9.8, 'c_theta': 0.025, 'c_alpha': 0.001, 'k_t': 0.231, 'k_b': 0.1875, 'k_u': 0.04706, 'R': 4.2857, 'm1': 0.20625, 'm2': 0.15845, 'l1cg': 0.080305, 'l1': 0.151894, 'l2cg': 0.066733, 'I1z': 0.00049228, 'I2x': 0.00036892, 'I2y': 2.3641e-05, 'I2z': 0.00036139}, 'init_theta_std_deg': 5.0, 'init_alpha_std_deg': 8.0, 'init_theta_dot_std': 0.0, 'init_alpha_dot_std': 0.0, 'pwm_limit': 150.0, 'pwm_gain': 1.0, 'pwm_bias': 0.0, 'pwm_deadzone': 0.0, 'pwm_noise_sigma': 0.0, 'actuator_tau': 0.0, 'action_delay_steps': 0, 'theta_bias': 0.0, 'alpha_bias': 0.0, 'theta_sigma': 0.0, 'alpha_sigma': 0.0, 'theta_dot_sigma': 0.0, 'alpha_dot_sigma': 0.0, 'encoder_quantization_rad': 0.0, 'velocity_lpf': 0.25, 'process_theta_dot_sigma': 0.0, 'process_alpha_dot_sigma': 0.0}"
1231385,1,matlab_nominal_reproduction,0.0,"{'level': 0.0, 'physical': {'g': 9.8, 'c_theta': 0.025, 'c_alpha': 0.001, 'k_t': 0.231, 'k_b': 0.1875, 'k_u': 0.04706, 'R': 4.2857, 'm1': 0.20625, 'm2': 0.15845, 'l1cg': 0.080305, 'l1': 0.151894, 'l2cg': 0.066733, 'I1z': 0.00049228, 'I2x': 0.00036892, 'I2y': 2.3641e-05, 'I2z': 0.00036139}, 'init_theta_std_deg': 5.0, 'init_alpha_std_deg': 8.0, 'init_theta_dot_std': 0.0, 'init_alpha_dot_std': 0.0, 'pwm_limit': 150.0, 'pwm_gain': 1.0, 'pwm_bias': 0.0, 'pwm_deadzone': 0.0, 'pwm_noise_sigma': 0.0, 'actuator_tau': 0.0, 'action_delay_steps': 0, 'theta_bias': 0.0, 'alpha_bias': 0.0, 'theta_sigma': 0.0, 'alpha_sigma': 0.0, 'theta_dot_sigma': 0.0, 'alpha_dot_sigma': 0.0, 'encoder_quantization_rad': 0.0, 'velocity_lpf': 0.25, 'process_theta_dot_sigma': 0.0, 'process_alpha_dot_sigma': 0.0}"
1233385,1,matlab_nominal_reproduction,0.0,"{'level': 0.0, 'physical': {'g': 9.8, 'c_theta': 0.025, 'c_alpha': 0.001, 'k_t': 0.231, 'k_b': 0.1875, 'k_u': 0.04706, 'R': 4.2857, 'm1': 0.20625, 'm2': 0.15845, 'l1cg': 0.080305, 'l1': 0.151894, 'l2cg': 0.066733, 'I1z': 0.00049228, 'I2x': 0.00036892, 'I2y': 2.3641e-05, 'I2z': 0.00036139}, 'init_theta_std_deg': 5.0, 'init_alpha_std_deg': 8.0, 'init_theta_dot_std': 0.0, 'init_alpha_dot_std': 0.0, 'pwm_limit': 150.0, 'pwm_gain': 1.0, 'pwm_bias': 0.0, 'pwm_deadzone': 0.0, 'pwm_noise_sigma': 0.0, 'actuator_tau': 0.0, 'action_delay_steps': 0, 'theta_bias': 0.0, 'alpha_bias': 0.0, 'theta_sigma': 0.0, 'alpha_sigma': 0.0, 'theta_dot_sigma': 0.0, 'alpha_dot_sigma': 0.0, 'encoder_quantization_rad': 0.0, 'velocity_lpf': 0.25, 'process_theta_dot_sigma': 0.0, 'process_alpha_dot_sigma': 0.0}"
1235385,1,matlab_nominal_reproduction,0.0,"{'level': 0.0, 'physical': {'g': 9.8, 'c_theta': 0.025, 'c_alpha': 0.001, 'k_t': 0.231, 'k_b': 0.1875, 'k_u': 0.04706, 'R': 4.2857, 'm1': 0.20625, 'm2': 0.15845, 'l1cg': 0.080305, 'l1': 0.151894, 'l2cg': 0.066733, 'I1z': 0.00049228, 'I2x': 0.00036892, 'I2y': 2.3641e-05, 'I2z': 0.00036139}, 'init_theta_std_deg': 5.0, 'init_alpha_std_deg': 8.0, 'init_theta_dot_std': 0.0, 'init_alpha_dot_std': 0.0, 'pwm_limit': 150.0, 'pwm_gain': 1.0, 'pwm_bias': 0.0, 'pwm_deadzone': 0.0, 'pwm_noise_sigma': 0.0, 'actuator_tau': 0.0, 'action_delay_steps': 0, 'theta_bias': 0.0, 'alpha_bias': 0.0, 'theta_sigma': 0.0, 'alpha_sigma': 0.0, 'theta_dot_sigma': 0.0, 'alpha_dot_sigma': 0.0, 'encoder_quantization_rad': 0.0, 'velocity_lpf': 0.25, 'process_theta_dot_sigma': 0.0, 'process_alpha_dot_sigma': 0.0}"
1237385,1,matlab_nominal_reproduction,0.0,"{'level': 0.0, 'physical': {'g': 9.8, 'c_theta': 0.025, 'c_alpha': 0.001, 'k_t': 0.231, 'k_b': 0.1875, 'k_u': 0.04706, 'R': 4.2857, 'm1': 0.20625, 'm2': 0.15845, 'l1cg': 0.080305, 'l1': 0.151894, 'l2cg': 0.066733, 'I1z': 0.00049228, 'I2x': 0.00036892, 'I2y': 2.3641e-05, 'I2z': 0.00036139}, 'init_theta_std_deg': 5.0, 'init_alpha_std_deg': 8.0, 'init_theta_dot_std': 0.0, 'init_alpha_dot_std': 0.0, 'pwm_limit': 150.0, 'pwm_gain': 1.0, 'pwm_bias': 0.0, 'pwm_deadzone': 0.0, 'pwm_noise_sigma': 0.0, 'actuator_tau': 0.0, 'action_delay_steps': 0, 'theta_bias': 0.0, 'alpha_bias': 0.0, 'theta_sigma': 0.0, 'alpha_sigma': 0.0, 'theta_dot_sigma': 0.0, 'alpha_dot_sigma': 0.0, 'encoder_quantization_rad': 0.0, 'velocity_lpf': 0.25, 'process_theta_dot_sigma': 0.0, 'process_alpha_dot_sigma': 0.0}"
1239385,1,matlab_nominal_reproduction,0.0,"{'level': 0.0, 'physical': {'g': 9.8, 'c_theta': 0.025, 'c_alpha': 0.001, 'k_t': 0.231, 'k_b': 0.1875, 'k_u': 0.04706, 'R': 4.2857, 'm1': 0.20625, 'm2': 0.15845, 'l1cg': 0.080305, 'l1': 0.151894, 'l2cg': 0.066733, 'I1z': 0.00049228, 'I2x': 0.00036892, 'I2y': 2.3641e-05, 'I2z': 0.00036139}, 'init_theta_std_deg': 5.0, 'init_alpha_std_deg': 8.0, 'init_theta_dot_std': 0.0, 'init_alpha_dot_std': 0.0, 'pwm_limit': 150.0, 'pwm_gain': 1.0, 'pwm_bias': 0.0, 'pwm_deadzone': 0.0, 'pwm_noise_sigma': 0.0, 'actuator_tau': 0.0, 'action_delay_steps': 0, 'theta_bias': 0.0, 'alpha_bias': 0.0, 'theta_sigma': 0.0, 'alpha_sigma': 0.0, 'theta_dot_sigma': 0.0, 'alpha_dot_sigma': 0.0, 'encoder_quantization_rad': 0.0, 'velocity_lpf': 0.25, 'process_theta_dot_sigma': 0.0, 'process_alpha_dot_sigma': 0.0}"
1241385,1,matlab_nominal_reproduction,0.0,"{'level': 0.0, 'physical': {'g': 9.8, 'c_theta': 0.025, 'c_alpha': 0.001, 'k_t': 0.231, 'k_b': 0.1875, 'k_u': 0.04706, 'R': 4.2857, 'm1': 0.20625, 'm2': 0.15845, 'l1cg': 0.080305, 'l1': 0.151894, 'l2cg': 0.066733, 'I1z': 0.00049228, 'I2x': 0.00036892, 'I2y': 2.3641e-05, 'I2z': 0.00036139}, 'init_theta_std_deg': 5.0, 'init_alpha_std_deg': 8.0, 'init_theta_dot_std': 0.0, 'init_alpha_dot_std': 0.0, 'pwm_limit': 150.0, 'pwm_gain': 1.0, 'pwm_bias': 0.0, 'pwm_deadzone': 0.0, 'pwm_noise_sigma': 0.0, 'actuator_tau': 0.0, 'action_delay_steps': 0, 'theta_bias': 0.0, 'alpha_bias': 0.0, 'theta_sigma': 0.0, 'alpha_sigma': 0.0, 'theta_dot_sigma': 0.0, 'alpha_dot_sigma': 0.0, 'encoder_quantization_rad': 0.0, 'velocity_lpf': 0.25, 'process_theta_dot_sigma': 0.0, 'process_alpha_dot_sigma': 0.0}"
1243385,1,matlab_nominal_reproduction,0.0,"{'level': 0.0, 'physical': {'g': 9.8, 'c_theta': 0.025, 'c_alpha': 0.001, 'k_t': 0.231, 'k_b': 0.1875, 'k_u': 0.04706, 'R': 4.2857, 'm1': 0.20625, 'm2': 0.15845, 'l1cg': 0.080305, 'l1': 0.151894, 'l2cg': 0.066733, 'I1z': 0.00049228, 'I2x': 0.00036892, 'I2y': 2.3641e-05, 'I2z': 0.00036139}, 'init_theta_std_deg': 5.0, 'init_alpha_std_deg': 8.0, 'init_theta_dot_std': 0.0, 'init_alpha_dot_std': 0.0, 'pwm_limit': 150.0, 'pwm_gain': 1.0, 'pwm_bias': 0.0, 'pwm_deadzone': 0.0, 'pwm_noise_sigma': 0.0, 'actuator_tau': 0.0, 'action_delay_steps': 0, 'theta_bias': 0.0, 'alpha_bias': 0.0, 'theta_sigma': 0.0, 'alpha_sigma': 0.0, 'theta_dot_sigma': 0.0, 'alpha_dot_sigma': 0.0, 'encoder_quantization_rad': 0.0, 'velocity_lpf': 0.25, 'process_theta_dot_sigma': 0.0, 'process_alpha_dot_sigma': 0.0}"
1245385,1,matlab_nominal_reproduction,0.0,"{'level': 0.0, 'physical': {'g': 9.8, 'c_theta': 0.025, 'c_alpha': 0.001, 'k_t': 0.231, 'k_b': 0.1875, 'k_u': 0.04706, 'R': 4.2857, 'm1': 0.20625, 'm2': 0.15845, 'l1cg': 0.080305, 'l1': 0.151894, 'l2cg': 0.066733, 'I1z': 0.00049228, 'I2x': 0.00036892, 'I2y': 2.3641e-05, 'I2z': 0.00036139}, 'init_theta_std_deg': 5.0, 'init_alpha_std_deg': 8.0, 'init_theta_dot_std': 0.0, 'init_alpha_dot_std': 0.0, 'pwm_limit': 150.0, 'pwm_gain': 1.0, 'pwm_bias': 0.0, 'pwm_deadzone': 0.0, 'pwm_noise_sigma': 0.0, 'actuator_tau': 0.0, 'action_delay_steps': 0, 'theta_bias': 0.0, 'alpha_bias': 0.0, 'theta_sigma': 0.0, 'alpha_sigma': 0.0, 'theta_dot_sigma': 0.0, 'alpha_dot_sigma': 0.0, 'encoder_quantization_rad': 0.0, 'velocity_lpf': 0.25, 'process_theta_dot_sigma': 0.0, 'process_alpha_dot_sigma': 0.0}"
1247385,1,matlab_nominal_reproduction,0.0,"{'level': 0.0, 'physical': {'g': 9.8, 'c_theta': 0.025, 'c_alpha': 0.001, 'k_t': 0.231, 'k_b': 0.1875, 'k_u': 0.04706, 'R': 4.2857, 'm1': 0.20625, 'm2': 0.15845, 'l1cg': 0.080305, 'l1': 0.151894, 'l2cg': 0.066733, 'I1z': 0.00049228, 'I2x': 0.00036892, 'I2y': 2.3641e-05, 'I2z': 0.00036139}, 'init_theta_std_deg': 5.0, 'init_alpha_std_deg': 8.0, 'init_theta_dot_std': 0.0, 'init_alpha_dot_std': 0.0, 'pwm_limit': 150.0, 'pwm_gain': 1.0, 'pwm_bias': 0.0, 'pwm_deadzone': 0.0, 'pwm_noise_sigma': 0.0, 'actuator_tau': 0.0, 'action_delay_steps': 0, 'theta_bias': 0.0, 'alpha_bias': 0.0, 'theta_sigma': 0.0, 'alpha_sigma': 0.0, 'theta_dot_sigma': 0.0, 'alpha_dot_sigma': 0.0, 'encoder_quantization_rad': 0.0, 'velocity_lpf': 0.25, 'process_theta_dot_sigma': 0.0, 'process_alpha_dot_sigma': 0.0}"
1249385,1,matlab_nominal_reproduction,0.0,"{'level': 0.0, 'physical': {'g': 9.8, 'c_theta': 0.025, 'c_alpha': 0.001, 'k_t': 0.231, 'k_b': 0.1875, 'k_u': 0.04706, 'R': 4.2857, 'm1': 0.20625, 'm2': 0.15845, 'l1cg': 0.080305, 'l1': 0.151894, 'l2cg': 0.066733, 'I1z': 0.00049228, 'I2x': 0.00036892, 'I2y': 2.3641e-05, 'I2z': 0.00036139}, 'init_theta_std_deg': 5.0, 'init_alpha_std_deg': 8.0, 'init_theta_dot_std': 0.0, 'init_alpha_dot_std': 0.0, 'pwm_limit': 150.0, 'pwm_gain': 1.0, 'pwm_bias': 0.0, 'pwm_deadzone': 0.0, 'pwm_noise_sigma': 0.0, 'actuator_tau': 0.0, 'action_delay_steps': 0, 'theta_bias': 0.0, 'alpha_bias': 0.0, 'theta_sigma': 0.0, 'alpha_sigma': 0.0, 'theta_dot_sigma': 0.0, 'alpha_dot_sigma': 0.0, 'encoder_quantization_rad': 0.0, 'velocity_lpf': 0.25, 'process_theta_dot_sigma': 0.0, 'process_alpha_dot_sigma': 0.0}"
1251385,1,matlab_nominal_reproduction,0.0,"{'level': 0.0, 'physical': {'g': 9.8, 'c_theta': 0.025, 'c_alpha': 0.001, 'k_t': 0.231, 'k_b': 0.1875, 'k_u': 0.04706, 'R': 4.2857, 'm1': 0.20625, 'm2': 0.15845, 'l1cg': 0.080305, 'l1': 0.151894, 'l2cg': 0.066733, 'I1z': 0.00049228, 'I2x': 0.00036892, 'I2y': 2.3641e-05, 'I2z': 0.00036139}, 'init_theta_std_deg': 5.0, 'init_alpha_std_deg': 8.0, 'init_theta_dot_std': 0.0, 'init_alpha_dot_std': 0.0, 'pwm_limit': 150.0, 'pwm_gain': 1.0, 'pwm_bias': 0.0, 'pwm_deadzone': 0.0, 'pwm_noise_sigma': 0.0, 'actuator_tau': 0.0, 'action_delay_steps': 0, 'theta_bias': 0.0, 'alpha_bias': 0.0, 'theta_sigma': 0.0, 'alpha_sigma': 0.0, 'theta_dot_sigma': 0.0, 'alpha_dot_sigma': 0.0, 'encoder_quantization_rad': 0.0, 'velocity_lpf': 0.25, 'process_theta_dot_sigma': 0.0, 'process_alpha_dot_sigma': 0.0}"
1252224,1,matlab_nominal_reproduction,0.0,"{'level': 0.0, 'physical': {'g': 9.8, 'c_theta': 0.025, 'c_alpha': 0.001, 'k_t': 0.231, 'k_b': 0.1875, 'k_u': 0.04706, 'R': 4.2857, 'm1': 0.20625, 'm2': 0.15845, 'l1cg': 0.080305, 'l1': 0.151894, 'l2cg': 0.066733, 'I1z': 0.00049228, 'I2x': 0.00036892, 'I2y': 2.3641e-05, 'I2z': 0.00036139}, 'init_theta_std_deg': 5.0, 'init_alpha_std_deg': 8.0, 'init_theta_dot_std': 0.0, 'init_alpha_dot_std': 0.0, 'pwm_limit': 150.0, 'pwm_gain': 1.0, 'pwm_bias': 0.0, 'pwm_deadzone': 0.0, 'pwm_noise_sigma': 0.0, 'actuator_tau': 0.0, 'action_delay_steps': 0, 'theta_bias': 0.0, 'alpha_bias': 0.0, 'theta_sigma': 0.0, 'alpha_sigma': 0.0, 'theta_dot_sigma': 0.0, 'alpha_dot_sigma': 0.0, 'encoder_quantization_rad': 0.0, 'velocity_lpf': 0.25, 'process_theta_dot_sigma': 0.0, 'process_alpha_dot_sigma': 0.0}"
1254224,1,matlab_nominal_reproduction,0.0,"{'level': 0.0, 'physical': {'g': 9.8, 'c_theta': 0.025, 'c_alpha': 0.001, 'k_t': 0.231, 'k_b': 0.1875, 'k_u': 0.04706, 'R': 4.2857, 'm1': 0.20625, 'm2': 0.15845, 'l1cg': 0.080305, 'l1': 0.151894, 'l2cg': 0.066733, 'I1z': 0.00049228, 'I2x': 0.00036892, 'I2y': 2.3641e-05, 'I2z': 0.00036139}, 'init_theta_std_deg': 5.0, 'init_alpha_std_deg': 8.0, 'init_theta_dot_std': 0.0, 'init_alpha_dot_std': 0.0, 'pwm_limit': 150.0, 'pwm_gain': 1.0, 'pwm_bias': 0.0, 'pwm_deadzone': 0.0, 'pwm_noise_sigma': 0.0, 'actuator_tau': 0.0, 'action_delay_steps': 0, 'theta_bias': 0.0, 'alpha_bias': 0.0, 'theta_sigma': 0.0, 'alpha_sigma': 0.0, 'theta_dot_sigma': 0.0, 'alpha_dot_sigma': 0.0, 'encoder_quantization_rad': 0.0, 'velocity_lpf': 0.25, 'process_theta_dot_sigma': 0.0, 'process_alpha_dot_sigma': 0.0}"
1256224,1,matlab_nominal_reproduction,0.0,"{'level': 0.0, 'physical': {'g': 9.8, 'c_theta': 0.025, 'c_alpha': 0.001, 'k_t': 0.231, 'k_b': 0.1875, 'k_u': 0.04706, 'R': 4.2857, 'm1': 0.20625, 'm2': 0.15845, 'l1cg': 0.080305, 'l1': 0.151894, 'l2cg': 0.066733, 'I1z': 0.00049228, 'I2x': 0.00036892, 'I2y': 2.3641e-05, 'I2z': 0.00036139}, 'init_theta_std_deg': 5.0, 'init_alpha_std_deg': 8.0, 'init_theta_dot_std': 0.0, 'init_alpha_dot_std': 0.0, 'pwm_limit': 150.0, 'pwm_gain': 1.0, 'pwm_bias': 0.0, 'pwm_deadzone': 0.0, 'pwm_noise_sigma': 0.0, 'actuator_tau': 0.0, 'action_delay_steps': 0, 'theta_bias': 0.0, 'alpha_bias': 0.0, 'theta_sigma': 0.0, 'alpha_sigma': 0.0, 'theta_dot_sigma': 0.0, 'alpha_dot_sigma': 0.0, 'encoder_quantization_rad': 0.0, 'velocity_lpf': 0.25, 'process_theta_dot_sigma': 0.0, 'process_alpha_dot_sigma': 0.0}"
1258224,1,matlab_nominal_reproduction,0.0,"{'level': 0.0, 'physical': {'g': 9.8, 'c_theta': 0.025, 'c_alpha': 0.001, 'k_t': 0.231, 'k_b': 0.1875, 'k_u': 0.04706, 'R': 4.2857, 'm1': 0.20625, 'm2': 0.15845, 'l1cg': 0.080305, 'l1': 0.151894, 'l2cg': 0.066733, 'I1z': 0.00049228, 'I2x': 0.00036892, 'I2y': 2.3641e-05, 'I2z': 0.00036139}, 'init_theta_std_deg': 5.0, 'init_alpha_std_deg': 8.0, 'init_theta_dot_std': 0.0, 'init_alpha_dot_std': 0.0, 'pwm_limit': 150.0, 'pwm_gain': 1.0, 'pwm_bias': 0.0, 'pwm_deadzone': 0.0, 'pwm_noise_sigma': 0.0, 'actuator_tau': 0.0, 'action_delay_steps': 0, 'theta_bias': 0.0, 'alpha_bias': 0.0, 'theta_sigma': 0.0, 'alpha_sigma': 0.0, 'theta_dot_sigma': 0.0, 'alpha_dot_sigma': 0.0, 'encoder_quantization_rad': 0.0, 'velocity_lpf': 0.25, 'process_theta_dot_sigma': 0.0, 'process_alpha_dot_sigma': 0.0}"
1260224,1,matlab_nominal_reproduction,0.0,"{'level': 0.0, 'physical': {'g': 9.8, 'c_theta': 0.025, 'c_alpha': 0.001, 'k_t': 0.231, 'k_b': 0.1875, 'k_u': 0.04706, 'R': 4.2857, 'm1': 0.20625, 'm2': 0.15845, 'l1cg': 0.080305, 'l1': 0.151894, 'l2cg': 0.066733, 'I1z': 0.00049228, 'I2x': 0.00036892, 'I2y': 2.3641e-05, 'I2z': 0.00036139}, 'init_theta_std_deg': 5.0, 'init_alpha_std_deg': 8.0, 'init_theta_dot_std': 0.0, 'init_alpha_dot_std': 0.0, 'pwm_limit': 150.0, 'pwm_gain': 1.0, 'pwm_bias': 0.0, 'pwm_deadzone': 0.0, 'pwm_noise_sigma': 0.0, 'actuator_tau': 0.0, 'action_delay_steps': 0, 'theta_bias': 0.0, 'alpha_bias': 0.0, 'theta_sigma': 0.0, 'alpha_sigma': 0.0, 'theta_dot_sigma': 0.0, 'alpha_dot_sigma': 0.0, 'encoder_quantization_rad': 0.0, 'velocity_lpf': 0.25, 'process_theta_dot_sigma': 0.0, 'process_alpha_dot_sigma': 0.0}"
1262224,1,matlab_nominal_reproduction,0.0,"{'level': 0.0, 'physical': {'g': 9.8, 'c_theta': 0.025, 'c_alpha': 0.001, 'k_t': 0.231, 'k_b': 0.1875, 'k_u': 0.04706, 'R': 4.2857, 'm1': 0.20625, 'm2': 0.15845, 'l1cg': 0.080305, 'l1': 0.151894, 'l2cg': 0.066733, 'I1z': 0.00049228, 'I2x': 0.00036892, 'I2y': 2.3641e-05, 'I2z': 0.00036139}, 'init_theta_std_deg': 5.0, 'init_alpha_std_deg': 8.0, 'init_theta_dot_std': 0.0, 'init_alpha_dot_std': 0.0, 'pwm_limit': 150.0, 'pwm_gain': 1.0, 'pwm_bias': 0.0, 'pwm_deadzone': 0.0, 'pwm_noise_sigma': 0.0, 'actuator_tau': 0.0, 'action_delay_steps': 0, 'theta_bias': 0.0, 'alpha_bias': 0.0, 'theta_sigma': 0.0, 'alpha_sigma': 0.0, 'theta_dot_sigma': 0.0, 'alpha_dot_sigma': 0.0, 'encoder_quantization_rad': 0.0, 'velocity_lpf': 0.25, 'process_theta_dot_sigma': 0.0, 'process_alpha_dot_sigma': 0.0}"
1264224,1,matlab_nominal_reproduction,0.0,"{'level': 0.0, 'physical': {'g': 9.8, 'c_theta': 0.025, 'c_alpha': 0.001, 'k_t': 0.231, 'k_b': 0.1875, 'k_u': 0.04706, 'R': 4.2857, 'm1': 0.20625, 'm2': 0.15845, 'l1cg': 0.080305, 'l1': 0.151894, 'l2cg': 0.066733, 'I1z': 0.00049228, 'I2x': 0.00036892, 'I2y': 2.3641e-05, 'I2z': 0.00036139}, 'init_theta_std_deg': 5.0, 'init_alpha_std_deg': 8.0, 'init_theta_dot_std': 0.0, 'init_alpha_dot_std': 0.0, 'pwm_limit': 150.0, 'pwm_gain': 1.0, 'pwm_bias': 0.0, 'pwm_deadzone': 0.0, 'pwm_noise_sigma': 0.0, 'actuator_tau': 0.0, 'action_delay_steps': 0, 'theta_bias': 0.0, 'alpha_bias': 0.0, 'theta_sigma': 0.0, 'alpha_sigma': 0.0, 'theta_dot_sigma': 0.0, 'alpha_dot_sigma': 0.0, 'encoder_quantization_rad': 0.0, 'velocity_lpf': 0.25, 'process_theta_dot_sigma': 0.0, 'process_alpha_dot_sigma': 0.0}"
1266224,1,matlab_nominal_reproduction,0.0,"{'level': 0.0, 'physical': {'g': 9.8, 'c_theta': 0.025, 'c_alpha': 0.001, 'k_t': 0.231, 'k_b': 0.1875, 'k_u': 0.04706, 'R': 4.2857, 'm1': 0.20625, 'm2': 0.15845, 'l1cg': 0.080305, 'l1': 0.151894, 'l2cg': 0.066733, 'I1z': 0.00049228, 'I2x': 0.00036892, 'I2y': 2.3641e-05, 'I2z': 0.00036139}, 'init_theta_std_deg': 5.0, 'init_alpha_std_deg': 8.0, 'init_theta_dot_std': 0.0, 'init_alpha_dot_std': 0.0, 'pwm_limit': 150.0, 'pwm_gain': 1.0, 'pwm_bias': 0.0, 'pwm_deadzone': 0.0, 'pwm_noise_sigma': 0.0, 'actuator_tau': 0.0, 'action_delay_steps': 0, 'theta_bias': 0.0, 'alpha_bias': 0.0, 'theta_sigma': 0.0, 'alpha_sigma': 0.0, 'theta_dot_sigma': 0.0, 'alpha_dot_sigma': 0.0, 'encoder_quantization_rad': 0.0, 'velocity_lpf': 0.25, 'process_theta_dot_sigma': 0.0, 'process_alpha_dot_sigma': 0.0}"
1268224,1,matlab_nominal_reproduction,0.0,"{'level': 0.0, 'physical': {'g': 9.8, 'c_theta': 0.025, 'c_alpha': 0.001, 'k_t': 0.231, 'k_b': 0.1875, 'k_u': 0.04706, 'R': 4.2857, 'm1': 0.20625, 'm2': 0.15845, 'l1cg': 0.080305, 'l1': 0.151894, 'l2cg': 0.066733, 'I1z': 0.00049228, 'I2x': 0.00036892, 'I2y': 2.3641e-05, 'I2z': 0.00036139}, 'init_theta_std_deg': 5.0, 'init_alpha_std_deg': 8.0, 'init_theta_dot_std': 0.0, 'init_alpha_dot_std': 0.0, 'pwm_limit': 150.0, 'pwm_gain': 1.0, 'pwm_bias': 0.0, 'pwm_deadzone': 0.0, 'pwm_noise_sigma': 0.0, 'actuator_tau': 0.0, 'action_delay_steps': 0, 'theta_bias': 0.0, 'alpha_bias': 0.0, 'theta_sigma': 0.0, 'alpha_sigma': 0.0, 'theta_dot_sigma': 0.0, 'alpha_dot_sigma': 0.0, 'encoder_quantization_rad': 0.0, 'velocity_lpf': 0.25, 'process_theta_dot_sigma': 0.0, 'process_alpha_dot_sigma': 0.0}"
1270224,1,matlab_nominal_reproduction,0.0,"{'level': 0.0, 'physical': {'g': 9.8, 'c_theta': 0.025, 'c_alpha': 0.001, 'k_t': 0.231, 'k_b': 0.1875, 'k_u': 0.04706, 'R': 4.2857, 'm1': 0.20625, 'm2': 0.15845, 'l1cg': 0.080305, 'l1': 0.151894, 'l2cg': 0.066733, 'I1z': 0.00049228, 'I2x': 0.00036892, 'I2y': 2.3641e-05, 'I2z': 0.00036139}, 'init_theta_std_deg': 5.0, 'init_alpha_std_deg': 8.0, 'init_theta_dot_std': 0.0, 'init_alpha_dot_std': 0.0, 'pwm_limit': 150.0, 'pwm_gain': 1.0, 'pwm_bias': 0.0, 'pwm_deadzone': 0.0, 'pwm_noise_sigma': 0.0, 'actuator_tau': 0.0, 'action_delay_steps': 0, 'theta_bias': 0.0, 'alpha_bias': 0.0, 'theta_sigma': 0.0, 'alpha_sigma': 0.0, 'theta_dot_sigma': 0.0, 'alpha_dot_sigma': 0.0, 'encoder_quantization_rad': 0.0, 'velocity_lpf': 0.25, 'process_theta_dot_sigma': 0.0, 'process_alpha_dot_sigma': 0.0}"
1272224,1,matlab_nominal_reproduction,0.0,"{'level': 0.0, 'physical': {'g': 9.8, 'c_theta': 0.025, 'c_alpha': 0.001, 'k_t': 0.231, 'k_b': 0.1875, 'k_u': 0.04706, 'R': 4.2857, 'm1': 0.20625, 'm2': 0.15845, 'l1cg': 0.080305, 'l1': 0.151894, 'l2cg': 0.066733, 'I1z': 0.00049228, 'I2x': 0.00036892, 'I2y': 2.3641e-05, 'I2z': 0.00036139}, 'init_theta_std_deg': 5.0, 'init_alpha_std_deg': 8.0, 'init_theta_dot_std': 0.0, 'init_alpha_dot_std': 0.0, 'pwm_limit': 150.0, 'pwm_gain': 1.0, 'pwm_bias': 0.0, 'pwm_deadzone': 0.0, 'pwm_noise_sigma': 0.0, 'actuator_tau': 0.0, 'action_delay_steps': 0, 'theta_bias': 0.0, 'alpha_bias': 0.0, 'theta_sigma': 0.0, 'alpha_sigma': 0.0, 'theta_dot_sigma': 0.0, 'alpha_dot_sigma': 0.0, 'encoder_quantization_rad': 0.0, 'velocity_lpf': 0.25, 'process_theta_dot_sigma': 0.0, 'process_alpha_dot_sigma': 0.0}"
1274224,1,matlab_nominal_reproduction,0.0,"{'level': 0.0, 'physical': {'g': 9.8, 'c_theta': 0.025, 'c_alpha': 0.001, 'k_t': 0.231, 'k_b': 0.1875, 'k_u': 0.04706, 'R': 4.2857, 'm1': 0.20625, 'm2': 0.15845, 'l1cg': 0.080305, 'l1': 0.151894, 'l2cg': 0.066733, 'I1z': 0.00049228, 'I2x': 0.00036892, 'I2y': 2.3641e-05, 'I2z': 0.00036139}, 'init_theta_std_deg': 5.0, 'init_alpha_std_deg': 8.0, 'init_theta_dot_std': 0.0, 'init_alpha_dot_std': 0.0, 'pwm_limit': 150.0, 'pwm_gain': 1.0, 'pwm_bias': 0.0, 'pwm_deadzone': 0.0, 'pwm_noise_sigma': 0.0, 'actuator_tau': 0.0, 'action_delay_steps': 0, 'theta_bias': 0.0, 'alpha_bias': 0.0, 'theta_sigma': 0.0, 'alpha_sigma': 0.0, 'theta_dot_sigma': 0.0, 'alpha_dot_sigma': 0.0, 'encoder_quantization_rad': 0.0, 'velocity_lpf': 0.25, 'process_theta_dot_sigma': 0.0, 'process_alpha_dot_sigma': 0.0}"
1276224,1,matlab_nominal_reproduction,0.0,"{'level': 0.0, 'physical': {'g': 9.8, 'c_theta': 0.025, 'c_alpha': 0.001, 'k_t': 0.231, 'k_b': 0.1875, 'k_u': 0.04706, 'R': 4.2857, 'm1': 0.20625, 'm2': 0.15845, 'l1cg': 0.080305, 'l1': 0.151894, 'l2cg': 0.066733, 'I1z': 0.00049228, 'I2x': 0.00036892, 'I2y': 2.3641e-05, 'I2z': 0.00036139}, 'init_theta_std_deg': 5.0, 'init_alpha_std_deg': 8.0, 'init_theta_dot_std': 0.0, 'init_alpha_dot_std': 0.0, 'pwm_limit': 150.0, 'pwm_gain': 1.0, 'pwm_bias': 0.0, 'pwm_deadzone': 0.0, 'pwm_noise_sigma': 0.0, 'actuator_tau': 0.0, 'action_delay_steps': 0, 'theta_bias': 0.0, 'alpha_bias': 0.0, 'theta_sigma': 0.0, 'alpha_sigma': 0.0, 'theta_dot_sigma': 0.0, 'alpha_dot_sigma': 0.0, 'encoder_quantization_rad': 0.0, 'velocity_lpf': 0.25, 'process_theta_dot_sigma': 0.0, 'process_alpha_dot_sigma': 0.0}"
1278224,1,matlab_nominal_reproduction,0.0,"{'level': 0.0, 'physical': {'g': 9.8, 'c_theta': 0.025, 'c_alpha': 0.001, 'k_t': 0.231, 'k_b': 0.1875, 'k_u': 0.04706, 'R': 4.2857, 'm1': 0.20625, 'm2': 0.15845, 'l1cg': 0.080305, 'l1': 0.151894, 'l2cg': 0.066733, 'I1z': 0.00049228, 'I2x': 0.00036892, 'I2y': 2.3641e-05, 'I2z': 0.00036139}, 'init_theta_std_deg': 5.0, 'init_alpha_std_deg': 8.0, 'init_theta_dot_std': 0.0, 'init_alpha_dot_std': 0.0, 'pwm_limit': 150.0, 'pwm_gain': 1.0, 'pwm_bias': 0.0, 'pwm_deadzone': 0.0, 'pwm_noise_sigma': 0.0, 'actuator_tau': 0.0, 'action_delay_steps': 0, 'theta_bias': 0.0, 'alpha_bias': 0.0, 'theta_sigma': 0.0, 'alpha_sigma': 0.0, 'theta_dot_sigma': 0.0, 'alpha_dot_sigma': 0.0, 'encoder_quantization_rad': 0.0, 'velocity_lpf': 0.25, 'process_theta_dot_sigma': 0.0, 'process_alpha_dot_sigma': 0.0}"
1280224,1,matlab_nominal_reproduction,0.0,"{'level': 0.0, 'physical': {'g': 9.8, 'c_theta': 0.025, 'c_alpha': 0.001, 'k_t': 0.231, 'k_b': 0.1875, 'k_u': 0.04706, 'R': 4.2857, 'm1': 0.20625, 'm2': 0.15845, 'l1cg': 0.080305, 'l1': 0.151894, 'l2cg': 0.066733, 'I1z': 0.00049228, 'I2x': 0.00036892, 'I2y': 2.3641e-05, 'I2z': 0.00036139}, 'init_theta_std_deg': 5.0, 'init_alpha_std_deg': 8.0, 'init_theta_dot_std': 0.0, 'init_alpha_dot_std': 0.0, 'pwm_limit': 150.0, 'pwm_gain': 1.0, 'pwm_bias': 0.0, 'pwm_deadzone': 0.0, 'pwm_noise_sigma': 0.0, 'actuator_tau': 0.0, 'action_delay_steps': 0, 'theta_bias': 0.0, 'alpha_bias': 0.0, 'theta_sigma': 0.0, 'alpha_sigma': 0.0, 'theta_dot_sigma': 0.0, 'alpha_dot_sigma': 0.0, 'encoder_quantization_rad': 0.0, 'velocity_lpf': 0.25, 'process_theta_dot_sigma': 0.0, 'process_alpha_dot_sigma': 0.0}"
1282224,1,matlab_nominal_reproduction,0.0,"{'level': 0.0, 'physical': {'g': 9.8, 'c_theta': 0.025, 'c_alpha': 0.001, 'k_t': 0.231, 'k_b': 0.1875, 'k_u': 0.04706, 'R': 4.2857, 'm1': 0.20625, 'm2': 0.15845, 'l1cg': 0.080305, 'l1': 0.151894, 'l2cg': 0.066733, 'I1z': 0.00049228, 'I2x': 0.00036892, 'I2y': 2.3641e-05, 'I2z': 0.00036139}, 'init_theta_std_deg': 5.0, 'init_alpha_std_deg': 8.0, 'init_theta_dot_std': 0.0, 'init_alpha_dot_std': 0.0, 'pwm_limit': 150.0, 'pwm_gain': 1.0, 'pwm_bias': 0.0, 'pwm_deadzone': 0.0, 'pwm_noise_sigma': 0.0, 'actuator_tau': 0.0, 'action_delay_steps': 0, 'theta_bias': 0.0, 'alpha_bias': 0.0, 'theta_sigma': 0.0, 'alpha_sigma': 0.0, 'theta_dot_sigma': 0.0, 'alpha_dot_sigma': 0.0, 'encoder_quantization_rad': 0.0, 'velocity_lpf': 0.25, 'process_theta_dot_sigma': 0.0, 'process_alpha_dot_sigma': 0.0}"
1284224,1,matlab_nominal_reproduction,0.0,"{'level': 0.0, 'physical': {'g': 9.8, 'c_theta': 0.025, 'c_alpha': 0.001, 'k_t': 0.231, 'k_b': 0.1875, 'k_u': 0.04706, 'R': 4.2857, 'm1': 0.20625, 'm2': 0.15845, 'l1cg': 0.080305, 'l1': 0.151894, 'l2cg': 0.066733, 'I1z': 0.00049228, 'I2x': 0.00036892, 'I2y': 2.3641e-05, 'I2z': 0.00036139}, 'init_theta_std_deg': 5.0, 'init_alpha_std_deg': 8.0, 'init_theta_dot_std': 0.0, 'init_alpha_dot_std': 0.0, 'pwm_limit': 150.0, 'pwm_gain': 1.0, 'pwm_bias': 0.0, 'pwm_deadzone': 0.0, 'pwm_noise_sigma': 0.0, 'actuator_tau': 0.0, 'action_delay_steps': 0, 'theta_bias': 0.0, 'alpha_bias': 0.0, 'theta_sigma': 0.0, 'alpha_sigma': 0.0, 'theta_dot_sigma': 0.0, 'alpha_dot_sigma': 0.0, 'encoder_quantization_rad': 0.0, 'velocity_lpf': 0.25, 'process_theta_dot_sigma': 0.0, 'process_alpha_dot_sigma': 0.0}"
1286224,1,matlab_nominal_reproduction,0.0,"{'level': 0.0, 'physical': {'g': 9.8, 'c_theta': 0.025, 'c_alpha': 0.001, 'k_t': 0.231, 'k_b': 0.1875, 'k_u': 0.04706, 'R': 4.2857, 'm1': 0.20625, 'm2': 0.15845, 'l1cg': 0.080305, 'l1': 0.151894, 'l2cg': 0.066733, 'I1z': 0.00049228, 'I2x': 0.00036892, 'I2y': 2.3641e-05, 'I2z': 0.00036139}, 'init_theta_std_deg': 5.0, 'init_alpha_std_deg': 8.0, 'init_theta_dot_std': 0.0, 'init_alpha_dot_std': 0.0, 'pwm_limit': 150.0, 'pwm_gain': 1.0, 'pwm_bias': 0.0, 'pwm_deadzone': 0.0, 'pwm_noise_sigma': 0.0, 'actuator_tau': 0.0, 'action_delay_steps': 0, 'theta_bias': 0.0, 'alpha_bias': 0.0, 'theta_sigma': 0.0, 'alpha_sigma': 0.0, 'theta_dot_sigma': 0.0, 'alpha_dot_sigma': 0.0, 'encoder_quantization_rad': 0.0, 'velocity_lpf': 0.25, 'process_theta_dot_sigma': 0.0, 'process_alpha_dot_sigma': 0.0}"
1288224,1,matlab_nominal_reproduction,0.0,"{'level': 0.0, 'physical': {'g': 9.8, 'c_theta': 0.025, 'c_alpha': 0.001, 'k_t': 0.231, 'k_b': 0.1875, 'k_u': 0.04706, 'R': 4.2857, 'm1': 0.20625, 'm2': 0.15845, 'l1cg': 0.080305, 'l1': 0.151894, 'l2cg': 0.066733, 'I1z': 0.00049228, 'I2x': 0.00036892, 'I2y': 2.3641e-05, 'I2z': 0.00036139}, 'init_theta_std_deg': 5.0, 'init_alpha_std_deg': 8.0, 'init_theta_dot_std': 0.0, 'init_alpha_dot_std': 0.0, 'pwm_limit': 150.0, 'pwm_gain': 1.0, 'pwm_bias': 0.0, 'pwm_deadzone': 0.0, 'pwm_noise_sigma': 0.0, 'actuator_tau': 0.0, 'action_delay_steps': 0, 'theta_bias': 0.0, 'alpha_bias': 0.0, 'theta_sigma': 0.0, 'alpha_sigma': 0.0, 'theta_dot_sigma': 0.0, 'alpha_dot_sigma': 0.0, 'encoder_quantization_rad': 0.0, 'velocity_lpf': 0.25, 'process_theta_dot_sigma': 0.0, 'process_alpha_dot_sigma': 0.0}"
1290224,1,matlab_nominal_reproduction,0.0,"{'level': 0.0, 'physical': {'g': 9.8, 'c_theta': 0.025, 'c_alpha': 0.001, 'k_t': 0.231, 'k_b': 0.1875, 'k_u': 0.04706, 'R': 4.2857, 'm1': 0.20625, 'm2': 0.15845, 'l1cg': 0.080305, 'l1': 0.151894, 'l2cg': 0.066733, 'I1z': 0.00049228, 'I2x': 0.00036892, 'I2y': 2.3641e-05, 'I2z': 0.00036139}, 'init_theta_std_deg': 5.0, 'init_alpha_std_deg': 8.0, 'init_theta_dot_std': 0.0, 'init_alpha_dot_std': 0.0, 'pwm_limit': 150.0, 'pwm_gain': 1.0, 'pwm_bias': 0.0, 'pwm_deadzone': 0.0, 'pwm_noise_sigma': 0.0, 'actuator_tau': 0.0, 'action_delay_steps': 0, 'theta_bias': 0.0, 'alpha_bias': 0.0, 'theta_sigma': 0.0, 'alpha_sigma': 0.0, 'theta_dot_sigma': 0.0, 'alpha_dot_sigma': 0.0, 'encoder_quantization_rad': 0.0, 'velocity_lpf': 0.25, 'process_theta_dot_sigma': 0.0, 'process_alpha_dot_sigma': 0.0}"
1292224,1,matlab_nominal_reproduction,0.0,"{'level': 0.0, 'physical': {'g': 9.8, 'c_theta': 0.025, 'c_alpha': 0.001, 'k_t': 0.231, 'k_b': 0.1875, 'k_u': 0.04706, 'R': 4.2857, 'm1': 0.20625, 'm2': 0.15845, 'l1cg': 0.080305, 'l1': 0.151894, 'l2cg': 0.066733, 'I1z': 0.00049228, 'I2x': 0.00036892, 'I2y': 2.3641e-05, 'I2z': 0.00036139}, 'init_theta_std_deg': 5.0, 'init_alpha_std_deg': 8.0, 'init_theta_dot_std': 0.0, 'init_alpha_dot_std': 0.0, 'pwm_limit': 150.0, 'pwm_gain': 1.0, 'pwm_bias': 0.0, 'pwm_deadzone': 0.0, 'pwm_noise_sigma': 0.0, 'actuator_tau': 0.0, 'action_delay_steps': 0, 'theta_bias': 0.0, 'alpha_bias': 0.0, 'theta_sigma': 0.0, 'alpha_sigma': 0.0, 'theta_dot_sigma': 0.0, 'alpha_dot_sigma': 0.0, 'encoder_quantization_rad': 0.0, 'velocity_lpf': 0.25, 'process_theta_dot_sigma': 0.0, 'process_alpha_dot_sigma': 0.0}"
1294224,1,matlab_nominal_reproduction,0.0,"{'level': 0.0, 'physical': {'g': 9.8, 'c_theta': 0.025, 'c_alpha': 0.001, 'k_t': 0.231, 'k_b': 0.1875, 'k_u': 0.04706, 'R': 4.2857, 'm1': 0.20625, 'm2': 0.15845, 'l1cg': 0.080305, 'l1': 0.151894, 'l2cg': 0.066733, 'I1z': 0.00049228, 'I2x': 0.00036892, 'I2y': 2.3641e-05, 'I2z': 0.00036139}, 'init_theta_std_deg': 5.0, 'init_alpha_std_deg': 8.0, 'init_theta_dot_std': 0.0, 'init_alpha_dot_std': 0.0, 'pwm_limit': 150.0, 'pwm_gain': 1.0, 'pwm_bias': 0.0, 'pwm_deadzone': 0.0, 'pwm_noise_sigma': 0.0, 'actuator_tau': 0.0, 'action_delay_steps': 0, 'theta_bias': 0.0, 'alpha_bias': 0.0, 'theta_sigma': 0.0, 'alpha_sigma': 0.0, 'theta_dot_sigma': 0.0, 'alpha_dot_sigma': 0.0, 'encoder_quantization_rad': 0.0, 'velocity_lpf': 0.25, 'process_theta_dot_sigma': 0.0, 'process_alpha_dot_sigma': 0.0}"
1296224,1,matlab_nominal_reproduction,0.0,"{'level': 0.0, 'physical': {'g': 9.8, 'c_theta': 0.025, 'c_alpha': 0.001, 'k_t': 0.231, 'k_b': 0.1875, 'k_u': 0.04706, 'R': 4.2857, 'm1': 0.20625, 'm2': 0.15845, 'l1cg': 0.080305, 'l1': 0.151894, 'l2cg': 0.066733, 'I1z': 0.00049228, 'I2x': 0.00036892, 'I2y': 2.3641e-05, 'I2z': 0.00036139}, 'init_theta_std_deg': 5.0, 'init_alpha_std_deg': 8.0, 'init_theta_dot_std': 0.0, 'init_alpha_dot_std': 0.0, 'pwm_limit': 150.0, 'pwm_gain': 1.0, 'pwm_bias': 0.0, 'pwm_deadzone': 0.0, 'pwm_noise_sigma': 0.0, 'actuator_tau': 0.0, 'action_delay_steps': 0, 'theta_bias': 0.0, 'alpha_bias': 0.0, 'theta_sigma': 0.0, 'alpha_sigma': 0.0, 'theta_dot_sigma': 0.0, 'alpha_dot_sigma': 0.0, 'encoder_quantization_rad': 0.0, 'velocity_lpf': 0.25, 'process_theta_dot_sigma': 0.0, 'process_alpha_dot_sigma': 0.0}"
1298224,1,matlab_nominal_reproduction,0.0,"{'level': 0.0, 'physical': {'g': 9.8, 'c_theta': 0.025, 'c_alpha': 0.001, 'k_t': 0.231, 'k_b': 0.1875, 'k_u': 0.04706, 'R': 4.2857, 'm1': 0.20625, 'm2': 0.15845, 'l1cg': 0.080305, 'l1': 0.151894, 'l2cg': 0.066733, 'I1z': 0.00049228, 'I2x': 0.00036892, 'I2y': 2.3641e-05, 'I2z': 0.00036139}, 'init_theta_std_deg': 5.0, 'init_alpha_std_deg': 8.0, 'init_theta_dot_std': 0.0, 'init_alpha_dot_std': 0.0, 'pwm_limit': 150.0, 'pwm_gain': 1.0, 'pwm_bias': 0.0, 'pwm_deadzone': 0.0, 'pwm_noise_sigma': 0.0, 'actuator_tau': 0.0, 'action_delay_steps': 0, 'theta_bias': 0.0, 'alpha_bias': 0.0, 'theta_sigma': 0.0, 'alpha_sigma': 0.0, 'theta_dot_sigma': 0.0, 'alpha_dot_sigma': 0.0, 'encoder_quantization_rad': 0.0, 'velocity_lpf': 0.25, 'process_theta_dot_sigma': 0.0, 'process_alpha_dot_sigma': 0.0}"
1300224,1,matlab_nominal_reproduction,0.0,"{'level': 0.0, 'physical': {'g': 9.8, 'c_theta': 0.025, 'c_alpha': 0.001, 'k_t': 0.231, 'k_b': 0.1875, 'k_u': 0.04706, 'R': 4.2857, 'm1': 0.20625, 'm2': 0.15845, 'l1cg': 0.080305, 'l1': 0.151894, 'l2cg': 0.066733, 'I1z': 0.00049228, 'I2x': 0.00036892, 'I2y': 2.3641e-05, 'I2z': 0.00036139}, 'init_theta_std_deg': 5.0, 'init_alpha_std_deg': 8.0, 'init_theta_dot_std': 0.0, 'init_alpha_dot_std': 0.0, 'pwm_limit': 150.0, 'pwm_gain': 1.0, 'pwm_bias': 0.0, 'pwm_deadzone': 0.0, 'pwm_noise_sigma': 0.0, 'actuator_tau': 0.0, 'action_delay_steps': 0, 'theta_bias': 0.0, 'alpha_bias': 0.0, 'theta_sigma': 0.0, 'alpha_sigma': 0.0, 'theta_dot_sigma': 0.0, 'alpha_dot_sigma': 0.0, 'encoder_quantization_rad': 0.0, 'velocity_lpf': 0.25, 'process_theta_dot_sigma': 0.0, 'process_alpha_dot_sigma': 0.0}"
1302224,1,matlab_nominal_reproduction,0.0,"{'level': 0.0, 'physical': {'g': 9.8, 'c_theta': 0.025, 'c_alpha': 0.001, 'k_t': 0.231, 'k_b': 0.1875, 'k_u': 0.04706, 'R': 4.2857, 'm1': 0.20625, 'm2': 0.15845, 'l1cg': 0.080305, 'l1': 0.151894, 'l2cg': 0.066733, 'I1z': 0.00049228, 'I2x': 0.00036892, 'I2y': 2.3641e-05, 'I2z': 0.00036139}, 'init_theta_std_deg': 5.0, 'init_alpha_std_deg': 8.0, 'init_theta_dot_std': 0.0, 'init_alpha_dot_std': 0.0, 'pwm_limit': 150.0, 'pwm_gain': 1.0, 'pwm_bias': 0.0, 'pwm_deadzone': 0.0, 'pwm_noise_sigma': 0.0, 'actuator_tau': 0.0, 'action_delay_steps': 0, 'theta_bias': 0.0, 'alpha_bias': 0.0, 'theta_sigma': 0.0, 'alpha_sigma': 0.0, 'theta_dot_sigma': 0.0, 'alpha_dot_sigma': 0.0, 'encoder_quantization_rad': 0.0, 'velocity_lpf': 0.25, 'process_theta_dot_sigma': 0.0, 'process_alpha_dot_sigma': 0.0}"
1304224,1,matlab_nominal_reproduction,0.0,"{'level': 0.0, 'physical': {'g': 9.8, 'c_theta': 0.025, 'c_alpha': 0.001, 'k_t': 0.231, 'k_b': 0.1875, 'k_u': 0.04706, 'R': 4.2857, 'm1': 0.20625, 'm2': 0.15845, 'l1cg': 0.080305, 'l1': 0.151894, 'l2cg': 0.066733, 'I1z': 0.00049228, 'I2x': 0.00036892, 'I2y': 2.3641e-05, 'I2z': 0.00036139}, 'init_theta_std_deg': 5.0, 'init_alpha_std_deg': 8.0, 'init_theta_dot_std': 0.0, 'init_alpha_dot_std': 0.0, 'pwm_limit': 150.0, 'pwm_gain': 1.0, 'pwm_bias': 0.0, 'pwm_deadzone': 0.0, 'pwm_noise_sigma': 0.0, 'actuator_tau': 0.0, 'action_delay_steps': 0, 'theta_bias': 0.0, 'alpha_bias': 0.0, 'theta_sigma': 0.0, 'alpha_sigma': 0.0, 'theta_dot_sigma': 0.0, 'alpha_dot_sigma': 0.0, 'encoder_quantization_rad': 0.0, 'velocity_lpf': 0.25, 'process_theta_dot_sigma': 0.0, 'process_alpha_dot_sigma': 0.0}"
1306224,1,matlab_nominal_reproduction,0.0,"{'level': 0.0, 'physical': {'g': 9.8, 'c_theta': 0.025, 'c_alpha': 0.001, 'k_t': 0.231, 'k_b': 0.1875, 'k_u': 0.04706, 'R': 4.2857, 'm1': 0.20625, 'm2': 0.15845, 'l1cg': 0.080305, 'l1': 0.151894, 'l2cg': 0.066733, 'I1z': 0.00049228, 'I2x': 0.00036892, 'I2y': 2.3641e-05, 'I2z': 0.00036139}, 'init_theta_std_deg': 5.0, 'init_alpha_std_deg': 8.0, 'init_theta_dot_std': 0.0, 'init_alpha_dot_std': 0.0, 'pwm_limit': 150.0, 'pwm_gain': 1.0, 'pwm_bias': 0.0, 'pwm_deadzone': 0.0, 'pwm_noise_sigma': 0.0, 'actuator_tau': 0.0, 'action_delay_steps': 0, 'theta_bias': 0.0, 'alpha_bias': 0.0, 'theta_sigma': 0.0, 'alpha_sigma': 0.0, 'theta_dot_sigma': 0.0, 'alpha_dot_sigma': 0.0, 'encoder_quantization_rad': 0.0, 'velocity_lpf': 0.25, 'process_theta_dot_sigma': 0.0, 'process_alpha_dot_sigma': 0.0}"
1308224,1,matlab_nominal_reproduction,0.0,"{'level': 0.0, 'physical': {'g': 9.8, 'c_theta': 0.025, 'c_alpha': 0.001, 'k_t': 0.231, 'k_b': 0.1875, 'k_u': 0.04706, 'R': 4.2857, 'm1': 0.20625, 'm2': 0.15845, 'l1cg': 0.080305, 'l1': 0.151894, 'l2cg': 0.066733, 'I1z': 0.00049228, 'I2x': 0.00036892, 'I2y': 2.3641e-05, 'I2z': 0.00036139}, 'init_theta_std_deg': 5.0, 'init_alpha_std_deg': 8.0, 'init_theta_dot_std': 0.0, 'init_alpha_dot_std': 0.0, 'pwm_limit': 150.0, 'pwm_gain': 1.0, 'pwm_bias': 0.0, 'pwm_deadzone': 0.0, 'pwm_noise_sigma': 0.0, 'actuator_tau': 0.0, 'action_delay_steps': 0, 'theta_bias': 0.0, 'alpha_bias': 0.0, 'theta_sigma': 0.0, 'alpha_sigma': 0.0, 'theta_dot_sigma': 0.0, 'alpha_dot_sigma': 0.0, 'encoder_quantization_rad': 0.0, 'velocity_lpf': 0.25, 'process_theta_dot_sigma': 0.0, 'process_alpha_dot_sigma': 0.0}"
1310224,1,matlab_nominal_reproduction,0.0,"{'level': 0.0, 'physical': {'g': 9.8, 'c_theta': 0.025, 'c_alpha': 0.001, 'k_t': 0.231, 'k_b': 0.1875, 'k_u': 0.04706, 'R': 4.2857, 'm1': 0.20625, 'm2': 0.15845, 'l1cg': 0.080305, 'l1': 0.151894, 'l2cg': 0.066733, 'I1z': 0.00049228, 'I2x': 0.00036892, 'I2y': 2.3641e-05, 'I2z': 0.00036139}, 'init_theta_std_deg': 5.0, 'init_alpha_std_deg': 8.0, 'init_theta_dot_std': 0.0, 'init_alpha_dot_std': 0.0, 'pwm_limit': 150.0, 'pwm_gain': 1.0, 'pwm_bias': 0.0, 'pwm_deadzone': 0.0, 'pwm_noise_sigma': 0.0, 'actuator_tau': 0.0, 'action_delay_steps': 0, 'theta_bias': 0.0, 'alpha_bias': 0.0, 'theta_sigma': 0.0, 'alpha_sigma': 0.0, 'theta_dot_sigma': 0.0, 'alpha_dot_sigma': 0.0, 'encoder_quantization_rad': 0.0, 'velocity_lpf': 0.25, 'process_theta_dot_sigma': 0.0, 'process_alpha_dot_sigma': 0.0}"
1312224,1,matlab_nominal_reproduction,0.0,"{'level': 0.0, 'physical': {'g': 9.8, 'c_theta': 0.025, 'c_alpha': 0.001, 'k_t': 0.231, 'k_b': 0.1875, 'k_u': 0.04706, 'R': 4.2857, 'm1': 0.20625, 'm2': 0.15845, 'l1cg': 0.080305, 'l1': 0.151894, 'l2cg': 0.066733, 'I1z': 0.00049228, 'I2x': 0.00036892, 'I2y': 2.3641e-05, 'I2z': 0.00036139}, 'init_theta_std_deg': 5.0, 'init_alpha_std_deg': 8.0, 'init_theta_dot_std': 0.0, 'init_alpha_dot_std': 0.0, 'pwm_limit': 150.0, 'pwm_gain': 1.0, 'pwm_bias': 0.0, 'pwm_deadzone': 0.0, 'pwm_noise_sigma': 0.0, 'actuator_tau': 0.0, 'action_delay_steps': 0, 'theta_bias': 0.0, 'alpha_bias': 0.0, 'theta_sigma': 0.0, 'alpha_sigma': 0.0, 'theta_dot_sigma': 0.0, 'alpha_dot_sigma': 0.0, 'encoder_quantization_rad': 0.0, 'velocity_lpf': 0.25, 'process_theta_dot_sigma': 0.0, 'process_alpha_dot_sigma': 0.0}"
1314224,1,matlab_nominal_reproduction,0.0,"{'level': 0.0, 'physical': {'g': 9.8, 'c_theta': 0.025, 'c_alpha': 0.001, 'k_t': 0.231, 'k_b': 0.1875, 'k_u': 0.04706, 'R': 4.2857, 'm1': 0.20625, 'm2': 0.15845, 'l1cg': 0.080305, 'l1': 0.151894, 'l2cg': 0.066733, 'I1z': 0.00049228, 'I2x': 0.00036892, 'I2y': 2.3641e-05, 'I2z': 0.00036139}, 'init_theta_std_deg': 5.0, 'init_alpha_std_deg': 8.0, 'init_theta_dot_std': 0.0, 'init_alpha_dot_std': 0.0, 'pwm_limit': 150.0, 'pwm_gain': 1.0, 'pwm_bias': 0.0, 'pwm_deadzone': 0.0, 'pwm_noise_sigma': 0.0, 'actuator_tau': 0.0, 'action_delay_steps': 0, 'theta_bias': 0.0, 'alpha_bias': 0.0, 'theta_sigma': 0.0, 'alpha_sigma': 0.0, 'theta_dot_sigma': 0.0, 'alpha_dot_sigma': 0.0, 'encoder_quantization_rad': 0.0, 'velocity_lpf': 0.25, 'process_theta_dot_sigma': 0.0, 'process_alpha_dot_sigma': 0.0}"
1316224,1,matlab_nominal_reproduction,0.0,"{'level': 0.0, 'physical': {'g': 9.8, 'c_theta': 0.025, 'c_alpha': 0.001, 'k_t': 0.231, 'k_b': 0.1875, 'k_u': 0.04706, 'R': 4.2857, 'm1': 0.20625, 'm2': 0.15845, 'l1cg': 0.080305, 'l1': 0.151894, 'l2cg': 0.066733, 'I1z': 0.00049228, 'I2x': 0.00036892, 'I2y': 2.3641e-05, 'I2z': 0.00036139}, 'init_theta_std_deg': 5.0, 'init_alpha_std_deg': 8.0, 'init_theta_dot_std': 0.0, 'init_alpha_dot_std': 0.0, 'pwm_limit': 150.0, 'pwm_gain': 1.0, 'pwm_bias': 0.0, 'pwm_deadzone': 0.0, 'pwm_noise_sigma': 0.0, 'actuator_tau': 0.0, 'action_delay_steps': 0, 'theta_bias': 0.0, 'alpha_bias': 0.0, 'theta_sigma': 0.0, 'alpha_sigma': 0.0, 'theta_dot_sigma': 0.0, 'alpha_dot_sigma': 0.0, 'encoder_quantization_rad': 0.0, 'velocity_lpf': 0.25, 'process_theta_dot_sigma': 0.0, 'process_alpha_dot_sigma': 0.0}"
1318224,1,matlab_nominal_reproduction,0.0,"{'level': 0.0, 'physical': {'g': 9.8, 'c_theta': 0.025, 'c_alpha': 0.001, 'k_t': 0.231, 'k_b': 0.1875, 'k_u': 0.04706, 'R': 4.2857, 'm1': 0.20625, 'm2': 0.15845, 'l1cg': 0.080305, 'l1': 0.151894, 'l2cg': 0.066733, 'I1z': 0.00049228, 'I2x': 0.00036892, 'I2y': 2.3641e-05, 'I2z': 0.00036139}, 'init_theta_std_deg': 5.0, 'init_alpha_std_deg': 8.0, 'init_theta_dot_std': 0.0, 'init_alpha_dot_std': 0.0, 'pwm_limit': 150.0, 'pwm_gain': 1.0, 'pwm_bias': 0.0, 'pwm_deadzone': 0.0, 'pwm_noise_sigma': 0.0, 'actuator_tau': 0.0, 'action_delay_steps': 0, 'theta_bias': 0.0, 'alpha_bias': 0.0, 'theta_sigma': 0.0, 'alpha_sigma': 0.0, 'theta_dot_sigma': 0.0, 'alpha_dot_sigma': 0.0, 'encoder_quantization_rad': 0.0, 'velocity_lpf': 0.25, 'process_theta_dot_sigma': 0.0, 'process_alpha_dot_sigma': 0.0}"
1320224,1,matlab_nominal_reproduction,0.0,"{'level': 0.0, 'physical': {'g': 9.8, 'c_theta': 0.025, 'c_alpha': 0.001, 'k_t': 0.231, 'k_b': 0.1875, 'k_u': 0.04706, 'R': 4.2857, 'm1': 0.20625, 'm2': 0.15845, 'l1cg': 0.080305, 'l1': 0.151894, 'l2cg': 0.066733, 'I1z': 0.00049228, 'I2x': 0.00036892, 'I2y': 2.3641e-05, 'I2z': 0.00036139}, 'init_theta_std_deg': 5.0, 'init_alpha_std_deg': 8.0, 'init_theta_dot_std': 0.0, 'init_alpha_dot_std': 0.0, 'pwm_limit': 150.0, 'pwm_gain': 1.0, 'pwm_bias': 0.0, 'pwm_deadzone': 0.0, 'pwm_noise_sigma': 0.0, 'actuator_tau': 0.0, 'action_delay_steps': 0, 'theta_bias': 0.0, 'alpha_bias': 0.0, 'theta_sigma': 0.0, 'alpha_sigma': 0.0, 'theta_dot_sigma': 0.0, 'alpha_dot_sigma': 0.0, 'encoder_quantization_rad': 0.0, 'velocity_lpf': 0.25, 'process_theta_dot_sigma': 0.0, 'process_alpha_dot_sigma': 0.0}"
1322224,1,matlab_nominal_reproduction,0.0,"{'level': 0.0, 'physical': {'g': 9.8, 'c_theta': 0.025, 'c_alpha': 0.001, 'k_t': 0.231, 'k_b': 0.1875, 'k_u': 0.04706, 'R': 4.2857, 'm1': 0.20625, 'm2': 0.15845, 'l1cg': 0.080305, 'l1': 0.151894, 'l2cg': 0.066733, 'I1z': 0.00049228, 'I2x': 0.00036892, 'I2y': 2.3641e-05, 'I2z': 0.00036139}, 'init_theta_std_deg': 5.0, 'init_alpha_std_deg': 8.0, 'init_theta_dot_std': 0.0, 'init_alpha_dot_std': 0.0, 'pwm_limit': 150.0, 'pwm_gain': 1.0, 'pwm_bias': 0.0, 'pwm_deadzone': 0.0, 'pwm_noise_sigma': 0.0, 'actuator_tau': 0.0, 'action_delay_steps': 0, 'theta_bias': 0.0, 'alpha_bias': 0.0, 'theta_sigma': 0.0, 'alpha_sigma': 0.0, 'theta_dot_sigma': 0.0, 'alpha_dot_sigma': 0.0, 'encoder_quantization_rad': 0.0, 'velocity_lpf': 0.25, 'process_theta_dot_sigma': 0.0, 'process_alpha_dot_sigma': 0.0}"
1324224,1,matlab_nominal_reproduction,0.0,"{'level': 0.0, 'physical': {'g': 9.8, 'c_theta': 0.025, 'c_alpha': 0.001, 'k_t': 0.231, 'k_b': 0.1875, 'k_u': 0.04706, 'R': 4.2857, 'm1': 0.20625, 'm2': 0.15845, 'l1cg': 0.080305, 'l1': 0.151894, 'l2cg': 0.066733, 'I1z': 0.00049228, 'I2x': 0.00036892, 'I2y': 2.3641e-05, 'I2z': 0.00036139}, 'init_theta_std_deg': 5.0, 'init_alpha_std_deg': 8.0, 'init_theta_dot_std': 0.0, 'init_alpha_dot_std': 0.0, 'pwm_limit': 150.0, 'pwm_gain': 1.0, 'pwm_bias': 0.0, 'pwm_deadzone': 0.0, 'pwm_noise_sigma': 0.0, 'actuator_tau': 0.0, 'action_delay_steps': 0, 'theta_bias': 0.0, 'alpha_bias': 0.0, 'theta_sigma': 0.0, 'alpha_sigma': 0.0, 'theta_dot_sigma': 0.0, 'alpha_dot_sigma': 0.0, 'encoder_quantization_rad': 0.0, 'velocity_lpf': 0.25, 'process_theta_dot_sigma': 0.0, 'process_alpha_dot_sigma': 0.0}"
1326224,1,matlab_nominal_reproduction,0.0,"{'level': 0.0, 'physical': {'g': 9.8, 'c_theta': 0.025, 'c_alpha': 0.001, 'k_t': 0.231, 'k_b': 0.1875, 'k_u': 0.04706, 'R': 4.2857, 'm1': 0.20625, 'm2': 0.15845, 'l1cg': 0.080305, 'l1': 0.151894, 'l2cg': 0.066733, 'I1z': 0.00049228, 'I2x': 0.00036892, 'I2y': 2.3641e-05, 'I2z': 0.00036139}, 'init_theta_std_deg': 5.0, 'init_alpha_std_deg': 8.0, 'init_theta_dot_std': 0.0, 'init_alpha_dot_std': 0.0, 'pwm_limit': 150.0, 'pwm_gain': 1.0, 'pwm_bias': 0.0, 'pwm_deadzone': 0.0, 'pwm_noise_sigma': 0.0, 'actuator_tau': 0.0, 'action_delay_steps': 0, 'theta_bias': 0.0, 'alpha_bias': 0.0, 'theta_sigma': 0.0, 'alpha_sigma': 0.0, 'theta_dot_sigma': 0.0, 'alpha_dot_sigma': 0.0, 'encoder_quantization_rad': 0.0, 'velocity_lpf': 0.25, 'process_theta_dot_sigma': 0.0, 'process_alpha_dot_sigma': 0.0}"
1328224,1,matlab_nominal_reproduction,0.0,"{'level': 0.0, 'physical': {'g': 9.8, 'c_theta': 0.025, 'c_alpha': 0.001, 'k_t': 0.231, 'k_b': 0.1875, 'k_u': 0.04706, 'R': 4.2857, 'm1': 0.20625, 'm2': 0.15845, 'l1cg': 0.080305, 'l1': 0.151894, 'l2cg': 0.066733, 'I1z': 0.00049228, 'I2x': 0.00036892, 'I2y': 2.3641e-05, 'I2z': 0.00036139}, 'init_theta_std_deg': 5.0, 'init_alpha_std_deg': 8.0, 'init_theta_dot_std': 0.0, 'init_alpha_dot_std': 0.0, 'pwm_limit': 150.0, 'pwm_gain': 1.0, 'pwm_bias': 0.0, 'pwm_deadzone': 0.0, 'pwm_noise_sigma': 0.0, 'actuator_tau': 0.0, 'action_delay_steps': 0, 'theta_bias': 0.0, 'alpha_bias': 0.0, 'theta_sigma': 0.0, 'alpha_sigma': 0.0, 'theta_dot_sigma': 0.0, 'alpha_dot_sigma': 0.0, 'encoder_quantization_rad': 0.0, 'velocity_lpf': 0.25, 'process_theta_dot_sigma': 0.0, 'process_alpha_dot_sigma': 0.0}"
1330224,1,matlab_nominal_reproduction,0.0,"{'level': 0.0, 'physical': {'g': 9.8, 'c_theta': 0.025, 'c_alpha': 0.001, 'k_t': 0.231, 'k_b': 0.1875, 'k_u': 0.04706, 'R': 4.2857, 'm1': 0.20625, 'm2': 0.15845, 'l1cg': 0.080305, 'l1': 0.151894, 'l2cg': 0.066733, 'I1z': 0.00049228, 'I2x': 0.00036892, 'I2y': 2.3641e-05, 'I2z': 0.00036139}, 'init_theta_std_deg': 5.0, 'init_alpha_std_deg': 8.0, 'init_theta_dot_std': 0.0, 'init_alpha_dot_std': 0.0, 'pwm_limit': 150.0, 'pwm_gain': 1.0, 'pwm_bias': 0.0, 'pwm_deadzone': 0.0, 'pwm_noise_sigma': 0.0, 'actuator_tau': 0.0, 'action_delay_steps': 0, 'theta_bias': 0.0, 'alpha_bias': 0.0, 'theta_sigma': 0.0, 'alpha_sigma': 0.0, 'theta_dot_sigma': 0.0, 'alpha_dot_sigma': 0.0, 'encoder_quantization_rad': 0.0, 'velocity_lpf': 0.25, 'process_theta_dot_sigma': 0.0, 'process_alpha_dot_sigma': 0.0}"
1332224,1,matlab_nominal_reproduction,0.0,"{'level': 0.0, 'physical': {'g': 9.8, 'c_theta': 0.025, 'c_alpha': 0.001, 'k_t': 0.231, 'k_b': 0.1875, 'k_u': 0.04706, 'R': 4.2857, 'm1': 0.20625, 'm2': 0.15845, 'l1cg': 0.080305, 'l1': 0.151894, 'l2cg': 0.066733, 'I1z': 0.00049228, 'I2x': 0.00036892, 'I2y': 2.3641e-05, 'I2z': 0.00036139}, 'init_theta_std_deg': 5.0, 'init_alpha_std_deg': 8.0, 'init_theta_dot_std': 0.0, 'init_alpha_dot_std': 0.0, 'pwm_limit': 150.0, 'pwm_gain': 1.0, 'pwm_bias': 0.0, 'pwm_deadzone': 0.0, 'pwm_noise_sigma': 0.0, 'actuator_tau': 0.0, 'action_delay_steps': 0, 'theta_bias': 0.0, 'alpha_bias': 0.0, 'theta_sigma': 0.0, 'alpha_sigma': 0.0, 'theta_dot_sigma': 0.0, 'alpha_dot_sigma': 0.0, 'encoder_quantization_rad': 0.0, 'velocity_lpf': 0.25, 'process_theta_dot_sigma': 0.0, 'process_alpha_dot_sigma': 0.0}"
1334224,1,matlab_nominal_reproduction,0.0,"{'level': 0.0, 'physical': {'g': 9.8, 'c_theta': 0.025, 'c_alpha': 0.001, 'k_t': 0.231, 'k_b': 0.1875, 'k_u': 0.04706, 'R': 4.2857, 'm1': 0.20625, 'm2': 0.15845, 'l1cg': 0.080305, 'l1': 0.151894, 'l2cg': 0.066733, 'I1z': 0.00049228, 'I2x': 0.00036892, 'I2y': 2.3641e-05, 'I2z': 0.00036139}, 'init_theta_std_deg': 5.0, 'init_alpha_std_deg': 8.0, 'init_theta_dot_std': 0.0, 'init_alpha_dot_std': 0.0, 'pwm_limit': 150.0, 'pwm_gain': 1.0, 'pwm_bias': 0.0, 'pwm_deadzone': 0.0, 'pwm_noise_sigma': 0.0, 'actuator_tau': 0.0, 'action_delay_steps': 0, 'theta_bias': 0.0, 'alpha_bias': 0.0, 'theta_sigma': 0.0, 'alpha_sigma': 0.0, 'theta_dot_sigma': 0.0, 'alpha_dot_sigma': 0.0, 'encoder_quantization_rad': 0.0, 'velocity_lpf': 0.25, 'process_theta_dot_sigma': 0.0, 'process_alpha_dot_sigma': 0.0}"
1336224,1,matlab_nominal_reproduction,0.0,"{'level': 0.0, 'physical': {'g': 9.8, 'c_theta': 0.025, 'c_alpha': 0.001, 'k_t': 0.231, 'k_b': 0.1875, 'k_u': 0.04706, 'R': 4.2857, 'm1': 0.20625, 'm2': 0.15845, 'l1cg': 0.080305, 'l1': 0.151894, 'l2cg': 0.066733, 'I1z': 0.00049228, 'I2x': 0.00036892, 'I2y': 2.3641e-05, 'I2z': 0.00036139}, 'init_theta_std_deg': 5.0, 'init_alpha_std_deg': 8.0, 'init_theta_dot_std': 0.0, 'init_alpha_dot_std': 0.0, 'pwm_limit': 150.0, 'pwm_gain': 1.0, 'pwm_bias': 0.0, 'pwm_deadzone': 0.0, 'pwm_noise_sigma': 0.0, 'actuator_tau': 0.0, 'action_delay_steps': 0, 'theta_bias': 0.0, 'alpha_bias': 0.0, 'theta_sigma': 0.0, 'alpha_sigma': 0.0, 'theta_dot_sigma': 0.0, 'alpha_dot_sigma': 0.0, 'encoder_quantization_rad': 0.0, 'velocity_lpf': 0.25, 'process_theta_dot_sigma': 0.0, 'process_alpha_dot_sigma': 0.0}"
1338224,1,matlab_nominal_reproduction,0.0,"{'level': 0.0, 'physical': {'g': 9.8, 'c_theta': 0.025, 'c_alpha': 0.001, 'k_t': 0.231, 'k_b': 0.1875, 'k_u': 0.04706, 'R': 4.2857, 'm1': 0.20625, 'm2': 0.15845, 'l1cg': 0.080305, 'l1': 0.151894, 'l2cg': 0.066733, 'I1z': 0.00049228, 'I2x': 0.00036892, 'I2y': 2.3641e-05, 'I2z': 0.00036139}, 'init_theta_std_deg': 5.0, 'init_alpha_std_deg': 8.0, 'init_theta_dot_std': 0.0, 'init_alpha_dot_std': 0.0, 'pwm_limit': 150.0, 'pwm_gain': 1.0, 'pwm_bias': 0.0, 'pwm_deadzone': 0.0, 'pwm_noise_sigma': 0.0, 'actuator_tau': 0.0, 'action_delay_steps': 0, 'theta_bias': 0.0, 'alpha_bias': 0.0, 'theta_sigma': 0.0, 'alpha_sigma': 0.0, 'theta_dot_sigma': 0.0, 'alpha_dot_sigma': 0.0, 'encoder_quantization_rad': 0.0, 'velocity_lpf': 0.25, 'process_theta_dot_sigma': 0.0, 'process_alpha_dot_sigma': 0.0}"
1340224,1,matlab_nominal_reproduction,0.0,"{'level': 0.0, 'physical': {'g': 9.8, 'c_theta': 0.025, 'c_alpha': 0.001, 'k_t': 0.231, 'k_b': 0.1875, 'k_u': 0.04706, 'R': 4.2857, 'm1': 0.20625, 'm2': 0.15845, 'l1cg': 0.080305, 'l1': 0.151894, 'l2cg': 0.066733, 'I1z': 0.00049228, 'I2x': 0.00036892, 'I2y': 2.3641e-05, 'I2z': 0.00036139}, 'init_theta_std_deg': 5.0, 'init_alpha_std_deg': 8.0, 'init_theta_dot_std': 0.0, 'init_alpha_dot_std': 0.0, 'pwm_limit': 150.0, 'pwm_gain': 1.0, 'pwm_bias': 0.0, 'pwm_deadzone': 0.0, 'pwm_noise_sigma': 0.0, 'actuator_tau': 0.0, 'action_delay_steps': 0, 'theta_bias': 0.0, 'alpha_bias': 0.0, 'theta_sigma': 0.0, 'alpha_sigma': 0.0, 'theta_dot_sigma': 0.0, 'alpha_dot_sigma': 0.0, 'encoder_quantization_rad': 0.0, 'velocity_lpf': 0.25, 'process_theta_dot_sigma': 0.0, 'process_alpha_dot_sigma': 0.0}"
1342224,1,matlab_nominal_reproduction,0.0,"{'level': 0.0, 'physical': {'g': 9.8, 'c_theta': 0.025, 'c_alpha': 0.001, 'k_t': 0.231, 'k_b': 0.1875, 'k_u': 0.04706, 'R': 4.2857, 'm1': 0.20625, 'm2': 0.15845, 'l1cg': 0.080305, 'l1': 0.151894, 'l2cg': 0.066733, 'I1z': 0.00049228, 'I2x': 0.00036892, 'I2y': 2.3641e-05, 'I2z': 0.00036139}, 'init_theta_std_deg': 5.0, 'init_alpha_std_deg': 8.0, 'init_theta_dot_std': 0.0, 'init_alpha_dot_std': 0.0, 'pwm_limit': 150.0, 'pwm_gain': 1.0, 'pwm_bias': 0.0, 'pwm_deadzone': 0.0, 'pwm_noise_sigma': 0.0, 'actuator_tau': 0.0, 'action_delay_steps': 0, 'theta_bias': 0.0, 'alpha_bias': 0.0, 'theta_sigma': 0.0, 'alpha_sigma': 0.0, 'theta_dot_sigma': 0.0, 'alpha_dot_sigma': 0.0, 'encoder_quantization_rad': 0.0, 'velocity_lpf': 0.25, 'process_theta_dot_sigma': 0.0, 'process_alpha_dot_sigma': 0.0}"
1344224,1,matlab_nominal_reproduction,0.0,"{'level': 0.0, 'physical': {'g': 9.8, 'c_theta': 0.025, 'c_alpha': 0.001, 'k_t': 0.231, 'k_b': 0.1875, 'k_u': 0.04706, 'R': 4.2857, 'm1': 0.20625, 'm2': 0.15845, 'l1cg': 0.080305, 'l1': 0.151894, 'l2cg': 0.066733, 'I1z': 0.00049228, 'I2x': 0.00036892, 'I2y': 2.3641e-05, 'I2z': 0.00036139}, 'init_theta_std_deg': 5.0, 'init_alpha_std_deg': 8.0, 'init_theta_dot_std': 0.0, 'init_alpha_dot_std': 0.0, 'pwm_limit': 150.0, 'pwm_gain': 1.0, 'pwm_bias': 0.0, 'pwm_deadzone': 0.0, 'pwm_noise_sigma': 0.0, 'actuator_tau': 0.0, 'action_delay_steps': 0, 'theta_bias': 0.0, 'alpha_bias': 0.0, 'theta_sigma': 0.0, 'alpha_sigma': 0.0, 'theta_dot_sigma': 0.0, 'alpha_dot_sigma': 0.0, 'encoder_quantization_rad': 0.0, 'velocity_lpf': 0.25, 'process_theta_dot_sigma': 0.0, 'process_alpha_dot_sigma': 0.0}"
1346224,1,matlab_nominal_reproduction,0.0,"{'level': 0.0, 'physical': {'g': 9.8, 'c_theta': 0.025, 'c_alpha': 0.001, 'k_t': 0.231, 'k_b': 0.1875, 'k_u': 0.04706, 'R': 4.2857, 'm1': 0.20625, 'm2': 0.15845, 'l1cg': 0.080305, 'l1': 0.151894, 'l2cg': 0.066733, 'I1z': 0.00049228, 'I2x': 0.00036892, 'I2y': 2.3641e-05, 'I2z': 0.00036139}, 'init_theta_std_deg': 5.0, 'init_alpha_std_deg': 8.0, 'init_theta_dot_std': 0.0, 'init_alpha_dot_std': 0.0, 'pwm_limit': 150.0, 'pwm_gain': 1.0, 'pwm_bias': 0.0, 'pwm_deadzone': 0.0, 'pwm_noise_sigma': 0.0, 'actuator_tau': 0.0, 'action_delay_steps': 0, 'theta_bias': 0.0, 'alpha_bias': 0.0, 'theta_sigma': 0.0, 'alpha_sigma': 0.0, 'theta_dot_sigma': 0.0, 'alpha_dot_sigma': 0.0, 'encoder_quantization_rad': 0.0, 'velocity_lpf': 0.25, 'process_theta_dot_sigma': 0.0, 'process_alpha_dot_sigma': 0.0}"
1348224,1,matlab_nominal_reproduction,0.0,"{'level': 0.0, 'physical': {'g': 9.8, 'c_theta': 0.025, 'c_alpha': 0.001, 'k_t': 0.231, 'k_b': 0.1875, 'k_u': 0.04706, 'R': 4.2857, 'm1': 0.20625, 'm2': 0.15845, 'l1cg': 0.080305, 'l1': 0.151894, 'l2cg': 0.066733, 'I1z': 0.00049228, 'I2x': 0.00036892, 'I2y': 2.3641e-05, 'I2z': 0.00036139}, 'init_theta_std_deg': 5.0, 'init_alpha_std_deg': 8.0, 'init_theta_dot_std': 0.0, 'init_alpha_dot_std': 0.0, 'pwm_limit': 150.0, 'pwm_gain': 1.0, 'pwm_bias': 0.0, 'pwm_deadzone': 0.0, 'pwm_noise_sigma': 0.0, 'actuator_tau': 0.0, 'action_delay_steps': 0, 'theta_bias': 0.0, 'alpha_bias': 0.0, 'theta_sigma': 0.0, 'alpha_sigma': 0.0, 'theta_dot_sigma': 0.0, 'alpha_dot_sigma': 0.0, 'encoder_quantization_rad': 0.0, 'velocity_lpf': 0.25, 'process_theta_dot_sigma': 0.0, 'process_alpha_dot_sigma': 0.0}"
1350224,1,matlab_nominal_reproduction,0.0,"{'level': 0.0, 'physical': {'g': 9.8, 'c_theta': 0.025, 'c_alpha': 0.001, 'k_t': 0.231, 'k_b': 0.1875, 'k_u': 0.04706, 'R': 4.2857, 'm1': 0.20625, 'm2': 0.15845, 'l1cg': 0.080305, 'l1': 0.151894, 'l2cg': 0.066733, 'I1z': 0.00049228, 'I2x': 0.00036892, 'I2y': 2.3641e-05, 'I2z': 0.00036139}, 'init_theta_std_deg': 5.0, 'init_alpha_std_deg': 8.0, 'init_theta_dot_std': 0.0, 'init_alpha_dot_std': 0.0, 'pwm_limit': 150.0, 'pwm_gain': 1.0, 'pwm_bias': 0.0, 'pwm_deadzone': 0.0, 'pwm_noise_sigma': 0.0, 'actuator_tau': 0.0, 'action_delay_steps': 0, 'theta_bias': 0.0, 'alpha_bias': 0.0, 'theta_sigma': 0.0, 'alpha_sigma': 0.0, 'theta_dot_sigma': 0.0, 'alpha_dot_sigma': 0.0, 'encoder_quantization_rad': 0.0, 'velocity_lpf': 0.25, 'process_theta_dot_sigma': 0.0, 'process_alpha_dot_sigma': 0.0}"
1352224,1,matlab_nominal_reproduction,0.0,"{'level': 0.0, 'physical': {'g': 9.8, 'c_theta': 0.025, 'c_alpha': 0.001, 'k_t': 0.231, 'k_b': 0.1875, 'k_u': 0.04706, 'R': 4.2857, 'm1': 0.20625, 'm2': 0.15845, 'l1cg': 0.080305, 'l1': 0.151894, 'l2cg': 0.066733, 'I1z': 0.00049228, 'I2x': 0.00036892, 'I2y': 2.3641e-05, 'I2z': 0.00036139}, 'init_theta_std_deg': 5.0, 'init_alpha_std_deg': 8.0, 'init_theta_dot_std': 0.0, 'init_alpha_dot_std': 0.0, 'pwm_limit': 150.0, 'pwm_gain': 1.0, 'pwm_bias': 0.0, 'pwm_deadzone': 0.0, 'pwm_noise_sigma': 0.0, 'actuator_tau': 0.0, 'action_delay_steps': 0, 'theta_bias': 0.0, 'alpha_bias': 0.0, 'theta_sigma': 0.0, 'alpha_sigma': 0.0, 'theta_dot_sigma': 0.0, 'alpha_dot_sigma': 0.0, 'encoder_quantization_rad': 0.0, 'velocity_lpf': 0.25, 'process_theta_dot_sigma': 0.0, 'process_alpha_dot_sigma': 0.0}"
1354224,1,matlab_nominal_reproduction,0.0,"{'level': 0.0, 'physical': {'g': 9.8, 'c_theta': 0.025, 'c_alpha': 0.001, 'k_t': 0.231, 'k_b': 0.1875, 'k_u': 0.04706, 'R': 4.2857, 'm1': 0.20625, 'm2': 0.15845, 'l1cg': 0.080305, 'l1': 0.151894, 'l2cg': 0.066733, 'I1z': 0.00049228, 'I2x': 0.00036892, 'I2y': 2.3641e-05, 'I2z': 0.00036139}, 'init_theta_std_deg': 5.0, 'init_alpha_std_deg': 8.0, 'init_theta_dot_std': 0.0, 'init_alpha_dot_std': 0.0, 'pwm_limit': 150.0, 'pwm_gain': 1.0, 'pwm_bias': 0.0, 'pwm_deadzone': 0.0, 'pwm_noise_sigma': 0.0, 'actuator_tau': 0.0, 'action_delay_steps': 0, 'theta_bias': 0.0, 'alpha_bias': 0.0, 'theta_sigma': 0.0, 'alpha_sigma': 0.0, 'theta_dot_sigma': 0.0, 'alpha_dot_sigma': 0.0, 'encoder_quantization_rad': 0.0, 'velocity_lpf': 0.25, 'process_theta_dot_sigma': 0.0, 'process_alpha_dot_sigma': 0.0}"
1356224,1,matlab_nominal_reproduction,0.0,"{'level': 0.0, 'physical': {'g': 9.8, 'c_theta': 0.025, 'c_alpha': 0.001, 'k_t': 0.231, 'k_b': 0.1875, 'k_u': 0.04706, 'R': 4.2857, 'm1': 0.20625, 'm2': 0.15845, 'l1cg': 0.080305, 'l1': 0.151894, 'l2cg': 0.066733, 'I1z': 0.00049228, 'I2x': 0.00036892, 'I2y': 2.3641e-05, 'I2z': 0.00036139}, 'init_theta_std_deg': 5.0, 'init_alpha_std_deg': 8.0, 'init_theta_dot_std': 0.0, 'init_alpha_dot_std': 0.0, 'pwm_limit': 150.0, 'pwm_gain': 1.0, 'pwm_bias': 0.0, 'pwm_deadzone': 0.0, 'pwm_noise_sigma': 0.0, 'actuator_tau': 0.0, 'action_delay_steps': 0, 'theta_bias': 0.0, 'alpha_bias': 0.0, 'theta_sigma': 0.0, 'alpha_sigma': 0.0, 'theta_dot_sigma': 0.0, 'alpha_dot_sigma': 0.0, 'encoder_quantization_rad': 0.0, 'velocity_lpf': 0.25, 'process_theta_dot_sigma': 0.0, 'process_alpha_dot_sigma': 0.0}"
1358224,1,matlab_nominal_reproduction,0.0,"{'level': 0.0, 'physical': {'g': 9.8, 'c_theta': 0.025, 'c_alpha': 0.001, 'k_t': 0.231, 'k_b': 0.1875, 'k_u': 0.04706, 'R': 4.2857, 'm1': 0.20625, 'm2': 0.15845, 'l1cg': 0.080305, 'l1': 0.151894, 'l2cg': 0.066733, 'I1z': 0.00049228, 'I2x': 0.00036892, 'I2y': 2.3641e-05, 'I2z': 0.00036139}, 'init_theta_std_deg': 5.0, 'init_alpha_std_deg': 8.0, 'init_theta_dot_std': 0.0, 'init_alpha_dot_std': 0.0, 'pwm_limit': 150.0, 'pwm_gain': 1.0, 'pwm_bias': 0.0, 'pwm_deadzone': 0.0, 'pwm_noise_sigma': 0.0, 'actuator_tau': 0.0, 'action_delay_steps': 0, 'theta_bias': 0.0, 'alpha_bias': 0.0, 'theta_sigma': 0.0, 'alpha_sigma': 0.0, 'theta_dot_sigma': 0.0, 'alpha_dot_sigma': 0.0, 'encoder_quantization_rad': 0.0, 'velocity_lpf': 0.25, 'process_theta_dot_sigma': 0.0, 'process_alpha_dot_sigma': 0.0}"
1360224,1,matlab_nominal_reproduction,0.0,"{'level': 0.0, 'physical': {'g': 9.8, 'c_theta': 0.025, 'c_alpha': 0.001, 'k_t': 0.231, 'k_b': 0.1875, 'k_u': 0.04706, 'R': 4.2857, 'm1': 0.20625, 'm2': 0.15845, 'l1cg': 0.080305, 'l1': 0.151894, 'l2cg': 0.066733, 'I1z': 0.00049228, 'I2x': 0.00036892, 'I2y': 2.3641e-05, 'I2z': 0.00036139}, 'init_theta_std_deg': 5.0, 'init_alpha_std_deg': 8.0, 'init_theta_dot_std': 0.0, 'init_alpha_dot_std': 0.0, 'pwm_limit': 150.0, 'pwm_gain': 1.0, 'pwm_bias': 0.0, 'pwm_deadzone': 0.0, 'pwm_noise_sigma': 0.0, 'actuator_tau': 0.0, 'action_delay_steps': 0, 'theta_bias': 0.0, 'alpha_bias': 0.0, 'theta_sigma': 0.0, 'alpha_sigma': 0.0, 'theta_dot_sigma': 0.0, 'alpha_dot_sigma': 0.0, 'encoder_quantization_rad': 0.0, 'velocity_lpf': 0.25, 'process_theta_dot_sigma': 0.0, 'process_alpha_dot_sigma': 0.0}"
1362224,1,matlab_nominal_reproduction,0.0,"{'level': 0.0, 'physical': {'g': 9.8, 'c_theta': 0.025, 'c_alpha': 0.001, 'k_t': 0.231, 'k_b': 0.1875, 'k_u': 0.04706, 'R': 4.2857, 'm1': 0.20625, 'm2': 0.15845, 'l1cg': 0.080305, 'l1': 0.151894, 'l2cg': 0.066733, 'I1z': 0.00049228, 'I2x': 0.00036892, 'I2y': 2.3641e-05, 'I2z': 0.00036139}, 'init_theta_std_deg': 5.0, 'init_alpha_std_deg': 8.0, 'init_theta_dot_std': 0.0, 'init_alpha_dot_std': 0.0, 'pwm_limit': 150.0, 'pwm_gain': 1.0, 'pwm_bias': 0.0, 'pwm_deadzone': 0.0, 'pwm_noise_sigma': 0.0, 'actuator_tau': 0.0, 'action_delay_steps': 0, 'theta_bias': 0.0, 'alpha_bias': 0.0, 'theta_sigma': 0.0, 'alpha_sigma': 0.0, 'theta_dot_sigma': 0.0, 'alpha_dot_sigma': 0.0, 'encoder_quantization_rad': 0.0, 'velocity_lpf': 0.25, 'process_theta_dot_sigma': 0.0, 'process_alpha_dot_sigma': 0.0}"
1364224,1,matlab_nominal_reproduction,0.0,"{'level': 0.0, 'physical': {'g': 9.8, 'c_theta': 0.025, 'c_alpha': 0.001, 'k_t': 0.231, 'k_b': 0.1875, 'k_u': 0.04706, 'R': 4.2857, 'm1': 0.20625, 'm2': 0.15845, 'l1cg': 0.080305, 'l1': 0.151894, 'l2cg': 0.066733, 'I1z': 0.00049228, 'I2x': 0.00036892, 'I2y': 2.3641e-05, 'I2z': 0.00036139}, 'init_theta_std_deg': 5.0, 'init_alpha_std_deg': 8.0, 'init_theta_dot_std': 0.0, 'init_alpha_dot_std': 0.0, 'pwm_limit': 150.0, 'pwm_gain': 1.0, 'pwm_bias': 0.0, 'pwm_deadzone': 0.0, 'pwm_noise_sigma': 0.0, 'actuator_tau': 0.0, 'action_delay_steps': 0, 'theta_bias': 0.0, 'alpha_bias': 0.0, 'theta_sigma': 0.0, 'alpha_sigma': 0.0, 'theta_dot_sigma': 0.0, 'alpha_dot_sigma': 0.0, 'encoder_quantization_rad': 0.0, 'velocity_lpf': 0.25, 'process_theta_dot_sigma': 0.0, 'process_alpha_dot_sigma': 0.0}"
1366224,1,matlab_nominal_reproduction,0.0,"{'level': 0.0, 'physical': {'g': 9.8, 'c_theta': 0.025, 'c_alpha': 0.001, 'k_t': 0.231, 'k_b': 0.1875, 'k_u': 0.04706, 'R': 4.2857, 'm1': 0.20625, 'm2': 0.15845, 'l1cg': 0.080305, 'l1': 0.151894, 'l2cg': 0.066733, 'I1z': 0.00049228, 'I2x': 0.00036892, 'I2y': 2.3641e-05, 'I2z': 0.00036139}, 'init_theta_std_deg': 5.0, 'init_alpha_std_deg': 8.0, 'init_theta_dot_std': 0.0, 'init_alpha_dot_std': 0.0, 'pwm_limit': 150.0, 'pwm_gain': 1.0, 'pwm_bias': 0.0, 'pwm_deadzone': 0.0, 'pwm_noise_sigma': 0.0, 'actuator_tau': 0.0, 'action_delay_steps': 0, 'theta_bias': 0.0, 'alpha_bias': 0.0, 'theta_sigma': 0.0, 'alpha_sigma': 0.0, 'theta_dot_sigma': 0.0, 'alpha_dot_sigma': 0.0, 'encoder_quantization_rad': 0.0, 'velocity_lpf': 0.25, 'process_theta_dot_sigma': 0.0, 'process_alpha_dot_sigma': 0.0}"
1368224,1,matlab_nominal_reproduction,0.0,"{'level': 0.0, 'physical': {'g': 9.8, 'c_theta': 0.025, 'c_alpha': 0.001, 'k_t': 0.231, 'k_b': 0.1875, 'k_u': 0.04706, 'R': 4.2857, 'm1': 0.20625, 'm2': 0.15845, 'l1cg': 0.080305, 'l1': 0.151894, 'l2cg': 0.066733, 'I1z': 0.00049228, 'I2x': 0.00036892, 'I2y': 2.3641e-05, 'I2z': 0.00036139}, 'init_theta_std_deg': 5.0, 'init_alpha_std_deg': 8.0, 'init_theta_dot_std': 0.0, 'init_alpha_dot_std': 0.0, 'pwm_limit': 150.0, 'pwm_gain': 1.0, 'pwm_bias': 0.0, 'pwm_deadzone': 0.0, 'pwm_noise_sigma': 0.0, 'actuator_tau': 0.0, 'action_delay_steps': 0, 'theta_bias': 0.0, 'alpha_bias': 0.0, 'theta_sigma': 0.0, 'alpha_sigma': 0.0, 'theta_dot_sigma': 0.0, 'alpha_dot_sigma': 0.0, 'encoder_quantization_rad': 0.0, 'velocity_lpf': 0.25, 'process_theta_dot_sigma': 0.0, 'process_alpha_dot_sigma': 0.0}"
1370224,1,matlab_nominal_reproduction,0.0,"{'level': 0.0, 'physical': {'g': 9.8, 'c_theta': 0.025, 'c_alpha': 0.001, 'k_t': 0.231, 'k_b': 0.1875, 'k_u': 0.04706, 'R': 4.2857, 'm1': 0.20625, 'm2': 0.15845, 'l1cg': 0.080305, 'l1': 0.151894, 'l2cg': 0.066733, 'I1z': 0.00049228, 'I2x': 0.00036892, 'I2y': 2.3641e-05, 'I2z': 0.00036139}, 'init_theta_std_deg': 5.0, 'init_alpha_std_deg': 8.0, 'init_theta_dot_std': 0.0, 'init_alpha_dot_std': 0.0, 'pwm_limit': 150.0, 'pwm_gain': 1.0, 'pwm_bias': 0.0, 'pwm_deadzone': 0.0, 'pwm_noise_sigma': 0.0, 'actuator_tau': 0.0, 'action_delay_steps': 0, 'theta_bias': 0.0, 'alpha_bias': 0.0, 'theta_sigma': 0.0, 'alpha_sigma': 0.0, 'theta_dot_sigma': 0.0, 'alpha_dot_sigma': 0.0, 'encoder_quantization_rad': 0.0, 'velocity_lpf': 0.25, 'process_theta_dot_sigma': 0.0, 'process_alpha_dot_sigma': 0.0}"
1372224,1,matlab_nominal_reproduction,0.0,"{'level': 0.0, 'physical': {'g': 9.8, 'c_theta': 0.025, 'c_alpha': 0.001, 'k_t': 0.231, 'k_b': 0.1875, 'k_u': 0.04706, 'R': 4.2857, 'm1': 0.20625, 'm2': 0.15845, 'l1cg': 0.080305, 'l1': 0.151894, 'l2cg': 0.066733, 'I1z': 0.00049228, 'I2x': 0.00036892, 'I2y': 2.3641e-05, 'I2z': 0.00036139}, 'init_theta_std_deg': 5.0, 'init_alpha_std_deg': 8.0, 'init_theta_dot_std': 0.0, 'init_alpha_dot_std': 0.0, 'pwm_limit': 150.0, 'pwm_gain': 1.0, 'pwm_bias': 0.0, 'pwm_deadzone': 0.0, 'pwm_noise_sigma': 0.0, 'actuator_tau': 0.0, 'action_delay_steps': 0, 'theta_bias': 0.0, 'alpha_bias': 0.0, 'theta_sigma': 0.0, 'alpha_sigma': 0.0, 'theta_dot_sigma': 0.0, 'alpha_dot_sigma': 0.0, 'encoder_quantization_rad': 0.0, 'velocity_lpf': 0.25, 'process_theta_dot_sigma': 0.0, 'process_alpha_dot_sigma': 0.0}"
1374224,1,matlab_nominal_reproduction,0.0,"{'level': 0.0, 'physical': {'g': 9.8, 'c_theta': 0.025, 'c_alpha': 0.001, 'k_t': 0.231, 'k_b': 0.1875, 'k_u': 0.04706, 'R': 4.2857, 'm1': 0.20625, 'm2': 0.15845, 'l1cg': 0.080305, 'l1': 0.151894, 'l2cg': 0.066733, 'I1z': 0.00049228, 'I2x': 0.00036892, 'I2y': 2.3641e-05, 'I2z': 0.00036139}, 'init_theta_std_deg': 5.0, 'init_alpha_std_deg': 8.0, 'init_theta_dot_std': 0.0, 'init_alpha_dot_std': 0.0, 'pwm_limit': 150.0, 'pwm_gain': 1.0, 'pwm_bias': 0.0, 'pwm_deadzone': 0.0, 'pwm_noise_sigma': 0.0, 'actuator_tau': 0.0, 'action_delay_steps': 0, 'theta_bias': 0.0, 'alpha_bias': 0.0, 'theta_sigma': 0.0, 'alpha_sigma': 0.0, 'theta_dot_sigma': 0.0, 'alpha_dot_sigma': 0.0, 'encoder_quantization_rad': 0.0, 'velocity_lpf': 0.25, 'process_theta_dot_sigma': 0.0, 'process_alpha_dot_sigma': 0.0}"
1376224,1,matlab_nominal_reproduction,0.0,"{'level': 0.0, 'physical': {'g': 9.8, 'c_theta': 0.025, 'c_alpha': 0.001, 'k_t': 0.231, 'k_b': 0.1875, 'k_u': 0.04706, 'R': 4.2857, 'm1': 0.20625, 'm2': 0.15845, 'l1cg': 0.080305, 'l1': 0.151894, 'l2cg': 0.066733, 'I1z': 0.00049228, 'I2x': 0.00036892, 'I2y': 2.3641e-05, 'I2z': 0.00036139}, 'init_theta_std_deg': 5.0, 'init_alpha_std_deg': 8.0, 'init_theta_dot_std': 0.0, 'init_alpha_dot_std': 0.0, 'pwm_limit': 150.0, 'pwm_gain': 1.0, 'pwm_bias': 0.0, 'pwm_deadzone': 0.0, 'pwm_noise_sigma': 0.0, 'actuator_tau': 0.0, 'action_delay_steps': 0, 'theta_bias': 0.0, 'alpha_bias': 0.0, 'theta_sigma': 0.0, 'alpha_sigma': 0.0, 'theta_dot_sigma': 0.0, 'alpha_dot_sigma': 0.0, 'encoder_quantization_rad': 0.0, 'velocity_lpf': 0.25, 'process_theta_dot_sigma': 0.0, 'process_alpha_dot_sigma': 0.0}"
1378224,1,matlab_nominal_reproduction,0.0,"{'level': 0.0, 'physical': {'g': 9.8, 'c_theta': 0.025, 'c_alpha': 0.001, 'k_t': 0.231, 'k_b': 0.1875, 'k_u': 0.04706, 'R': 4.2857, 'm1': 0.20625, 'm2': 0.15845, 'l1cg': 0.080305, 'l1': 0.151894, 'l2cg': 0.066733, 'I1z': 0.00049228, 'I2x': 0.00036892, 'I2y': 2.3641e-05, 'I2z': 0.00036139}, 'init_theta_std_deg': 5.0, 'init_alpha_std_deg': 8.0, 'init_theta_dot_std': 0.0, 'init_alpha_dot_std': 0.0, 'pwm_limit': 150.0, 'pwm_gain': 1.0, 'pwm_bias': 0.0, 'pwm_deadzone': 0.0, 'pwm_noise_sigma': 0.0, 'actuator_tau': 0.0, 'action_delay_steps': 0, 'theta_bias': 0.0, 'alpha_bias': 0.0, 'theta_sigma': 0.0, 'alpha_sigma': 0.0, 'theta_dot_sigma': 0.0, 'alpha_dot_sigma': 0.0, 'encoder_quantization_rad': 0.0, 'velocity_lpf': 0.25, 'process_theta_dot_sigma': 0.0, 'process_alpha_dot_sigma': 0.0}"
1380224,1,matlab_nominal_reproduction,0.0,"{'level': 0.0, 'physical': {'g': 9.8, 'c_theta': 0.025, 'c_alpha': 0.001, 'k_t': 0.231, 'k_b': 0.1875, 'k_u': 0.04706, 'R': 4.2857, 'm1': 0.20625, 'm2': 0.15845, 'l1cg': 0.080305, 'l1': 0.151894, 'l2cg': 0.066733, 'I1z': 0.00049228, 'I2x': 0.00036892, 'I2y': 2.3641e-05, 'I2z': 0.00036139}, 'init_theta_std_deg': 5.0, 'init_alpha_std_deg': 8.0, 'init_theta_dot_std': 0.0, 'init_alpha_dot_std': 0.0, 'pwm_limit': 150.0, 'pwm_gain': 1.0, 'pwm_bias': 0.0, 'pwm_deadzone': 0.0, 'pwm_noise_sigma': 0.0, 'actuator_tau': 0.0, 'action_delay_steps': 0, 'theta_bias': 0.0, 'alpha_bias': 0.0, 'theta_sigma': 0.0, 'alpha_sigma': 0.0, 'theta_dot_sigma': 0.0, 'alpha_dot_sigma': 0.0, 'encoder_quantization_rad': 0.0, 'velocity_lpf': 0.25, 'process_theta_dot_sigma': 0.0, 'process_alpha_dot_sigma': 0.0}"
1382224,1,matlab_nominal_reproduction,0.0,"{'level': 0.0, 'physical': {'g': 9.8, 'c_theta': 0.025, 'c_alpha': 0.001, 'k_t': 0.231, 'k_b': 0.1875, 'k_u': 0.04706, 'R': 4.2857, 'm1': 0.20625, 'm2': 0.15845, 'l1cg': 0.080305, 'l1': 0.151894, 'l2cg': 0.066733, 'I1z': 0.00049228, 'I2x': 0.00036892, 'I2y': 2.3641e-05, 'I2z': 0.00036139}, 'init_theta_std_deg': 5.0, 'init_alpha_std_deg': 8.0, 'init_theta_dot_std': 0.0, 'init_alpha_dot_std': 0.0, 'pwm_limit': 150.0, 'pwm_gain': 1.0, 'pwm_bias': 0.0, 'pwm_deadzone': 0.0, 'pwm_noise_sigma': 0.0, 'actuator_tau': 0.0, 'action_delay_steps': 0, 'theta_bias': 0.0, 'alpha_bias': 0.0, 'theta_sigma': 0.0, 'alpha_sigma': 0.0, 'theta_dot_sigma': 0.0, 'alpha_dot_sigma': 0.0, 'encoder_quantization_rad': 0.0, 'velocity_lpf': 0.25, 'process_theta_dot_sigma': 0.0, 'process_alpha_dot_sigma': 0.0}"
1384224,1,matlab_nominal_reproduction,0.0,"{'level': 0.0, 'physical': {'g': 9.8, 'c_theta': 0.025, 'c_alpha': 0.001, 'k_t': 0.231, 'k_b': 0.1875, 'k_u': 0.04706, 'R': 4.2857, 'm1': 0.20625, 'm2': 0.15845, 'l1cg': 0.080305, 'l1': 0.151894, 'l2cg': 0.066733, 'I1z': 0.00049228, 'I2x': 0.00036892, 'I2y': 2.3641e-05, 'I2z': 0.00036139}, 'init_theta_std_deg': 5.0, 'init_alpha_std_deg': 8.0, 'init_theta_dot_std': 0.0, 'init_alpha_dot_std': 0.0, 'pwm_limit': 150.0, 'pwm_gain': 1.0, 'pwm_bias': 0.0, 'pwm_deadzone': 0.0, 'pwm_noise_sigma': 0.0, 'actuator_tau': 0.0, 'action_delay_steps': 0, 'theta_bias': 0.0, 'alpha_bias': 0.0, 'theta_sigma': 0.0, 'alpha_sigma': 0.0, 'theta_dot_sigma': 0.0, 'alpha_dot_sigma': 0.0, 'encoder_quantization_rad': 0.0, 'velocity_lpf': 0.25, 'process_theta_dot_sigma': 0.0, 'process_alpha_dot_sigma': 0.0}"
1386224,1,matlab_nominal_reproduction,0.0,"{'level': 0.0, 'physical': {'g': 9.8, 'c_theta': 0.025, 'c_alpha': 0.001, 'k_t': 0.231, 'k_b': 0.1875, 'k_u': 0.04706, 'R': 4.2857, 'm1': 0.20625, 'm2': 0.15845, 'l1cg': 0.080305, 'l1': 0.151894, 'l2cg': 0.066733, 'I1z': 0.00049228, 'I2x': 0.00036892, 'I2y': 2.3641e-05, 'I2z': 0.00036139}, 'init_theta_std_deg': 5.0, 'init_alpha_std_deg': 8.0, 'init_theta_dot_std': 0.0, 'init_alpha_dot_std': 0.0, 'pwm_limit': 150.0, 'pwm_gain': 1.0, 'pwm_bias': 0.0, 'pwm_deadzone': 0.0, 'pwm_noise_sigma': 0.0, 'actuator_tau': 0.0, 'action_delay_steps': 0, 'theta_bias': 0.0, 'alpha_bias': 0.0, 'theta_sigma': 0.0, 'alpha_sigma': 0.0, 'theta_dot_sigma': 0.0, 'alpha_dot_sigma': 0.0, 'encoder_quantization_rad': 0.0, 'velocity_lpf': 0.25, 'process_theta_dot_sigma': 0.0, 'process_alpha_dot_sigma': 0.0}"
1388224,1,matlab_nominal_reproduction,0.0,"{'level': 0.0, 'physical': {'g': 9.8, 'c_theta': 0.025, 'c_alpha': 0.001, 'k_t': 0.231, 'k_b': 0.1875, 'k_u': 0.04706, 'R': 4.2857, 'm1': 0.20625, 'm2': 0.15845, 'l1cg': 0.080305, 'l1': 0.151894, 'l2cg': 0.066733, 'I1z': 0.00049228, 'I2x': 0.00036892, 'I2y': 2.3641e-05, 'I2z': 0.00036139}, 'init_theta_std_deg': 5.0, 'init_alpha_std_deg': 8.0, 'init_theta_dot_std': 0.0, 'init_alpha_dot_std': 0.0, 'pwm_limit': 150.0, 'pwm_gain': 1.0, 'pwm_bias': 0.0, 'pwm_deadzone': 0.0, 'pwm_noise_sigma': 0.0, 'actuator_tau': 0.0, 'action_delay_steps': 0, 'theta_bias': 0.0, 'alpha_bias': 0.0, 'theta_sigma': 0.0, 'alpha_sigma': 0.0, 'theta_dot_sigma': 0.0, 'alpha_dot_sigma': 0.0, 'encoder_quantization_rad': 0.0, 'velocity_lpf': 0.25, 'process_theta_dot_sigma': 0.0, 'process_alpha_dot_sigma': 0.0}"
1390224,1,matlab_nominal_reproduction,0.0,"{'level': 0.0, 'physical': {'g': 9.8, 'c_theta': 0.025, 'c_alpha': 0.001, 'k_t': 0.231, 'k_b': 0.1875, 'k_u': 0.04706, 'R': 4.2857, 'm1': 0.20625, 'm2': 0.15845, 'l1cg': 0.080305, 'l1': 0.151894, 'l2cg': 0.066733, 'I1z': 0.00049228, 'I2x': 0.00036892, 'I2y': 2.3641e-05, 'I2z': 0.00036139}, 'init_theta_std_deg': 5.0, 'init_alpha_std_deg': 8.0, 'init_theta_dot_std': 0.0, 'init_alpha_dot_std': 0.0, 'pwm_limit': 150.0, 'pwm_gain': 1.0, 'pwm_bias': 0.0, 'pwm_deadzone': 0.0, 'pwm_noise_sigma': 0.0, 'actuator_tau': 0.0, 'action_delay_steps': 0, 'theta_bias': 0.0, 'alpha_bias': 0.0, 'theta_sigma': 0.0, 'alpha_sigma': 0.0, 'theta_dot_sigma': 0.0, 'alpha_dot_sigma': 0.0, 'encoder_quantization_rad': 0.0, 'velocity_lpf': 0.25, 'process_theta_dot_sigma': 0.0, 'process_alpha_dot_sigma': 0.0}"
1392224,1,matlab_nominal_reproduction,0.0,"{'level': 0.0, 'physical': {'g': 9.8, 'c_theta': 0.025, 'c_alpha': 0.001, 'k_t': 0.231, 'k_b': 0.1875, 'k_u': 0.04706, 'R': 4.2857, 'm1': 0.20625, 'm2': 0.15845, 'l1cg': 0.080305, 'l1': 0.151894, 'l2cg': 0.066733, 'I1z': 0.00049228, 'I2x': 0.00036892, 'I2y': 2.3641e-05, 'I2z': 0.00036139}, 'init_theta_std_deg': 5.0, 'init_alpha_std_deg': 8.0, 'init_theta_dot_std': 0.0, 'init_alpha_dot_std': 0.0, 'pwm_limit': 150.0, 'pwm_gain': 1.0, 'pwm_bias': 0.0, 'pwm_deadzone': 0.0, 'pwm_noise_sigma': 0.0, 'actuator_tau': 0.0, 'action_delay_steps': 0, 'theta_bias': 0.0, 'alpha_bias': 0.0, 'theta_sigma': 0.0, 'alpha_sigma': 0.0, 'theta_dot_sigma': 0.0, 'alpha_dot_sigma': 0.0, 'encoder_quantization_rad': 0.0, 'velocity_lpf': 0.25, 'process_theta_dot_sigma': 0.0, 'process_alpha_dot_sigma': 0.0}"
1394224,1,matlab_nominal_reproduction,0.0,"{'level': 0.0, 'physical': {'g': 9.8, 'c_theta': 0.025, 'c_alpha': 0.001, 'k_t': 0.231, 'k_b': 0.1875, 'k_u': 0.04706, 'R': 4.2857, 'm1': 0.20625, 'm2': 0.15845, 'l1cg': 0.080305, 'l1': 0.151894, 'l2cg': 0.066733, 'I1z': 0.00049228, 'I2x': 0.00036892, 'I2y': 2.3641e-05, 'I2z': 0.00036139}, 'init_theta_std_deg': 5.0, 'init_alpha_std_deg': 8.0, 'init_theta_dot_std': 0.0, 'init_alpha_dot_std': 0.0, 'pwm_limit': 150.0, 'pwm_gain': 1.0, 'pwm_bias': 0.0, 'pwm_deadzone': 0.0, 'pwm_noise_sigma': 0.0, 'actuator_tau': 0.0, 'action_delay_steps': 0, 'theta_bias': 0.0, 'alpha_bias': 0.0, 'theta_sigma': 0.0, 'alpha_sigma': 0.0, 'theta_dot_sigma': 0.0, 'alpha_dot_sigma': 0.0, 'encoder_quantization_rad': 0.0, 'velocity_lpf': 0.25, 'process_theta_dot_sigma': 0.0, 'process_alpha_dot_sigma': 0.0}"
1396224,1,matlab_nominal_reproduction,0.0,"{'level': 0.0, 'physical': {'g': 9.8, 'c_theta': 0.025, 'c_alpha': 0.001, 'k_t': 0.231, 'k_b': 0.1875, 'k_u': 0.04706, 'R': 4.2857, 'm1': 0.20625, 'm2': 0.15845, 'l1cg': 0.080305, 'l1': 0.151894, 'l2cg': 0.066733, 'I1z': 0.00049228, 'I2x': 0.00036892, 'I2y': 2.3641e-05, 'I2z': 0.00036139}, 'init_theta_std_deg': 5.0, 'init_alpha_std_deg': 8.0, 'init_theta_dot_std': 0.0, 'init_alpha_dot_std': 0.0, 'pwm_limit': 150.0, 'pwm_gain': 1.0, 'pwm_bias': 0.0, 'pwm_deadzone': 0.0, 'pwm_noise_sigma': 0.0, 'actuator_tau': 0.0, 'action_delay_steps': 0, 'theta_bias': 0.0, 'alpha_bias': 0.0, 'theta_sigma': 0.0, 'alpha_sigma': 0.0, 'theta_dot_sigma': 0.0, 'alpha_dot_sigma': 0.0, 'encoder_quantization_rad': 0.0, 'velocity_lpf': 0.25, 'process_theta_dot_sigma': 0.0, 'process_alpha_dot_sigma': 0.0}"
1398224,1,matlab_nominal_reproduction,0.0,"{'level': 0.0, 'physical': {'g': 9.8, 'c_theta': 0.025, 'c_alpha': 0.001, 'k_t': 0.231, 'k_b': 0.1875, 'k_u': 0.04706, 'R': 4.2857, 'm1': 0.20625, 'm2': 0.15845, 'l1cg': 0.080305, 'l1': 0.151894, 'l2cg': 0.066733, 'I1z': 0.00049228, 'I2x': 0.00036892, 'I2y': 2.3641e-05, 'I2z': 0.00036139}, 'init_theta_std_deg': 5.0, 'init_alpha_std_deg': 8.0, 'init_theta_dot_std': 0.0, 'init_alpha_dot_std': 0.0, 'pwm_limit': 150.0, 'pwm_gain': 1.0, 'pwm_bias': 0.0, 'pwm_deadzone': 0.0, 'pwm_noise_sigma': 0.0, 'actuator_tau': 0.0, 'action_delay_steps': 0, 'theta_bias': 0.0, 'alpha_bias': 0.0, 'theta_sigma': 0.0, 'alpha_sigma': 0.0, 'theta_dot_sigma': 0.0, 'alpha_dot_sigma': 0.0, 'encoder_quantization_rad': 0.0, 'velocity_lpf': 0.25, 'process_theta_dot_sigma': 0.0, 'process_alpha_dot_sigma': 0.0}"
1400224,1,matlab_nominal_reproduction,0.0,"{'level': 0.0, 'physical': {'g': 9.8, 'c_theta': 0.025, 'c_alpha': 0.001, 'k_t': 0.231, 'k_b': 0.1875, 'k_u': 0.04706, 'R': 4.2857, 'm1': 0.20625, 'm2': 0.15845, 'l1cg': 0.080305, 'l1': 0.151894, 'l2cg': 0.066733, 'I1z': 0.00049228, 'I2x': 0.00036892, 'I2y': 2.3641e-05, 'I2z': 0.00036139}, 'init_theta_std_deg': 5.0, 'init_alpha_std_deg': 8.0, 'init_theta_dot_std': 0.0, 'init_alpha_dot_std': 0.0, 'pwm_limit': 150.0, 'pwm_gain': 1.0, 'pwm_bias': 0.0, 'pwm_deadzone': 0.0, 'pwm_noise_sigma': 0.0, 'actuator_tau': 0.0, 'action_delay_steps': 0, 'theta_bias': 0.0, 'alpha_bias': 0.0, 'theta_sigma': 0.0, 'alpha_sigma': 0.0, 'theta_dot_sigma': 0.0, 'alpha_dot_sigma': 0.0, 'encoder_quantization_rad': 0.0, 'velocity_lpf': 0.25, 'process_theta_dot_sigma': 0.0, 'process_alpha_dot_sigma': 0.0}"
1402224,1,matlab_nominal_reproduction,0.0,"{'level': 0.0, 'physical': {'g': 9.8, 'c_theta': 0.025, 'c_alpha': 0.001, 'k_t': 0.231, 'k_b': 0.1875, 'k_u': 0.04706, 'R': 4.2857, 'm1': 0.20625, 'm2': 0.15845, 'l1cg': 0.080305, 'l1': 0.151894, 'l2cg': 0.066733, 'I1z': 0.00049228, 'I2x': 0.00036892, 'I2y': 2.3641e-05, 'I2z': 0.00036139}, 'init_theta_std_deg': 5.0, 'init_alpha_std_deg': 8.0, 'init_theta_dot_std': 0.0, 'init_alpha_dot_std': 0.0, 'pwm_limit': 150.0, 'pwm_gain': 1.0, 'pwm_bias': 0.0, 'pwm_deadzone': 0.0, 'pwm_noise_sigma': 0.0, 'actuator_tau': 0.0, 'action_delay_steps': 0, 'theta_bias': 0.0, 'alpha_bias': 0.0, 'theta_sigma': 0.0, 'alpha_sigma': 0.0, 'theta_dot_sigma': 0.0, 'alpha_dot_sigma': 0.0, 'encoder_quantization_rad': 0.0, 'velocity_lpf': 0.25, 'process_theta_dot_sigma': 0.0, 'process_alpha_dot_sigma': 0.0}"
1404224,1,matlab_nominal_reproduction,0.0,"{'level': 0.0, 'physical': {'g': 9.8, 'c_theta': 0.025, 'c_alpha': 0.001, 'k_t': 0.231, 'k_b': 0.1875, 'k_u': 0.04706, 'R': 4.2857, 'm1': 0.20625, 'm2': 0.15845, 'l1cg': 0.080305, 'l1': 0.151894, 'l2cg': 0.066733, 'I1z': 0.00049228, 'I2x': 0.00036892, 'I2y': 2.3641e-05, 'I2z': 0.00036139}, 'init_theta_std_deg': 5.0, 'init_alpha_std_deg': 8.0, 'init_theta_dot_std': 0.0, 'init_alpha_dot_std': 0.0, 'pwm_limit': 150.0, 'pwm_gain': 1.0, 'pwm_bias': 0.0, 'pwm_deadzone': 0.0, 'pwm_noise_sigma': 0.0, 'actuator_tau': 0.0, 'action_delay_steps': 0, 'theta_bias': 0.0, 'alpha_bias': 0.0, 'theta_sigma': 0.0, 'alpha_sigma': 0.0, 'theta_dot_sigma': 0.0, 'alpha_dot_sigma': 0.0, 'encoder_quantization_rad': 0.0, 'velocity_lpf': 0.25, 'process_theta_dot_sigma': 0.0, 'process_alpha_dot_sigma': 0.0}"
1406224,1,matlab_nominal_reproduction,0.0,"{'level': 0.0, 'physical': {'g': 9.8, 'c_theta': 0.025, 'c_alpha': 0.001, 'k_t': 0.231, 'k_b': 0.1875, 'k_u': 0.04706, 'R': 4.2857, 'm1': 0.20625, 'm2': 0.15845, 'l1cg': 0.080305, 'l1': 0.151894, 'l2cg': 0.066733, 'I1z': 0.00049228, 'I2x': 0.00036892, 'I2y': 2.3641e-05, 'I2z': 0.00036139}, 'init_theta_std_deg': 5.0, 'init_alpha_std_deg': 8.0, 'init_theta_dot_std': 0.0, 'init_alpha_dot_std': 0.0, 'pwm_limit': 150.0, 'pwm_gain': 1.0, 'pwm_bias': 0.0, 'pwm_deadzone': 0.0, 'pwm_noise_sigma': 0.0, 'actuator_tau': 0.0, 'action_delay_steps': 0, 'theta_bias': 0.0, 'alpha_bias': 0.0, 'theta_sigma': 0.0, 'alpha_sigma': 0.0, 'theta_dot_sigma': 0.0, 'alpha_dot_sigma': 0.0, 'encoder_quantization_rad': 0.0, 'velocity_lpf': 0.25, 'process_theta_dot_sigma': 0.0, 'process_alpha_dot_sigma': 0.0}"
1408224,1,matlab_nominal_reproduction,0.0,"{'level': 0.0, 'physical': {'g': 9.8, 'c_theta': 0.025, 'c_alpha': 0.001, 'k_t': 0.231, 'k_b': 0.1875, 'k_u': 0.04706, 'R': 4.2857, 'm1': 0.20625, 'm2': 0.15845, 'l1cg': 0.080305, 'l1': 0.151894, 'l2cg': 0.066733, 'I1z': 0.00049228, 'I2x': 0.00036892, 'I2y': 2.3641e-05, 'I2z': 0.00036139}, 'init_theta_std_deg': 5.0, 'init_alpha_std_deg': 8.0, 'init_theta_dot_std': 0.0, 'init_alpha_dot_std': 0.0, 'pwm_limit': 150.0, 'pwm_gain': 1.0, 'pwm_bias': 0.0, 'pwm_deadzone': 0.0, 'pwm_noise_sigma': 0.0, 'actuator_tau': 0.0, 'action_delay_steps': 0, 'theta_bias': 0.0, 'alpha_bias': 0.0, 'theta_sigma': 0.0, 'alpha_sigma': 0.0, 'theta_dot_sigma': 0.0, 'alpha_dot_sigma': 0.0, 'encoder_quantization_rad': 0.0, 'velocity_lpf': 0.25, 'process_theta_dot_sigma': 0.0, 'process_alpha_dot_sigma': 0.0}"
1410224,1,matlab_nominal_reproduction,0.0,"{'level': 0.0, 'physical': {'g': 9.8, 'c_theta': 0.025, 'c_alpha': 0.001, 'k_t': 0.231, 'k_b': 0.1875, 'k_u': 0.04706, 'R': 4.2857, 'm1': 0.20625, 'm2': 0.15845, 'l1cg': 0.080305, 'l1': 0.151894, 'l2cg': 0.066733, 'I1z': 0.00049228, 'I2x': 0.00036892, 'I2y': 2.3641e-05, 'I2z': 0.00036139}, 'init_theta_std_deg': 5.0, 'init_alpha_std_deg': 8.0, 'init_theta_dot_std': 0.0, 'init_alpha_dot_std': 0.0, 'pwm_limit': 150.0, 'pwm_gain': 1.0, 'pwm_bias': 0.0, 'pwm_deadzone': 0.0, 'pwm_noise_sigma': 0.0, 'actuator_tau': 0.0, 'action_delay_steps': 0, 'theta_bias': 0.0, 'alpha_bias': 0.0, 'theta_sigma': 0.0, 'alpha_sigma': 0.0, 'theta_dot_sigma': 0.0, 'alpha_dot_sigma': 0.0, 'encoder_quantization_rad': 0.0, 'velocity_lpf': 0.25, 'process_theta_dot_sigma': 0.0, 'process_alpha_dot_sigma': 0.0}"
1412224,1,matlab_nominal_reproduction,0.0,"{'level': 0.0, 'physical': {'g': 9.8, 'c_theta': 0.025, 'c_alpha': 0.001, 'k_t': 0.231, 'k_b': 0.1875, 'k_u': 0.04706, 'R': 4.2857, 'm1': 0.20625, 'm2': 0.15845, 'l1cg': 0.080305, 'l1': 0.151894, 'l2cg': 0.066733, 'I1z': 0.00049228, 'I2x': 0.00036892, 'I2y': 2.3641e-05, 'I2z': 0.00036139}, 'init_theta_std_deg': 5.0, 'init_alpha_std_deg': 8.0, 'init_theta_dot_std': 0.0, 'init_alpha_dot_std': 0.0, 'pwm_limit': 150.0, 'pwm_gain': 1.0, 'pwm_bias': 0.0, 'pwm_deadzone': 0.0, 'pwm_noise_sigma': 0.0, 'actuator_tau': 0.0, 'action_delay_steps': 0, 'theta_bias': 0.0, 'alpha_bias': 0.0, 'theta_sigma': 0.0, 'alpha_sigma': 0.0, 'theta_dot_sigma': 0.0, 'alpha_dot_sigma': 0.0, 'encoder_quantization_rad': 0.0, 'velocity_lpf': 0.25, 'process_theta_dot_sigma': 0.0, 'process_alpha_dot_sigma': 0.0}"
1412972,1,matlab_nominal_reproduction,0.0,"{'level': 0.0, 'physical': {'g': 9.8, 'c_theta': 0.025, 'c_alpha': 0.001, 'k_t': 0.231, 'k_b': 0.1875, 'k_u': 0.04706, 'R': 4.2857, 'm1': 0.20625, 'm2': 0.15845, 'l1cg': 0.080305, 'l1': 0.151894, 'l2cg': 0.066733, 'I1z': 0.00049228, 'I2x': 0.00036892, 'I2y': 2.3641e-05, 'I2z': 0.00036139}, 'init_theta_std_deg': 5.0, 'init_alpha_std_deg': 8.0, 'init_theta_dot_std': 0.0, 'init_alpha_dot_std': 0.0, 'pwm_limit': 150.0, 'pwm_gain': 1.0, 'pwm_bias': 0.0, 'pwm_deadzone': 0.0, 'pwm_noise_sigma': 0.0, 'actuator_tau': 0.0, 'action_delay_steps': 0, 'theta_bias': 0.0, 'alpha_bias': 0.0, 'theta_sigma': 0.0, 'alpha_sigma': 0.0, 'theta_dot_sigma': 0.0, 'alpha_dot_sigma': 0.0, 'encoder_quantization_rad': 0.0, 'velocity_lpf': 0.25, 'process_theta_dot_sigma': 0.0, 'process_alpha_dot_sigma': 0.0}"
1414972,1,matlab_nominal_reproduction,0.0,"{'level': 0.0, 'physical': {'g': 9.8, 'c_theta': 0.025, 'c_alpha': 0.001, 'k_t': 0.231, 'k_b': 0.1875, 'k_u': 0.04706, 'R': 4.2857, 'm1': 0.20625, 'm2': 0.15845, 'l1cg': 0.080305, 'l1': 0.151894, 'l2cg': 0.066733, 'I1z': 0.00049228, 'I2x': 0.00036892, 'I2y': 2.3641e-05, 'I2z': 0.00036139}, 'init_theta_std_deg': 5.0, 'init_alpha_std_deg': 8.0, 'init_theta_dot_std': 0.0, 'init_alpha_dot_std': 0.0, 'pwm_limit': 150.0, 'pwm_gain': 1.0, 'pwm_bias': 0.0, 'pwm_deadzone': 0.0, 'pwm_noise_sigma': 0.0, 'actuator_tau': 0.0, 'action_delay_steps': 0, 'theta_bias': 0.0, 'alpha_bias': 0.0, 'theta_sigma': 0.0, 'alpha_sigma': 0.0, 'theta_dot_sigma': 0.0, 'alpha_dot_sigma': 0.0, 'encoder_quantization_rad': 0.0, 'velocity_lpf': 0.25, 'process_theta_dot_sigma': 0.0, 'process_alpha_dot_sigma': 0.0}"
1415774,1,matlab_nominal_reproduction,0.0,"{'level': 0.0, 'physical': {'g': 9.8, 'c_theta': 0.025, 'c_alpha': 0.001, 'k_t': 0.231, 'k_b': 0.1875, 'k_u': 0.04706, 'R': 4.2857, 'm1': 0.20625, 'm2': 0.15845, 'l1cg': 0.080305, 'l1': 0.151894, 'l2cg': 0.066733, 'I1z': 0.00049228, 'I2x': 0.00036892, 'I2y': 2.3641e-05, 'I2z': 0.00036139}, 'init_theta_std_deg': 5.0, 'init_alpha_std_deg': 8.0, 'init_theta_dot_std': 0.0, 'init_alpha_dot_std': 0.0, 'pwm_limit': 150.0, 'pwm_gain': 1.0, 'pwm_bias': 0.0, 'pwm_deadzone': 0.0, 'pwm_noise_sigma': 0.0, 'actuator_tau': 0.0, 'action_delay_steps': 0, 'theta_bias': 0.0, 'alpha_bias': 0.0, 'theta_sigma': 0.0, 'alpha_sigma': 0.0, 'theta_dot_sigma': 0.0, 'alpha_dot_sigma': 0.0, 'encoder_quantization_rad': 0.0, 'velocity_lpf': 0.25, 'process_theta_dot_sigma': 0.0, 'process_alpha_dot_sigma': 0.0}"
1417774,1,matlab_nominal_reproduction,0.0,"{'level': 0.0, 'physical': {'g': 9.8, 'c_theta': 0.025, 'c_alpha': 0.001, 'k_t': 0.231, 'k_b': 0.1875, 'k_u': 0.04706, 'R': 4.2857, 'm1': 0.20625, 'm2': 0.15845, 'l1cg': 0.080305, 'l1': 0.151894, 'l2cg': 0.066733, 'I1z': 0.00049228, 'I2x': 0.00036892, 'I2y': 2.3641e-05, 'I2z': 0.00036139}, 'init_theta_std_deg': 5.0, 'init_alpha_std_deg': 8.0, 'init_theta_dot_std': 0.0, 'init_alpha_dot_std': 0.0, 'pwm_limit': 150.0, 'pwm_gain': 1.0, 'pwm_bias': 0.0, 'pwm_deadzone': 0.0, 'pwm_noise_sigma': 0.0, 'actuator_tau': 0.0, 'action_delay_steps': 0, 'theta_bias': 0.0, 'alpha_bias': 0.0, 'theta_sigma': 0.0, 'alpha_sigma': 0.0, 'theta_dot_sigma': 0.0, 'alpha_dot_sigma': 0.0, 'encoder_quantization_rad': 0.0, 'velocity_lpf': 0.25, 'process_theta_dot_sigma': 0.0, 'process_alpha_dot_sigma': 0.0}"
1419774,1,matlab_nominal_reproduction,0.0,"{'level': 0.0, 'physical': {'g': 9.8, 'c_theta': 0.025, 'c_alpha': 0.001, 'k_t': 0.231, 'k_b': 0.1875, 'k_u': 0.04706, 'R': 4.2857, 'm1': 0.20625, 'm2': 0.15845, 'l1cg': 0.080305, 'l1': 0.151894, 'l2cg': 0.066733, 'I1z': 0.00049228, 'I2x': 0.00036892, 'I2y': 2.3641e-05, 'I2z': 0.00036139}, 'init_theta_std_deg': 5.0, 'init_alpha_std_deg': 8.0, 'init_theta_dot_std': 0.0, 'init_alpha_dot_std': 0.0, 'pwm_limit': 150.0, 'pwm_gain': 1.0, 'pwm_bias': 0.0, 'pwm_deadzone': 0.0, 'pwm_noise_sigma': 0.0, 'actuator_tau': 0.0, 'action_delay_steps': 0, 'theta_bias': 0.0, 'alpha_bias': 0.0, 'theta_sigma': 0.0, 'alpha_sigma': 0.0, 'theta_dot_sigma': 0.0, 'alpha_dot_sigma': 0.0, 'encoder_quantization_rad': 0.0, 'velocity_lpf': 0.25, 'process_theta_dot_sigma': 0.0, 'process_alpha_dot_sigma': 0.0}"
1421774,1,matlab_nominal_reproduction,0.0,"{'level': 0.0, 'physical': {'g': 9.8, 'c_theta': 0.025, 'c_alpha': 0.001, 'k_t': 0.231, 'k_b': 0.1875, 'k_u': 0.04706, 'R': 4.2857, 'm1': 0.20625, 'm2': 0.15845, 'l1cg': 0.080305, 'l1': 0.151894, 'l2cg': 0.066733, 'I1z': 0.00049228, 'I2x': 0.00036892, 'I2y': 2.3641e-05, 'I2z': 0.00036139}, 'init_theta_std_deg': 5.0, 'init_alpha_std_deg': 8.0, 'init_theta_dot_std': 0.0, 'init_alpha_dot_std': 0.0, 'pwm_limit': 150.0, 'pwm_gain': 1.0, 'pwm_bias': 0.0, 'pwm_deadzone': 0.0, 'pwm_noise_sigma': 0.0, 'actuator_tau': 0.0, 'action_delay_steps': 0, 'theta_bias': 0.0, 'alpha_bias': 0.0, 'theta_sigma': 0.0, 'alpha_sigma': 0.0, 'theta_dot_sigma': 0.0, 'alpha_dot_sigma': 0.0, 'encoder_quantization_rad': 0.0, 'velocity_lpf': 0.25, 'process_theta_dot_sigma': 0.0, 'process_alpha_dot_sigma': 0.0}"
1423774,1,matlab_nominal_reproduction,0.0,"{'level': 0.0, 'physical': {'g': 9.8, 'c_theta': 0.025, 'c_alpha': 0.001, 'k_t': 0.231, 'k_b': 0.1875, 'k_u': 0.04706, 'R': 4.2857, 'm1': 0.20625, 'm2': 0.15845, 'l1cg': 0.080305, 'l1': 0.151894, 'l2cg': 0.066733, 'I1z': 0.00049228, 'I2x': 0.00036892, 'I2y': 2.3641e-05, 'I2z': 0.00036139}, 'init_theta_std_deg': 5.0, 'init_alpha_std_deg': 8.0, 'init_theta_dot_std': 0.0, 'init_alpha_dot_std': 0.0, 'pwm_limit': 150.0, 'pwm_gain': 1.0, 'pwm_bias': 0.0, 'pwm_deadzone': 0.0, 'pwm_noise_sigma': 0.0, 'actuator_tau': 0.0, 'action_delay_steps': 0, 'theta_bias': 0.0, 'alpha_bias': 0.0, 'theta_sigma': 0.0, 'alpha_sigma': 0.0, 'theta_dot_sigma': 0.0, 'alpha_dot_sigma': 0.0, 'encoder_quantization_rad': 0.0, 'velocity_lpf': 0.25, 'process_theta_dot_sigma': 0.0, 'process_alpha_dot_sigma': 0.0}"
1425248,1,matlab_nominal_reproduction,0.0,"{'level': 0.0, 'physical': {'g': 9.8, 'c_theta': 0.025, 'c_alpha': 0.001, 'k_t': 0.231, 'k_b': 0.1875, 'k_u': 0.04706, 'R': 4.2857, 'm1': 0.20625, 'm2': 0.15845, 'l1cg': 0.080305, 'l1': 0.151894, 'l2cg': 0.066733, 'I1z': 0.00049228, 'I2x': 0.00036892, 'I2y': 2.3641e-05, 'I2z': 0.00036139}, 'init_theta_std_deg': 5.0, 'init_alpha_std_deg': 8.0, 'init_theta_dot_std': 0.0, 'init_alpha_dot_std': 0.0, 'pwm_limit': 150.0, 'pwm_gain': 1.0, 'pwm_bias': 0.0, 'pwm_deadzone': 0.0, 'pwm_noise_sigma': 0.0, 'actuator_tau': 0.0, 'action_delay_steps': 0, 'theta_bias': 0.0, 'alpha_bias': 0.0, 'theta_sigma': 0.0, 'alpha_sigma': 0.0, 'theta_dot_sigma': 0.0, 'alpha_dot_sigma': 0.0, 'encoder_quantization_rad': 0.0, 'velocity_lpf': 0.25, 'process_theta_dot_sigma': 0.0, 'process_alpha_dot_sigma': 0.0}"
1427248,1,matlab_nominal_reproduction,0.0,"{'level': 0.0, 'physical': {'g': 9.8, 'c_theta': 0.025, 'c_alpha': 0.001, 'k_t': 0.231, 'k_b': 0.1875, 'k_u': 0.04706, 'R': 4.2857, 'm1': 0.20625, 'm2': 0.15845, 'l1cg': 0.080305, 'l1': 0.151894, 'l2cg': 0.066733, 'I1z': 0.00049228, 'I2x': 0.00036892, 'I2y': 2.3641e-05, 'I2z': 0.00036139}, 'init_theta_std_deg': 5.0, 'init_alpha_std_deg': 8.0, 'init_theta_dot_std': 0.0, 'init_alpha_dot_std': 0.0, 'pwm_limit': 150.0, 'pwm_gain': 1.0, 'pwm_bias': 0.0, 'pwm_deadzone': 0.0, 'pwm_noise_sigma': 0.0, 'actuator_tau': 0.0, 'action_delay_steps': 0, 'theta_bias': 0.0, 'alpha_bias': 0.0, 'theta_sigma': 0.0, 'alpha_sigma': 0.0, 'theta_dot_sigma': 0.0, 'alpha_dot_sigma': 0.0, 'encoder_quantization_rad': 0.0, 'velocity_lpf': 0.25, 'process_theta_dot_sigma': 0.0, 'process_alpha_dot_sigma': 0.0}"
1429248,1,matlab_nominal_reproduction,0.0,"{'level': 0.0, 'physical': {'g': 9.8, 'c_theta': 0.025, 'c_alpha': 0.001, 'k_t': 0.231, 'k_b': 0.1875, 'k_u': 0.04706, 'R': 4.2857, 'm1': 0.20625, 'm2': 0.15845, 'l1cg': 0.080305, 'l1': 0.151894, 'l2cg': 0.066733, 'I1z': 0.00049228, 'I2x': 0.00036892, 'I2y': 2.3641e-05, 'I2z': 0.00036139}, 'init_theta_std_deg': 5.0, 'init_alpha_std_deg': 8.0, 'init_theta_dot_std': 0.0, 'init_alpha_dot_std': 0.0, 'pwm_limit': 150.0, 'pwm_gain': 1.0, 'pwm_bias': 0.0, 'pwm_deadzone': 0.0, 'pwm_noise_sigma': 0.0, 'actuator_tau': 0.0, 'action_delay_steps': 0, 'theta_bias': 0.0, 'alpha_bias': 0.0, 'theta_sigma': 0.0, 'alpha_sigma': 0.0, 'theta_dot_sigma': 0.0, 'alpha_dot_sigma': 0.0, 'encoder_quantization_rad': 0.0, 'velocity_lpf': 0.25, 'process_theta_dot_sigma': 0.0, 'process_alpha_dot_sigma': 0.0}"
1431248,1,matlab_nominal_reproduction,0.0,"{'level': 0.0, 'physical': {'g': 9.8, 'c_theta': 0.025, 'c_alpha': 0.001, 'k_t': 0.231, 'k_b': 0.1875, 'k_u': 0.04706, 'R': 4.2857, 'm1': 0.20625, 'm2': 0.15845, 'l1cg': 0.080305, 'l1': 0.151894, 'l2cg': 0.066733, 'I1z': 0.00049228, 'I2x': 0.00036892, 'I2y': 2.3641e-05, 'I2z': 0.00036139}, 'init_theta_std_deg': 5.0, 'init_alpha_std_deg': 8.0, 'init_theta_dot_std': 0.0, 'init_alpha_dot_std': 0.0, 'pwm_limit': 150.0, 'pwm_gain': 1.0, 'pwm_bias': 0.0, 'pwm_deadzone': 0.0, 'pwm_noise_sigma': 0.0, 'actuator_tau': 0.0, 'action_delay_steps': 0, 'theta_bias': 0.0, 'alpha_bias': 0.0, 'theta_sigma': 0.0, 'alpha_sigma': 0.0, 'theta_dot_sigma': 0.0, 'alpha_dot_sigma': 0.0, 'encoder_quantization_rad': 0.0, 'velocity_lpf': 0.25, 'process_theta_dot_sigma': 0.0, 'process_alpha_dot_sigma': 0.0}"
1433248,1,matlab_nominal_reproduction,0.0,"{'level': 0.0, 'physical': {'g': 9.8, 'c_theta': 0.025, 'c_alpha': 0.001, 'k_t': 0.231, 'k_b': 0.1875, 'k_u': 0.04706, 'R': 4.2857, 'm1': 0.20625, 'm2': 0.15845, 'l1cg': 0.080305, 'l1': 0.151894, 'l2cg': 0.066733, 'I1z': 0.00049228, 'I2x': 0.00036892, 'I2y': 2.3641e-05, 'I2z': 0.00036139}, 'init_theta_std_deg': 5.0, 'init_alpha_std_deg': 8.0, 'init_theta_dot_std': 0.0, 'init_alpha_dot_std': 0.0, 'pwm_limit': 150.0, 'pwm_gain': 1.0, 'pwm_bias': 0.0, 'pwm_deadzone': 0.0, 'pwm_noise_sigma': 0.0, 'actuator_tau': 0.0, 'action_delay_steps': 0, 'theta_bias': 0.0, 'alpha_bias': 0.0, 'theta_sigma': 0.0, 'alpha_sigma': 0.0, 'theta_dot_sigma': 0.0, 'alpha_dot_sigma': 0.0, 'encoder_quantization_rad': 0.0, 'velocity_lpf': 0.25, 'process_theta_dot_sigma': 0.0, 'process_alpha_dot_sigma': 0.0}"
1435248,1,matlab_nominal_reproduction,0.0,"{'level': 0.0, 'physical': {'g': 9.8, 'c_theta': 0.025, 'c_alpha': 0.001, 'k_t': 0.231, 'k_b': 0.1875, 'k_u': 0.04706, 'R': 4.2857, 'm1': 0.20625, 'm2': 0.15845, 'l1cg': 0.080305, 'l1': 0.151894, 'l2cg': 0.066733, 'I1z': 0.00049228, 'I2x': 0.00036892, 'I2y': 2.3641e-05, 'I2z': 0.00036139}, 'init_theta_std_deg': 5.0, 'init_alpha_std_deg': 8.0, 'init_theta_dot_std': 0.0, 'init_alpha_dot_std': 0.0, 'pwm_limit': 150.0, 'pwm_gain': 1.0, 'pwm_bias': 0.0, 'pwm_deadzone': 0.0, 'pwm_noise_sigma': 0.0, 'actuator_tau': 0.0, 'action_delay_steps': 0, 'theta_bias': 0.0, 'alpha_bias': 0.0, 'theta_sigma': 0.0, 'alpha_sigma': 0.0, 'theta_dot_sigma': 0.0, 'alpha_dot_sigma': 0.0, 'encoder_quantization_rad': 0.0, 'velocity_lpf': 0.25, 'process_theta_dot_sigma': 0.0, 'process_alpha_dot_sigma': 0.0}"
1437248,1,matlab_nominal_reproduction,0.0,"{'level': 0.0, 'physical': {'g': 9.8, 'c_theta': 0.025, 'c_alpha': 0.001, 'k_t': 0.231, 'k_b': 0.1875, 'k_u': 0.04706, 'R': 4.2857, 'm1': 0.20625, 'm2': 0.15845, 'l1cg': 0.080305, 'l1': 0.151894, 'l2cg': 0.066733, 'I1z': 0.00049228, 'I2x': 0.00036892, 'I2y': 2.3641e-05, 'I2z': 0.00036139}, 'init_theta_std_deg': 5.0, 'init_alpha_std_deg': 8.0, 'init_theta_dot_std': 0.0, 'init_alpha_dot_std': 0.0, 'pwm_limit': 150.0, 'pwm_gain': 1.0, 'pwm_bias': 0.0, 'pwm_deadzone': 0.0, 'pwm_noise_sigma': 0.0, 'actuator_tau': 0.0, 'action_delay_steps': 0, 'theta_bias': 0.0, 'alpha_bias': 0.0, 'theta_sigma': 0.0, 'alpha_sigma': 0.0, 'theta_dot_sigma': 0.0, 'alpha_dot_sigma': 0.0, 'encoder_quantization_rad': 0.0, 'velocity_lpf': 0.25, 'process_theta_dot_sigma': 0.0, 'process_alpha_dot_sigma': 0.0}"
1439248,1,matlab_nominal_reproduction,0.0,"{'level': 0.0, 'physical': {'g': 9.8, 'c_theta': 0.025, 'c_alpha': 0.001, 'k_t': 0.231, 'k_b': 0.1875, 'k_u': 0.04706, 'R': 4.2857, 'm1': 0.20625, 'm2': 0.15845, 'l1cg': 0.080305, 'l1': 0.151894, 'l2cg': 0.066733, 'I1z': 0.00049228, 'I2x': 0.00036892, 'I2y': 2.3641e-05, 'I2z': 0.00036139}, 'init_theta_std_deg': 5.0, 'init_alpha_std_deg': 8.0, 'init_theta_dot_std': 0.0, 'init_alpha_dot_std': 0.0, 'pwm_limit': 150.0, 'pwm_gain': 1.0, 'pwm_bias': 0.0, 'pwm_deadzone': 0.0, 'pwm_noise_sigma': 0.0, 'actuator_tau': 0.0, 'action_delay_steps': 0, 'theta_bias': 0.0, 'alpha_bias': 0.0, 'theta_sigma': 0.0, 'alpha_sigma': 0.0, 'theta_dot_sigma': 0.0, 'alpha_dot_sigma': 0.0, 'encoder_quantization_rad': 0.0, 'velocity_lpf': 0.25, 'process_theta_dot_sigma': 0.0, 'process_alpha_dot_sigma': 0.0}"
1441248,1,matlab_nominal_reproduction,0.0,"{'level': 0.0, 'physical': {'g': 9.8, 'c_theta': 0.025, 'c_alpha': 0.001, 'k_t': 0.231, 'k_b': 0.1875, 'k_u': 0.04706, 'R': 4.2857, 'm1': 0.20625, 'm2': 0.15845, 'l1cg': 0.080305, 'l1': 0.151894, 'l2cg': 0.066733, 'I1z': 0.00049228, 'I2x': 0.00036892, 'I2y': 2.3641e-05, 'I2z': 0.00036139}, 'init_theta_std_deg': 5.0, 'init_alpha_std_deg': 8.0, 'init_theta_dot_std': 0.0, 'init_alpha_dot_std': 0.0, 'pwm_limit': 150.0, 'pwm_gain': 1.0, 'pwm_bias': 0.0, 'pwm_deadzone': 0.0, 'pwm_noise_sigma': 0.0, 'actuator_tau': 0.0, 'action_delay_steps': 0, 'theta_bias': 0.0, 'alpha_bias': 0.0, 'theta_sigma': 0.0, 'alpha_sigma': 0.0, 'theta_dot_sigma': 0.0, 'alpha_dot_sigma': 0.0, 'encoder_quantization_rad': 0.0, 'velocity_lpf': 0.25, 'process_theta_dot_sigma': 0.0, 'process_alpha_dot_sigma': 0.0}"
1443248,1,matlab_nominal_reproduction,0.0,"{'level': 0.0, 'physical': {'g': 9.8, 'c_theta': 0.025, 'c_alpha': 0.001, 'k_t': 0.231, 'k_b': 0.1875, 'k_u': 0.04706, 'R': 4.2857, 'm1': 0.20625, 'm2': 0.15845, 'l1cg': 0.080305, 'l1': 0.151894, 'l2cg': 0.066733, 'I1z': 0.00049228, 'I2x': 0.00036892, 'I2y': 2.3641e-05, 'I2z': 0.00036139}, 'init_theta_std_deg': 5.0, 'init_alpha_std_deg': 8.0, 'init_theta_dot_std': 0.0, 'init_alpha_dot_std': 0.0, 'pwm_limit': 150.0, 'pwm_gain': 1.0, 'pwm_bias': 0.0, 'pwm_deadzone': 0.0, 'pwm_noise_sigma': 0.0, 'actuator_tau': 0.0, 'action_delay_steps': 0, 'theta_bias': 0.0, 'alpha_bias': 0.0, 'theta_sigma': 0.0, 'alpha_sigma': 0.0, 'theta_dot_sigma': 0.0, 'alpha_dot_sigma': 0.0, 'encoder_quantization_rad': 0.0, 'velocity_lpf': 0.25, 'process_theta_dot_sigma': 0.0, 'process_alpha_dot_sigma': 0.0}"
1445236,1,matlab_nominal_reproduction,0.0,"{'level': 0.0, 'physical': {'g': 9.8, 'c_theta': 0.025, 'c_alpha': 0.001, 'k_t': 0.231, 'k_b': 0.1875, 'k_u': 0.04706, 'R': 4.2857, 'm1': 0.20625, 'm2': 0.15845, 'l1cg': 0.080305, 'l1': 0.151894, 'l2cg': 0.066733, 'I1z': 0.00049228, 'I2x': 0.00036892, 'I2y': 2.3641e-05, 'I2z': 0.00036139}, 'init_theta_std_deg': 5.0, 'init_alpha_std_deg': 8.0, 'init_theta_dot_std': 0.0, 'init_alpha_dot_std': 0.0, 'pwm_limit': 150.0, 'pwm_gain': 1.0, 'pwm_bias': 0.0, 'pwm_deadzone': 0.0, 'pwm_noise_sigma': 0.0, 'actuator_tau': 0.0, 'action_delay_steps': 0, 'theta_bias': 0.0, 'alpha_bias': 0.0, 'theta_sigma': 0.0, 'alpha_sigma': 0.0, 'theta_dot_sigma': 0.0, 'alpha_dot_sigma': 0.0, 'encoder_quantization_rad': 0.0, 'velocity_lpf': 0.25, 'process_theta_dot_sigma': 0.0, 'process_alpha_dot_sigma': 0.0}"
1447236,1,matlab_nominal_reproduction,0.0,"{'level': 0.0, 'physical': {'g': 9.8, 'c_theta': 0.025, 'c_alpha': 0.001, 'k_t': 0.231, 'k_b': 0.1875, 'k_u': 0.04706, 'R': 4.2857, 'm1': 0.20625, 'm2': 0.15845, 'l1cg': 0.080305, 'l1': 0.151894, 'l2cg': 0.066733, 'I1z': 0.00049228, 'I2x': 0.00036892, 'I2y': 2.3641e-05, 'I2z': 0.00036139}, 'init_theta_std_deg': 5.0, 'init_alpha_std_deg': 8.0, 'init_theta_dot_std': 0.0, 'init_alpha_dot_std': 0.0, 'pwm_limit': 150.0, 'pwm_gain': 1.0, 'pwm_bias': 0.0, 'pwm_deadzone': 0.0, 'pwm_noise_sigma': 0.0, 'actuator_tau': 0.0, 'action_delay_steps': 0, 'theta_bias': 0.0, 'alpha_bias': 0.0, 'theta_sigma': 0.0, 'alpha_sigma': 0.0, 'theta_dot_sigma': 0.0, 'alpha_dot_sigma': 0.0, 'encoder_quantization_rad': 0.0, 'velocity_lpf': 0.25, 'process_theta_dot_sigma': 0.0, 'process_alpha_dot_sigma': 0.0}"
1449236,1,matlab_nominal_reproduction,0.0,"{'level': 0.0, 'physical': {'g': 9.8, 'c_theta': 0.025, 'c_alpha': 0.001, 'k_t': 0.231, 'k_b': 0.1875, 'k_u': 0.04706, 'R': 4.2857, 'm1': 0.20625, 'm2': 0.15845, 'l1cg': 0.080305, 'l1': 0.151894, 'l2cg': 0.066733, 'I1z': 0.00049228, 'I2x': 0.00036892, 'I2y': 2.3641e-05, 'I2z': 0.00036139}, 'init_theta_std_deg': 5.0, 'init_alpha_std_deg': 8.0, 'init_theta_dot_std': 0.0, 'init_alpha_dot_std': 0.0, 'pwm_limit': 150.0, 'pwm_gain': 1.0, 'pwm_bias': 0.0, 'pwm_deadzone': 0.0, 'pwm_noise_sigma': 0.0, 'actuator_tau': 0.0, 'action_delay_steps': 0, 'theta_bias': 0.0, 'alpha_bias': 0.0, 'theta_sigma': 0.0, 'alpha_sigma': 0.0, 'theta_dot_sigma': 0.0, 'alpha_dot_sigma': 0.0, 'encoder_quantization_rad': 0.0, 'velocity_lpf': 0.25, 'process_theta_dot_sigma': 0.0, 'process_alpha_dot_sigma': 0.0}"
1451236,1,matlab_nominal_reproduction,0.0,"{'level': 0.0, 'physical': {'g': 9.8, 'c_theta': 0.025, 'c_alpha': 0.001, 'k_t': 0.231, 'k_b': 0.1875, 'k_u': 0.04706, 'R': 4.2857, 'm1': 0.20625, 'm2': 0.15845, 'l1cg': 0.080305, 'l1': 0.151894, 'l2cg': 0.066733, 'I1z': 0.00049228, 'I2x': 0.00036892, 'I2y': 2.3641e-05, 'I2z': 0.00036139}, 'init_theta_std_deg': 5.0, 'init_alpha_std_deg': 8.0, 'init_theta_dot_std': 0.0, 'init_alpha_dot_std': 0.0, 'pwm_limit': 150.0, 'pwm_gain': 1.0, 'pwm_bias': 0.0, 'pwm_deadzone': 0.0, 'pwm_noise_sigma': 0.0, 'actuator_tau': 0.0, 'action_delay_steps': 0, 'theta_bias': 0.0, 'alpha_bias': 0.0, 'theta_sigma': 0.0, 'alpha_sigma': 0.0, 'theta_dot_sigma': 0.0, 'alpha_dot_sigma': 0.0, 'encoder_quantization_rad': 0.0, 'velocity_lpf': 0.25, 'process_theta_dot_sigma': 0.0, 'process_alpha_dot_sigma': 0.0}"
1453236,1,matlab_nominal_reproduction,0.0,"{'level': 0.0, 'physical': {'g': 9.8, 'c_theta': 0.025, 'c_alpha': 0.001, 'k_t': 0.231, 'k_b': 0.1875, 'k_u': 0.04706, 'R': 4.2857, 'm1': 0.20625, 'm2': 0.15845, 'l1cg': 0.080305, 'l1': 0.151894, 'l2cg': 0.066733, 'I1z': 0.00049228, 'I2x': 0.00036892, 'I2y': 2.3641e-05, 'I2z': 0.00036139}, 'init_theta_std_deg': 5.0, 'init_alpha_std_deg': 8.0, 'init_theta_dot_std': 0.0, 'init_alpha_dot_std': 0.0, 'pwm_limit': 150.0, 'pwm_gain': 1.0, 'pwm_bias': 0.0, 'pwm_deadzone': 0.0, 'pwm_noise_sigma': 0.0, 'actuator_tau': 0.0, 'action_delay_steps': 0, 'theta_bias': 0.0, 'alpha_bias': 0.0, 'theta_sigma': 0.0, 'alpha_sigma': 0.0, 'theta_dot_sigma': 0.0, 'alpha_dot_sigma': 0.0, 'encoder_quantization_rad': 0.0, 'velocity_lpf': 0.25, 'process_theta_dot_sigma': 0.0, 'process_alpha_dot_sigma': 0.0}"
1455236,1,matlab_nominal_reproduction,0.0,"{'level': 0.0, 'physical': {'g': 9.8, 'c_theta': 0.025, 'c_alpha': 0.001, 'k_t': 0.231, 'k_b': 0.1875, 'k_u': 0.04706, 'R': 4.2857, 'm1': 0.20625, 'm2': 0.15845, 'l1cg': 0.080305, 'l1': 0.151894, 'l2cg': 0.066733, 'I1z': 0.00049228, 'I2x': 0.00036892, 'I2y': 2.3641e-05, 'I2z': 0.00036139}, 'init_theta_std_deg': 5.0, 'init_alpha_std_deg': 8.0, 'init_theta_dot_std': 0.0, 'init_alpha_dot_std': 0.0, 'pwm_limit': 150.0, 'pwm_gain': 1.0, 'pwm_bias': 0.0, 'pwm_deadzone': 0.0, 'pwm_noise_sigma': 0.0, 'actuator_tau': 0.0, 'action_delay_steps': 0, 'theta_bias': 0.0, 'alpha_bias': 0.0, 'theta_sigma': 0.0, 'alpha_sigma': 0.0, 'theta_dot_sigma': 0.0, 'alpha_dot_sigma': 0.0, 'encoder_quantization_rad': 0.0, 'velocity_lpf': 0.25, 'process_theta_dot_sigma': 0.0, 'process_alpha_dot_sigma': 0.0}"
1457236,1,matlab_nominal_reproduction,0.0,"{'level': 0.0, 'physical': {'g': 9.8, 'c_theta': 0.025, 'c_alpha': 0.001, 'k_t': 0.231, 'k_b': 0.1875, 'k_u': 0.04706, 'R': 4.2857, 'm1': 0.20625, 'm2': 0.15845, 'l1cg': 0.080305, 'l1': 0.151894, 'l2cg': 0.066733, 'I1z': 0.00049228, 'I2x': 0.00036892, 'I2y': 2.3641e-05, 'I2z': 0.00036139}, 'init_theta_std_deg': 5.0, 'init_alpha_std_deg': 8.0, 'init_theta_dot_std': 0.0, 'init_alpha_dot_std': 0.0, 'pwm_limit': 150.0, 'pwm_gain': 1.0, 'pwm_bias': 0.0, 'pwm_deadzone': 0.0, 'pwm_noise_sigma': 0.0, 'actuator_tau': 0.0, 'action_delay_steps': 0, 'theta_bias': 0.0, 'alpha_bias': 0.0, 'theta_sigma': 0.0, 'alpha_sigma': 0.0, 'theta_dot_sigma': 0.0, 'alpha_dot_sigma': 0.0, 'encoder_quantization_rad': 0.0, 'velocity_lpf': 0.25, 'process_theta_dot_sigma': 0.0, 'process_alpha_dot_sigma': 0.0}"
1459236,1,matlab_nominal_reproduction,0.0,"{'level': 0.0, 'physical': {'g': 9.8, 'c_theta': 0.025, 'c_alpha': 0.001, 'k_t': 0.231, 'k_b': 0.1875, 'k_u': 0.04706, 'R': 4.2857, 'm1': 0.20625, 'm2': 0.15845, 'l1cg': 0.080305, 'l1': 0.151894, 'l2cg': 0.066733, 'I1z': 0.00049228, 'I2x': 0.00036892, 'I2y': 2.3641e-05, 'I2z': 0.00036139}, 'init_theta_std_deg': 5.0, 'init_alpha_std_deg': 8.0, 'init_theta_dot_std': 0.0, 'init_alpha_dot_std': 0.0, 'pwm_limit': 150.0, 'pwm_gain': 1.0, 'pwm_bias': 0.0, 'pwm_deadzone': 0.0, 'pwm_noise_sigma': 0.0, 'actuator_tau': 0.0, 'action_delay_steps': 0, 'theta_bias': 0.0, 'alpha_bias': 0.0, 'theta_sigma': 0.0, 'alpha_sigma': 0.0, 'theta_dot_sigma': 0.0, 'alpha_dot_sigma': 0.0, 'encoder_quantization_rad': 0.0, 'velocity_lpf': 0.25, 'process_theta_dot_sigma': 0.0, 'process_alpha_dot_sigma': 0.0}"
1461004,1,matlab_nominal_reproduction,0.0,"{'level': 0.0, 'physical': {'g': 9.8, 'c_theta': 0.025, 'c_alpha': 0.001, 'k_t': 0.231, 'k_b': 0.1875, 'k_u': 0.04706, 'R': 4.2857, 'm1': 0.20625, 'm2': 0.15845, 'l1cg': 0.080305, 'l1': 0.151894, 'l2cg': 0.066733, 'I1z': 0.00049228, 'I2x': 0.00036892, 'I2y': 2.3641e-05, 'I2z': 0.00036139}, 'init_theta_std_deg': 5.0, 'init_alpha_std_deg': 8.0, 'init_theta_dot_std': 0.0, 'init_alpha_dot_std': 0.0, 'pwm_limit': 150.0, 'pwm_gain': 1.0, 'pwm_bias': 0.0, 'pwm_deadzone': 0.0, 'pwm_noise_sigma': 0.0, 'actuator_tau': 0.0, 'action_delay_steps': 0, 'theta_bias': 0.0, 'alpha_bias': 0.0, 'theta_sigma': 0.0, 'alpha_sigma': 0.0, 'theta_dot_sigma': 0.0, 'alpha_dot_sigma': 0.0, 'encoder_quantization_rad': 0.0, 'velocity_lpf': 0.25, 'process_theta_dot_sigma': 0.0, 'process_alpha_dot_sigma': 0.0}"
1463004,1,matlab_nominal_reproduction,0.0,"{'level': 0.0, 'physical': {'g': 9.8, 'c_theta': 0.025, 'c_alpha': 0.001, 'k_t': 0.231, 'k_b': 0.1875, 'k_u': 0.04706, 'R': 4.2857, 'm1': 0.20625, 'm2': 0.15845, 'l1cg': 0.080305, 'l1': 0.151894, 'l2cg': 0.066733, 'I1z': 0.00049228, 'I2x': 0.00036892, 'I2y': 2.3641e-05, 'I2z': 0.00036139}, 'init_theta_std_deg': 5.0, 'init_alpha_std_deg': 8.0, 'init_theta_dot_std': 0.0, 'init_alpha_dot_std': 0.0, 'pwm_limit': 150.0, 'pwm_gain': 1.0, 'pwm_bias': 0.0, 'pwm_deadzone': 0.0, 'pwm_noise_sigma': 0.0, 'actuator_tau': 0.0, 'action_delay_steps': 0, 'theta_bias': 0.0, 'alpha_bias': 0.0, 'theta_sigma': 0.0, 'alpha_sigma': 0.0, 'theta_dot_sigma': 0.0, 'alpha_dot_sigma': 0.0, 'encoder_quantization_rad': 0.0, 'velocity_lpf': 0.25, 'process_theta_dot_sigma': 0.0, 'process_alpha_dot_sigma': 0.0}"
1465004,1,matlab_nominal_reproduction,0.0,"{'level': 0.0, 'physical': {'g': 9.8, 'c_theta': 0.025, 'c_alpha': 0.001, 'k_t': 0.231, 'k_b': 0.1875, 'k_u': 0.04706, 'R': 4.2857, 'm1': 0.20625, 'm2': 0.15845, 'l1cg': 0.080305, 'l1': 0.151894, 'l2cg': 0.066733, 'I1z': 0.00049228, 'I2x': 0.00036892, 'I2y': 2.3641e-05, 'I2z': 0.00036139}, 'init_theta_std_deg': 5.0, 'init_alpha_std_deg': 8.0, 'init_theta_dot_std': 0.0, 'init_alpha_dot_std': 0.0, 'pwm_limit': 150.0, 'pwm_gain': 1.0, 'pwm_bias': 0.0, 'pwm_deadzone': 0.0, 'pwm_noise_sigma': 0.0, 'actuator_tau': 0.0, 'action_delay_steps': 0, 'theta_bias': 0.0, 'alpha_bias': 0.0, 'theta_sigma': 0.0, 'alpha_sigma': 0.0, 'theta_dot_sigma': 0.0, 'alpha_dot_sigma': 0.0, 'encoder_quantization_rad': 0.0, 'velocity_lpf': 0.25, 'process_theta_dot_sigma': 0.0, 'process_alpha_dot_sigma': 0.0}"
1466448,1,matlab_nominal_reproduction,0.0,"{'level': 0.0, 'physical': {'g': 9.8, 'c_theta': 0.025, 'c_alpha': 0.001, 'k_t': 0.231, 'k_b': 0.1875, 'k_u': 0.04706, 'R': 4.2857, 'm1': 0.20625, 'm2': 0.15845, 'l1cg': 0.080305, 'l1': 0.151894, 'l2cg': 0.066733, 'I1z': 0.00049228, 'I2x': 0.00036892, 'I2y': 2.3641e-05, 'I2z': 0.00036139}, 'init_theta_std_deg': 5.0, 'init_alpha_std_deg': 8.0, 'init_theta_dot_std': 0.0, 'init_alpha_dot_std': 0.0, 'pwm_limit': 150.0, 'pwm_gain': 1.0, 'pwm_bias': 0.0, 'pwm_deadzone': 0.0, 'pwm_noise_sigma': 0.0, 'actuator_tau': 0.0, 'action_delay_steps': 0, 'theta_bias': 0.0, 'alpha_bias': 0.0, 'theta_sigma': 0.0, 'alpha_sigma': 0.0, 'theta_dot_sigma': 0.0, 'alpha_dot_sigma': 0.0, 'encoder_quantization_rad': 0.0, 'velocity_lpf': 0.25, 'process_theta_dot_sigma': 0.0, 'process_alpha_dot_sigma': 0.0}"
1468448,1,matlab_nominal_reproduction,0.0,"{'level': 0.0, 'physical': {'g': 9.8, 'c_theta': 0.025, 'c_alpha': 0.001, 'k_t': 0.231, 'k_b': 0.1875, 'k_u': 0.04706, 'R': 4.2857, 'm1': 0.20625, 'm2': 0.15845, 'l1cg': 0.080305, 'l1': 0.151894, 'l2cg': 0.066733, 'I1z': 0.00049228, 'I2x': 0.00036892, 'I2y': 2.3641e-05, 'I2z': 0.00036139}, 'init_theta_std_deg': 5.0, 'init_alpha_std_deg': 8.0, 'init_theta_dot_std': 0.0, 'init_alpha_dot_std': 0.0, 'pwm_limit': 150.0, 'pwm_gain': 1.0, 'pwm_bias': 0.0, 'pwm_deadzone': 0.0, 'pwm_noise_sigma': 0.0, 'actuator_tau': 0.0, 'action_delay_steps': 0, 'theta_bias': 0.0, 'alpha_bias': 0.0, 'theta_sigma': 0.0, 'alpha_sigma': 0.0, 'theta_dot_sigma': 0.0, 'alpha_dot_sigma': 0.0, 'encoder_quantization_rad': 0.0, 'velocity_lpf': 0.25, 'process_theta_dot_sigma': 0.0, 'process_alpha_dot_sigma': 0.0}"
1469829,1,matlab_nominal_reproduction,0.0,"{'level': 0.0, 'physical': {'g': 9.8, 'c_theta': 0.025, 'c_alpha': 0.001, 'k_t': 0.231, 'k_b': 0.1875, 'k_u': 0.04706, 'R': 4.2857, 'm1': 0.20625, 'm2': 0.15845, 'l1cg': 0.080305, 'l1': 0.151894, 'l2cg': 0.066733, 'I1z': 0.00049228, 'I2x': 0.00036892, 'I2y': 2.3641e-05, 'I2z': 0.00036139}, 'init_theta_std_deg': 5.0, 'init_alpha_std_deg': 8.0, 'init_theta_dot_std': 0.0, 'init_alpha_dot_std': 0.0, 'pwm_limit': 150.0, 'pwm_gain': 1.0, 'pwm_bias': 0.0, 'pwm_deadzone': 0.0, 'pwm_noise_sigma': 0.0, 'actuator_tau': 0.0, 'action_delay_steps': 0, 'theta_bias': 0.0, 'alpha_bias': 0.0, 'theta_sigma': 0.0, 'alpha_sigma': 0.0, 'theta_dot_sigma': 0.0, 'alpha_dot_sigma': 0.0, 'encoder_quantization_rad': 0.0, 'velocity_lpf': 0.25, 'process_theta_dot_sigma': 0.0, 'process_alpha_dot_sigma': 0.0}"
1471829,1,matlab_nominal_reproduction,0.0,"{'level': 0.0, 'physical': {'g': 9.8, 'c_theta': 0.025, 'c_alpha': 0.001, 'k_t': 0.231, 'k_b': 0.1875, 'k_u': 0.04706, 'R': 4.2857, 'm1': 0.20625, 'm2': 0.15845, 'l1cg': 0.080305, 'l1': 0.151894, 'l2cg': 0.066733, 'I1z': 0.00049228, 'I2x': 0.00036892, 'I2y': 2.3641e-05, 'I2z': 0.00036139}, 'init_theta_std_deg': 5.0, 'init_alpha_std_deg': 8.0, 'init_theta_dot_std': 0.0, 'init_alpha_dot_std': 0.0, 'pwm_limit': 150.0, 'pwm_gain': 1.0, 'pwm_bias': 0.0, 'pwm_deadzone': 0.0, 'pwm_noise_sigma': 0.0, 'actuator_tau': 0.0, 'action_delay_steps': 0, 'theta_bias': 0.0, 'alpha_bias': 0.0, 'theta_sigma': 0.0, 'alpha_sigma': 0.0, 'theta_dot_sigma': 0.0, 'alpha_dot_sigma': 0.0, 'encoder_quantization_rad': 0.0, 'velocity_lpf': 0.25, 'process_theta_dot_sigma': 0.0, 'process_alpha_dot_sigma': 0.0}"
1473129,1,matlab_nominal_reproduction,0.0,"{'level': 0.0, 'physical': {'g': 9.8, 'c_theta': 0.025, 'c_alpha': 0.001, 'k_t': 0.231, 'k_b': 0.1875, 'k_u': 0.04706, 'R': 4.2857, 'm1': 0.20625, 'm2': 0.15845, 'l1cg': 0.080305, 'l1': 0.151894, 'l2cg': 0.066733, 'I1z': 0.00049228, 'I2x': 0.00036892, 'I2y': 2.3641e-05, 'I2z': 0.00036139}, 'init_theta_std_deg': 5.0, 'init_alpha_std_deg': 8.0, 'init_theta_dot_std': 0.0, 'init_alpha_dot_std': 0.0, 'pwm_limit': 150.0, 'pwm_gain': 1.0, 'pwm_bias': 0.0, 'pwm_deadzone': 0.0, 'pwm_noise_sigma': 0.0, 'actuator_tau': 0.0, 'action_delay_steps': 0, 'theta_bias': 0.0, 'alpha_bias': 0.0, 'theta_sigma': 0.0, 'alpha_sigma': 0.0, 'theta_dot_sigma': 0.0, 'alpha_dot_sigma': 0.0, 'encoder_quantization_rad': 0.0, 'velocity_lpf': 0.25, 'process_theta_dot_sigma': 0.0, 'process_alpha_dot_sigma': 0.0}"
1475097,1,matlab_nominal_reproduction,0.0,"{'level': 0.0, 'physical': {'g': 9.8, 'c_theta': 0.025, 'c_alpha': 0.001, 'k_t': 0.231, 'k_b': 0.1875, 'k_u': 0.04706, 'R': 4.2857, 'm1': 0.20625, 'm2': 0.15845, 'l1cg': 0.080305, 'l1': 0.151894, 'l2cg': 0.066733, 'I1z': 0.00049228, 'I2x': 0.00036892, 'I2y': 2.3641e-05, 'I2z': 0.00036139}, 'init_theta_std_deg': 5.0, 'init_alpha_std_deg': 8.0, 'init_theta_dot_std': 0.0, 'init_alpha_dot_std': 0.0, 'pwm_limit': 150.0, 'pwm_gain': 1.0, 'pwm_bias': 0.0, 'pwm_deadzone': 0.0, 'pwm_noise_sigma': 0.0, 'actuator_tau': 0.0, 'action_delay_steps': 0, 'theta_bias': 0.0, 'alpha_bias': 0.0, 'theta_sigma': 0.0, 'alpha_sigma': 0.0, 'theta_dot_sigma': 0.0, 'alpha_dot_sigma': 0.0, 'encoder_quantization_rad': 0.0, 'velocity_lpf': 0.25, 'process_theta_dot_sigma': 0.0, 'process_alpha_dot_sigma': 0.0}"
1476981,1,matlab_nominal_reproduction,0.0,"{'level': 0.0, 'physical': {'g': 9.8, 'c_theta': 0.025, 'c_alpha': 0.001, 'k_t': 0.231, 'k_b': 0.1875, 'k_u': 0.04706, 'R': 4.2857, 'm1': 0.20625, 'm2': 0.15845, 'l1cg': 0.080305, 'l1': 0.151894, 'l2cg': 0.066733, 'I1z': 0.00049228, 'I2x': 0.00036892, 'I2y': 2.3641e-05, 'I2z': 0.00036139}, 'init_theta_std_deg': 5.0, 'init_alpha_std_deg': 8.0, 'init_theta_dot_std': 0.0, 'init_alpha_dot_std': 0.0, 'pwm_limit': 150.0, 'pwm_gain': 1.0, 'pwm_bias': 0.0, 'pwm_deadzone': 0.0, 'pwm_noise_sigma': 0.0, 'actuator_tau': 0.0, 'action_delay_steps': 0, 'theta_bias': 0.0, 'alpha_bias': 0.0, 'theta_sigma': 0.0, 'alpha_sigma': 0.0, 'theta_dot_sigma': 0.0, 'alpha_dot_sigma': 0.0, 'encoder_quantization_rad': 0.0, 'velocity_lpf': 0.25, 'process_theta_dot_sigma': 0.0, 'process_alpha_dot_sigma': 0.0}"
1478981,1,matlab_nominal_reproduction,0.0,"{'level': 0.0, 'physical': {'g': 9.8, 'c_theta': 0.025, 'c_alpha': 0.001, 'k_t': 0.231, 'k_b': 0.1875, 'k_u': 0.04706, 'R': 4.2857, 'm1': 0.20625, 'm2': 0.15845, 'l1cg': 0.080305, 'l1': 0.151894, 'l2cg': 0.066733, 'I1z': 0.00049228, 'I2x': 0.00036892, 'I2y': 2.3641e-05, 'I2z': 0.00036139}, 'init_theta_std_deg': 5.0, 'init_alpha_std_deg': 8.0, 'init_theta_dot_std': 0.0, 'init_alpha_dot_std': 0.0, 'pwm_limit': 150.0, 'pwm_gain': 1.0, 'pwm_bias': 0.0, 'pwm_deadzone': 0.0, 'pwm_noise_sigma': 0.0, 'actuator_tau': 0.0, 'action_delay_steps': 0, 'theta_bias': 0.0, 'alpha_bias': 0.0, 'theta_sigma': 0.0, 'alpha_sigma': 0.0, 'theta_dot_sigma': 0.0, 'alpha_dot_sigma': 0.0, 'encoder_quantization_rad': 0.0, 'velocity_lpf': 0.25, 'process_theta_dot_sigma': 0.0, 'process_alpha_dot_sigma': 0.0}"
1480981,1,matlab_nominal_reproduction,0.0,"{'level': 0.0, 'physical': {'g': 9.8, 'c_theta': 0.025, 'c_alpha': 0.001, 'k_t': 0.231, 'k_b': 0.1875, 'k_u': 0.04706, 'R': 4.2857, 'm1': 0.20625, 'm2': 0.15845, 'l1cg': 0.080305, 'l1': 0.151894, 'l2cg': 0.066733, 'I1z': 0.00049228, 'I2x': 0.00036892, 'I2y': 2.3641e-05, 'I2z': 0.00036139}, 'init_theta_std_deg': 5.0, 'init_alpha_std_deg': 8.0, 'init_theta_dot_std': 0.0, 'init_alpha_dot_std': 0.0, 'pwm_limit': 150.0, 'pwm_gain': 1.0, 'pwm_bias': 0.0, 'pwm_deadzone': 0.0, 'pwm_noise_sigma': 0.0, 'actuator_tau': 0.0, 'action_delay_steps': 0, 'theta_bias': 0.0, 'alpha_bias': 0.0, 'theta_sigma': 0.0, 'alpha_sigma': 0.0, 'theta_dot_sigma': 0.0, 'alpha_dot_sigma': 0.0, 'encoder_quantization_rad': 0.0, 'velocity_lpf': 0.25, 'process_theta_dot_sigma': 0.0, 'process_alpha_dot_sigma': 0.0}"
1482981,1,matlab_nominal_reproduction,0.0,"{'level': 0.0, 'physical': {'g': 9.8, 'c_theta': 0.025, 'c_alpha': 0.001, 'k_t': 0.231, 'k_b': 0.1875, 'k_u': 0.04706, 'R': 4.2857, 'm1': 0.20625, 'm2': 0.15845, 'l1cg': 0.080305, 'l1': 0.151894, 'l2cg': 0.066733, 'I1z': 0.00049228, 'I2x': 0.00036892, 'I2y': 2.3641e-05, 'I2z': 0.00036139}, 'init_theta_std_deg': 5.0, 'init_alpha_std_deg': 8.0, 'init_theta_dot_std': 0.0, 'init_alpha_dot_std': 0.0, 'pwm_limit': 150.0, 'pwm_gain': 1.0, 'pwm_bias': 0.0, 'pwm_deadzone': 0.0, 'pwm_noise_sigma': 0.0, 'actuator_tau': 0.0, 'action_delay_steps': 0, 'theta_bias': 0.0, 'alpha_bias': 0.0, 'theta_sigma': 0.0, 'alpha_sigma': 0.0, 'theta_dot_sigma': 0.0, 'alpha_dot_sigma': 0.0, 'encoder_quantization_rad': 0.0, 'velocity_lpf': 0.25, 'process_theta_dot_sigma': 0.0, 'process_alpha_dot_sigma': 0.0}"
1484981,1,matlab_nominal_reproduction,0.0,"{'level': 0.0, 'physical': {'g': 9.8, 'c_theta': 0.025, 'c_alpha': 0.001, 'k_t': 0.231, 'k_b': 0.1875, 'k_u': 0.04706, 'R': 4.2857, 'm1': 0.20625, 'm2': 0.15845, 'l1cg': 0.080305, 'l1': 0.151894, 'l2cg': 0.066733, 'I1z': 0.00049228, 'I2x': 0.00036892, 'I2y': 2.3641e-05, 'I2z': 0.00036139}, 'init_theta_std_deg': 5.0, 'init_alpha_std_deg': 8.0, 'init_theta_dot_std': 0.0, 'init_alpha_dot_std': 0.0, 'pwm_limit': 150.0, 'pwm_gain': 1.0, 'pwm_bias': 0.0, 'pwm_deadzone': 0.0, 'pwm_noise_sigma': 0.0, 'actuator_tau': 0.0, 'action_delay_steps': 0, 'theta_bias': 0.0, 'alpha_bias': 0.0, 'theta_sigma': 0.0, 'alpha_sigma': 0.0, 'theta_dot_sigma': 0.0, 'alpha_dot_sigma': 0.0, 'encoder_quantization_rad': 0.0, 'velocity_lpf': 0.25, 'process_theta_dot_sigma': 0.0, 'process_alpha_dot_sigma': 0.0}"
1486981,1,matlab_nominal_reproduction,0.0,"{'level': 0.0, 'physical': {'g': 9.8, 'c_theta': 0.025, 'c_alpha': 0.001, 'k_t': 0.231, 'k_b': 0.1875, 'k_u': 0.04706, 'R': 4.2857, 'm1': 0.20625, 'm2': 0.15845, 'l1cg': 0.080305, 'l1': 0.151894, 'l2cg': 0.066733, 'I1z': 0.00049228, 'I2x': 0.00036892, 'I2y': 2.3641e-05, 'I2z': 0.00036139}, 'init_theta_std_deg': 5.0, 'init_alpha_std_deg': 8.0, 'init_theta_dot_std': 0.0, 'init_alpha_dot_std': 0.0, 'pwm_limit': 150.0, 'pwm_gain': 1.0, 'pwm_bias': 0.0, 'pwm_deadzone': 0.0, 'pwm_noise_sigma': 0.0, 'actuator_tau': 0.0, 'action_delay_steps': 0, 'theta_bias': 0.0, 'alpha_bias': 0.0, 'theta_sigma': 0.0, 'alpha_sigma': 0.0, 'theta_dot_sigma': 0.0, 'alpha_dot_sigma': 0.0, 'encoder_quantization_rad': 0.0, 'velocity_lpf': 0.25, 'process_theta_dot_sigma': 0.0, 'process_alpha_dot_sigma': 0.0}"
1488981,1,matlab_nominal_reproduction,0.0,"{'level': 0.0, 'physical': {'g': 9.8, 'c_theta': 0.025, 'c_alpha': 0.001, 'k_t': 0.231, 'k_b': 0.1875, 'k_u': 0.04706, 'R': 4.2857, 'm1': 0.20625, 'm2': 0.15845, 'l1cg': 0.080305, 'l1': 0.151894, 'l2cg': 0.066733, 'I1z': 0.00049228, 'I2x': 0.00036892, 'I2y': 2.3641e-05, 'I2z': 0.00036139}, 'init_theta_std_deg': 5.0, 'init_alpha_std_deg': 8.0, 'init_theta_dot_std': 0.0, 'init_alpha_dot_std': 0.0, 'pwm_limit': 150.0, 'pwm_gain': 1.0, 'pwm_bias': 0.0, 'pwm_deadzone': 0.0, 'pwm_noise_sigma': 0.0, 'actuator_tau': 0.0, 'action_delay_steps': 0, 'theta_bias': 0.0, 'alpha_bias': 0.0, 'theta_sigma': 0.0, 'alpha_sigma': 0.0, 'theta_dot_sigma': 0.0, 'alpha_dot_sigma': 0.0, 'encoder_quantization_rad': 0.0, 'velocity_lpf': 0.25, 'process_theta_dot_sigma': 0.0, 'process_alpha_dot_sigma': 0.0}"
1490981,1,matlab_nominal_reproduction,0.0,"{'level': 0.0, 'physical': {'g': 9.8, 'c_theta': 0.025, 'c_alpha': 0.001, 'k_t': 0.231, 'k_b': 0.1875, 'k_u': 0.04706, 'R': 4.2857, 'm1': 0.20625, 'm2': 0.15845, 'l1cg': 0.080305, 'l1': 0.151894, 'l2cg': 0.066733, 'I1z': 0.00049228, 'I2x': 0.00036892, 'I2y': 2.3641e-05, 'I2z': 0.00036139}, 'init_theta_std_deg': 5.0, 'init_alpha_std_deg': 8.0, 'init_theta_dot_std': 0.0, 'init_alpha_dot_std': 0.0, 'pwm_limit': 150.0, 'pwm_gain': 1.0, 'pwm_bias': 0.0, 'pwm_deadzone': 0.0, 'pwm_noise_sigma': 0.0, 'actuator_tau': 0.0, 'action_delay_steps': 0, 'theta_bias': 0.0, 'alpha_bias': 0.0, 'theta_sigma': 0.0, 'alpha_sigma': 0.0, 'theta_dot_sigma': 0.0, 'alpha_dot_sigma': 0.0, 'encoder_quantization_rad': 0.0, 'velocity_lpf': 0.25, 'process_theta_dot_sigma': 0.0, 'process_alpha_dot_sigma': 0.0}"
1492981,1,matlab_nominal_reproduction,0.0,"{'level': 0.0, 'physical': {'g': 9.8, 'c_theta': 0.025, 'c_alpha': 0.001, 'k_t': 0.231, 'k_b': 0.1875, 'k_u': 0.04706, 'R': 4.2857, 'm1': 0.20625, 'm2': 0.15845, 'l1cg': 0.080305, 'l1': 0.151894, 'l2cg': 0.066733, 'I1z': 0.00049228, 'I2x': 0.00036892, 'I2y': 2.3641e-05, 'I2z': 0.00036139}, 'init_theta_std_deg': 5.0, 'init_alpha_std_deg': 8.0, 'init_theta_dot_std': 0.0, 'init_alpha_dot_std': 0.0, 'pwm_limit': 150.0, 'pwm_gain': 1.0, 'pwm_bias': 0.0, 'pwm_deadzone': 0.0, 'pwm_noise_sigma': 0.0, 'actuator_tau': 0.0, 'action_delay_steps': 0, 'theta_bias': 0.0, 'alpha_bias': 0.0, 'theta_sigma': 0.0, 'alpha_sigma': 0.0, 'theta_dot_sigma': 0.0, 'alpha_dot_sigma': 0.0, 'encoder_quantization_rad': 0.0, 'velocity_lpf': 0.25, 'process_theta_dot_sigma': 0.0, 'process_alpha_dot_sigma': 0.0}"
1494981,1,matlab_nominal_reproduction,0.0,"{'level': 0.0, 'physical': {'g': 9.8, 'c_theta': 0.025, 'c_alpha': 0.001, 'k_t': 0.231, 'k_b': 0.1875, 'k_u': 0.04706, 'R': 4.2857, 'm1': 0.20625, 'm2': 0.15845, 'l1cg': 0.080305, 'l1': 0.151894, 'l2cg': 0.066733, 'I1z': 0.00049228, 'I2x': 0.00036892, 'I2y': 2.3641e-05, 'I2z': 0.00036139}, 'init_theta_std_deg': 5.0, 'init_alpha_std_deg': 8.0, 'init_theta_dot_std': 0.0, 'init_alpha_dot_std': 0.0, 'pwm_limit': 150.0, 'pwm_gain': 1.0, 'pwm_bias': 0.0, 'pwm_deadzone': 0.0, 'pwm_noise_sigma': 0.0, 'actuator_tau': 0.0, 'action_delay_steps': 0, 'theta_bias': 0.0, 'alpha_bias': 0.0, 'theta_sigma': 0.0, 'alpha_sigma': 0.0, 'theta_dot_sigma': 0.0, 'alpha_dot_sigma': 0.0, 'encoder_quantization_rad': 0.0, 'velocity_lpf': 0.25, 'process_theta_dot_sigma': 0.0, 'process_alpha_dot_sigma': 0.0}"
1496981,1,matlab_nominal_reproduction,0.0,"{'level': 0.0, 'physical': {'g': 9.8, 'c_theta': 0.025, 'c_alpha': 0.001, 'k_t': 0.231, 'k_b': 0.1875, 'k_u': 0.04706, 'R': 4.2857, 'm1': 0.20625, 'm2': 0.15845, 'l1cg': 0.080305, 'l1': 0.151894, 'l2cg': 0.066733, 'I1z': 0.00049228, 'I2x': 0.00036892, 'I2y': 2.3641e-05, 'I2z': 0.00036139}, 'init_theta_std_deg': 5.0, 'init_alpha_std_deg': 8.0, 'init_theta_dot_std': 0.0, 'init_alpha_dot_std': 0.0, 'pwm_limit': 150.0, 'pwm_gain': 1.0, 'pwm_bias': 0.0, 'pwm_deadzone': 0.0, 'pwm_noise_sigma': 0.0, 'actuator_tau': 0.0, 'action_delay_steps': 0, 'theta_bias': 0.0, 'alpha_bias': 0.0, 'theta_sigma': 0.0, 'alpha_sigma': 0.0, 'theta_dot_sigma': 0.0, 'alpha_dot_sigma': 0.0, 'encoder_quantization_rad': 0.0, 'velocity_lpf': 0.25, 'process_theta_dot_sigma': 0.0, 'process_alpha_dot_sigma': 0.0}"
1498981,1,matlab_nominal_reproduction,0.0,"{'level': 0.0, 'physical': {'g': 9.8, 'c_theta': 0.025, 'c_alpha': 0.001, 'k_t': 0.231, 'k_b': 0.1875, 'k_u': 0.04706, 'R': 4.2857, 'm1': 0.20625, 'm2': 0.15845, 'l1cg': 0.080305, 'l1': 0.151894, 'l2cg': 0.066733, 'I1z': 0.00049228, 'I2x': 0.00036892, 'I2y': 2.3641e-05, 'I2z': 0.00036139}, 'init_theta_std_deg': 5.0, 'init_alpha_std_deg': 8.0, 'init_theta_dot_std': 0.0, 'init_alpha_dot_std': 0.0, 'pwm_limit': 150.0, 'pwm_gain': 1.0, 'pwm_bias': 0.0, 'pwm_deadzone': 0.0, 'pwm_noise_sigma': 0.0, 'actuator_tau': 0.0, 'action_delay_steps': 0, 'theta_bias': 0.0, 'alpha_bias': 0.0, 'theta_sigma': 0.0, 'alpha_sigma': 0.0, 'theta_dot_sigma': 0.0, 'alpha_dot_sigma': 0.0, 'encoder_quantization_rad': 0.0, 'velocity_lpf': 0.25, 'process_theta_dot_sigma': 0.0, 'process_alpha_dot_sigma': 0.0}"
1500981,1,matlab_nominal_reproduction,0.0,"{'level': 0.0, 'physical': {'g': 9.8, 'c_theta': 0.025, 'c_alpha': 0.001, 'k_t': 0.231, 'k_b': 0.1875, 'k_u': 0.04706, 'R': 4.2857, 'm1': 0.20625, 'm2': 0.15845, 'l1cg': 0.080305, 'l1': 0.151894, 'l2cg': 0.066733, 'I1z': 0.00049228, 'I2x': 0.00036892, 'I2y': 2.3641e-05, 'I2z': 0.00036139}, 'init_theta_std_deg': 5.0, 'init_alpha_std_deg': 8.0, 'init_theta_dot_std': 0.0, 'init_alpha_dot_std': 0.0, 'pwm_limit': 150.0, 'pwm_gain': 1.0, 'pwm_bias': 0.0, 'pwm_deadzone': 0.0, 'pwm_noise_sigma': 0.0, 'actuator_tau': 0.0, 'action_delay_steps': 0, 'theta_bias': 0.0, 'alpha_bias': 0.0, 'theta_sigma': 0.0, 'alpha_sigma': 0.0, 'theta_dot_sigma': 0.0, 'alpha_dot_sigma': 0.0, 'encoder_quantization_rad': 0.0, 'velocity_lpf': 0.25, 'process_theta_dot_sigma': 0.0, 'process_alpha_dot_sigma': 0.0}"
1502981,1,matlab_nominal_reproduction,0.0,"{'level': 0.0, 'physical': {'g': 9.8, 'c_theta': 0.025, 'c_alpha': 0.001, 'k_t': 0.231, 'k_b': 0.1875, 'k_u': 0.04706, 'R': 4.2857, 'm1': 0.20625, 'm2': 0.15845, 'l1cg': 0.080305, 'l1': 0.151894, 'l2cg': 0.066733, 'I1z': 0.00049228, 'I2x': 0.00036892, 'I2y': 2.3641e-05, 'I2z': 0.00036139}, 'init_theta_std_deg': 5.0, 'init_alpha_std_deg': 8.0, 'init_theta_dot_std': 0.0, 'init_alpha_dot_std': 0.0, 'pwm_limit': 150.0, 'pwm_gain': 1.0, 'pwm_bias': 0.0, 'pwm_deadzone': 0.0, 'pwm_noise_sigma': 0.0, 'actuator_tau': 0.0, 'action_delay_steps': 0, 'theta_bias': 0.0, 'alpha_bias': 0.0, 'theta_sigma': 0.0, 'alpha_sigma': 0.0, 'theta_dot_sigma': 0.0, 'alpha_dot_sigma': 0.0, 'encoder_quantization_rad': 0.0, 'velocity_lpf': 0.25, 'process_theta_dot_sigma': 0.0, 'process_alpha_dot_sigma': 0.0}"
1504981,1,matlab_nominal_reproduction,0.0,"{'level': 0.0, 'physical': {'g': 9.8, 'c_theta': 0.025, 'c_alpha': 0.001, 'k_t': 0.231, 'k_b': 0.1875, 'k_u': 0.04706, 'R': 4.2857, 'm1': 0.20625, 'm2': 0.15845, 'l1cg': 0.080305, 'l1': 0.151894, 'l2cg': 0.066733, 'I1z': 0.00049228, 'I2x': 0.00036892, 'I2y': 2.3641e-05, 'I2z': 0.00036139}, 'init_theta_std_deg': 5.0, 'init_alpha_std_deg': 8.0, 'init_theta_dot_std': 0.0, 'init_alpha_dot_std': 0.0, 'pwm_limit': 150.0, 'pwm_gain': 1.0, 'pwm_bias': 0.0, 'pwm_deadzone': 0.0, 'pwm_noise_sigma': 0.0, 'actuator_tau': 0.0, 'action_delay_steps': 0, 'theta_bias': 0.0, 'alpha_bias': 0.0, 'theta_sigma': 0.0, 'alpha_sigma': 0.0, 'theta_dot_sigma': 0.0, 'alpha_dot_sigma': 0.0, 'encoder_quantization_rad': 0.0, 'velocity_lpf': 0.25, 'process_theta_dot_sigma': 0.0, 'process_alpha_dot_sigma': 0.0}"
1506981,1,matlab_nominal_reproduction,0.0,"{'level': 0.0, 'physical': {'g': 9.8, 'c_theta': 0.025, 'c_alpha': 0.001, 'k_t': 0.231, 'k_b': 0.1875, 'k_u': 0.04706, 'R': 4.2857, 'm1': 0.20625, 'm2': 0.15845, 'l1cg': 0.080305, 'l1': 0.151894, 'l2cg': 0.066733, 'I1z': 0.00049228, 'I2x': 0.00036892, 'I2y': 2.3641e-05, 'I2z': 0.00036139}, 'init_theta_std_deg': 5.0, 'init_alpha_std_deg': 8.0, 'init_theta_dot_std': 0.0, 'init_alpha_dot_std': 0.0, 'pwm_limit': 150.0, 'pwm_gain': 1.0, 'pwm_bias': 0.0, 'pwm_deadzone': 0.0, 'pwm_noise_sigma': 0.0, 'actuator_tau': 0.0, 'action_delay_steps': 0, 'theta_bias': 0.0, 'alpha_bias': 0.0, 'theta_sigma': 0.0, 'alpha_sigma': 0.0, 'theta_dot_sigma': 0.0, 'alpha_dot_sigma': 0.0, 'encoder_quantization_rad': 0.0, 'velocity_lpf': 0.25, 'process_theta_dot_sigma': 0.0, 'process_alpha_dot_sigma': 0.0}"
1508981,1,matlab_nominal_reproduction,0.0,"{'level': 0.0, 'physical': {'g': 9.8, 'c_theta': 0.025, 'c_alpha': 0.001, 'k_t': 0.231, 'k_b': 0.1875, 'k_u': 0.04706, 'R': 4.2857, 'm1': 0.20625, 'm2': 0.15845, 'l1cg': 0.080305, 'l1': 0.151894, 'l2cg': 0.066733, 'I1z': 0.00049228, 'I2x': 0.00036892, 'I2y': 2.3641e-05, 'I2z': 0.00036139}, 'init_theta_std_deg': 5.0, 'init_alpha_std_deg': 8.0, 'init_theta_dot_std': 0.0, 'init_alpha_dot_std': 0.0, 'pwm_limit': 150.0, 'pwm_gain': 1.0, 'pwm_bias': 0.0, 'pwm_deadzone': 0.0, 'pwm_noise_sigma': 0.0, 'actuator_tau': 0.0, 'action_delay_steps': 0, 'theta_bias': 0.0, 'alpha_bias': 0.0, 'theta_sigma': 0.0, 'alpha_sigma': 0.0, 'theta_dot_sigma': 0.0, 'alpha_dot_sigma': 0.0, 'encoder_quantization_rad': 0.0, 'velocity_lpf': 0.25, 'process_theta_dot_sigma': 0.0, 'process_alpha_dot_sigma': 0.0}"
1510981,1,matlab_nominal_reproduction,0.0,"{'level': 0.0, 'physical': {'g': 9.8, 'c_theta': 0.025, 'c_alpha': 0.001, 'k_t': 0.231, 'k_b': 0.1875, 'k_u': 0.04706, 'R': 4.2857, 'm1': 0.20625, 'm2': 0.15845, 'l1cg': 0.080305, 'l1': 0.151894, 'l2cg': 0.066733, 'I1z': 0.00049228, 'I2x': 0.00036892, 'I2y': 2.3641e-05, 'I2z': 0.00036139}, 'init_theta_std_deg': 5.0, 'init_alpha_std_deg': 8.0, 'init_theta_dot_std': 0.0, 'init_alpha_dot_std': 0.0, 'pwm_limit': 150.0, 'pwm_gain': 1.0, 'pwm_bias': 0.0, 'pwm_deadzone': 0.0, 'pwm_noise_sigma': 0.0, 'actuator_tau': 0.0, 'action_delay_steps': 0, 'theta_bias': 0.0, 'alpha_bias': 0.0, 'theta_sigma': 0.0, 'alpha_sigma': 0.0, 'theta_dot_sigma': 0.0, 'alpha_dot_sigma': 0.0, 'encoder_quantization_rad': 0.0, 'velocity_lpf': 0.25, 'process_theta_dot_sigma': 0.0, 'process_alpha_dot_sigma': 0.0}"
1512981,1,matlab_nominal_reproduction,0.0,"{'level': 0.0, 'physical': {'g': 9.8, 'c_theta': 0.025, 'c_alpha': 0.001, 'k_t': 0.231, 'k_b': 0.1875, 'k_u': 0.04706, 'R': 4.2857, 'm1': 0.20625, 'm2': 0.15845, 'l1cg': 0.080305, 'l1': 0.151894, 'l2cg': 0.066733, 'I1z': 0.00049228, 'I2x': 0.00036892, 'I2y': 2.3641e-05, 'I2z': 0.00036139}, 'init_theta_std_deg': 5.0, 'init_alpha_std_deg': 8.0, 'init_theta_dot_std': 0.0, 'init_alpha_dot_std': 0.0, 'pwm_limit': 150.0, 'pwm_gain': 1.0, 'pwm_bias': 0.0, 'pwm_deadzone': 0.0, 'pwm_noise_sigma': 0.0, 'actuator_tau': 0.0, 'action_delay_steps': 0, 'theta_bias': 0.0, 'alpha_bias': 0.0, 'theta_sigma': 0.0, 'alpha_sigma': 0.0, 'theta_dot_sigma': 0.0, 'alpha_dot_sigma': 0.0, 'encoder_quantization_rad': 0.0, 'velocity_lpf': 0.25, 'process_theta_dot_sigma': 0.0, 'process_alpha_dot_sigma': 0.0}"
1514981,1,matlab_nominal_reproduction,0.0,"{'level': 0.0, 'physical': {'g': 9.8, 'c_theta': 0.025, 'c_alpha': 0.001, 'k_t': 0.231, 'k_b': 0.1875, 'k_u': 0.04706, 'R': 4.2857, 'm1': 0.20625, 'm2': 0.15845, 'l1cg': 0.080305, 'l1': 0.151894, 'l2cg': 0.066733, 'I1z': 0.00049228, 'I2x': 0.00036892, 'I2y': 2.3641e-05, 'I2z': 0.00036139}, 'init_theta_std_deg': 5.0, 'init_alpha_std_deg': 8.0, 'init_theta_dot_std': 0.0, 'init_alpha_dot_std': 0.0, 'pwm_limit': 150.0, 'pwm_gain': 1.0, 'pwm_bias': 0.0, 'pwm_deadzone': 0.0, 'pwm_noise_sigma': 0.0, 'actuator_tau': 0.0, 'action_delay_steps': 0, 'theta_bias': 0.0, 'alpha_bias': 0.0, 'theta_sigma': 0.0, 'alpha_sigma': 0.0, 'theta_dot_sigma': 0.0, 'alpha_dot_sigma': 0.0, 'encoder_quantization_rad': 0.0, 'velocity_lpf': 0.25, 'process_theta_dot_sigma': 0.0, 'process_alpha_dot_sigma': 0.0}"
1516981,1,matlab_nominal_reproduction,0.0,"{'level': 0.0, 'physical': {'g': 9.8, 'c_theta': 0.025, 'c_alpha': 0.001, 'k_t': 0.231, 'k_b': 0.1875, 'k_u': 0.04706, 'R': 4.2857, 'm1': 0.20625, 'm2': 0.15845, 'l1cg': 0.080305, 'l1': 0.151894, 'l2cg': 0.066733, 'I1z': 0.00049228, 'I2x': 0.00036892, 'I2y': 2.3641e-05, 'I2z': 0.00036139}, 'init_theta_std_deg': 5.0, 'init_alpha_std_deg': 8.0, 'init_theta_dot_std': 0.0, 'init_alpha_dot_std': 0.0, 'pwm_limit': 150.0, 'pwm_gain': 1.0, 'pwm_bias': 0.0, 'pwm_deadzone': 0.0, 'pwm_noise_sigma': 0.0, 'actuator_tau': 0.0, 'action_delay_steps': 0, 'theta_bias': 0.0, 'alpha_bias': 0.0, 'theta_sigma': 0.0, 'alpha_sigma': 0.0, 'theta_dot_sigma': 0.0, 'alpha_dot_sigma': 0.0, 'encoder_quantization_rad': 0.0, 'velocity_lpf': 0.25, 'process_theta_dot_sigma': 0.0, 'process_alpha_dot_sigma': 0.0}"
1518981,1,matlab_nominal_reproduction,0.0,"{'level': 0.0, 'physical': {'g': 9.8, 'c_theta': 0.025, 'c_alpha': 0.001, 'k_t': 0.231, 'k_b': 0.1875, 'k_u': 0.04706, 'R': 4.2857, 'm1': 0.20625, 'm2': 0.15845, 'l1cg': 0.080305, 'l1': 0.151894, 'l2cg': 0.066733, 'I1z': 0.00049228, 'I2x': 0.00036892, 'I2y': 2.3641e-05, 'I2z': 0.00036139}, 'init_theta_std_deg': 5.0, 'init_alpha_std_deg': 8.0, 'init_theta_dot_std': 0.0, 'init_alpha_dot_std': 0.0, 'pwm_limit': 150.0, 'pwm_gain': 1.0, 'pwm_bias': 0.0, 'pwm_deadzone': 0.0, 'pwm_noise_sigma': 0.0, 'actuator_tau': 0.0, 'action_delay_steps': 0, 'theta_bias': 0.0, 'alpha_bias': 0.0, 'theta_sigma': 0.0, 'alpha_sigma': 0.0, 'theta_dot_sigma': 0.0, 'alpha_dot_sigma': 0.0, 'encoder_quantization_rad': 0.0, 'velocity_lpf': 0.25, 'process_theta_dot_sigma': 0.0, 'process_alpha_dot_sigma': 0.0}"
1520981,1,matlab_nominal_reproduction,0.0,"{'level': 0.0, 'physical': {'g': 9.8, 'c_theta': 0.025, 'c_alpha': 0.001, 'k_t': 0.231, 'k_b': 0.1875, 'k_u': 0.04706, 'R': 4.2857, 'm1': 0.20625, 'm2': 0.15845, 'l1cg': 0.080305, 'l1': 0.151894, 'l2cg': 0.066733, 'I1z': 0.00049228, 'I2x': 0.00036892, 'I2y': 2.3641e-05, 'I2z': 0.00036139}, 'init_theta_std_deg': 5.0, 'init_alpha_std_deg': 8.0, 'init_theta_dot_std': 0.0, 'init_alpha_dot_std': 0.0, 'pwm_limit': 150.0, 'pwm_gain': 1.0, 'pwm_bias': 0.0, 'pwm_deadzone': 0.0, 'pwm_noise_sigma': 0.0, 'actuator_tau': 0.0, 'action_delay_steps': 0, 'theta_bias': 0.0, 'alpha_bias': 0.0, 'theta_sigma': 0.0, 'alpha_sigma': 0.0, 'theta_dot_sigma': 0.0, 'alpha_dot_sigma': 0.0, 'encoder_quantization_rad': 0.0, 'velocity_lpf': 0.25, 'process_theta_dot_sigma': 0.0, 'process_alpha_dot_sigma': 0.0}"
1522981,1,matlab_nominal_reproduction,0.0,"{'level': 0.0, 'physical': {'g': 9.8, 'c_theta': 0.025, 'c_alpha': 0.001, 'k_t': 0.231, 'k_b': 0.1875, 'k_u': 0.04706, 'R': 4.2857, 'm1': 0.20625, 'm2': 0.15845, 'l1cg': 0.080305, 'l1': 0.151894, 'l2cg': 0.066733, 'I1z': 0.00049228, 'I2x': 0.00036892, 'I2y': 2.3641e-05, 'I2z': 0.00036139}, 'init_theta_std_deg': 5.0, 'init_alpha_std_deg': 8.0, 'init_theta_dot_std': 0.0, 'init_alpha_dot_std': 0.0, 'pwm_limit': 150.0, 'pwm_gain': 1.0, 'pwm_bias': 0.0, 'pwm_deadzone': 0.0, 'pwm_noise_sigma': 0.0, 'actuator_tau': 0.0, 'action_delay_steps': 0, 'theta_bias': 0.0, 'alpha_bias': 0.0, 'theta_sigma': 0.0, 'alpha_sigma': 0.0, 'theta_dot_sigma': 0.0, 'alpha_dot_sigma': 0.0, 'encoder_quantization_rad': 0.0, 'velocity_lpf': 0.25, 'process_theta_dot_sigma': 0.0, 'process_alpha_dot_sigma': 0.0}"
1524981,1,matlab_nominal_reproduction,0.0,"{'level': 0.0, 'physical': {'g': 9.8, 'c_theta': 0.025, 'c_alpha': 0.001, 'k_t': 0.231, 'k_b': 0.1875, 'k_u': 0.04706, 'R': 4.2857, 'm1': 0.20625, 'm2': 0.15845, 'l1cg': 0.080305, 'l1': 0.151894, 'l2cg': 0.066733, 'I1z': 0.00049228, 'I2x': 0.00036892, 'I2y': 2.3641e-05, 'I2z': 0.00036139}, 'init_theta_std_deg': 5.0, 'init_alpha_std_deg': 8.0, 'init_theta_dot_std': 0.0, 'init_alpha_dot_std': 0.0, 'pwm_limit': 150.0, 'pwm_gain': 1.0, 'pwm_bias': 0.0, 'pwm_deadzone': 0.0, 'pwm_noise_sigma': 0.0, 'actuator_tau': 0.0, 'action_delay_steps': 0, 'theta_bias': 0.0, 'alpha_bias': 0.0, 'theta_sigma': 0.0, 'alpha_sigma': 0.0, 'theta_dot_sigma': 0.0, 'alpha_dot_sigma': 0.0, 'encoder_quantization_rad': 0.0, 'velocity_lpf': 0.25, 'process_theta_dot_sigma': 0.0, 'process_alpha_dot_sigma': 0.0}"
1526981,1,matlab_nominal_reproduction,0.0,"{'level': 0.0, 'physical': {'g': 9.8, 'c_theta': 0.025, 'c_alpha': 0.001, 'k_t': 0.231, 'k_b': 0.1875, 'k_u': 0.04706, 'R': 4.2857, 'm1': 0.20625, 'm2': 0.15845, 'l1cg': 0.080305, 'l1': 0.151894, 'l2cg': 0.066733, 'I1z': 0.00049228, 'I2x': 0.00036892, 'I2y': 2.3641e-05, 'I2z': 0.00036139}, 'init_theta_std_deg': 5.0, 'init_alpha_std_deg': 8.0, 'init_theta_dot_std': 0.0, 'init_alpha_dot_std': 0.0, 'pwm_limit': 150.0, 'pwm_gain': 1.0, 'pwm_bias': 0.0, 'pwm_deadzone': 0.0, 'pwm_noise_sigma': 0.0, 'actuator_tau': 0.0, 'action_delay_steps': 0, 'theta_bias': 0.0, 'alpha_bias': 0.0, 'theta_sigma': 0.0, 'alpha_sigma': 0.0, 'theta_dot_sigma': 0.0, 'alpha_dot_sigma': 0.0, 'encoder_quantization_rad': 0.0, 'velocity_lpf': 0.25, 'process_theta_dot_sigma': 0.0, 'process_alpha_dot_sigma': 0.0}"
1528981,1,matlab_nominal_reproduction,0.0,"{'level': 0.0, 'physical': {'g': 9.8, 'c_theta': 0.025, 'c_alpha': 0.001, 'k_t': 0.231, 'k_b': 0.1875, 'k_u': 0.04706, 'R': 4.2857, 'm1': 0.20625, 'm2': 0.15845, 'l1cg': 0.080305, 'l1': 0.151894, 'l2cg': 0.066733, 'I1z': 0.00049228, 'I2x': 0.00036892, 'I2y': 2.3641e-05, 'I2z': 0.00036139}, 'init_theta_std_deg': 5.0, 'init_alpha_std_deg': 8.0, 'init_theta_dot_std': 0.0, 'init_alpha_dot_std': 0.0, 'pwm_limit': 150.0, 'pwm_gain': 1.0, 'pwm_bias': 0.0, 'pwm_deadzone': 0.0, 'pwm_noise_sigma': 0.0, 'actuator_tau': 0.0, 'action_delay_steps': 0, 'theta_bias': 0.0, 'alpha_bias': 0.0, 'theta_sigma': 0.0, 'alpha_sigma': 0.0, 'theta_dot_sigma': 0.0, 'alpha_dot_sigma': 0.0, 'encoder_quantization_rad': 0.0, 'velocity_lpf': 0.25, 'process_theta_dot_sigma': 0.0, 'process_alpha_dot_sigma': 0.0}"
1530981,1,matlab_nominal_reproduction,0.0,"{'level': 0.0, 'physical': {'g': 9.8, 'c_theta': 0.025, 'c_alpha': 0.001, 'k_t': 0.231, 'k_b': 0.1875, 'k_u': 0.04706, 'R': 4.2857, 'm1': 0.20625, 'm2': 0.15845, 'l1cg': 0.080305, 'l1': 0.151894, 'l2cg': 0.066733, 'I1z': 0.00049228, 'I2x': 0.00036892, 'I2y': 2.3641e-05, 'I2z': 0.00036139}, 'init_theta_std_deg': 5.0, 'init_alpha_std_deg': 8.0, 'init_theta_dot_std': 0.0, 'init_alpha_dot_std': 0.0, 'pwm_limit': 150.0, 'pwm_gain': 1.0, 'pwm_bias': 0.0, 'pwm_deadzone': 0.0, 'pwm_noise_sigma': 0.0, 'actuator_tau': 0.0, 'action_delay_steps': 0, 'theta_bias': 0.0, 'alpha_bias': 0.0, 'theta_sigma': 0.0, 'alpha_sigma': 0.0, 'theta_dot_sigma': 0.0, 'alpha_dot_sigma': 0.0, 'encoder_quantization_rad': 0.0, 'velocity_lpf': 0.25, 'process_theta_dot_sigma': 0.0, 'process_alpha_dot_sigma': 0.0}"
1531890,1,matlab_nominal_reproduction,0.0,"{'level': 0.0, 'physical': {'g': 9.8, 'c_theta': 0.025, 'c_alpha': 0.001, 'k_t': 0.231, 'k_b': 0.1875, 'k_u': 0.04706, 'R': 4.2857, 'm1': 0.20625, 'm2': 0.15845, 'l1cg': 0.080305, 'l1': 0.151894, 'l2cg': 0.066733, 'I1z': 0.00049228, 'I2x': 0.00036892, 'I2y': 2.3641e-05, 'I2z': 0.00036139}, 'init_theta_std_deg': 5.0, 'init_alpha_std_deg': 8.0, 'init_theta_dot_std': 0.0, 'init_alpha_dot_std': 0.0, 'pwm_limit': 150.0, 'pwm_gain': 1.0, 'pwm_bias': 0.0, 'pwm_deadzone': 0.0, 'pwm_noise_sigma': 0.0, 'actuator_tau': 0.0, 'action_delay_steps': 0, 'theta_bias': 0.0, 'alpha_bias': 0.0, 'theta_sigma': 0.0, 'alpha_sigma': 0.0, 'theta_dot_sigma': 0.0, 'alpha_dot_sigma': 0.0, 'encoder_quantization_rad': 0.0, 'velocity_lpf': 0.25, 'process_theta_dot_sigma': 0.0, 'process_alpha_dot_sigma': 0.0}"
1533890,1,matlab_nominal_reproduction,0.0,"{'level': 0.0, 'physical': {'g': 9.8, 'c_theta': 0.025, 'c_alpha': 0.001, 'k_t': 0.231, 'k_b': 0.1875, 'k_u': 0.04706, 'R': 4.2857, 'm1': 0.20625, 'm2': 0.15845, 'l1cg': 0.080305, 'l1': 0.151894, 'l2cg': 0.066733, 'I1z': 0.00049228, 'I2x': 0.00036892, 'I2y': 2.3641e-05, 'I2z': 0.00036139}, 'init_theta_std_deg': 5.0, 'init_alpha_std_deg': 8.0, 'init_theta_dot_std': 0.0, 'init_alpha_dot_std': 0.0, 'pwm_limit': 150.0, 'pwm_gain': 1.0, 'pwm_bias': 0.0, 'pwm_deadzone': 0.0, 'pwm_noise_sigma': 0.0, 'actuator_tau': 0.0, 'action_delay_steps': 0, 'theta_bias': 0.0, 'alpha_bias': 0.0, 'theta_sigma': 0.0, 'alpha_sigma': 0.0, 'theta_dot_sigma': 0.0, 'alpha_dot_sigma': 0.0, 'encoder_quantization_rad': 0.0, 'velocity_lpf': 0.25, 'process_theta_dot_sigma': 0.0, 'process_alpha_dot_sigma': 0.0}"
1535890,1,matlab_nominal_reproduction,0.0,"{'level': 0.0, 'physical': {'g': 9.8, 'c_theta': 0.025, 'c_alpha': 0.001, 'k_t': 0.231, 'k_b': 0.1875, 'k_u': 0.04706, 'R': 4.2857, 'm1': 0.20625, 'm2': 0.15845, 'l1cg': 0.080305, 'l1': 0.151894, 'l2cg': 0.066733, 'I1z': 0.00049228, 'I2x': 0.00036892, 'I2y': 2.3641e-05, 'I2z': 0.00036139}, 'init_theta_std_deg': 5.0, 'init_alpha_std_deg': 8.0, 'init_theta_dot_std': 0.0, 'init_alpha_dot_std': 0.0, 'pwm_limit': 150.0, 'pwm_gain': 1.0, 'pwm_bias': 0.0, 'pwm_deadzone': 0.0, 'pwm_noise_sigma': 0.0, 'actuator_tau': 0.0, 'action_delay_steps': 0, 'theta_bias': 0.0, 'alpha_bias': 0.0, 'theta_sigma': 0.0, 'alpha_sigma': 0.0, 'theta_dot_sigma': 0.0, 'alpha_dot_sigma': 0.0, 'encoder_quantization_rad': 0.0, 'velocity_lpf': 0.25, 'process_theta_dot_sigma': 0.0, 'process_alpha_dot_sigma': 0.0}"
1537890,1,matlab_nominal_reproduction,0.0,"{'level': 0.0, 'physical': {'g': 9.8, 'c_theta': 0.025, 'c_alpha': 0.001, 'k_t': 0.231, 'k_b': 0.1875, 'k_u': 0.04706, 'R': 4.2857, 'm1': 0.20625, 'm2': 0.15845, 'l1cg': 0.080305, 'l1': 0.151894, 'l2cg': 0.066733, 'I1z': 0.00049228, 'I2x': 0.00036892, 'I2y': 2.3641e-05, 'I2z': 0.00036139}, 'init_theta_std_deg': 5.0, 'init_alpha_std_deg': 8.0, 'init_theta_dot_std': 0.0, 'init_alpha_dot_std': 0.0, 'pwm_limit': 150.0, 'pwm_gain': 1.0, 'pwm_bias': 0.0, 'pwm_deadzone': 0.0, 'pwm_noise_sigma': 0.0, 'actuator_tau': 0.0, 'action_delay_steps': 0, 'theta_bias': 0.0, 'alpha_bias': 0.0, 'theta_sigma': 0.0, 'alpha_sigma': 0.0, 'theta_dot_sigma': 0.0, 'alpha_dot_sigma': 0.0, 'encoder_quantization_rad': 0.0, 'velocity_lpf': 0.25, 'process_theta_dot_sigma': 0.0, 'process_alpha_dot_sigma': 0.0}"
1539890,1,matlab_nominal_reproduction,0.0,"{'level': 0.0, 'physical': {'g': 9.8, 'c_theta': 0.025, 'c_alpha': 0.001, 'k_t': 0.231, 'k_b': 0.1875, 'k_u': 0.04706, 'R': 4.2857, 'm1': 0.20625, 'm2': 0.15845, 'l1cg': 0.080305, 'l1': 0.151894, 'l2cg': 0.066733, 'I1z': 0.00049228, 'I2x': 0.00036892, 'I2y': 2.3641e-05, 'I2z': 0.00036139}, 'init_theta_std_deg': 5.0, 'init_alpha_std_deg': 8.0, 'init_theta_dot_std': 0.0, 'init_alpha_dot_std': 0.0, 'pwm_limit': 150.0, 'pwm_gain': 1.0, 'pwm_bias': 0.0, 'pwm_deadzone': 0.0, 'pwm_noise_sigma': 0.0, 'actuator_tau': 0.0, 'action_delay_steps': 0, 'theta_bias': 0.0, 'alpha_bias': 0.0, 'theta_sigma': 0.0, 'alpha_sigma': 0.0, 'theta_dot_sigma': 0.0, 'alpha_dot_sigma': 0.0, 'encoder_quantization_rad': 0.0, 'velocity_lpf': 0.25, 'process_theta_dot_sigma': 0.0, 'process_alpha_dot_sigma': 0.0}"
1541890,1,matlab_nominal_reproduction,0.0,"{'level': 0.0, 'physical': {'g': 9.8, 'c_theta': 0.025, 'c_alpha': 0.001, 'k_t': 0.231, 'k_b': 0.1875, 'k_u': 0.04706, 'R': 4.2857, 'm1': 0.20625, 'm2': 0.15845, 'l1cg': 0.080305, 'l1': 0.151894, 'l2cg': 0.066733, 'I1z': 0.00049228, 'I2x': 0.00036892, 'I2y': 2.3641e-05, 'I2z': 0.00036139}, 'init_theta_std_deg': 5.0, 'init_alpha_std_deg': 8.0, 'init_theta_dot_std': 0.0, 'init_alpha_dot_std': 0.0, 'pwm_limit': 150.0, 'pwm_gain': 1.0, 'pwm_bias': 0.0, 'pwm_deadzone': 0.0, 'pwm_noise_sigma': 0.0, 'actuator_tau': 0.0, 'action_delay_steps': 0, 'theta_bias': 0.0, 'alpha_bias': 0.0, 'theta_sigma': 0.0, 'alpha_sigma': 0.0, 'theta_dot_sigma': 0.0, 'alpha_dot_sigma': 0.0, 'encoder_quantization_rad': 0.0, 'velocity_lpf': 0.25, 'process_theta_dot_sigma': 0.0, 'process_alpha_dot_sigma': 0.0}"
1543890,1,matlab_nominal_reproduction,0.0,"{'level': 0.0, 'physical': {'g': 9.8, 'c_theta': 0.025, 'c_alpha': 0.001, 'k_t': 0.231, 'k_b': 0.1875, 'k_u': 0.04706, 'R': 4.2857, 'm1': 0.20625, 'm2': 0.15845, 'l1cg': 0.080305, 'l1': 0.151894, 'l2cg': 0.066733, 'I1z': 0.00049228, 'I2x': 0.00036892, 'I2y': 2.3641e-05, 'I2z': 0.00036139}, 'init_theta_std_deg': 5.0, 'init_alpha_std_deg': 8.0, 'init_theta_dot_std': 0.0, 'init_alpha_dot_std': 0.0, 'pwm_limit': 150.0, 'pwm_gain': 1.0, 'pwm_bias': 0.0, 'pwm_deadzone': 0.0, 'pwm_noise_sigma': 0.0, 'actuator_tau': 0.0, 'action_delay_steps': 0, 'theta_bias': 0.0, 'alpha_bias': 0.0, 'theta_sigma': 0.0, 'alpha_sigma': 0.0, 'theta_dot_sigma': 0.0, 'alpha_dot_sigma': 0.0, 'encoder_quantization_rad': 0.0, 'velocity_lpf': 0.25, 'process_theta_dot_sigma': 0.0, 'process_alpha_dot_sigma': 0.0}"
1545890,1,matlab_nominal_reproduction,0.0,"{'level': 0.0, 'physical': {'g': 9.8, 'c_theta': 0.025, 'c_alpha': 0.001, 'k_t': 0.231, 'k_b': 0.1875, 'k_u': 0.04706, 'R': 4.2857, 'm1': 0.20625, 'm2': 0.15845, 'l1cg': 0.080305, 'l1': 0.151894, 'l2cg': 0.066733, 'I1z': 0.00049228, 'I2x': 0.00036892, 'I2y': 2.3641e-05, 'I2z': 0.00036139}, 'init_theta_std_deg': 5.0, 'init_alpha_std_deg': 8.0, 'init_theta_dot_std': 0.0, 'init_alpha_dot_std': 0.0, 'pwm_limit': 150.0, 'pwm_gain': 1.0, 'pwm_bias': 0.0, 'pwm_deadzone': 0.0, 'pwm_noise_sigma': 0.0, 'actuator_tau': 0.0, 'action_delay_steps': 0, 'theta_bias': 0.0, 'alpha_bias': 0.0, 'theta_sigma': 0.0, 'alpha_sigma': 0.0, 'theta_dot_sigma': 0.0, 'alpha_dot_sigma': 0.0, 'encoder_quantization_rad': 0.0, 'velocity_lpf': 0.25, 'process_theta_dot_sigma': 0.0, 'process_alpha_dot_sigma': 0.0}"
1547890,1,matlab_nominal_reproduction,0.0,"{'level': 0.0, 'physical': {'g': 9.8, 'c_theta': 0.025, 'c_alpha': 0.001, 'k_t': 0.231, 'k_b': 0.1875, 'k_u': 0.04706, 'R': 4.2857, 'm1': 0.20625, 'm2': 0.15845, 'l1cg': 0.080305, 'l1': 0.151894, 'l2cg': 0.066733, 'I1z': 0.00049228, 'I2x': 0.00036892, 'I2y': 2.3641e-05, 'I2z': 0.00036139}, 'init_theta_std_deg': 5.0, 'init_alpha_std_deg': 8.0, 'init_theta_dot_std': 0.0, 'init_alpha_dot_std': 0.0, 'pwm_limit': 150.0, 'pwm_gain': 1.0, 'pwm_bias': 0.0, 'pwm_deadzone': 0.0, 'pwm_noise_sigma': 0.0, 'actuator_tau': 0.0, 'action_delay_steps': 0, 'theta_bias': 0.0, 'alpha_bias': 0.0, 'theta_sigma': 0.0, 'alpha_sigma': 0.0, 'theta_dot_sigma': 0.0, 'alpha_dot_sigma': 0.0, 'encoder_quantization_rad': 0.0, 'velocity_lpf': 0.25, 'process_theta_dot_sigma': 0.0, 'process_alpha_dot_sigma': 0.0}"
1549890,1,matlab_nominal_reproduction,0.0,"{'level': 0.0, 'physical': {'g': 9.8, 'c_theta': 0.025, 'c_alpha': 0.001, 'k_t': 0.231, 'k_b': 0.1875, 'k_u': 0.04706, 'R': 4.2857, 'm1': 0.20625, 'm2': 0.15845, 'l1cg': 0.080305, 'l1': 0.151894, 'l2cg': 0.066733, 'I1z': 0.00049228, 'I2x': 0.00036892, 'I2y': 2.3641e-05, 'I2z': 0.00036139}, 'init_theta_std_deg': 5.0, 'init_alpha_std_deg': 8.0, 'init_theta_dot_std': 0.0, 'init_alpha_dot_std': 0.0, 'pwm_limit': 150.0, 'pwm_gain': 1.0, 'pwm_bias': 0.0, 'pwm_deadzone': 0.0, 'pwm_noise_sigma': 0.0, 'actuator_tau': 0.0, 'action_delay_steps': 0, 'theta_bias': 0.0, 'alpha_bias': 0.0, 'theta_sigma': 0.0, 'alpha_sigma': 0.0, 'theta_dot_sigma': 0.0, 'alpha_dot_sigma': 0.0, 'encoder_quantization_rad': 0.0, 'velocity_lpf': 0.25, 'process_theta_dot_sigma': 0.0, 'process_alpha_dot_sigma': 0.0}"
1551890,1,matlab_nominal_reproduction,0.0,"{'level': 0.0, 'physical': {'g': 9.8, 'c_theta': 0.025, 'c_alpha': 0.001, 'k_t': 0.231, 'k_b': 0.1875, 'k_u': 0.04706, 'R': 4.2857, 'm1': 0.20625, 'm2': 0.15845, 'l1cg': 0.080305, 'l1': 0.151894, 'l2cg': 0.066733, 'I1z': 0.00049228, 'I2x': 0.00036892, 'I2y': 2.3641e-05, 'I2z': 0.00036139}, 'init_theta_std_deg': 5.0, 'init_alpha_std_deg': 8.0, 'init_theta_dot_std': 0.0, 'init_alpha_dot_std': 0.0, 'pwm_limit': 150.0, 'pwm_gain': 1.0, 'pwm_bias': 0.0, 'pwm_deadzone': 0.0, 'pwm_noise_sigma': 0.0, 'actuator_tau': 0.0, 'action_delay_steps': 0, 'theta_bias': 0.0, 'alpha_bias': 0.0, 'theta_sigma': 0.0, 'alpha_sigma': 0.0, 'theta_dot_sigma': 0.0, 'alpha_dot_sigma': 0.0, 'encoder_quantization_rad': 0.0, 'velocity_lpf': 0.25, 'process_theta_dot_sigma': 0.0, 'process_alpha_dot_sigma': 0.0}"
1553890,1,matlab_nominal_reproduction,0.0,"{'level': 0.0, 'physical': {'g': 9.8, 'c_theta': 0.025, 'c_alpha': 0.001, 'k_t': 0.231, 'k_b': 0.1875, 'k_u': 0.04706, 'R': 4.2857, 'm1': 0.20625, 'm2': 0.15845, 'l1cg': 0.080305, 'l1': 0.151894, 'l2cg': 0.066733, 'I1z': 0.00049228, 'I2x': 0.00036892, 'I2y': 2.3641e-05, 'I2z': 0.00036139}, 'init_theta_std_deg': 5.0, 'init_alpha_std_deg': 8.0, 'init_theta_dot_std': 0.0, 'init_alpha_dot_std': 0.0, 'pwm_limit': 150.0, 'pwm_gain': 1.0, 'pwm_bias': 0.0, 'pwm_deadzone': 0.0, 'pwm_noise_sigma': 0.0, 'actuator_tau': 0.0, 'action_delay_steps': 0, 'theta_bias': 0.0, 'alpha_bias': 0.0, 'theta_sigma': 0.0, 'alpha_sigma': 0.0, 'theta_dot_sigma': 0.0, 'alpha_dot_sigma': 0.0, 'encoder_quantization_rad': 0.0, 'velocity_lpf': 0.25, 'process_theta_dot_sigma': 0.0, 'process_alpha_dot_sigma': 0.0}"
1555890,1,matlab_nominal_reproduction,0.0,"{'level': 0.0, 'physical': {'g': 9.8, 'c_theta': 0.025, 'c_alpha': 0.001, 'k_t': 0.231, 'k_b': 0.1875, 'k_u': 0.04706, 'R': 4.2857, 'm1': 0.20625, 'm2': 0.15845, 'l1cg': 0.080305, 'l1': 0.151894, 'l2cg': 0.066733, 'I1z': 0.00049228, 'I2x': 0.00036892, 'I2y': 2.3641e-05, 'I2z': 0.00036139}, 'init_theta_std_deg': 5.0, 'init_alpha_std_deg': 8.0, 'init_theta_dot_std': 0.0, 'init_alpha_dot_std': 0.0, 'pwm_limit': 150.0, 'pwm_gain': 1.0, 'pwm_bias': 0.0, 'pwm_deadzone': 0.0, 'pwm_noise_sigma': 0.0, 'actuator_tau': 0.0, 'action_delay_steps': 0, 'theta_bias': 0.0, 'alpha_bias': 0.0, 'theta_sigma': 0.0, 'alpha_sigma': 0.0, 'theta_dot_sigma': 0.0, 'alpha_dot_sigma': 0.0, 'encoder_quantization_rad': 0.0, 'velocity_lpf': 0.25, 'process_theta_dot_sigma': 0.0, 'process_alpha_dot_sigma': 0.0}"
1557818,1,matlab_nominal_reproduction,0.0,"{'level': 0.0, 'physical': {'g': 9.8, 'c_theta': 0.025, 'c_alpha': 0.001, 'k_t': 0.231, 'k_b': 0.1875, 'k_u': 0.04706, 'R': 4.2857, 'm1': 0.20625, 'm2': 0.15845, 'l1cg': 0.080305, 'l1': 0.151894, 'l2cg': 0.066733, 'I1z': 0.00049228, 'I2x': 0.00036892, 'I2y': 2.3641e-05, 'I2z': 0.00036139}, 'init_theta_std_deg': 5.0, 'init_alpha_std_deg': 8.0, 'init_theta_dot_std': 0.0, 'init_alpha_dot_std': 0.0, 'pwm_limit': 150.0, 'pwm_gain': 1.0, 'pwm_bias': 0.0, 'pwm_deadzone': 0.0, 'pwm_noise_sigma': 0.0, 'actuator_tau': 0.0, 'action_delay_steps': 0, 'theta_bias': 0.0, 'alpha_bias': 0.0, 'theta_sigma': 0.0, 'alpha_sigma': 0.0, 'theta_dot_sigma': 0.0, 'alpha_dot_sigma': 0.0, 'encoder_quantization_rad': 0.0, 'velocity_lpf': 0.25, 'process_theta_dot_sigma': 0.0, 'process_alpha_dot_sigma': 0.0}"
1559818,1,matlab_nominal_reproduction,0.0,"{'level': 0.0, 'physical': {'g': 9.8, 'c_theta': 0.025, 'c_alpha': 0.001, 'k_t': 0.231, 'k_b': 0.1875, 'k_u': 0.04706, 'R': 4.2857, 'm1': 0.20625, 'm2': 0.15845, 'l1cg': 0.080305, 'l1': 0.151894, 'l2cg': 0.066733, 'I1z': 0.00049228, 'I2x': 0.00036892, 'I2y': 2.3641e-05, 'I2z': 0.00036139}, 'init_theta_std_deg': 5.0, 'init_alpha_std_deg': 8.0, 'init_theta_dot_std': 0.0, 'init_alpha_dot_std': 0.0, 'pwm_limit': 150.0, 'pwm_gain': 1.0, 'pwm_bias': 0.0, 'pwm_deadzone': 0.0, 'pwm_noise_sigma': 0.0, 'actuator_tau': 0.0, 'action_delay_steps': 0, 'theta_bias': 0.0, 'alpha_bias': 0.0, 'theta_sigma': 0.0, 'alpha_sigma': 0.0, 'theta_dot_sigma': 0.0, 'alpha_dot_sigma': 0.0, 'encoder_quantization_rad': 0.0, 'velocity_lpf': 0.25, 'process_theta_dot_sigma': 0.0, 'process_alpha_dot_sigma': 0.0}"
1561818,1,matlab_nominal_reproduction,0.0,"{'level': 0.0, 'physical': {'g': 9.8, 'c_theta': 0.025, 'c_alpha': 0.001, 'k_t': 0.231, 'k_b': 0.1875, 'k_u': 0.04706, 'R': 4.2857, 'm1': 0.20625, 'm2': 0.15845, 'l1cg': 0.080305, 'l1': 0.151894, 'l2cg': 0.066733, 'I1z': 0.00049228, 'I2x': 0.00036892, 'I2y': 2.3641e-05, 'I2z': 0.00036139}, 'init_theta_std_deg': 5.0, 'init_alpha_std_deg': 8.0, 'init_theta_dot_std': 0.0, 'init_alpha_dot_std': 0.0, 'pwm_limit': 150.0, 'pwm_gain': 1.0, 'pwm_bias': 0.0, 'pwm_deadzone': 0.0, 'pwm_noise_sigma': 0.0, 'actuator_tau': 0.0, 'action_delay_steps': 0, 'theta_bias': 0.0, 'alpha_bias': 0.0, 'theta_sigma': 0.0, 'alpha_sigma': 0.0, 'theta_dot_sigma': 0.0, 'alpha_dot_sigma': 0.0, 'encoder_quantization_rad': 0.0, 'velocity_lpf': 0.25, 'process_theta_dot_sigma': 0.0, 'process_alpha_dot_sigma': 0.0}"
1563485,1,matlab_nominal_reproduction,0.0,"{'level': 0.0, 'physical': {'g': 9.8, 'c_theta': 0.025, 'c_alpha': 0.001, 'k_t': 0.231, 'k_b': 0.1875, 'k_u': 0.04706, 'R': 4.2857, 'm1': 0.20625, 'm2': 0.15845, 'l1cg': 0.080305, 'l1': 0.151894, 'l2cg': 0.066733, 'I1z': 0.00049228, 'I2x': 0.00036892, 'I2y': 2.3641e-05, 'I2z': 0.00036139}, 'init_theta_std_deg': 5.0, 'init_alpha_std_deg': 8.0, 'init_theta_dot_std': 0.0, 'init_alpha_dot_std': 0.0, 'pwm_limit': 150.0, 'pwm_gain': 1.0, 'pwm_bias': 0.0, 'pwm_deadzone': 0.0, 'pwm_noise_sigma': 0.0, 'actuator_tau': 0.0, 'action_delay_steps': 0, 'theta_bias': 0.0, 'alpha_bias': 0.0, 'theta_sigma': 0.0, 'alpha_sigma': 0.0, 'theta_dot_sigma': 0.0, 'alpha_dot_sigma': 0.0, 'encoder_quantization_rad': 0.0, 'velocity_lpf': 0.25, 'process_theta_dot_sigma': 0.0, 'process_alpha_dot_sigma': 0.0}"
1565485,1,matlab_nominal_reproduction,0.0,"{'level': 0.0, 'physical': {'g': 9.8, 'c_theta': 0.025, 'c_alpha': 0.001, 'k_t': 0.231, 'k_b': 0.1875, 'k_u': 0.04706, 'R': 4.2857, 'm1': 0.20625, 'm2': 0.15845, 'l1cg': 0.080305, 'l1': 0.151894, 'l2cg': 0.066733, 'I1z': 0.00049228, 'I2x': 0.00036892, 'I2y': 2.3641e-05, 'I2z': 0.00036139}, 'init_theta_std_deg': 5.0, 'init_alpha_std_deg': 8.0, 'init_theta_dot_std': 0.0, 'init_alpha_dot_std': 0.0, 'pwm_limit': 150.0, 'pwm_gain': 1.0, 'pwm_bias': 0.0, 'pwm_deadzone': 0.0, 'pwm_noise_sigma': 0.0, 'actuator_tau': 0.0, 'action_delay_steps': 0, 'theta_bias': 0.0, 'alpha_bias': 0.0, 'theta_sigma': 0.0, 'alpha_sigma': 0.0, 'theta_dot_sigma': 0.0, 'alpha_dot_sigma': 0.0, 'encoder_quantization_rad': 0.0, 'velocity_lpf': 0.25, 'process_theta_dot_sigma': 0.0, 'process_alpha_dot_sigma': 0.0}"
1567485,1,matlab_nominal_reproduction,0.0,"{'level': 0.0, 'physical': {'g': 9.8, 'c_theta': 0.025, 'c_alpha': 0.001, 'k_t': 0.231, 'k_b': 0.1875, 'k_u': 0.04706, 'R': 4.2857, 'm1': 0.20625, 'm2': 0.15845, 'l1cg': 0.080305, 'l1': 0.151894, 'l2cg': 0.066733, 'I1z': 0.00049228, 'I2x': 0.00036892, 'I2y': 2.3641e-05, 'I2z': 0.00036139}, 'init_theta_std_deg': 5.0, 'init_alpha_std_deg': 8.0, 'init_theta_dot_std': 0.0, 'init_alpha_dot_std': 0.0, 'pwm_limit': 150.0, 'pwm_gain': 1.0, 'pwm_bias': 0.0, 'pwm_deadzone': 0.0, 'pwm_noise_sigma': 0.0, 'actuator_tau': 0.0, 'action_delay_steps': 0, 'theta_bias': 0.0, 'alpha_bias': 0.0, 'theta_sigma': 0.0, 'alpha_sigma': 0.0, 'theta_dot_sigma': 0.0, 'alpha_dot_sigma': 0.0, 'encoder_quantization_rad': 0.0, 'velocity_lpf': 0.25, 'process_theta_dot_sigma': 0.0, 'process_alpha_dot_sigma': 0.0}"
1569485,1,matlab_nominal_reproduction,0.0,"{'level': 0.0, 'physical': {'g': 9.8, 'c_theta': 0.025, 'c_alpha': 0.001, 'k_t': 0.231, 'k_b': 0.1875, 'k_u': 0.04706, 'R': 4.2857, 'm1': 0.20625, 'm2': 0.15845, 'l1cg': 0.080305, 'l1': 0.151894, 'l2cg': 0.066733, 'I1z': 0.00049228, 'I2x': 0.00036892, 'I2y': 2.3641e-05, 'I2z': 0.00036139}, 'init_theta_std_deg': 5.0, 'init_alpha_std_deg': 8.0, 'init_theta_dot_std': 0.0, 'init_alpha_dot_std': 0.0, 'pwm_limit': 150.0, 'pwm_gain': 1.0, 'pwm_bias': 0.0, 'pwm_deadzone': 0.0, 'pwm_noise_sigma': 0.0, 'actuator_tau': 0.0, 'action_delay_steps': 0, 'theta_bias': 0.0, 'alpha_bias': 0.0, 'theta_sigma': 0.0, 'alpha_sigma': 0.0, 'theta_dot_sigma': 0.0, 'alpha_dot_sigma': 0.0, 'encoder_quantization_rad': 0.0, 'velocity_lpf': 0.25, 'process_theta_dot_sigma': 0.0, 'process_alpha_dot_sigma': 0.0}"
1571485,1,matlab_nominal_reproduction,0.0,"{'level': 0.0, 'physical': {'g': 9.8, 'c_theta': 0.025, 'c_alpha': 0.001, 'k_t': 0.231, 'k_b': 0.1875, 'k_u': 0.04706, 'R': 4.2857, 'm1': 0.20625, 'm2': 0.15845, 'l1cg': 0.080305, 'l1': 0.151894, 'l2cg': 0.066733, 'I1z': 0.00049228, 'I2x': 0.00036892, 'I2y': 2.3641e-05, 'I2z': 0.00036139}, 'init_theta_std_deg': 5.0, 'init_alpha_std_deg': 8.0, 'init_theta_dot_std': 0.0, 'init_alpha_dot_std': 0.0, 'pwm_limit': 150.0, 'pwm_gain': 1.0, 'pwm_bias': 0.0, 'pwm_deadzone': 0.0, 'pwm_noise_sigma': 0.0, 'actuator_tau': 0.0, 'action_delay_steps': 0, 'theta_bias': 0.0, 'alpha_bias': 0.0, 'theta_sigma': 0.0, 'alpha_sigma': 0.0, 'theta_dot_sigma': 0.0, 'alpha_dot_sigma': 0.0, 'encoder_quantization_rad': 0.0, 'velocity_lpf': 0.25, 'process_theta_dot_sigma': 0.0, 'process_alpha_dot_sigma': 0.0}"
1573485,1,matlab_nominal_reproduction,0.0,"{'level': 0.0, 'physical': {'g': 9.8, 'c_theta': 0.025, 'c_alpha': 0.001, 'k_t': 0.231, 'k_b': 0.1875, 'k_u': 0.04706, 'R': 4.2857, 'm1': 0.20625, 'm2': 0.15845, 'l1cg': 0.080305, 'l1': 0.151894, 'l2cg': 0.066733, 'I1z': 0.00049228, 'I2x': 0.00036892, 'I2y': 2.3641e-05, 'I2z': 0.00036139}, 'init_theta_std_deg': 5.0, 'init_alpha_std_deg': 8.0, 'init_theta_dot_std': 0.0, 'init_alpha_dot_std': 0.0, 'pwm_limit': 150.0, 'pwm_gain': 1.0, 'pwm_bias': 0.0, 'pwm_deadzone': 0.0, 'pwm_noise_sigma': 0.0, 'actuator_tau': 0.0, 'action_delay_steps': 0, 'theta_bias': 0.0, 'alpha_bias': 0.0, 'theta_sigma': 0.0, 'alpha_sigma': 0.0, 'theta_dot_sigma': 0.0, 'alpha_dot_sigma': 0.0, 'encoder_quantization_rad': 0.0, 'velocity_lpf': 0.25, 'process_theta_dot_sigma': 0.0, 'process_alpha_dot_sigma': 0.0}"
1575485,1,matlab_nominal_reproduction,0.0,"{'level': 0.0, 'physical': {'g': 9.8, 'c_theta': 0.025, 'c_alpha': 0.001, 'k_t': 0.231, 'k_b': 0.1875, 'k_u': 0.04706, 'R': 4.2857, 'm1': 0.20625, 'm2': 0.15845, 'l1cg': 0.080305, 'l1': 0.151894, 'l2cg': 0.066733, 'I1z': 0.00049228, 'I2x': 0.00036892, 'I2y': 2.3641e-05, 'I2z': 0.00036139}, 'init_theta_std_deg': 5.0, 'init_alpha_std_deg': 8.0, 'init_theta_dot_std': 0.0, 'init_alpha_dot_std': 0.0, 'pwm_limit': 150.0, 'pwm_gain': 1.0, 'pwm_bias': 0.0, 'pwm_deadzone': 0.0, 'pwm_noise_sigma': 0.0, 'actuator_tau': 0.0, 'action_delay_steps': 0, 'theta_bias': 0.0, 'alpha_bias': 0.0, 'theta_sigma': 0.0, 'alpha_sigma': 0.0, 'theta_dot_sigma': 0.0, 'alpha_dot_sigma': 0.0, 'encoder_quantization_rad': 0.0, 'velocity_lpf': 0.25, 'process_theta_dot_sigma': 0.0, 'process_alpha_dot_sigma': 0.0}"
1577485,1,matlab_nominal_reproduction,0.0,"{'level': 0.0, 'physical': {'g': 9.8, 'c_theta': 0.025, 'c_alpha': 0.001, 'k_t': 0.231, 'k_b': 0.1875, 'k_u': 0.04706, 'R': 4.2857, 'm1': 0.20625, 'm2': 0.15845, 'l1cg': 0.080305, 'l1': 0.151894, 'l2cg': 0.066733, 'I1z': 0.00049228, 'I2x': 0.00036892, 'I2y': 2.3641e-05, 'I2z': 0.00036139}, 'init_theta_std_deg': 5.0, 'init_alpha_std_deg': 8.0, 'init_theta_dot_std': 0.0, 'init_alpha_dot_std': 0.0, 'pwm_limit': 150.0, 'pwm_gain': 1.0, 'pwm_bias': 0.0, 'pwm_deadzone': 0.0, 'pwm_noise_sigma': 0.0, 'actuator_tau': 0.0, 'action_delay_steps': 0, 'theta_bias': 0.0, 'alpha_bias': 0.0, 'theta_sigma': 0.0, 'alpha_sigma': 0.0, 'theta_dot_sigma': 0.0, 'alpha_dot_sigma': 0.0, 'encoder_quantization_rad': 0.0, 'velocity_lpf': 0.25, 'process_theta_dot_sigma': 0.0, 'process_alpha_dot_sigma': 0.0}"
1579485,1,matlab_nominal_reproduction,0.0,"{'level': 0.0, 'physical': {'g': 9.8, 'c_theta': 0.025, 'c_alpha': 0.001, 'k_t': 0.231, 'k_b': 0.1875, 'k_u': 0.04706, 'R': 4.2857, 'm1': 0.20625, 'm2': 0.15845, 'l1cg': 0.080305, 'l1': 0.151894, 'l2cg': 0.066733, 'I1z': 0.00049228, 'I2x': 0.00036892, 'I2y': 2.3641e-05, 'I2z': 0.00036139}, 'init_theta_std_deg': 5.0, 'init_alpha_std_deg': 8.0, 'init_theta_dot_std': 0.0, 'init_alpha_dot_std': 0.0, 'pwm_limit': 150.0, 'pwm_gain': 1.0, 'pwm_bias': 0.0, 'pwm_deadzone': 0.0, 'pwm_noise_sigma': 0.0, 'actuator_tau': 0.0, 'action_delay_steps': 0, 'theta_bias': 0.0, 'alpha_bias': 0.0, 'theta_sigma': 0.0, 'alpha_sigma': 0.0, 'theta_dot_sigma': 0.0, 'alpha_dot_sigma': 0.0, 'encoder_quantization_rad': 0.0, 'velocity_lpf': 0.25, 'process_theta_dot_sigma': 0.0, 'process_alpha_dot_sigma': 0.0}"
1581485,1,matlab_nominal_reproduction,0.0,"{'level': 0.0, 'physical': {'g': 9.8, 'c_theta': 0.025, 'c_alpha': 0.001, 'k_t': 0.231, 'k_b': 0.1875, 'k_u': 0.04706, 'R': 4.2857, 'm1': 0.20625, 'm2': 0.15845, 'l1cg': 0.080305, 'l1': 0.151894, 'l2cg': 0.066733, 'I1z': 0.00049228, 'I2x': 0.00036892, 'I2y': 2.3641e-05, 'I2z': 0.00036139}, 'init_theta_std_deg': 5.0, 'init_alpha_std_deg': 8.0, 'init_theta_dot_std': 0.0, 'init_alpha_dot_std': 0.0, 'pwm_limit': 150.0, 'pwm_gain': 1.0, 'pwm_bias': 0.0, 'pwm_deadzone': 0.0, 'pwm_noise_sigma': 0.0, 'actuator_tau': 0.0, 'action_delay_steps': 0, 'theta_bias': 0.0, 'alpha_bias': 0.0, 'theta_sigma': 0.0, 'alpha_sigma': 0.0, 'theta_dot_sigma': 0.0, 'alpha_dot_sigma': 0.0, 'encoder_quantization_rad': 0.0, 'velocity_lpf': 0.25, 'process_theta_dot_sigma': 0.0, 'process_alpha_dot_sigma': 0.0}"
1583485,1,matlab_nominal_reproduction,0.0,"{'level': 0.0, 'physical': {'g': 9.8, 'c_theta': 0.025, 'c_alpha': 0.001, 'k_t': 0.231, 'k_b': 0.1875, 'k_u': 0.04706, 'R': 4.2857, 'm1': 0.20625, 'm2': 0.15845, 'l1cg': 0.080305, 'l1': 0.151894, 'l2cg': 0.066733, 'I1z': 0.00049228, 'I2x': 0.00036892, 'I2y': 2.3641e-05, 'I2z': 0.00036139}, 'init_theta_std_deg': 5.0, 'init_alpha_std_deg': 8.0, 'init_theta_dot_std': 0.0, 'init_alpha_dot_std': 0.0, 'pwm_limit': 150.0, 'pwm_gain': 1.0, 'pwm_bias': 0.0, 'pwm_deadzone': 0.0, 'pwm_noise_sigma': 0.0, 'actuator_tau': 0.0, 'action_delay_steps': 0, 'theta_bias': 0.0, 'alpha_bias': 0.0, 'theta_sigma': 0.0, 'alpha_sigma': 0.0, 'theta_dot_sigma': 0.0, 'alpha_dot_sigma': 0.0, 'encoder_quantization_rad': 0.0, 'velocity_lpf': 0.25, 'process_theta_dot_sigma': 0.0, 'process_alpha_dot_sigma': 0.0}"
1585485,1,matlab_nominal_reproduction,0.0,"{'level': 0.0, 'physical': {'g': 9.8, 'c_theta': 0.025, 'c_alpha': 0.001, 'k_t': 0.231, 'k_b': 0.1875, 'k_u': 0.04706, 'R': 4.2857, 'm1': 0.20625, 'm2': 0.15845, 'l1cg': 0.080305, 'l1': 0.151894, 'l2cg': 0.066733, 'I1z': 0.00049228, 'I2x': 0.00036892, 'I2y': 2.3641e-05, 'I2z': 0.00036139}, 'init_theta_std_deg': 5.0, 'init_alpha_std_deg': 8.0, 'init_theta_dot_std': 0.0, 'init_alpha_dot_std': 0.0, 'pwm_limit': 150.0, 'pwm_gain': 1.0, 'pwm_bias': 0.0, 'pwm_deadzone': 0.0, 'pwm_noise_sigma': 0.0, 'actuator_tau': 0.0, 'action_delay_steps': 0, 'theta_bias': 0.0, 'alpha_bias': 0.0, 'theta_sigma': 0.0, 'alpha_sigma': 0.0, 'theta_dot_sigma': 0.0, 'alpha_dot_sigma': 0.0, 'encoder_quantization_rad': 0.0, 'velocity_lpf': 0.25, 'process_theta_dot_sigma': 0.0, 'process_alpha_dot_sigma': 0.0}"
1587485,1,matlab_nominal_reproduction,0.0,"{'level': 0.0, 'physical': {'g': 9.8, 'c_theta': 0.025, 'c_alpha': 0.001, 'k_t': 0.231, 'k_b': 0.1875, 'k_u': 0.04706, 'R': 4.2857, 'm1': 0.20625, 'm2': 0.15845, 'l1cg': 0.080305, 'l1': 0.151894, 'l2cg': 0.066733, 'I1z': 0.00049228, 'I2x': 0.00036892, 'I2y': 2.3641e-05, 'I2z': 0.00036139}, 'init_theta_std_deg': 5.0, 'init_alpha_std_deg': 8.0, 'init_theta_dot_std': 0.0, 'init_alpha_dot_std': 0.0, 'pwm_limit': 150.0, 'pwm_gain': 1.0, 'pwm_bias': 0.0, 'pwm_deadzone': 0.0, 'pwm_noise_sigma': 0.0, 'actuator_tau': 0.0, 'action_delay_steps': 0, 'theta_bias': 0.0, 'alpha_bias': 0.0, 'theta_sigma': 0.0, 'alpha_sigma': 0.0, 'theta_dot_sigma': 0.0, 'alpha_dot_sigma': 0.0, 'encoder_quantization_rad': 0.0, 'velocity_lpf': 0.25, 'process_theta_dot_sigma': 0.0, 'process_alpha_dot_sigma': 0.0}"
1589485,1,matlab_nominal_reproduction,0.0,"{'level': 0.0, 'physical': {'g': 9.8, 'c_theta': 0.025, 'c_alpha': 0.001, 'k_t': 0.231, 'k_b': 0.1875, 'k_u': 0.04706, 'R': 4.2857, 'm1': 0.20625, 'm2': 0.15845, 'l1cg': 0.080305, 'l1': 0.151894, 'l2cg': 0.066733, 'I1z': 0.00049228, 'I2x': 0.00036892, 'I2y': 2.3641e-05, 'I2z': 0.00036139}, 'init_theta_std_deg': 5.0, 'init_alpha_std_deg': 8.0, 'init_theta_dot_std': 0.0, 'init_alpha_dot_std': 0.0, 'pwm_limit': 150.0, 'pwm_gain': 1.0, 'pwm_bias': 0.0, 'pwm_deadzone': 0.0, 'pwm_noise_sigma': 0.0, 'actuator_tau': 0.0, 'action_delay_steps': 0, 'theta_bias': 0.0, 'alpha_bias': 0.0, 'theta_sigma': 0.0, 'alpha_sigma': 0.0, 'theta_dot_sigma': 0.0, 'alpha_dot_sigma': 0.0, 'encoder_quantization_rad': 0.0, 'velocity_lpf': 0.25, 'process_theta_dot_sigma': 0.0, 'process_alpha_dot_sigma': 0.0}"
1590246,1,matlab_nominal_reproduction,0.0,"{'level': 0.0, 'physical': {'g': 9.8, 'c_theta': 0.025, 'c_alpha': 0.001, 'k_t': 0.231, 'k_b': 0.1875, 'k_u': 0.04706, 'R': 4.2857, 'm1': 0.20625, 'm2': 0.15845, 'l1cg': 0.080305, 'l1': 0.151894, 'l2cg': 0.066733, 'I1z': 0.00049228, 'I2x': 0.00036892, 'I2y': 2.3641e-05, 'I2z': 0.00036139}, 'init_theta_std_deg': 5.0, 'init_alpha_std_deg': 8.0, 'init_theta_dot_std': 0.0, 'init_alpha_dot_std': 0.0, 'pwm_limit': 150.0, 'pwm_gain': 1.0, 'pwm_bias': 0.0, 'pwm_deadzone': 0.0, 'pwm_noise_sigma': 0.0, 'actuator_tau': 0.0, 'action_delay_steps': 0, 'theta_bias': 0.0, 'alpha_bias': 0.0, 'theta_sigma': 0.0, 'alpha_sigma': 0.0, 'theta_dot_sigma': 0.0, 'alpha_dot_sigma': 0.0, 'encoder_quantization_rad': 0.0, 'velocity_lpf': 0.25, 'process_theta_dot_sigma': 0.0, 'process_alpha_dot_sigma': 0.0}"
1592246,1,matlab_nominal_reproduction,0.0,"{'level': 0.0, 'physical': {'g': 9.8, 'c_theta': 0.025, 'c_alpha': 0.001, 'k_t': 0.231, 'k_b': 0.1875, 'k_u': 0.04706, 'R': 4.2857, 'm1': 0.20625, 'm2': 0.15845, 'l1cg': 0.080305, 'l1': 0.151894, 'l2cg': 0.066733, 'I1z': 0.00049228, 'I2x': 0.00036892, 'I2y': 2.3641e-05, 'I2z': 0.00036139}, 'init_theta_std_deg': 5.0, 'init_alpha_std_deg': 8.0, 'init_theta_dot_std': 0.0, 'init_alpha_dot_std': 0.0, 'pwm_limit': 150.0, 'pwm_gain': 1.0, 'pwm_bias': 0.0, 'pwm_deadzone': 0.0, 'pwm_noise_sigma': 0.0, 'actuator_tau': 0.0, 'action_delay_steps': 0, 'theta_bias': 0.0, 'alpha_bias': 0.0, 'theta_sigma': 0.0, 'alpha_sigma': 0.0, 'theta_dot_sigma': 0.0, 'alpha_dot_sigma': 0.0, 'encoder_quantization_rad': 0.0, 'velocity_lpf': 0.25, 'process_theta_dot_sigma': 0.0, 'process_alpha_dot_sigma': 0.0}"
1594246,1,matlab_nominal_reproduction,0.0,"{'level': 0.0, 'physical': {'g': 9.8, 'c_theta': 0.025, 'c_alpha': 0.001, 'k_t': 0.231, 'k_b': 0.1875, 'k_u': 0.04706, 'R': 4.2857, 'm1': 0.20625, 'm2': 0.15845, 'l1cg': 0.080305, 'l1': 0.151894, 'l2cg': 0.066733, 'I1z': 0.00049228, 'I2x': 0.00036892, 'I2y': 2.3641e-05, 'I2z': 0.00036139}, 'init_theta_std_deg': 5.0, 'init_alpha_std_deg': 8.0, 'init_theta_dot_std': 0.0, 'init_alpha_dot_std': 0.0, 'pwm_limit': 150.0, 'pwm_gain': 1.0, 'pwm_bias': 0.0, 'pwm_deadzone': 0.0, 'pwm_noise_sigma': 0.0, 'actuator_tau': 0.0, 'action_delay_steps': 0, 'theta_bias': 0.0, 'alpha_bias': 0.0, 'theta_sigma': 0.0, 'alpha_sigma': 0.0, 'theta_dot_sigma': 0.0, 'alpha_dot_sigma': 0.0, 'encoder_quantization_rad': 0.0, 'velocity_lpf': 0.25, 'process_theta_dot_sigma': 0.0, 'process_alpha_dot_sigma': 0.0}"
1596246,1,matlab_nominal_reproduction,0.0,"{'level': 0.0, 'physical': {'g': 9.8, 'c_theta': 0.025, 'c_alpha': 0.001, 'k_t': 0.231, 'k_b': 0.1875, 'k_u': 0.04706, 'R': 4.2857, 'm1': 0.20625, 'm2': 0.15845, 'l1cg': 0.080305, 'l1': 0.151894, 'l2cg': 0.066733, 'I1z': 0.00049228, 'I2x': 0.00036892, 'I2y': 2.3641e-05, 'I2z': 0.00036139}, 'init_theta_std_deg': 5.0, 'init_alpha_std_deg': 8.0, 'init_theta_dot_std': 0.0, 'init_alpha_dot_std': 0.0, 'pwm_limit': 150.0, 'pwm_gain': 1.0, 'pwm_bias': 0.0, 'pwm_deadzone': 0.0, 'pwm_noise_sigma': 0.0, 'actuator_tau': 0.0, 'action_delay_steps': 0, 'theta_bias': 0.0, 'alpha_bias': 0.0, 'theta_sigma': 0.0, 'alpha_sigma': 0.0, 'theta_dot_sigma': 0.0, 'alpha_dot_sigma': 0.0, 'encoder_quantization_rad': 0.0, 'velocity_lpf': 0.25, 'process_theta_dot_sigma': 0.0, 'process_alpha_dot_sigma': 0.0}"
1598246,1,matlab_nominal_reproduction,0.0,"{'level': 0.0, 'physical': {'g': 9.8, 'c_theta': 0.025, 'c_alpha': 0.001, 'k_t': 0.231, 'k_b': 0.1875, 'k_u': 0.04706, 'R': 4.2857, 'm1': 0.20625, 'm2': 0.15845, 'l1cg': 0.080305, 'l1': 0.151894, 'l2cg': 0.066733, 'I1z': 0.00049228, 'I2x': 0.00036892, 'I2y': 2.3641e-05, 'I2z': 0.00036139}, 'init_theta_std_deg': 5.0, 'init_alpha_std_deg': 8.0, 'init_theta_dot_std': 0.0, 'init_alpha_dot_std': 0.0, 'pwm_limit': 150.0, 'pwm_gain': 1.0, 'pwm_bias': 0.0, 'pwm_deadzone': 0.0, 'pwm_noise_sigma': 0.0, 'actuator_tau': 0.0, 'action_delay_steps': 0, 'theta_bias': 0.0, 'alpha_bias': 0.0, 'theta_sigma': 0.0, 'alpha_sigma': 0.0, 'theta_dot_sigma': 0.0, 'alpha_dot_sigma': 0.0, 'encoder_quantization_rad': 0.0, 'velocity_lpf': 0.25, 'process_theta_dot_sigma': 0.0, 'process_alpha_dot_sigma': 0.0}"
1600246,1,matlab_nominal_reproduction,0.0,"{'level': 0.0, 'physical': {'g': 9.8, 'c_theta': 0.025, 'c_alpha': 0.001, 'k_t': 0.231, 'k_b': 0.1875, 'k_u': 0.04706, 'R': 4.2857, 'm1': 0.20625, 'm2': 0.15845, 'l1cg': 0.080305, 'l1': 0.151894, 'l2cg': 0.066733, 'I1z': 0.00049228, 'I2x': 0.00036892, 'I2y': 2.3641e-05, 'I2z': 0.00036139}, 'init_theta_std_deg': 5.0, 'init_alpha_std_deg': 8.0, 'init_theta_dot_std': 0.0, 'init_alpha_dot_std': 0.0, 'pwm_limit': 150.0, 'pwm_gain': 1.0, 'pwm_bias': 0.0, 'pwm_deadzone': 0.0, 'pwm_noise_sigma': 0.0, 'actuator_tau': 0.0, 'action_delay_steps': 0, 'theta_bias': 0.0, 'alpha_bias': 0.0, 'theta_sigma': 0.0, 'alpha_sigma': 0.0, 'theta_dot_sigma': 0.0, 'alpha_dot_sigma': 0.0, 'encoder_quantization_rad': 0.0, 'velocity_lpf': 0.25, 'process_theta_dot_sigma': 0.0, 'process_alpha_dot_sigma': 0.0}"
1602246,1,matlab_nominal_reproduction,0.0,"{'level': 0.0, 'physical': {'g': 9.8, 'c_theta': 0.025, 'c_alpha': 0.001, 'k_t': 0.231, 'k_b': 0.1875, 'k_u': 0.04706, 'R': 4.2857, 'm1': 0.20625, 'm2': 0.15845, 'l1cg': 0.080305, 'l1': 0.151894, 'l2cg': 0.066733, 'I1z': 0.00049228, 'I2x': 0.00036892, 'I2y': 2.3641e-05, 'I2z': 0.00036139}, 'init_theta_std_deg': 5.0, 'init_alpha_std_deg': 8.0, 'init_theta_dot_std': 0.0, 'init_alpha_dot_std': 0.0, 'pwm_limit': 150.0, 'pwm_gain': 1.0, 'pwm_bias': 0.0, 'pwm_deadzone': 0.0, 'pwm_noise_sigma': 0.0, 'actuator_tau': 0.0, 'action_delay_steps': 0, 'theta_bias': 0.0, 'alpha_bias': 0.0, 'theta_sigma': 0.0, 'alpha_sigma': 0.0, 'theta_dot_sigma': 0.0, 'alpha_dot_sigma': 0.0, 'encoder_quantization_rad': 0.0, 'velocity_lpf': 0.25, 'process_theta_dot_sigma': 0.0, 'process_alpha_dot_sigma': 0.0}"
1604246,1,matlab_nominal_reproduction,0.0,"{'level': 0.0, 'physical': {'g': 9.8, 'c_theta': 0.025, 'c_alpha': 0.001, 'k_t': 0.231, 'k_b': 0.1875, 'k_u': 0.04706, 'R': 4.2857, 'm1': 0.20625, 'm2': 0.15845, 'l1cg': 0.080305, 'l1': 0.151894, 'l2cg': 0.066733, 'I1z': 0.00049228, 'I2x': 0.00036892, 'I2y': 2.3641e-05, 'I2z': 0.00036139}, 'init_theta_std_deg': 5.0, 'init_alpha_std_deg': 8.0, 'init_theta_dot_std': 0.0, 'init_alpha_dot_std': 0.0, 'pwm_limit': 150.0, 'pwm_gain': 1.0, 'pwm_bias': 0.0, 'pwm_deadzone': 0.0, 'pwm_noise_sigma': 0.0, 'actuator_tau': 0.0, 'action_delay_steps': 0, 'theta_bias': 0.0, 'alpha_bias': 0.0, 'theta_sigma': 0.0, 'alpha_sigma': 0.0, 'theta_dot_sigma': 0.0, 'alpha_dot_sigma': 0.0, 'encoder_quantization_rad': 0.0, 'velocity_lpf': 0.25, 'process_theta_dot_sigma': 0.0, 'process_alpha_dot_sigma': 0.0}"
1606246,1,matlab_nominal_reproduction,0.0,"{'level': 0.0, 'physical': {'g': 9.8, 'c_theta': 0.025, 'c_alpha': 0.001, 'k_t': 0.231, 'k_b': 0.1875, 'k_u': 0.04706, 'R': 4.2857, 'm1': 0.20625, 'm2': 0.15845, 'l1cg': 0.080305, 'l1': 0.151894, 'l2cg': 0.066733, 'I1z': 0.00049228, 'I2x': 0.00036892, 'I2y': 2.3641e-05, 'I2z': 0.00036139}, 'init_theta_std_deg': 5.0, 'init_alpha_std_deg': 8.0, 'init_theta_dot_std': 0.0, 'init_alpha_dot_std': 0.0, 'pwm_limit': 150.0, 'pwm_gain': 1.0, 'pwm_bias': 0.0, 'pwm_deadzone': 0.0, 'pwm_noise_sigma': 0.0, 'actuator_tau': 0.0, 'action_delay_steps': 0, 'theta_bias': 0.0, 'alpha_bias': 0.0, 'theta_sigma': 0.0, 'alpha_sigma': 0.0, 'theta_dot_sigma': 0.0, 'alpha_dot_sigma': 0.0, 'encoder_quantization_rad': 0.0, 'velocity_lpf': 0.25, 'process_theta_dot_sigma': 0.0, 'process_alpha_dot_sigma': 0.0}"
1608246,1,matlab_nominal_reproduction,0.0,"{'level': 0.0, 'physical': {'g': 9.8, 'c_theta': 0.025, 'c_alpha': 0.001, 'k_t': 0.231, 'k_b': 0.1875, 'k_u': 0.04706, 'R': 4.2857, 'm1': 0.20625, 'm2': 0.15845, 'l1cg': 0.080305, 'l1': 0.151894, 'l2cg': 0.066733, 'I1z': 0.00049228, 'I2x': 0.00036892, 'I2y': 2.3641e-05, 'I2z': 0.00036139}, 'init_theta_std_deg': 5.0, 'init_alpha_std_deg': 8.0, 'init_theta_dot_std': 0.0, 'init_alpha_dot_std': 0.0, 'pwm_limit': 150.0, 'pwm_gain': 1.0, 'pwm_bias': 0.0, 'pwm_deadzone': 0.0, 'pwm_noise_sigma': 0.0, 'actuator_tau': 0.0, 'action_delay_steps': 0, 'theta_bias': 0.0, 'alpha_bias': 0.0, 'theta_sigma': 0.0, 'alpha_sigma': 0.0, 'theta_dot_sigma': 0.0, 'alpha_dot_sigma': 0.0, 'encoder_quantization_rad': 0.0, 'velocity_lpf': 0.25, 'process_theta_dot_sigma': 0.0, 'process_alpha_dot_sigma': 0.0}"
1610246,1,matlab_nominal_reproduction,0.0,"{'level': 0.0, 'physical': {'g': 9.8, 'c_theta': 0.025, 'c_alpha': 0.001, 'k_t': 0.231, 'k_b': 0.1875, 'k_u': 0.04706, 'R': 4.2857, 'm1': 0.20625, 'm2': 0.15845, 'l1cg': 0.080305, 'l1': 0.151894, 'l2cg': 0.066733, 'I1z': 0.00049228, 'I2x': 0.00036892, 'I2y': 2.3641e-05, 'I2z': 0.00036139}, 'init_theta_std_deg': 5.0, 'init_alpha_std_deg': 8.0, 'init_theta_dot_std': 0.0, 'init_alpha_dot_std': 0.0, 'pwm_limit': 150.0, 'pwm_gain': 1.0, 'pwm_bias': 0.0, 'pwm_deadzone': 0.0, 'pwm_noise_sigma': 0.0, 'actuator_tau': 0.0, 'action_delay_steps': 0, 'theta_bias': 0.0, 'alpha_bias': 0.0, 'theta_sigma': 0.0, 'alpha_sigma': 0.0, 'theta_dot_sigma': 0.0, 'alpha_dot_sigma': 0.0, 'encoder_quantization_rad': 0.0, 'velocity_lpf': 0.25, 'process_theta_dot_sigma': 0.0, 'process_alpha_dot_sigma': 0.0}"
1612246,1,matlab_nominal_reproduction,0.0,"{'level': 0.0, 'physical': {'g': 9.8, 'c_theta': 0.025, 'c_alpha': 0.001, 'k_t': 0.231, 'k_b': 0.1875, 'k_u': 0.04706, 'R': 4.2857, 'm1': 0.20625, 'm2': 0.15845, 'l1cg': 0.080305, 'l1': 0.151894, 'l2cg': 0.066733, 'I1z': 0.00049228, 'I2x': 0.00036892, 'I2y': 2.3641e-05, 'I2z': 0.00036139}, 'init_theta_std_deg': 5.0, 'init_alpha_std_deg': 8.0, 'init_theta_dot_std': 0.0, 'init_alpha_dot_std': 0.0, 'pwm_limit': 150.0, 'pwm_gain': 1.0, 'pwm_bias': 0.0, 'pwm_deadzone': 0.0, 'pwm_noise_sigma': 0.0, 'actuator_tau': 0.0, 'action_delay_steps': 0, 'theta_bias': 0.0, 'alpha_bias': 0.0, 'theta_sigma': 0.0, 'alpha_sigma': 0.0, 'theta_dot_sigma': 0.0, 'alpha_dot_sigma': 0.0, 'encoder_quantization_rad': 0.0, 'velocity_lpf': 0.25, 'process_theta_dot_sigma': 0.0, 'process_alpha_dot_sigma': 0.0}"
1614246,1,matlab_nominal_reproduction,0.0,"{'level': 0.0, 'physical': {'g': 9.8, 'c_theta': 0.025, 'c_alpha': 0.001, 'k_t': 0.231, 'k_b': 0.1875, 'k_u': 0.04706, 'R': 4.2857, 'm1': 0.20625, 'm2': 0.15845, 'l1cg': 0.080305, 'l1': 0.151894, 'l2cg': 0.066733, 'I1z': 0.00049228, 'I2x': 0.00036892, 'I2y': 2.3641e-05, 'I2z': 0.00036139}, 'init_theta_std_deg': 5.0, 'init_alpha_std_deg': 8.0, 'init_theta_dot_std': 0.0, 'init_alpha_dot_std': 0.0, 'pwm_limit': 150.0, 'pwm_gain': 1.0, 'pwm_bias': 0.0, 'pwm_deadzone': 0.0, 'pwm_noise_sigma': 0.0, 'actuator_tau': 0.0, 'action_delay_steps': 0, 'theta_bias': 0.0, 'alpha_bias': 0.0, 'theta_sigma': 0.0, 'alpha_sigma': 0.0, 'theta_dot_sigma': 0.0, 'alpha_dot_sigma': 0.0, 'encoder_quantization_rad': 0.0, 'velocity_lpf': 0.25, 'process_theta_dot_sigma': 0.0, 'process_alpha_dot_sigma': 0.0}"
1616246,1,matlab_nominal_reproduction,0.0,"{'level': 0.0, 'physical': {'g': 9.8, 'c_theta': 0.025, 'c_alpha': 0.001, 'k_t': 0.231, 'k_b': 0.1875, 'k_u': 0.04706, 'R': 4.2857, 'm1': 0.20625, 'm2': 0.15845, 'l1cg': 0.080305, 'l1': 0.151894, 'l2cg': 0.066733, 'I1z': 0.00049228, 'I2x': 0.00036892, 'I2y': 2.3641e-05, 'I2z': 0.00036139}, 'init_theta_std_deg': 5.0, 'init_alpha_std_deg': 8.0, 'init_theta_dot_std': 0.0, 'init_alpha_dot_std': 0.0, 'pwm_limit': 150.0, 'pwm_gain': 1.0, 'pwm_bias': 0.0, 'pwm_deadzone': 0.0, 'pwm_noise_sigma': 0.0, 'actuator_tau': 0.0, 'action_delay_steps': 0, 'theta_bias': 0.0, 'alpha_bias': 0.0, 'theta_sigma': 0.0, 'alpha_sigma': 0.0, 'theta_dot_sigma': 0.0, 'alpha_dot_sigma': 0.0, 'encoder_quantization_rad': 0.0, 'velocity_lpf': 0.25, 'process_theta_dot_sigma': 0.0, 'process_alpha_dot_sigma': 0.0}"
1618246,1,matlab_nominal_reproduction,0.0,"{'level': 0.0, 'physical': {'g': 9.8, 'c_theta': 0.025, 'c_alpha': 0.001, 'k_t': 0.231, 'k_b': 0.1875, 'k_u': 0.04706, 'R': 4.2857, 'm1': 0.20625, 'm2': 0.15845, 'l1cg': 0.080305, 'l1': 0.151894, 'l2cg': 0.066733, 'I1z': 0.00049228, 'I2x': 0.00036892, 'I2y': 2.3641e-05, 'I2z': 0.00036139}, 'init_theta_std_deg': 5.0, 'init_alpha_std_deg': 8.0, 'init_theta_dot_std': 0.0, 'init_alpha_dot_std': 0.0, 'pwm_limit': 150.0, 'pwm_gain': 1.0, 'pwm_bias': 0.0, 'pwm_deadzone': 0.0, 'pwm_noise_sigma': 0.0, 'actuator_tau': 0.0, 'action_delay_steps': 0, 'theta_bias': 0.0, 'alpha_bias': 0.0, 'theta_sigma': 0.0, 'alpha_sigma': 0.0, 'theta_dot_sigma': 0.0, 'alpha_dot_sigma': 0.0, 'encoder_quantization_rad': 0.0, 'velocity_lpf': 0.25, 'process_theta_dot_sigma': 0.0, 'process_alpha_dot_sigma': 0.0}"
1620246,1,matlab_nominal_reproduction,0.0,"{'level': 0.0, 'physical': {'g': 9.8, 'c_theta': 0.025, 'c_alpha': 0.001, 'k_t': 0.231, 'k_b': 0.1875, 'k_u': 0.04706, 'R': 4.2857, 'm1': 0.20625, 'm2': 0.15845, 'l1cg': 0.080305, 'l1': 0.151894, 'l2cg': 0.066733, 'I1z': 0.00049228, 'I2x': 0.00036892, 'I2y': 2.3641e-05, 'I2z': 0.00036139}, 'init_theta_std_deg': 5.0, 'init_alpha_std_deg': 8.0, 'init_theta_dot_std': 0.0, 'init_alpha_dot_std': 0.0, 'pwm_limit': 150.0, 'pwm_gain': 1.0, 'pwm_bias': 0.0, 'pwm_deadzone': 0.0, 'pwm_noise_sigma': 0.0, 'actuator_tau': 0.0, 'action_delay_steps': 0, 'theta_bias': 0.0, 'alpha_bias': 0.0, 'theta_sigma': 0.0, 'alpha_sigma': 0.0, 'theta_dot_sigma': 0.0, 'alpha_dot_sigma': 0.0, 'encoder_quantization_rad': 0.0, 'velocity_lpf': 0.25, 'process_theta_dot_sigma': 0.0, 'process_alpha_dot_sigma': 0.0}"
1622246,1,matlab_nominal_reproduction,0.0,"{'level': 0.0, 'physical': {'g': 9.8, 'c_theta': 0.025, 'c_alpha': 0.001, 'k_t': 0.231, 'k_b': 0.1875, 'k_u': 0.04706, 'R': 4.2857, 'm1': 0.20625, 'm2': 0.15845, 'l1cg': 0.080305, 'l1': 0.151894, 'l2cg': 0.066733, 'I1z': 0.00049228, 'I2x': 0.00036892, 'I2y': 2.3641e-05, 'I2z': 0.00036139}, 'init_theta_std_deg': 5.0, 'init_alpha_std_deg': 8.0, 'init_theta_dot_std': 0.0, 'init_alpha_dot_std': 0.0, 'pwm_limit': 150.0, 'pwm_gain': 1.0, 'pwm_bias': 0.0, 'pwm_deadzone': 0.0, 'pwm_noise_sigma': 0.0, 'actuator_tau': 0.0, 'action_delay_steps': 0, 'theta_bias': 0.0, 'alpha_bias': 0.0, 'theta_sigma': 0.0, 'alpha_sigma': 0.0, 'theta_dot_sigma': 0.0, 'alpha_dot_sigma': 0.0, 'encoder_quantization_rad': 0.0, 'velocity_lpf': 0.25, 'process_theta_dot_sigma': 0.0, 'process_alpha_dot_sigma': 0.0}"
1624246,1,matlab_nominal_reproduction,0.0,"{'level': 0.0, 'physical': {'g': 9.8, 'c_theta': 0.025, 'c_alpha': 0.001, 'k_t': 0.231, 'k_b': 0.1875, 'k_u': 0.04706, 'R': 4.2857, 'm1': 0.20625, 'm2': 0.15845, 'l1cg': 0.080305, 'l1': 0.151894, 'l2cg': 0.066733, 'I1z': 0.00049228, 'I2x': 0.00036892, 'I2y': 2.3641e-05, 'I2z': 0.00036139}, 'init_theta_std_deg': 5.0, 'init_alpha_std_deg': 8.0, 'init_theta_dot_std': 0.0, 'init_alpha_dot_std': 0.0, 'pwm_limit': 150.0, 'pwm_gain': 1.0, 'pwm_bias': 0.0, 'pwm_deadzone': 0.0, 'pwm_noise_sigma': 0.0, 'actuator_tau': 0.0, 'action_delay_steps': 0, 'theta_bias': 0.0, 'alpha_bias': 0.0, 'theta_sigma': 0.0, 'alpha_sigma': 0.0, 'theta_dot_sigma': 0.0, 'alpha_dot_sigma': 0.0, 'encoder_quantization_rad': 0.0, 'velocity_lpf': 0.25, 'process_theta_dot_sigma': 0.0, 'process_alpha_dot_sigma': 0.0}"
1626246,1,matlab_nominal_reproduction,0.0,"{'level': 0.0, 'physical': {'g': 9.8, 'c_theta': 0.025, 'c_alpha': 0.001, 'k_t': 0.231, 'k_b': 0.1875, 'k_u': 0.04706, 'R': 4.2857, 'm1': 0.20625, 'm2': 0.15845, 'l1cg': 0.080305, 'l1': 0.151894, 'l2cg': 0.066733, 'I1z': 0.00049228, 'I2x': 0.00036892, 'I2y': 2.3641e-05, 'I2z': 0.00036139}, 'init_theta_std_deg': 5.0, 'init_alpha_std_deg': 8.0, 'init_theta_dot_std': 0.0, 'init_alpha_dot_std': 0.0, 'pwm_limit': 150.0, 'pwm_gain': 1.0, 'pwm_bias': 0.0, 'pwm_deadzone': 0.0, 'pwm_noise_sigma': 0.0, 'actuator_tau': 0.0, 'action_delay_steps': 0, 'theta_bias': 0.0, 'alpha_bias': 0.0, 'theta_sigma': 0.0, 'alpha_sigma': 0.0, 'theta_dot_sigma': 0.0, 'alpha_dot_sigma': 0.0, 'encoder_quantization_rad': 0.0, 'velocity_lpf': 0.25, 'process_theta_dot_sigma': 0.0, 'process_alpha_dot_sigma': 0.0}"
1628246,1,matlab_nominal_reproduction,0.0,"{'level': 0.0, 'physical': {'g': 9.8, 'c_theta': 0.025, 'c_alpha': 0.001, 'k_t': 0.231, 'k_b': 0.1875, 'k_u': 0.04706, 'R': 4.2857, 'm1': 0.20625, 'm2': 0.15845, 'l1cg': 0.080305, 'l1': 0.151894, 'l2cg': 0.066733, 'I1z': 0.00049228, 'I2x': 0.00036892, 'I2y': 2.3641e-05, 'I2z': 0.00036139}, 'init_theta_std_deg': 5.0, 'init_alpha_std_deg': 8.0, 'init_theta_dot_std': 0.0, 'init_alpha_dot_std': 0.0, 'pwm_limit': 150.0, 'pwm_gain': 1.0, 'pwm_bias': 0.0, 'pwm_deadzone': 0.0, 'pwm_noise_sigma': 0.0, 'actuator_tau': 0.0, 'action_delay_steps': 0, 'theta_bias': 0.0, 'alpha_bias': 0.0, 'theta_sigma': 0.0, 'alpha_sigma': 0.0, 'theta_dot_sigma': 0.0, 'alpha_dot_sigma': 0.0, 'encoder_quantization_rad': 0.0, 'velocity_lpf': 0.25, 'process_theta_dot_sigma': 0.0, 'process_alpha_dot_sigma': 0.0}"
1630246,1,matlab_nominal_reproduction,0.0,"{'level': 0.0, 'physical': {'g': 9.8, 'c_theta': 0.025, 'c_alpha': 0.001, 'k_t': 0.231, 'k_b': 0.1875, 'k_u': 0.04706, 'R': 4.2857, 'm1': 0.20625, 'm2': 0.15845, 'l1cg': 0.080305, 'l1': 0.151894, 'l2cg': 0.066733, 'I1z': 0.00049228, 'I2x': 0.00036892, 'I2y': 2.3641e-05, 'I2z': 0.00036139}, 'init_theta_std_deg': 5.0, 'init_alpha_std_deg': 8.0, 'init_theta_dot_std': 0.0, 'init_alpha_dot_std': 0.0, 'pwm_limit': 150.0, 'pwm_gain': 1.0, 'pwm_bias': 0.0, 'pwm_deadzone': 0.0, 'pwm_noise_sigma': 0.0, 'actuator_tau': 0.0, 'action_delay_steps': 0, 'theta_bias': 0.0, 'alpha_bias': 0.0, 'theta_sigma': 0.0, 'alpha_sigma': 0.0, 'theta_dot_sigma': 0.0, 'alpha_dot_sigma': 0.0, 'encoder_quantization_rad': 0.0, 'velocity_lpf': 0.25, 'process_theta_dot_sigma': 0.0, 'process_alpha_dot_sigma': 0.0}"
1632246,1,matlab_nominal_reproduction,0.0,"{'level': 0.0, 'physical': {'g': 9.8, 'c_theta': 0.025, 'c_alpha': 0.001, 'k_t': 0.231, 'k_b': 0.1875, 'k_u': 0.04706, 'R': 4.2857, 'm1': 0.20625, 'm2': 0.15845, 'l1cg': 0.080305, 'l1': 0.151894, 'l2cg': 0.066733, 'I1z': 0.00049228, 'I2x': 0.00036892, 'I2y': 2.3641e-05, 'I2z': 0.00036139}, 'init_theta_std_deg': 5.0, 'init_alpha_std_deg': 8.0, 'init_theta_dot_std': 0.0, 'init_alpha_dot_std': 0.0, 'pwm_limit': 150.0, 'pwm_gain': 1.0, 'pwm_bias': 0.0, 'pwm_deadzone': 0.0, 'pwm_noise_sigma': 0.0, 'actuator_tau': 0.0, 'action_delay_steps': 0, 'theta_bias': 0.0, 'alpha_bias': 0.0, 'theta_sigma': 0.0, 'alpha_sigma': 0.0, 'theta_dot_sigma': 0.0, 'alpha_dot_sigma': 0.0, 'encoder_quantization_rad': 0.0, 'velocity_lpf': 0.25, 'process_theta_dot_sigma': 0.0, 'process_alpha_dot_sigma': 0.0}"
1634246,1,matlab_nominal_reproduction,0.0,"{'level': 0.0, 'physical': {'g': 9.8, 'c_theta': 0.025, 'c_alpha': 0.001, 'k_t': 0.231, 'k_b': 0.1875, 'k_u': 0.04706, 'R': 4.2857, 'm1': 0.20625, 'm2': 0.15845, 'l1cg': 0.080305, 'l1': 0.151894, 'l2cg': 0.066733, 'I1z': 0.00049228, 'I2x': 0.00036892, 'I2y': 2.3641e-05, 'I2z': 0.00036139}, 'init_theta_std_deg': 5.0, 'init_alpha_std_deg': 8.0, 'init_theta_dot_std': 0.0, 'init_alpha_dot_std': 0.0, 'pwm_limit': 150.0, 'pwm_gain': 1.0, 'pwm_bias': 0.0, 'pwm_deadzone': 0.0, 'pwm_noise_sigma': 0.0, 'actuator_tau': 0.0, 'action_delay_steps': 0, 'theta_bias': 0.0, 'alpha_bias': 0.0, 'theta_sigma': 0.0, 'alpha_sigma': 0.0, 'theta_dot_sigma': 0.0, 'alpha_dot_sigma': 0.0, 'encoder_quantization_rad': 0.0, 'velocity_lpf': 0.25, 'process_theta_dot_sigma': 0.0, 'process_alpha_dot_sigma': 0.0}"
1636246,1,matlab_nominal_reproduction,0.0,"{'level': 0.0, 'physical': {'g': 9.8, 'c_theta': 0.025, 'c_alpha': 0.001, 'k_t': 0.231, 'k_b': 0.1875, 'k_u': 0.04706, 'R': 4.2857, 'm1': 0.20625, 'm2': 0.15845, 'l1cg': 0.080305, 'l1': 0.151894, 'l2cg': 0.066733, 'I1z': 0.00049228, 'I2x': 0.00036892, 'I2y': 2.3641e-05, 'I2z': 0.00036139}, 'init_theta_std_deg': 5.0, 'init_alpha_std_deg': 8.0, 'init_theta_dot_std': 0.0, 'init_alpha_dot_std': 0.0, 'pwm_limit': 150.0, 'pwm_gain': 1.0, 'pwm_bias': 0.0, 'pwm_deadzone': 0.0, 'pwm_noise_sigma': 0.0, 'actuator_tau': 0.0, 'action_delay_steps': 0, 'theta_bias': 0.0, 'alpha_bias': 0.0, 'theta_sigma': 0.0, 'alpha_sigma': 0.0, 'theta_dot_sigma': 0.0, 'alpha_dot_sigma': 0.0, 'encoder_quantization_rad': 0.0, 'velocity_lpf': 0.25, 'process_theta_dot_sigma': 0.0, 'process_alpha_dot_sigma': 0.0}"
1638246,1,matlab_nominal_reproduction,0.0,"{'level': 0.0, 'physical': {'g': 9.8, 'c_theta': 0.025, 'c_alpha': 0.001, 'k_t': 0.231, 'k_b': 0.1875, 'k_u': 0.04706, 'R': 4.2857, 'm1': 0.20625, 'm2': 0.15845, 'l1cg': 0.080305, 'l1': 0.151894, 'l2cg': 0.066733, 'I1z': 0.00049228, 'I2x': 0.00036892, 'I2y': 2.3641e-05, 'I2z': 0.00036139}, 'init_theta_std_deg': 5.0, 'init_alpha_std_deg': 8.0, 'init_theta_dot_std': 0.0, 'init_alpha_dot_std': 0.0, 'pwm_limit': 150.0, 'pwm_gain': 1.0, 'pwm_bias': 0.0, 'pwm_deadzone': 0.0, 'pwm_noise_sigma': 0.0, 'actuator_tau': 0.0, 'action_delay_steps': 0, 'theta_bias': 0.0, 'alpha_bias': 0.0, 'theta_sigma': 0.0, 'alpha_sigma': 0.0, 'theta_dot_sigma': 0.0, 'alpha_dot_sigma': 0.0, 'encoder_quantization_rad': 0.0, 'velocity_lpf': 0.25, 'process_theta_dot_sigma': 0.0, 'process_alpha_dot_sigma': 0.0}"
1640246,1,matlab_nominal_reproduction,0.0,"{'level': 0.0, 'physical': {'g': 9.8, 'c_theta': 0.025, 'c_alpha': 0.001, 'k_t': 0.231, 'k_b': 0.1875, 'k_u': 0.04706, 'R': 4.2857, 'm1': 0.20625, 'm2': 0.15845, 'l1cg': 0.080305, 'l1': 0.151894, 'l2cg': 0.066733, 'I1z': 0.00049228, 'I2x': 0.00036892, 'I2y': 2.3641e-05, 'I2z': 0.00036139}, 'init_theta_std_deg': 5.0, 'init_alpha_std_deg': 8.0, 'init_theta_dot_std': 0.0, 'init_alpha_dot_std': 0.0, 'pwm_limit': 150.0, 'pwm_gain': 1.0, 'pwm_bias': 0.0, 'pwm_deadzone': 0.0, 'pwm_noise_sigma': 0.0, 'actuator_tau': 0.0, 'action_delay_steps': 0, 'theta_bias': 0.0, 'alpha_bias': 0.0, 'theta_sigma': 0.0, 'alpha_sigma': 0.0, 'theta_dot_sigma': 0.0, 'alpha_dot_sigma': 0.0, 'encoder_quantization_rad': 0.0, 'velocity_lpf': 0.25, 'process_theta_dot_sigma': 0.0, 'process_alpha_dot_sigma': 0.0}"
1642246,1,matlab_nominal_reproduction,0.0,"{'level': 0.0, 'physical': {'g': 9.8, 'c_theta': 0.025, 'c_alpha': 0.001, 'k_t': 0.231, 'k_b': 0.1875, 'k_u': 0.04706, 'R': 4.2857, 'm1': 0.20625, 'm2': 0.15845, 'l1cg': 0.080305, 'l1': 0.151894, 'l2cg': 0.066733, 'I1z': 0.00049228, 'I2x': 0.00036892, 'I2y': 2.3641e-05, 'I2z': 0.00036139}, 'init_theta_std_deg': 5.0, 'init_alpha_std_deg': 8.0, 'init_theta_dot_std': 0.0, 'init_alpha_dot_std': 0.0, 'pwm_limit': 150.0, 'pwm_gain': 1.0, 'pwm_bias': 0.0, 'pwm_deadzone': 0.0, 'pwm_noise_sigma': 0.0, 'actuator_tau': 0.0, 'action_delay_steps': 0, 'theta_bias': 0.0, 'alpha_bias': 0.0, 'theta_sigma': 0.0, 'alpha_sigma': 0.0, 'theta_dot_sigma': 0.0, 'alpha_dot_sigma': 0.0, 'encoder_quantization_rad': 0.0, 'velocity_lpf': 0.25, 'process_theta_dot_sigma': 0.0, 'process_alpha_dot_sigma': 0.0}"
1644246,1,matlab_nominal_reproduction,0.0,"{'level': 0.0, 'physical': {'g': 9.8, 'c_theta': 0.025, 'c_alpha': 0.001, 'k_t': 0.231, 'k_b': 0.1875, 'k_u': 0.04706, 'R': 4.2857, 'm1': 0.20625, 'm2': 0.15845, 'l1cg': 0.080305, 'l1': 0.151894, 'l2cg': 0.066733, 'I1z': 0.00049228, 'I2x': 0.00036892, 'I2y': 2.3641e-05, 'I2z': 0.00036139}, 'init_theta_std_deg': 5.0, 'init_alpha_std_deg': 8.0, 'init_theta_dot_std': 0.0, 'init_alpha_dot_std': 0.0, 'pwm_limit': 150.0, 'pwm_gain': 1.0, 'pwm_bias': 0.0, 'pwm_deadzone': 0.0, 'pwm_noise_sigma': 0.0, 'actuator_tau': 0.0, 'action_delay_steps': 0, 'theta_bias': 0.0, 'alpha_bias': 0.0, 'theta_sigma': 0.0, 'alpha_sigma': 0.0, 'theta_dot_sigma': 0.0, 'alpha_dot_sigma': 0.0, 'encoder_quantization_rad': 0.0, 'velocity_lpf': 0.25, 'process_theta_dot_sigma': 0.0, 'process_alpha_dot_sigma': 0.0}"
1646246,1,matlab_nominal_reproduction,0.0,"{'level': 0.0, 'physical': {'g': 9.8, 'c_theta': 0.025, 'c_alpha': 0.001, 'k_t': 0.231, 'k_b': 0.1875, 'k_u': 0.04706, 'R': 4.2857, 'm1': 0.20625, 'm2': 0.15845, 'l1cg': 0.080305, 'l1': 0.151894, 'l2cg': 0.066733, 'I1z': 0.00049228, 'I2x': 0.00036892, 'I2y': 2.3641e-05, 'I2z': 0.00036139}, 'init_theta_std_deg': 5.0, 'init_alpha_std_deg': 8.0, 'init_theta_dot_std': 0.0, 'init_alpha_dot_std': 0.0, 'pwm_limit': 150.0, 'pwm_gain': 1.0, 'pwm_bias': 0.0, 'pwm_deadzone': 0.0, 'pwm_noise_sigma': 0.0, 'actuator_tau': 0.0, 'action_delay_steps': 0, 'theta_bias': 0.0, 'alpha_bias': 0.0, 'theta_sigma': 0.0, 'alpha_sigma': 0.0, 'theta_dot_sigma': 0.0, 'alpha_dot_sigma': 0.0, 'encoder_quantization_rad': 0.0, 'velocity_lpf': 0.25, 'process_theta_dot_sigma': 0.0, 'process_alpha_dot_sigma': 0.0}"
1648246,1,matlab_nominal_reproduction,0.0,"{'level': 0.0, 'physical': {'g': 9.8, 'c_theta': 0.025, 'c_alpha': 0.001, 'k_t': 0.231, 'k_b': 0.1875, 'k_u': 0.04706, 'R': 4.2857, 'm1': 0.20625, 'm2': 0.15845, 'l1cg': 0.080305, 'l1': 0.151894, 'l2cg': 0.066733, 'I1z': 0.00049228, 'I2x': 0.00036892, 'I2y': 2.3641e-05, 'I2z': 0.00036139}, 'init_theta_std_deg': 5.0, 'init_alpha_std_deg': 8.0, 'init_theta_dot_std': 0.0, 'init_alpha_dot_std': 0.0, 'pwm_limit': 150.0, 'pwm_gain': 1.0, 'pwm_bias': 0.0, 'pwm_deadzone': 0.0, 'pwm_noise_sigma': 0.0, 'actuator_tau': 0.0, 'action_delay_steps': 0, 'theta_bias': 0.0, 'alpha_bias': 0.0, 'theta_sigma': 0.0, 'alpha_sigma': 0.0, 'theta_dot_sigma': 0.0, 'alpha_dot_sigma': 0.0, 'encoder_quantization_rad': 0.0, 'velocity_lpf': 0.25, 'process_theta_dot_sigma': 0.0, 'process_alpha_dot_sigma': 0.0}"
1650246,1,matlab_nominal_reproduction,0.0,"{'level': 0.0, 'physical': {'g': 9.8, 'c_theta': 0.025, 'c_alpha': 0.001, 'k_t': 0.231, 'k_b': 0.1875, 'k_u': 0.04706, 'R': 4.2857, 'm1': 0.20625, 'm2': 0.15845, 'l1cg': 0.080305, 'l1': 0.151894, 'l2cg': 0.066733, 'I1z': 0.00049228, 'I2x': 0.00036892, 'I2y': 2.3641e-05, 'I2z': 0.00036139}, 'init_theta_std_deg': 5.0, 'init_alpha_std_deg': 8.0, 'init_theta_dot_std': 0.0, 'init_alpha_dot_std': 0.0, 'pwm_limit': 150.0, 'pwm_gain': 1.0, 'pwm_bias': 0.0, 'pwm_deadzone': 0.0, 'pwm_noise_sigma': 0.0, 'actuator_tau': 0.0, 'action_delay_steps': 0, 'theta_bias': 0.0, 'alpha_bias': 0.0, 'theta_sigma': 0.0, 'alpha_sigma': 0.0, 'theta_dot_sigma': 0.0, 'alpha_dot_sigma': 0.0, 'encoder_quantization_rad': 0.0, 'velocity_lpf': 0.25, 'process_theta_dot_sigma': 0.0, 'process_alpha_dot_sigma': 0.0}"
1652246,1,matlab_nominal_reproduction,0.0,"{'level': 0.0, 'physical': {'g': 9.8, 'c_theta': 0.025, 'c_alpha': 0.001, 'k_t': 0.231, 'k_b': 0.1875, 'k_u': 0.04706, 'R': 4.2857, 'm1': 0.20625, 'm2': 0.15845, 'l1cg': 0.080305, 'l1': 0.151894, 'l2cg': 0.066733, 'I1z': 0.00049228, 'I2x': 0.00036892, 'I2y': 2.3641e-05, 'I2z': 0.00036139}, 'init_theta_std_deg': 5.0, 'init_alpha_std_deg': 8.0, 'init_theta_dot_std': 0.0, 'init_alpha_dot_std': 0.0, 'pwm_limit': 150.0, 'pwm_gain': 1.0, 'pwm_bias': 0.0, 'pwm_deadzone': 0.0, 'pwm_noise_sigma': 0.0, 'actuator_tau': 0.0, 'action_delay_steps': 0, 'theta_bias': 0.0, 'alpha_bias': 0.0, 'theta_sigma': 0.0, 'alpha_sigma': 0.0, 'theta_dot_sigma': 0.0, 'alpha_dot_sigma': 0.0, 'encoder_quantization_rad': 0.0, 'velocity_lpf': 0.25, 'process_theta_dot_sigma': 0.0, 'process_alpha_dot_sigma': 0.0}"
1654246,1,matlab_nominal_reproduction,0.0,"{'level': 0.0, 'physical': {'g': 9.8, 'c_theta': 0.025, 'c_alpha': 0.001, 'k_t': 0.231, 'k_b': 0.1875, 'k_u': 0.04706, 'R': 4.2857, 'm1': 0.20625, 'm2': 0.15845, 'l1cg': 0.080305, 'l1': 0.151894, 'l2cg': 0.066733, 'I1z': 0.00049228, 'I2x': 0.00036892, 'I2y': 2.3641e-05, 'I2z': 0.00036139}, 'init_theta_std_deg': 5.0, 'init_alpha_std_deg': 8.0, 'init_theta_dot_std': 0.0, 'init_alpha_dot_std': 0.0, 'pwm_limit': 150.0, 'pwm_gain': 1.0, 'pwm_bias': 0.0, 'pwm_deadzone': 0.0, 'pwm_noise_sigma': 0.0, 'actuator_tau': 0.0, 'action_delay_steps': 0, 'theta_bias': 0.0, 'alpha_bias': 0.0, 'theta_sigma': 0.0, 'alpha_sigma': 0.0, 'theta_dot_sigma': 0.0, 'alpha_dot_sigma': 0.0, 'encoder_quantization_rad': 0.0, 'velocity_lpf': 0.25, 'process_theta_dot_sigma': 0.0, 'process_alpha_dot_sigma': 0.0}"
1656246,1,matlab_nominal_reproduction,0.0,"{'level': 0.0, 'physical': {'g': 9.8, 'c_theta': 0.025, 'c_alpha': 0.001, 'k_t': 0.231, 'k_b': 0.1875, 'k_u': 0.04706, 'R': 4.2857, 'm1': 0.20625, 'm2': 0.15845, 'l1cg': 0.080305, 'l1': 0.151894, 'l2cg': 0.066733, 'I1z': 0.00049228, 'I2x': 0.00036892, 'I2y': 2.3641e-05, 'I2z': 0.00036139}, 'init_theta_std_deg': 5.0, 'init_alpha_std_deg': 8.0, 'init_theta_dot_std': 0.0, 'init_alpha_dot_std': 0.0, 'pwm_limit': 150.0, 'pwm_gain': 1.0, 'pwm_bias': 0.0, 'pwm_deadzone': 0.0, 'pwm_noise_sigma': 0.0, 'actuator_tau': 0.0, 'action_delay_steps': 0, 'theta_bias': 0.0, 'alpha_bias': 0.0, 'theta_sigma': 0.0, 'alpha_sigma': 0.0, 'theta_dot_sigma': 0.0, 'alpha_dot_sigma': 0.0, 'encoder_quantization_rad': 0.0, 'velocity_lpf': 0.25, 'process_theta_dot_sigma': 0.0, 'process_alpha_dot_sigma': 0.0}"
1658246,1,matlab_nominal_reproduction,0.0,"{'level': 0.0, 'physical': {'g': 9.8, 'c_theta': 0.025, 'c_alpha': 0.001, 'k_t': 0.231, 'k_b': 0.1875, 'k_u': 0.04706, 'R': 4.2857, 'm1': 0.20625, 'm2': 0.15845, 'l1cg': 0.080305, 'l1': 0.151894, 'l2cg': 0.066733, 'I1z': 0.00049228, 'I2x': 0.00036892, 'I2y': 2.3641e-05, 'I2z': 0.00036139}, 'init_theta_std_deg': 5.0, 'init_alpha_std_deg': 8.0, 'init_theta_dot_std': 0.0, 'init_alpha_dot_std': 0.0, 'pwm_limit': 150.0, 'pwm_gain': 1.0, 'pwm_bias': 0.0, 'pwm_deadzone': 0.0, 'pwm_noise_sigma': 0.0, 'actuator_tau': 0.0, 'action_delay_steps': 0, 'theta_bias': 0.0, 'alpha_bias': 0.0, 'theta_sigma': 0.0, 'alpha_sigma': 0.0, 'theta_dot_sigma': 0.0, 'alpha_dot_sigma': 0.0, 'encoder_quantization_rad': 0.0, 'velocity_lpf': 0.25, 'process_theta_dot_sigma': 0.0, 'process_alpha_dot_sigma': 0.0}"
1660246,1,matlab_nominal_reproduction,0.0,"{'level': 0.0, 'physical': {'g': 9.8, 'c_theta': 0.025, 'c_alpha': 0.001, 'k_t': 0.231, 'k_b': 0.1875, 'k_u': 0.04706, 'R': 4.2857, 'm1': 0.20625, 'm2': 0.15845, 'l1cg': 0.080305, 'l1': 0.151894, 'l2cg': 0.066733, 'I1z': 0.00049228, 'I2x': 0.00036892, 'I2y': 2.3641e-05, 'I2z': 0.00036139}, 'init_theta_std_deg': 5.0, 'init_alpha_std_deg': 8.0, 'init_theta_dot_std': 0.0, 'init_alpha_dot_std': 0.0, 'pwm_limit': 150.0, 'pwm_gain': 1.0, 'pwm_bias': 0.0, 'pwm_deadzone': 0.0, 'pwm_noise_sigma': 0.0, 'actuator_tau': 0.0, 'action_delay_steps': 0, 'theta_bias': 0.0, 'alpha_bias': 0.0, 'theta_sigma': 0.0, 'alpha_sigma': 0.0, 'theta_dot_sigma': 0.0, 'alpha_dot_sigma': 0.0, 'encoder_quantization_rad': 0.0, 'velocity_lpf': 0.25, 'process_theta_dot_sigma': 0.0, 'process_alpha_dot_sigma': 0.0}"
1662246,1,matlab_nominal_reproduction,0.0,"{'level': 0.0, 'physical': {'g': 9.8, 'c_theta': 0.025, 'c_alpha': 0.001, 'k_t': 0.231, 'k_b': 0.1875, 'k_u': 0.04706, 'R': 4.2857, 'm1': 0.20625, 'm2': 0.15845, 'l1cg': 0.080305, 'l1': 0.151894, 'l2cg': 0.066733, 'I1z': 0.00049228, 'I2x': 0.00036892, 'I2y': 2.3641e-05, 'I2z': 0.00036139}, 'init_theta_std_deg': 5.0, 'init_alpha_std_deg': 8.0, 'init_theta_dot_std': 0.0, 'init_alpha_dot_std': 0.0, 'pwm_limit': 150.0, 'pwm_gain': 1.0, 'pwm_bias': 0.0, 'pwm_deadzone': 0.0, 'pwm_noise_sigma': 0.0, 'actuator_tau': 0.0, 'action_delay_steps': 0, 'theta_bias': 0.0, 'alpha_bias': 0.0, 'theta_sigma': 0.0, 'alpha_sigma': 0.0, 'theta_dot_sigma': 0.0, 'alpha_dot_sigma': 0.0, 'encoder_quantization_rad': 0.0, 'velocity_lpf': 0.25, 'process_theta_dot_sigma': 0.0, 'process_alpha_dot_sigma': 0.0}"
1664246,1,matlab_nominal_reproduction,0.0,"{'level': 0.0, 'physical': {'g': 9.8, 'c_theta': 0.025, 'c_alpha': 0.001, 'k_t': 0.231, 'k_b': 0.1875, 'k_u': 0.04706, 'R': 4.2857, 'm1': 0.20625, 'm2': 0.15845, 'l1cg': 0.080305, 'l1': 0.151894, 'l2cg': 0.066733, 'I1z': 0.00049228, 'I2x': 0.00036892, 'I2y': 2.3641e-05, 'I2z': 0.00036139}, 'init_theta_std_deg': 5.0, 'init_alpha_std_deg': 8.0, 'init_theta_dot_std': 0.0, 'init_alpha_dot_std': 0.0, 'pwm_limit': 150.0, 'pwm_gain': 1.0, 'pwm_bias': 0.0, 'pwm_deadzone': 0.0, 'pwm_noise_sigma': 0.0, 'actuator_tau': 0.0, 'action_delay_steps': 0, 'theta_bias': 0.0, 'alpha_bias': 0.0, 'theta_sigma': 0.0, 'alpha_sigma': 0.0, 'theta_dot_sigma': 0.0, 'alpha_dot_sigma': 0.0, 'encoder_quantization_rad': 0.0, 'velocity_lpf': 0.25, 'process_theta_dot_sigma': 0.0, 'process_alpha_dot_sigma': 0.0}"
1666246,1,matlab_nominal_reproduction,0.0,"{'level': 0.0, 'physical': {'g': 9.8, 'c_theta': 0.025, 'c_alpha': 0.001, 'k_t': 0.231, 'k_b': 0.1875, 'k_u': 0.04706, 'R': 4.2857, 'm1': 0.20625, 'm2': 0.15845, 'l1cg': 0.080305, 'l1': 0.151894, 'l2cg': 0.066733, 'I1z': 0.00049228, 'I2x': 0.00036892, 'I2y': 2.3641e-05, 'I2z': 0.00036139}, 'init_theta_std_deg': 5.0, 'init_alpha_std_deg': 8.0, 'init_theta_dot_std': 0.0, 'init_alpha_dot_std': 0.0, 'pwm_limit': 150.0, 'pwm_gain': 1.0, 'pwm_bias': 0.0, 'pwm_deadzone': 0.0, 'pwm_noise_sigma': 0.0, 'actuator_tau': 0.0, 'action_delay_steps': 0, 'theta_bias': 0.0, 'alpha_bias': 0.0, 'theta_sigma': 0.0, 'alpha_sigma': 0.0, 'theta_dot_sigma': 0.0, 'alpha_dot_sigma': 0.0, 'encoder_quantization_rad': 0.0, 'velocity_lpf': 0.25, 'process_theta_dot_sigma': 0.0, 'process_alpha_dot_sigma': 0.0}"
1668246,1,matlab_nominal_reproduction,0.0,"{'level': 0.0, 'physical': {'g': 9.8, 'c_theta': 0.025, 'c_alpha': 0.001, 'k_t': 0.231, 'k_b': 0.1875, 'k_u': 0.04706, 'R': 4.2857, 'm1': 0.20625, 'm2': 0.15845, 'l1cg': 0.080305, 'l1': 0.151894, 'l2cg': 0.066733, 'I1z': 0.00049228, 'I2x': 0.00036892, 'I2y': 2.3641e-05, 'I2z': 0.00036139}, 'init_theta_std_deg': 5.0, 'init_alpha_std_deg': 8.0, 'init_theta_dot_std': 0.0, 'init_alpha_dot_std': 0.0, 'pwm_limit': 150.0, 'pwm_gain': 1.0, 'pwm_bias': 0.0, 'pwm_deadzone': 0.0, 'pwm_noise_sigma': 0.0, 'actuator_tau': 0.0, 'action_delay_steps': 0, 'theta_bias': 0.0, 'alpha_bias': 0.0, 'theta_sigma': 0.0, 'alpha_sigma': 0.0, 'theta_dot_sigma': 0.0, 'alpha_dot_sigma': 0.0, 'encoder_quantization_rad': 0.0, 'velocity_lpf': 0.25, 'process_theta_dot_sigma': 0.0, 'process_alpha_dot_sigma': 0.0}"
1670223,1,matlab_nominal_reproduction,0.0,"{'level': 0.0, 'physical': {'g': 9.8, 'c_theta': 0.025, 'c_alpha': 0.001, 'k_t': 0.231, 'k_b': 0.1875, 'k_u': 0.04706, 'R': 4.2857, 'm1': 0.20625, 'm2': 0.15845, 'l1cg': 0.080305, 'l1': 0.151894, 'l2cg': 0.066733, 'I1z': 0.00049228, 'I2x': 0.00036892, 'I2y': 2.3641e-05, 'I2z': 0.00036139}, 'init_theta_std_deg': 5.0, 'init_alpha_std_deg': 8.0, 'init_theta_dot_std': 0.0, 'init_alpha_dot_std': 0.0, 'pwm_limit': 150.0, 'pwm_gain': 1.0, 'pwm_bias': 0.0, 'pwm_deadzone': 0.0, 'pwm_noise_sigma': 0.0, 'actuator_tau': 0.0, 'action_delay_steps': 0, 'theta_bias': 0.0, 'alpha_bias': 0.0, 'theta_sigma': 0.0, 'alpha_sigma': 0.0, 'theta_dot_sigma': 0.0, 'alpha_dot_sigma': 0.0, 'encoder_quantization_rad': 0.0, 'velocity_lpf': 0.25, 'process_theta_dot_sigma': 0.0, 'process_alpha_dot_sigma': 0.0}"
1672223,1,matlab_nominal_reproduction,0.0,"{'level': 0.0, 'physical': {'g': 9.8, 'c_theta': 0.025, 'c_alpha': 0.001, 'k_t': 0.231, 'k_b': 0.1875, 'k_u': 0.04706, 'R': 4.2857, 'm1': 0.20625, 'm2': 0.15845, 'l1cg': 0.080305, 'l1': 0.151894, 'l2cg': 0.066733, 'I1z': 0.00049228, 'I2x': 0.00036892, 'I2y': 2.3641e-05, 'I2z': 0.00036139}, 'init_theta_std_deg': 5.0, 'init_alpha_std_deg': 8.0, 'init_theta_dot_std': 0.0, 'init_alpha_dot_std': 0.0, 'pwm_limit': 150.0, 'pwm_gain': 1.0, 'pwm_bias': 0.0, 'pwm_deadzone': 0.0, 'pwm_noise_sigma': 0.0, 'actuator_tau': 0.0, 'action_delay_steps': 0, 'theta_bias': 0.0, 'alpha_bias': 0.0, 'theta_sigma': 0.0, 'alpha_sigma': 0.0, 'theta_dot_sigma': 0.0, 'alpha_dot_sigma': 0.0, 'encoder_quantization_rad': 0.0, 'velocity_lpf': 0.25, 'process_theta_dot_sigma': 0.0, 'process_alpha_dot_sigma': 0.0}"
1674223,1,matlab_nominal_reproduction,0.0,"{'level': 0.0, 'physical': {'g': 9.8, 'c_theta': 0.025, 'c_alpha': 0.001, 'k_t': 0.231, 'k_b': 0.1875, 'k_u': 0.04706, 'R': 4.2857, 'm1': 0.20625, 'm2': 0.15845, 'l1cg': 0.080305, 'l1': 0.151894, 'l2cg': 0.066733, 'I1z': 0.00049228, 'I2x': 0.00036892, 'I2y': 2.3641e-05, 'I2z': 0.00036139}, 'init_theta_std_deg': 5.0, 'init_alpha_std_deg': 8.0, 'init_theta_dot_std': 0.0, 'init_alpha_dot_std': 0.0, 'pwm_limit': 150.0, 'pwm_gain': 1.0, 'pwm_bias': 0.0, 'pwm_deadzone': 0.0, 'pwm_noise_sigma': 0.0, 'actuator_tau': 0.0, 'action_delay_steps': 0, 'theta_bias': 0.0, 'alpha_bias': 0.0, 'theta_sigma': 0.0, 'alpha_sigma': 0.0, 'theta_dot_sigma': 0.0, 'alpha_dot_sigma': 0.0, 'encoder_quantization_rad': 0.0, 'velocity_lpf': 0.25, 'process_theta_dot_sigma': 0.0, 'process_alpha_dot_sigma': 0.0}"
1676223,1,matlab_nominal_reproduction,0.0,"{'level': 0.0, 'physical': {'g': 9.8, 'c_theta': 0.025, 'c_alpha': 0.001, 'k_t': 0.231, 'k_b': 0.1875, 'k_u': 0.04706, 'R': 4.2857, 'm1': 0.20625, 'm2': 0.15845, 'l1cg': 0.080305, 'l1': 0.151894, 'l2cg': 0.066733, 'I1z': 0.00049228, 'I2x': 0.00036892, 'I2y': 2.3641e-05, 'I2z': 0.00036139}, 'init_theta_std_deg': 5.0, 'init_alpha_std_deg': 8.0, 'init_theta_dot_std': 0.0, 'init_alpha_dot_std': 0.0, 'pwm_limit': 150.0, 'pwm_gain': 1.0, 'pwm_bias': 0.0, 'pwm_deadzone': 0.0, 'pwm_noise_sigma': 0.0, 'actuator_tau': 0.0, 'action_delay_steps': 0, 'theta_bias': 0.0, 'alpha_bias': 0.0, 'theta_sigma': 0.0, 'alpha_sigma': 0.0, 'theta_dot_sigma': 0.0, 'alpha_dot_sigma': 0.0, 'encoder_quantization_rad': 0.0, 'velocity_lpf': 0.25, 'process_theta_dot_sigma': 0.0, 'process_alpha_dot_sigma': 0.0}"
1678223,1,matlab_nominal_reproduction,0.0,"{'level': 0.0, 'physical': {'g': 9.8, 'c_theta': 0.025, 'c_alpha': 0.001, 'k_t': 0.231, 'k_b': 0.1875, 'k_u': 0.04706, 'R': 4.2857, 'm1': 0.20625, 'm2': 0.15845, 'l1cg': 0.080305, 'l1': 0.151894, 'l2cg': 0.066733, 'I1z': 0.00049228, 'I2x': 0.00036892, 'I2y': 2.3641e-05, 'I2z': 0.00036139}, 'init_theta_std_deg': 5.0, 'init_alpha_std_deg': 8.0, 'init_theta_dot_std': 0.0, 'init_alpha_dot_std': 0.0, 'pwm_limit': 150.0, 'pwm_gain': 1.0, 'pwm_bias': 0.0, 'pwm_deadzone': 0.0, 'pwm_noise_sigma': 0.0, 'actuator_tau': 0.0, 'action_delay_steps': 0, 'theta_bias': 0.0, 'alpha_bias': 0.0, 'theta_sigma': 0.0, 'alpha_sigma': 0.0, 'theta_dot_sigma': 0.0, 'alpha_dot_sigma': 0.0, 'encoder_quantization_rad': 0.0, 'velocity_lpf': 0.25, 'process_theta_dot_sigma': 0.0, 'process_alpha_dot_sigma': 0.0}"
1680223,1,matlab_nominal_reproduction,0.0,"{'level': 0.0, 'physical': {'g': 9.8, 'c_theta': 0.025, 'c_alpha': 0.001, 'k_t': 0.231, 'k_b': 0.1875, 'k_u': 0.04706, 'R': 4.2857, 'm1': 0.20625, 'm2': 0.15845, 'l1cg': 0.080305, 'l1': 0.151894, 'l2cg': 0.066733, 'I1z': 0.00049228, 'I2x': 0.00036892, 'I2y': 2.3641e-05, 'I2z': 0.00036139}, 'init_theta_std_deg': 5.0, 'init_alpha_std_deg': 8.0, 'init_theta_dot_std': 0.0, 'init_alpha_dot_std': 0.0, 'pwm_limit': 150.0, 'pwm_gain': 1.0, 'pwm_bias': 0.0, 'pwm_deadzone': 0.0, 'pwm_noise_sigma': 0.0, 'actuator_tau': 0.0, 'action_delay_steps': 0, 'theta_bias': 0.0, 'alpha_bias': 0.0, 'theta_sigma': 0.0, 'alpha_sigma': 0.0, 'theta_dot_sigma': 0.0, 'alpha_dot_sigma': 0.0, 'encoder_quantization_rad': 0.0, 'velocity_lpf': 0.25, 'process_theta_dot_sigma': 0.0, 'process_alpha_dot_sigma': 0.0}"
1682223,1,matlab_nominal_reproduction,0.0,"{'level': 0.0, 'physical': {'g': 9.8, 'c_theta': 0.025, 'c_alpha': 0.001, 'k_t': 0.231, 'k_b': 0.1875, 'k_u': 0.04706, 'R': 4.2857, 'm1': 0.20625, 'm2': 0.15845, 'l1cg': 0.080305, 'l1': 0.151894, 'l2cg': 0.066733, 'I1z': 0.00049228, 'I2x': 0.00036892, 'I2y': 2.3641e-05, 'I2z': 0.00036139}, 'init_theta_std_deg': 5.0, 'init_alpha_std_deg': 8.0, 'init_theta_dot_std': 0.0, 'init_alpha_dot_std': 0.0, 'pwm_limit': 150.0, 'pwm_gain': 1.0, 'pwm_bias': 0.0, 'pwm_deadzone': 0.0, 'pwm_noise_sigma': 0.0, 'actuator_tau': 0.0, 'action_delay_steps': 0, 'theta_bias': 0.0, 'alpha_bias': 0.0, 'theta_sigma': 0.0, 'alpha_sigma': 0.0, 'theta_dot_sigma': 0.0, 'alpha_dot_sigma': 0.0, 'encoder_quantization_rad': 0.0, 'velocity_lpf': 0.25, 'process_theta_dot_sigma': 0.0, 'process_alpha_dot_sigma': 0.0}"
1684223,1,matlab_nominal_reproduction,0.0,"{'level': 0.0, 'physical': {'g': 9.8, 'c_theta': 0.025, 'c_alpha': 0.001, 'k_t': 0.231, 'k_b': 0.1875, 'k_u': 0.04706, 'R': 4.2857, 'm1': 0.20625, 'm2': 0.15845, 'l1cg': 0.080305, 'l1': 0.151894, 'l2cg': 0.066733, 'I1z': 0.00049228, 'I2x': 0.00036892, 'I2y': 2.3641e-05, 'I2z': 0.00036139}, 'init_theta_std_deg': 5.0, 'init_alpha_std_deg': 8.0, 'init_theta_dot_std': 0.0, 'init_alpha_dot_std': 0.0, 'pwm_limit': 150.0, 'pwm_gain': 1.0, 'pwm_bias': 0.0, 'pwm_deadzone': 0.0, 'pwm_noise_sigma': 0.0, 'actuator_tau': 0.0, 'action_delay_steps': 0, 'theta_bias': 0.0, 'alpha_bias': 0.0, 'theta_sigma': 0.0, 'alpha_sigma': 0.0, 'theta_dot_sigma': 0.0, 'alpha_dot_sigma': 0.0, 'encoder_quantization_rad': 0.0, 'velocity_lpf': 0.25, 'process_theta_dot_sigma': 0.0, 'process_alpha_dot_sigma': 0.0}"
1686223,1,matlab_nominal_reproduction,0.0,"{'level': 0.0, 'physical': {'g': 9.8, 'c_theta': 0.025, 'c_alpha': 0.001, 'k_t': 0.231, 'k_b': 0.1875, 'k_u': 0.04706, 'R': 4.2857, 'm1': 0.20625, 'm2': 0.15845, 'l1cg': 0.080305, 'l1': 0.151894, 'l2cg': 0.066733, 'I1z': 0.00049228, 'I2x': 0.00036892, 'I2y': 2.3641e-05, 'I2z': 0.00036139}, 'init_theta_std_deg': 5.0, 'init_alpha_std_deg': 8.0, 'init_theta_dot_std': 0.0, 'init_alpha_dot_std': 0.0, 'pwm_limit': 150.0, 'pwm_gain': 1.0, 'pwm_bias': 0.0, 'pwm_deadzone': 0.0, 'pwm_noise_sigma': 0.0, 'actuator_tau': 0.0, 'action_delay_steps': 0, 'theta_bias': 0.0, 'alpha_bias': 0.0, 'theta_sigma': 0.0, 'alpha_sigma': 0.0, 'theta_dot_sigma': 0.0, 'alpha_dot_sigma': 0.0, 'encoder_quantization_rad': 0.0, 'velocity_lpf': 0.25, 'process_theta_dot_sigma': 0.0, 'process_alpha_dot_sigma': 0.0}"
1688223,1,matlab_nominal_reproduction,0.0,"{'level': 0.0, 'physical': {'g': 9.8, 'c_theta': 0.025, 'c_alpha': 0.001, 'k_t': 0.231, 'k_b': 0.1875, 'k_u': 0.04706, 'R': 4.2857, 'm1': 0.20625, 'm2': 0.15845, 'l1cg': 0.080305, 'l1': 0.151894, 'l2cg': 0.066733, 'I1z': 0.00049228, 'I2x': 0.00036892, 'I2y': 2.3641e-05, 'I2z': 0.00036139}, 'init_theta_std_deg': 5.0, 'init_alpha_std_deg': 8.0, 'init_theta_dot_std': 0.0, 'init_alpha_dot_std': 0.0, 'pwm_limit': 150.0, 'pwm_gain': 1.0, 'pwm_bias': 0.0, 'pwm_deadzone': 0.0, 'pwm_noise_sigma': 0.0, 'actuator_tau': 0.0, 'action_delay_steps': 0, 'theta_bias': 0.0, 'alpha_bias': 0.0, 'theta_sigma': 0.0, 'alpha_sigma': 0.0, 'theta_dot_sigma': 0.0, 'alpha_dot_sigma': 0.0, 'encoder_quantization_rad': 0.0, 'velocity_lpf': 0.25, 'process_theta_dot_sigma': 0.0, 'process_alpha_dot_sigma': 0.0}"
1690223,1,matlab_nominal_reproduction,0.0,"{'level': 0.0, 'physical': {'g': 9.8, 'c_theta': 0.025, 'c_alpha': 0.001, 'k_t': 0.231, 'k_b': 0.1875, 'k_u': 0.04706, 'R': 4.2857, 'm1': 0.20625, 'm2': 0.15845, 'l1cg': 0.080305, 'l1': 0.151894, 'l2cg': 0.066733, 'I1z': 0.00049228, 'I2x': 0.00036892, 'I2y': 2.3641e-05, 'I2z': 0.00036139}, 'init_theta_std_deg': 5.0, 'init_alpha_std_deg': 8.0, 'init_theta_dot_std': 0.0, 'init_alpha_dot_std': 0.0, 'pwm_limit': 150.0, 'pwm_gain': 1.0, 'pwm_bias': 0.0, 'pwm_deadzone': 0.0, 'pwm_noise_sigma': 0.0, 'actuator_tau': 0.0, 'action_delay_steps': 0, 'theta_bias': 0.0, 'alpha_bias': 0.0, 'theta_sigma': 0.0, 'alpha_sigma': 0.0, 'theta_dot_sigma': 0.0, 'alpha_dot_sigma': 0.0, 'encoder_quantization_rad': 0.0, 'velocity_lpf': 0.25, 'process_theta_dot_sigma': 0.0, 'process_alpha_dot_sigma': 0.0}"
1692223,1,matlab_nominal_reproduction,0.0,"{'level': 0.0, 'physical': {'g': 9.8, 'c_theta': 0.025, 'c_alpha': 0.001, 'k_t': 0.231, 'k_b': 0.1875, 'k_u': 0.04706, 'R': 4.2857, 'm1': 0.20625, 'm2': 0.15845, 'l1cg': 0.080305, 'l1': 0.151894, 'l2cg': 0.066733, 'I1z': 0.00049228, 'I2x': 0.00036892, 'I2y': 2.3641e-05, 'I2z': 0.00036139}, 'init_theta_std_deg': 5.0, 'init_alpha_std_deg': 8.0, 'init_theta_dot_std': 0.0, 'init_alpha_dot_std': 0.0, 'pwm_limit': 150.0, 'pwm_gain': 1.0, 'pwm_bias': 0.0, 'pwm_deadzone': 0.0, 'pwm_noise_sigma': 0.0, 'actuator_tau': 0.0, 'action_delay_steps': 0, 'theta_bias': 0.0, 'alpha_bias': 0.0, 'theta_sigma': 0.0, 'alpha_sigma': 0.0, 'theta_dot_sigma': 0.0, 'alpha_dot_sigma': 0.0, 'encoder_quantization_rad': 0.0, 'velocity_lpf': 0.25, 'process_theta_dot_sigma': 0.0, 'process_alpha_dot_sigma': 0.0}"
1694223,1,matlab_nominal_reproduction,0.0,"{'level': 0.0, 'physical': {'g': 9.8, 'c_theta': 0.025, 'c_alpha': 0.001, 'k_t': 0.231, 'k_b': 0.1875, 'k_u': 0.04706, 'R': 4.2857, 'm1': 0.20625, 'm2': 0.15845, 'l1cg': 0.080305, 'l1': 0.151894, 'l2cg': 0.066733, 'I1z': 0.00049228, 'I2x': 0.00036892, 'I2y': 2.3641e-05, 'I2z': 0.00036139}, 'init_theta_std_deg': 5.0, 'init_alpha_std_deg': 8.0, 'init_theta_dot_std': 0.0, 'init_alpha_dot_std': 0.0, 'pwm_limit': 150.0, 'pwm_gain': 1.0, 'pwm_bias': 0.0, 'pwm_deadzone': 0.0, 'pwm_noise_sigma': 0.0, 'actuator_tau': 0.0, 'action_delay_steps': 0, 'theta_bias': 0.0, 'alpha_bias': 0.0, 'theta_sigma': 0.0, 'alpha_sigma': 0.0, 'theta_dot_sigma': 0.0, 'alpha_dot_sigma': 0.0, 'encoder_quantization_rad': 0.0, 'velocity_lpf': 0.25, 'process_theta_dot_sigma': 0.0, 'process_alpha_dot_sigma': 0.0}"
1696223,1,matlab_nominal_reproduction,0.0,"{'level': 0.0, 'physical': {'g': 9.8, 'c_theta': 0.025, 'c_alpha': 0.001, 'k_t': 0.231, 'k_b': 0.1875, 'k_u': 0.04706, 'R': 4.2857, 'm1': 0.20625, 'm2': 0.15845, 'l1cg': 0.080305, 'l1': 0.151894, 'l2cg': 0.066733, 'I1z': 0.00049228, 'I2x': 0.00036892, 'I2y': 2.3641e-05, 'I2z': 0.00036139}, 'init_theta_std_deg': 5.0, 'init_alpha_std_deg': 8.0, 'init_theta_dot_std': 0.0, 'init_alpha_dot_std': 0.0, 'pwm_limit': 150.0, 'pwm_gain': 1.0, 'pwm_bias': 0.0, 'pwm_deadzone': 0.0, 'pwm_noise_sigma': 0.0, 'actuator_tau': 0.0, 'action_delay_steps': 0, 'theta_bias': 0.0, 'alpha_bias': 0.0, 'theta_sigma': 0.0, 'alpha_sigma': 0.0, 'theta_dot_sigma': 0.0, 'alpha_dot_sigma': 0.0, 'encoder_quantization_rad': 0.0, 'velocity_lpf': 0.25, 'process_theta_dot_sigma': 0.0, 'process_alpha_dot_sigma': 0.0}"
1698223,1,matlab_nominal_reproduction,0.0,"{'level': 0.0, 'physical': {'g': 9.8, 'c_theta': 0.025, 'c_alpha': 0.001, 'k_t': 0.231, 'k_b': 0.1875, 'k_u': 0.04706, 'R': 4.2857, 'm1': 0.20625, 'm2': 0.15845, 'l1cg': 0.080305, 'l1': 0.151894, 'l2cg': 0.066733, 'I1z': 0.00049228, 'I2x': 0.00036892, 'I2y': 2.3641e-05, 'I2z': 0.00036139}, 'init_theta_std_deg': 5.0, 'init_alpha_std_deg': 8.0, 'init_theta_dot_std': 0.0, 'init_alpha_dot_std': 0.0, 'pwm_limit': 150.0, 'pwm_gain': 1.0, 'pwm_bias': 0.0, 'pwm_deadzone': 0.0, 'pwm_noise_sigma': 0.0, 'actuator_tau': 0.0, 'action_delay_steps': 0, 'theta_bias': 0.0, 'alpha_bias': 0.0, 'theta_sigma': 0.0, 'alpha_sigma': 0.0, 'theta_dot_sigma': 0.0, 'alpha_dot_sigma': 0.0, 'encoder_quantization_rad': 0.0, 'velocity_lpf': 0.25, 'process_theta_dot_sigma': 0.0, 'process_alpha_dot_sigma': 0.0}"
1700223,1,matlab_nominal_reproduction,0.0,"{'level': 0.0, 'physical': {'g': 9.8, 'c_theta': 0.025, 'c_alpha': 0.001, 'k_t': 0.231, 'k_b': 0.1875, 'k_u': 0.04706, 'R': 4.2857, 'm1': 0.20625, 'm2': 0.15845, 'l1cg': 0.080305, 'l1': 0.151894, 'l2cg': 0.066733, 'I1z': 0.00049228, 'I2x': 0.00036892, 'I2y': 2.3641e-05, 'I2z': 0.00036139}, 'init_theta_std_deg': 5.0, 'init_alpha_std_deg': 8.0, 'init_theta_dot_std': 0.0, 'init_alpha_dot_std': 0.0, 'pwm_limit': 150.0, 'pwm_gain': 1.0, 'pwm_bias': 0.0, 'pwm_deadzone': 0.0, 'pwm_noise_sigma': 0.0, 'actuator_tau': 0.0, 'action_delay_steps': 0, 'theta_bias': 0.0, 'alpha_bias': 0.0, 'theta_sigma': 0.0, 'alpha_sigma': 0.0, 'theta_dot_sigma': 0.0, 'alpha_dot_sigma': 0.0, 'encoder_quantization_rad': 0.0, 'velocity_lpf': 0.25, 'process_theta_dot_sigma': 0.0, 'process_alpha_dot_sigma': 0.0}"
1702223,1,matlab_nominal_reproduction,0.0,"{'level': 0.0, 'physical': {'g': 9.8, 'c_theta': 0.025, 'c_alpha': 0.001, 'k_t': 0.231, 'k_b': 0.1875, 'k_u': 0.04706, 'R': 4.2857, 'm1': 0.20625, 'm2': 0.15845, 'l1cg': 0.080305, 'l1': 0.151894, 'l2cg': 0.066733, 'I1z': 0.00049228, 'I2x': 0.00036892, 'I2y': 2.3641e-05, 'I2z': 0.00036139}, 'init_theta_std_deg': 5.0, 'init_alpha_std_deg': 8.0, 'init_theta_dot_std': 0.0, 'init_alpha_dot_std': 0.0, 'pwm_limit': 150.0, 'pwm_gain': 1.0, 'pwm_bias': 0.0, 'pwm_deadzone': 0.0, 'pwm_noise_sigma': 0.0, 'actuator_tau': 0.0, 'action_delay_steps': 0, 'theta_bias': 0.0, 'alpha_bias': 0.0, 'theta_sigma': 0.0, 'alpha_sigma': 0.0, 'theta_dot_sigma': 0.0, 'alpha_dot_sigma': 0.0, 'encoder_quantization_rad': 0.0, 'velocity_lpf': 0.25, 'process_theta_dot_sigma': 0.0, 'process_alpha_dot_sigma': 0.0}"
1704223,1,matlab_nominal_reproduction,0.0,"{'level': 0.0, 'physical': {'g': 9.8, 'c_theta': 0.025, 'c_alpha': 0.001, 'k_t': 0.231, 'k_b': 0.1875, 'k_u': 0.04706, 'R': 4.2857, 'm1': 0.20625, 'm2': 0.15845, 'l1cg': 0.080305, 'l1': 0.151894, 'l2cg': 0.066733, 'I1z': 0.00049228, 'I2x': 0.00036892, 'I2y': 2.3641e-05, 'I2z': 0.00036139}, 'init_theta_std_deg': 5.0, 'init_alpha_std_deg': 8.0, 'init_theta_dot_std': 0.0, 'init_alpha_dot_std': 0.0, 'pwm_limit': 150.0, 'pwm_gain': 1.0, 'pwm_bias': 0.0, 'pwm_deadzone': 0.0, 'pwm_noise_sigma': 0.0, 'actuator_tau': 0.0, 'action_delay_steps': 0, 'theta_bias': 0.0, 'alpha_bias': 0.0, 'theta_sigma': 0.0, 'alpha_sigma': 0.0, 'theta_dot_sigma': 0.0, 'alpha_dot_sigma': 0.0, 'encoder_quantization_rad': 0.0, 'velocity_lpf': 0.25, 'process_theta_dot_sigma': 0.0, 'process_alpha_dot_sigma': 0.0}"
1706223,1,matlab_nominal_reproduction,0.0,"{'level': 0.0, 'physical': {'g': 9.8, 'c_theta': 0.025, 'c_alpha': 0.001, 'k_t': 0.231, 'k_b': 0.1875, 'k_u': 0.04706, 'R': 4.2857, 'm1': 0.20625, 'm2': 0.15845, 'l1cg': 0.080305, 'l1': 0.151894, 'l2cg': 0.066733, 'I1z': 0.00049228, 'I2x': 0.00036892, 'I2y': 2.3641e-05, 'I2z': 0.00036139}, 'init_theta_std_deg': 5.0, 'init_alpha_std_deg': 8.0, 'init_theta_dot_std': 0.0, 'init_alpha_dot_std': 0.0, 'pwm_limit': 150.0, 'pwm_gain': 1.0, 'pwm_bias': 0.0, 'pwm_deadzone': 0.0, 'pwm_noise_sigma': 0.0, 'actuator_tau': 0.0, 'action_delay_steps': 0, 'theta_bias': 0.0, 'alpha_bias': 0.0, 'theta_sigma': 0.0, 'alpha_sigma': 0.0, 'theta_dot_sigma': 0.0, 'alpha_dot_sigma': 0.0, 'encoder_quantization_rad': 0.0, 'velocity_lpf': 0.25, 'process_theta_dot_sigma': 0.0, 'process_alpha_dot_sigma': 0.0}"
1708223,1,matlab_nominal_reproduction,0.0,"{'level': 0.0, 'physical': {'g': 9.8, 'c_theta': 0.025, 'c_alpha': 0.001, 'k_t': 0.231, 'k_b': 0.1875, 'k_u': 0.04706, 'R': 4.2857, 'm1': 0.20625, 'm2': 0.15845, 'l1cg': 0.080305, 'l1': 0.151894, 'l2cg': 0.066733, 'I1z': 0.00049228, 'I2x': 0.00036892, 'I2y': 2.3641e-05, 'I2z': 0.00036139}, 'init_theta_std_deg': 5.0, 'init_alpha_std_deg': 8.0, 'init_theta_dot_std': 0.0, 'init_alpha_dot_std': 0.0, 'pwm_limit': 150.0, 'pwm_gain': 1.0, 'pwm_bias': 0.0, 'pwm_deadzone': 0.0, 'pwm_noise_sigma': 0.0, 'actuator_tau': 0.0, 'action_delay_steps': 0, 'theta_bias': 0.0, 'alpha_bias': 0.0, 'theta_sigma': 0.0, 'alpha_sigma': 0.0, 'theta_dot_sigma': 0.0, 'alpha_dot_sigma': 0.0, 'encoder_quantization_rad': 0.0, 'velocity_lpf': 0.25, 'process_theta_dot_sigma': 0.0, 'process_alpha_dot_sigma': 0.0}"
1710223,1,matlab_nominal_reproduction,0.0,"{'level': 0.0, 'physical': {'g': 9.8, 'c_theta': 0.025, 'c_alpha': 0.001, 'k_t': 0.231, 'k_b': 0.1875, 'k_u': 0.04706, 'R': 4.2857, 'm1': 0.20625, 'm2': 0.15845, 'l1cg': 0.080305, 'l1': 0.151894, 'l2cg': 0.066733, 'I1z': 0.00049228, 'I2x': 0.00036892, 'I2y': 2.3641e-05, 'I2z': 0.00036139}, 'init_theta_std_deg': 5.0, 'init_alpha_std_deg': 8.0, 'init_theta_dot_std': 0.0, 'init_alpha_dot_std': 0.0, 'pwm_limit': 150.0, 'pwm_gain': 1.0, 'pwm_bias': 0.0, 'pwm_deadzone': 0.0, 'pwm_noise_sigma': 0.0, 'actuator_tau': 0.0, 'action_delay_steps': 0, 'theta_bias': 0.0, 'alpha_bias': 0.0, 'theta_sigma': 0.0, 'alpha_sigma': 0.0, 'theta_dot_sigma': 0.0, 'alpha_dot_sigma': 0.0, 'encoder_quantization_rad': 0.0, 'velocity_lpf': 0.25, 'process_theta_dot_sigma': 0.0, 'process_alpha_dot_sigma': 0.0}"
1712223,1,matlab_nominal_reproduction,0.0,"{'level': 0.0, 'physical': {'g': 9.8, 'c_theta': 0.025, 'c_alpha': 0.001, 'k_t': 0.231, 'k_b': 0.1875, 'k_u': 0.04706, 'R': 4.2857, 'm1': 0.20625, 'm2': 0.15845, 'l1cg': 0.080305, 'l1': 0.151894, 'l2cg': 0.066733, 'I1z': 0.00049228, 'I2x': 0.00036892, 'I2y': 2.3641e-05, 'I2z': 0.00036139}, 'init_theta_std_deg': 5.0, 'init_alpha_std_deg': 8.0, 'init_theta_dot_std': 0.0, 'init_alpha_dot_std': 0.0, 'pwm_limit': 150.0, 'pwm_gain': 1.0, 'pwm_bias': 0.0, 'pwm_deadzone': 0.0, 'pwm_noise_sigma': 0.0, 'actuator_tau': 0.0, 'action_delay_steps': 0, 'theta_bias': 0.0, 'alpha_bias': 0.0, 'theta_sigma': 0.0, 'alpha_sigma': 0.0, 'theta_dot_sigma': 0.0, 'alpha_dot_sigma': 0.0, 'encoder_quantization_rad': 0.0, 'velocity_lpf': 0.25, 'process_theta_dot_sigma': 0.0, 'process_alpha_dot_sigma': 0.0}"
1713923,1,matlab_nominal_reproduction,0.0,"{'level': 0.0, 'physical': {'g': 9.8, 'c_theta': 0.025, 'c_alpha': 0.001, 'k_t': 0.231, 'k_b': 0.1875, 'k_u': 0.04706, 'R': 4.2857, 'm1': 0.20625, 'm2': 0.15845, 'l1cg': 0.080305, 'l1': 0.151894, 'l2cg': 0.066733, 'I1z': 0.00049228, 'I2x': 0.00036892, 'I2y': 2.3641e-05, 'I2z': 0.00036139}, 'init_theta_std_deg': 5.0, 'init_alpha_std_deg': 8.0, 'init_theta_dot_std': 0.0, 'init_alpha_dot_std': 0.0, 'pwm_limit': 150.0, 'pwm_gain': 1.0, 'pwm_bias': 0.0, 'pwm_deadzone': 0.0, 'pwm_noise_sigma': 0.0, 'actuator_tau': 0.0, 'action_delay_steps': 0, 'theta_bias': 0.0, 'alpha_bias': 0.0, 'theta_sigma': 0.0, 'alpha_sigma': 0.0, 'theta_dot_sigma': 0.0, 'alpha_dot_sigma': 0.0, 'encoder_quantization_rad': 0.0, 'velocity_lpf': 0.25, 'process_theta_dot_sigma': 0.0, 'process_alpha_dot_sigma': 0.0}"
1715923,1,matlab_nominal_reproduction,0.0,"{'level': 0.0, 'physical': {'g': 9.8, 'c_theta': 0.025, 'c_alpha': 0.001, 'k_t': 0.231, 'k_b': 0.1875, 'k_u': 0.04706, 'R': 4.2857, 'm1': 0.20625, 'm2': 0.15845, 'l1cg': 0.080305, 'l1': 0.151894, 'l2cg': 0.066733, 'I1z': 0.00049228, 'I2x': 0.00036892, 'I2y': 2.3641e-05, 'I2z': 0.00036139}, 'init_theta_std_deg': 5.0, 'init_alpha_std_deg': 8.0, 'init_theta_dot_std': 0.0, 'init_alpha_dot_std': 0.0, 'pwm_limit': 150.0, 'pwm_gain': 1.0, 'pwm_bias': 0.0, 'pwm_deadzone': 0.0, 'pwm_noise_sigma': 0.0, 'actuator_tau': 0.0, 'action_delay_steps': 0, 'theta_bias': 0.0, 'alpha_bias': 0.0, 'theta_sigma': 0.0, 'alpha_sigma': 0.0, 'theta_dot_sigma': 0.0, 'alpha_dot_sigma': 0.0, 'encoder_quantization_rad': 0.0, 'velocity_lpf': 0.25, 'process_theta_dot_sigma': 0.0, 'process_alpha_dot_sigma': 0.0}"
1717923,1,matlab_nominal_reproduction,0.0,"{'level': 0.0, 'physical': {'g': 9.8, 'c_theta': 0.025, 'c_alpha': 0.001, 'k_t': 0.231, 'k_b': 0.1875, 'k_u': 0.04706, 'R': 4.2857, 'm1': 0.20625, 'm2': 0.15845, 'l1cg': 0.080305, 'l1': 0.151894, 'l2cg': 0.066733, 'I1z': 0.00049228, 'I2x': 0.00036892, 'I2y': 2.3641e-05, 'I2z': 0.00036139}, 'init_theta_std_deg': 5.0, 'init_alpha_std_deg': 8.0, 'init_theta_dot_std': 0.0, 'init_alpha_dot_std': 0.0, 'pwm_limit': 150.0, 'pwm_gain': 1.0, 'pwm_bias': 0.0, 'pwm_deadzone': 0.0, 'pwm_noise_sigma': 0.0, 'actuator_tau': 0.0, 'action_delay_steps': 0, 'theta_bias': 0.0, 'alpha_bias': 0.0, 'theta_sigma': 0.0, 'alpha_sigma': 0.0, 'theta_dot_sigma': 0.0, 'alpha_dot_sigma': 0.0, 'encoder_quantization_rad': 0.0, 'velocity_lpf': 0.25, 'process_theta_dot_sigma': 0.0, 'process_alpha_dot_sigma': 0.0}"
1719923,1,matlab_nominal_reproduction,0.0,"{'level': 0.0, 'physical': {'g': 9.8, 'c_theta': 0.025, 'c_alpha': 0.001, 'k_t': 0.231, 'k_b': 0.1875, 'k_u': 0.04706, 'R': 4.2857, 'm1': 0.20625, 'm2': 0.15845, 'l1cg': 0.080305, 'l1': 0.151894, 'l2cg': 0.066733, 'I1z': 0.00049228, 'I2x': 0.00036892, 'I2y': 2.3641e-05, 'I2z': 0.00036139}, 'init_theta_std_deg': 5.0, 'init_alpha_std_deg': 8.0, 'init_theta_dot_std': 0.0, 'init_alpha_dot_std': 0.0, 'pwm_limit': 150.0, 'pwm_gain': 1.0, 'pwm_bias': 0.0, 'pwm_deadzone': 0.0, 'pwm_noise_sigma': 0.0, 'actuator_tau': 0.0, 'action_delay_steps': 0, 'theta_bias': 0.0, 'alpha_bias': 0.0, 'theta_sigma': 0.0, 'alpha_sigma': 0.0, 'theta_dot_sigma': 0.0, 'alpha_dot_sigma': 0.0, 'encoder_quantization_rad': 0.0, 'velocity_lpf': 0.25, 'process_theta_dot_sigma': 0.0, 'process_alpha_dot_sigma': 0.0}"
1721923,1,matlab_nominal_reproduction,0.0,"{'level': 0.0, 'physical': {'g': 9.8, 'c_theta': 0.025, 'c_alpha': 0.001, 'k_t': 0.231, 'k_b': 0.1875, 'k_u': 0.04706, 'R': 4.2857, 'm1': 0.20625, 'm2': 0.15845, 'l1cg': 0.080305, 'l1': 0.151894, 'l2cg': 0.066733, 'I1z': 0.00049228, 'I2x': 0.00036892, 'I2y': 2.3641e-05, 'I2z': 0.00036139}, 'init_theta_std_deg': 5.0, 'init_alpha_std_deg': 8.0, 'init_theta_dot_std': 0.0, 'init_alpha_dot_std': 0.0, 'pwm_limit': 150.0, 'pwm_gain': 1.0, 'pwm_bias': 0.0, 'pwm_deadzone': 0.0, 'pwm_noise_sigma': 0.0, 'actuator_tau': 0.0, 'action_delay_steps': 0, 'theta_bias': 0.0, 'alpha_bias': 0.0, 'theta_sigma': 0.0, 'alpha_sigma': 0.0, 'theta_dot_sigma': 0.0, 'alpha_dot_sigma': 0.0, 'encoder_quantization_rad': 0.0, 'velocity_lpf': 0.25, 'process_theta_dot_sigma': 0.0, 'process_alpha_dot_sigma': 0.0}"
1723923,1,matlab_nominal_reproduction,0.0,"{'level': 0.0, 'physical': {'g': 9.8, 'c_theta': 0.025, 'c_alpha': 0.001, 'k_t': 0.231, 'k_b': 0.1875, 'k_u': 0.04706, 'R': 4.2857, 'm1': 0.20625, 'm2': 0.15845, 'l1cg': 0.080305, 'l1': 0.151894, 'l2cg': 0.066733, 'I1z': 0.00049228, 'I2x': 0.00036892, 'I2y': 2.3641e-05, 'I2z': 0.00036139}, 'init_theta_std_deg': 5.0, 'init_alpha_std_deg': 8.0, 'init_theta_dot_std': 0.0, 'init_alpha_dot_std': 0.0, 'pwm_limit': 150.0, 'pwm_gain': 1.0, 'pwm_bias': 0.0, 'pwm_deadzone': 0.0, 'pwm_noise_sigma': 0.0, 'actuator_tau': 0.0, 'action_delay_steps': 0, 'theta_bias': 0.0, 'alpha_bias': 0.0, 'theta_sigma': 0.0, 'alpha_sigma': 0.0, 'theta_dot_sigma': 0.0, 'alpha_dot_sigma': 0.0, 'encoder_quantization_rad': 0.0, 'velocity_lpf': 0.25, 'process_theta_dot_sigma': 0.0, 'process_alpha_dot_sigma': 0.0}"
1725923,1,matlab_nominal_reproduction,0.0,"{'level': 0.0, 'physical': {'g': 9.8, 'c_theta': 0.025, 'c_alpha': 0.001, 'k_t': 0.231, 'k_b': 0.1875, 'k_u': 0.04706, 'R': 4.2857, 'm1': 0.20625, 'm2': 0.15845, 'l1cg': 0.080305, 'l1': 0.151894, 'l2cg': 0.066733, 'I1z': 0.00049228, 'I2x': 0.00036892, 'I2y': 2.3641e-05, 'I2z': 0.00036139}, 'init_theta_std_deg': 5.0, 'init_alpha_std_deg': 8.0, 'init_theta_dot_std': 0.0, 'init_alpha_dot_std': 0.0, 'pwm_limit': 150.0, 'pwm_gain': 1.0, 'pwm_bias': 0.0, 'pwm_deadzone': 0.0, 'pwm_noise_sigma': 0.0, 'actuator_tau': 0.0, 'action_delay_steps': 0, 'theta_bias': 0.0, 'alpha_bias': 0.0, 'theta_sigma': 0.0, 'alpha_sigma': 0.0, 'theta_dot_sigma': 0.0, 'alpha_dot_sigma': 0.0, 'encoder_quantization_rad': 0.0, 'velocity_lpf': 0.25, 'process_theta_dot_sigma': 0.0, 'process_alpha_dot_sigma': 0.0}"
1727923,1,matlab_nominal_reproduction,0.0,"{'level': 0.0, 'physical': {'g': 9.8, 'c_theta': 0.025, 'c_alpha': 0.001, 'k_t': 0.231, 'k_b': 0.1875, 'k_u': 0.04706, 'R': 4.2857, 'm1': 0.20625, 'm2': 0.15845, 'l1cg': 0.080305, 'l1': 0.151894, 'l2cg': 0.066733, 'I1z': 0.00049228, 'I2x': 0.00036892, 'I2y': 2.3641e-05, 'I2z': 0.00036139}, 'init_theta_std_deg': 5.0, 'init_alpha_std_deg': 8.0, 'init_theta_dot_std': 0.0, 'init_alpha_dot_std': 0.0, 'pwm_limit': 150.0, 'pwm_gain': 1.0, 'pwm_bias': 0.0, 'pwm_deadzone': 0.0, 'pwm_noise_sigma': 0.0, 'actuator_tau': 0.0, 'action_delay_steps': 0, 'theta_bias': 0.0, 'alpha_bias': 0.0, 'theta_sigma': 0.0, 'alpha_sigma': 0.0, 'theta_dot_sigma': 0.0, 'alpha_dot_sigma': 0.0, 'encoder_quantization_rad': 0.0, 'velocity_lpf': 0.25, 'process_theta_dot_sigma': 0.0, 'process_alpha_dot_sigma': 0.0}"
1729923,1,matlab_nominal_reproduction,0.0,"{'level': 0.0, 'physical': {'g': 9.8, 'c_theta': 0.025, 'c_alpha': 0.001, 'k_t': 0.231, 'k_b': 0.1875, 'k_u': 0.04706, 'R': 4.2857, 'm1': 0.20625, 'm2': 0.15845, 'l1cg': 0.080305, 'l1': 0.151894, 'l2cg': 0.066733, 'I1z': 0.00049228, 'I2x': 0.00036892, 'I2y': 2.3641e-05, 'I2z': 0.00036139}, 'init_theta_std_deg': 5.0, 'init_alpha_std_deg': 8.0, 'init_theta_dot_std': 0.0, 'init_alpha_dot_std': 0.0, 'pwm_limit': 150.0, 'pwm_gain': 1.0, 'pwm_bias': 0.0, 'pwm_deadzone': 0.0, 'pwm_noise_sigma': 0.0, 'actuator_tau': 0.0, 'action_delay_steps': 0, 'theta_bias': 0.0, 'alpha_bias': 0.0, 'theta_sigma': 0.0, 'alpha_sigma': 0.0, 'theta_dot_sigma': 0.0, 'alpha_dot_sigma': 0.0, 'encoder_quantization_rad': 0.0, 'velocity_lpf': 0.25, 'process_theta_dot_sigma': 0.0, 'process_alpha_dot_sigma': 0.0}"
1731923,1,matlab_nominal_reproduction,0.0,"{'level': 0.0, 'physical': {'g': 9.8, 'c_theta': 0.025, 'c_alpha': 0.001, 'k_t': 0.231, 'k_b': 0.1875, 'k_u': 0.04706, 'R': 4.2857, 'm1': 0.20625, 'm2': 0.15845, 'l1cg': 0.080305, 'l1': 0.151894, 'l2cg': 0.066733, 'I1z': 0.00049228, 'I2x': 0.00036892, 'I2y': 2.3641e-05, 'I2z': 0.00036139}, 'init_theta_std_deg': 5.0, 'init_alpha_std_deg': 8.0, 'init_theta_dot_std': 0.0, 'init_alpha_dot_std': 0.0, 'pwm_limit': 150.0, 'pwm_gain': 1.0, 'pwm_bias': 0.0, 'pwm_deadzone': 0.0, 'pwm_noise_sigma': 0.0, 'actuator_tau': 0.0, 'action_delay_steps': 0, 'theta_bias': 0.0, 'alpha_bias': 0.0, 'theta_sigma': 0.0, 'alpha_sigma': 0.0, 'theta_dot_sigma': 0.0, 'alpha_dot_sigma': 0.0, 'encoder_quantization_rad': 0.0, 'velocity_lpf': 0.25, 'process_theta_dot_sigma': 0.0, 'process_alpha_dot_sigma': 0.0}"
1733923,1,matlab_nominal_reproduction,0.0,"{'level': 0.0, 'physical': {'g': 9.8, 'c_theta': 0.025, 'c_alpha': 0.001, 'k_t': 0.231, 'k_b': 0.1875, 'k_u': 0.04706, 'R': 4.2857, 'm1': 0.20625, 'm2': 0.15845, 'l1cg': 0.080305, 'l1': 0.151894, 'l2cg': 0.066733, 'I1z': 0.00049228, 'I2x': 0.00036892, 'I2y': 2.3641e-05, 'I2z': 0.00036139}, 'init_theta_std_deg': 5.0, 'init_alpha_std_deg': 8.0, 'init_theta_dot_std': 0.0, 'init_alpha_dot_std': 0.0, 'pwm_limit': 150.0, 'pwm_gain': 1.0, 'pwm_bias': 0.0, 'pwm_deadzone': 0.0, 'pwm_noise_sigma': 0.0, 'actuator_tau': 0.0, 'action_delay_steps': 0, 'theta_bias': 0.0, 'alpha_bias': 0.0, 'theta_sigma': 0.0, 'alpha_sigma': 0.0, 'theta_dot_sigma': 0.0, 'alpha_dot_sigma': 0.0, 'encoder_quantization_rad': 0.0, 'velocity_lpf': 0.25, 'process_theta_dot_sigma': 0.0, 'process_alpha_dot_sigma': 0.0}"
1735923,1,matlab_nominal_reproduction,0.0,"{'level': 0.0, 'physical': {'g': 9.8, 'c_theta': 0.025, 'c_alpha': 0.001, 'k_t': 0.231, 'k_b': 0.1875, 'k_u': 0.04706, 'R': 4.2857, 'm1': 0.20625, 'm2': 0.15845, 'l1cg': 0.080305, 'l1': 0.151894, 'l2cg': 0.066733, 'I1z': 0.00049228, 'I2x': 0.00036892, 'I2y': 2.3641e-05, 'I2z': 0.00036139}, 'init_theta_std_deg': 5.0, 'init_alpha_std_deg': 8.0, 'init_theta_dot_std': 0.0, 'init_alpha_dot_std': 0.0, 'pwm_limit': 150.0, 'pwm_gain': 1.0, 'pwm_bias': 0.0, 'pwm_deadzone': 0.0, 'pwm_noise_sigma': 0.0, 'actuator_tau': 0.0, 'action_delay_steps': 0, 'theta_bias': 0.0, 'alpha_bias': 0.0, 'theta_sigma': 0.0, 'alpha_sigma': 0.0, 'theta_dot_sigma': 0.0, 'alpha_dot_sigma': 0.0, 'encoder_quantization_rad': 0.0, 'velocity_lpf': 0.25, 'process_theta_dot_sigma': 0.0, 'process_alpha_dot_sigma': 0.0}"
1737923,1,matlab_nominal_reproduction,0.0,"{'level': 0.0, 'physical': {'g': 9.8, 'c_theta': 0.025, 'c_alpha': 0.001, 'k_t': 0.231, 'k_b': 0.1875, 'k_u': 0.04706, 'R': 4.2857, 'm1': 0.20625, 'm2': 0.15845, 'l1cg': 0.080305, 'l1': 0.151894, 'l2cg': 0.066733, 'I1z': 0.00049228, 'I2x': 0.00036892, 'I2y': 2.3641e-05, 'I2z': 0.00036139}, 'init_theta_std_deg': 5.0, 'init_alpha_std_deg': 8.0, 'init_theta_dot_std': 0.0, 'init_alpha_dot_std': 0.0, 'pwm_limit': 150.0, 'pwm_gain': 1.0, 'pwm_bias': 0.0, 'pwm_deadzone': 0.0, 'pwm_noise_sigma': 0.0, 'actuator_tau': 0.0, 'action_delay_steps': 0, 'theta_bias': 0.0, 'alpha_bias': 0.0, 'theta_sigma': 0.0, 'alpha_sigma': 0.0, 'theta_dot_sigma': 0.0, 'alpha_dot_sigma': 0.0, 'encoder_quantization_rad': 0.0, 'velocity_lpf': 0.25, 'process_theta_dot_sigma': 0.0, 'process_alpha_dot_sigma': 0.0}"
1739923,1,matlab_nominal_reproduction,0.0,"{'level': 0.0, 'physical': {'g': 9.8, 'c_theta': 0.025, 'c_alpha': 0.001, 'k_t': 0.231, 'k_b': 0.1875, 'k_u': 0.04706, 'R': 4.2857, 'm1': 0.20625, 'm2': 0.15845, 'l1cg': 0.080305, 'l1': 0.151894, 'l2cg': 0.066733, 'I1z': 0.00049228, 'I2x': 0.00036892, 'I2y': 2.3641e-05, 'I2z': 0.00036139}, 'init_theta_std_deg': 5.0, 'init_alpha_std_deg': 8.0, 'init_theta_dot_std': 0.0, 'init_alpha_dot_std': 0.0, 'pwm_limit': 150.0, 'pwm_gain': 1.0, 'pwm_bias': 0.0, 'pwm_deadzone': 0.0, 'pwm_noise_sigma': 0.0, 'actuator_tau': 0.0, 'action_delay_steps': 0, 'theta_bias': 0.0, 'alpha_bias': 0.0, 'theta_sigma': 0.0, 'alpha_sigma': 0.0, 'theta_dot_sigma': 0.0, 'alpha_dot_sigma': 0.0, 'encoder_quantization_rad': 0.0, 'velocity_lpf': 0.25, 'process_theta_dot_sigma': 0.0, 'process_alpha_dot_sigma': 0.0}"
1741923,1,matlab_nominal_reproduction,0.0,"{'level': 0.0, 'physical': {'g': 9.8, 'c_theta': 0.025, 'c_alpha': 0.001, 'k_t': 0.231, 'k_b': 0.1875, 'k_u': 0.04706, 'R': 4.2857, 'm1': 0.20625, 'm2': 0.15845, 'l1cg': 0.080305, 'l1': 0.151894, 'l2cg': 0.066733, 'I1z': 0.00049228, 'I2x': 0.00036892, 'I2y': 2.3641e-05, 'I2z': 0.00036139}, 'init_theta_std_deg': 5.0, 'init_alpha_std_deg': 8.0, 'init_theta_dot_std': 0.0, 'init_alpha_dot_std': 0.0, 'pwm_limit': 150.0, 'pwm_gain': 1.0, 'pwm_bias': 0.0, 'pwm_deadzone': 0.0, 'pwm_noise_sigma': 0.0, 'actuator_tau': 0.0, 'action_delay_steps': 0, 'theta_bias': 0.0, 'alpha_bias': 0.0, 'theta_sigma': 0.0, 'alpha_sigma': 0.0, 'theta_dot_sigma': 0.0, 'alpha_dot_sigma': 0.0, 'encoder_quantization_rad': 0.0, 'velocity_lpf': 0.25, 'process_theta_dot_sigma': 0.0, 'process_alpha_dot_sigma': 0.0}"
1743923,1,matlab_nominal_reproduction,0.0,"{'level': 0.0, 'physical': {'g': 9.8, 'c_theta': 0.025, 'c_alpha': 0.001, 'k_t': 0.231, 'k_b': 0.1875, 'k_u': 0.04706, 'R': 4.2857, 'm1': 0.20625, 'm2': 0.15845, 'l1cg': 0.080305, 'l1': 0.151894, 'l2cg': 0.066733, 'I1z': 0.00049228, 'I2x': 0.00036892, 'I2y': 2.3641e-05, 'I2z': 0.00036139}, 'init_theta_std_deg': 5.0, 'init_alpha_std_deg': 8.0, 'init_theta_dot_std': 0.0, 'init_alpha_dot_std': 0.0, 'pwm_limit': 150.0, 'pwm_gain': 1.0, 'pwm_bias': 0.0, 'pwm_deadzone': 0.0, 'pwm_noise_sigma': 0.0, 'actuator_tau': 0.0, 'action_delay_steps': 0, 'theta_bias': 0.0, 'alpha_bias': 0.0, 'theta_sigma': 0.0, 'alpha_sigma': 0.0, 'theta_dot_sigma': 0.0, 'alpha_dot_sigma': 0.0, 'encoder_quantization_rad': 0.0, 'velocity_lpf': 0.25, 'process_theta_dot_sigma': 0.0, 'process_alpha_dot_sigma': 0.0}"
1745923,1,matlab_nominal_reproduction,0.0,"{'level': 0.0, 'physical': {'g': 9.8, 'c_theta': 0.025, 'c_alpha': 0.001, 'k_t': 0.231, 'k_b': 0.1875, 'k_u': 0.04706, 'R': 4.2857, 'm1': 0.20625, 'm2': 0.15845, 'l1cg': 0.080305, 'l1': 0.151894, 'l2cg': 0.066733, 'I1z': 0.00049228, 'I2x': 0.00036892, 'I2y': 2.3641e-05, 'I2z': 0.00036139}, 'init_theta_std_deg': 5.0, 'init_alpha_std_deg': 8.0, 'init_theta_dot_std': 0.0, 'init_alpha_dot_std': 0.0, 'pwm_limit': 150.0, 'pwm_gain': 1.0, 'pwm_bias': 0.0, 'pwm_deadzone': 0.0, 'pwm_noise_sigma': 0.0, 'actuator_tau': 0.0, 'action_delay_steps': 0, 'theta_bias': 0.0, 'alpha_bias': 0.0, 'theta_sigma': 0.0, 'alpha_sigma': 0.0, 'theta_dot_sigma': 0.0, 'alpha_dot_sigma': 0.0, 'encoder_quantization_rad': 0.0, 'velocity_lpf': 0.25, 'process_theta_dot_sigma': 0.0, 'process_alpha_dot_sigma': 0.0}"
1747923,1,matlab_nominal_reproduction,0.0,"{'level': 0.0, 'physical': {'g': 9.8, 'c_theta': 0.025, 'c_alpha': 0.001, 'k_t': 0.231, 'k_b': 0.1875, 'k_u': 0.04706, 'R': 4.2857, 'm1': 0.20625, 'm2': 0.15845, 'l1cg': 0.080305, 'l1': 0.151894, 'l2cg': 0.066733, 'I1z': 0.00049228, 'I2x': 0.00036892, 'I2y': 2.3641e-05, 'I2z': 0.00036139}, 'init_theta_std_deg': 5.0, 'init_alpha_std_deg': 8.0, 'init_theta_dot_std': 0.0, 'init_alpha_dot_std': 0.0, 'pwm_limit': 150.0, 'pwm_gain': 1.0, 'pwm_bias': 0.0, 'pwm_deadzone': 0.0, 'pwm_noise_sigma': 0.0, 'actuator_tau': 0.0, 'action_delay_steps': 0, 'theta_bias': 0.0, 'alpha_bias': 0.0, 'theta_sigma': 0.0, 'alpha_sigma': 0.0, 'theta_dot_sigma': 0.0, 'alpha_dot_sigma': 0.0, 'encoder_quantization_rad': 0.0, 'velocity_lpf': 0.25, 'process_theta_dot_sigma': 0.0, 'process_alpha_dot_sigma': 0.0}"
1749923,1,matlab_nominal_reproduction,0.0,"{'level': 0.0, 'physical': {'g': 9.8, 'c_theta': 0.025, 'c_alpha': 0.001, 'k_t': 0.231, 'k_b': 0.1875, 'k_u': 0.04706, 'R': 4.2857, 'm1': 0.20625, 'm2': 0.15845, 'l1cg': 0.080305, 'l1': 0.151894, 'l2cg': 0.066733, 'I1z': 0.00049228, 'I2x': 0.00036892, 'I2y': 2.3641e-05, 'I2z': 0.00036139}, 'init_theta_std_deg': 5.0, 'init_alpha_std_deg': 8.0, 'init_theta_dot_std': 0.0, 'init_alpha_dot_std': 0.0, 'pwm_limit': 150.0, 'pwm_gain': 1.0, 'pwm_bias': 0.0, 'pwm_deadzone': 0.0, 'pwm_noise_sigma': 0.0, 'actuator_tau': 0.0, 'action_delay_steps': 0, 'theta_bias': 0.0, 'alpha_bias': 0.0, 'theta_sigma': 0.0, 'alpha_sigma': 0.0, 'theta_dot_sigma': 0.0, 'alpha_dot_sigma': 0.0, 'encoder_quantization_rad': 0.0, 'velocity_lpf': 0.25, 'process_theta_dot_sigma': 0.0, 'process_alpha_dot_sigma': 0.0}"
1750885,1,matlab_nominal_reproduction,0.0,"{'level': 0.0, 'physical': {'g': 9.8, 'c_theta': 0.025, 'c_alpha': 0.001, 'k_t': 0.231, 'k_b': 0.1875, 'k_u': 0.04706, 'R': 4.2857, 'm1': 0.20625, 'm2': 0.15845, 'l1cg': 0.080305, 'l1': 0.151894, 'l2cg': 0.066733, 'I1z': 0.00049228, 'I2x': 0.00036892, 'I2y': 2.3641e-05, 'I2z': 0.00036139}, 'init_theta_std_deg': 5.0, 'init_alpha_std_deg': 8.0, 'init_theta_dot_std': 0.0, 'init_alpha_dot_std': 0.0, 'pwm_limit': 150.0, 'pwm_gain': 1.0, 'pwm_bias': 0.0, 'pwm_deadzone': 0.0, 'pwm_noise_sigma': 0.0, 'actuator_tau': 0.0, 'action_delay_steps': 0, 'theta_bias': 0.0, 'alpha_bias': 0.0, 'theta_sigma': 0.0, 'alpha_sigma': 0.0, 'theta_dot_sigma': 0.0, 'alpha_dot_sigma': 0.0, 'encoder_quantization_rad': 0.0, 'velocity_lpf': 0.25, 'process_theta_dot_sigma': 0.0, 'process_alpha_dot_sigma': 0.0}"
1752885,1,matlab_nominal_reproduction,0.0,"{'level': 0.0, 'physical': {'g': 9.8, 'c_theta': 0.025, 'c_alpha': 0.001, 'k_t': 0.231, 'k_b': 0.1875, 'k_u': 0.04706, 'R': 4.2857, 'm1': 0.20625, 'm2': 0.15845, 'l1cg': 0.080305, 'l1': 0.151894, 'l2cg': 0.066733, 'I1z': 0.00049228, 'I2x': 0.00036892, 'I2y': 2.3641e-05, 'I2z': 0.00036139}, 'init_theta_std_deg': 5.0, 'init_alpha_std_deg': 8.0, 'init_theta_dot_std': 0.0, 'init_alpha_dot_std': 0.0, 'pwm_limit': 150.0, 'pwm_gain': 1.0, 'pwm_bias': 0.0, 'pwm_deadzone': 0.0, 'pwm_noise_sigma': 0.0, 'actuator_tau': 0.0, 'action_delay_steps': 0, 'theta_bias': 0.0, 'alpha_bias': 0.0, 'theta_sigma': 0.0, 'alpha_sigma': 0.0, 'theta_dot_sigma': 0.0, 'alpha_dot_sigma': 0.0, 'encoder_quantization_rad': 0.0, 'velocity_lpf': 0.25, 'process_theta_dot_sigma': 0.0, 'process_alpha_dot_sigma': 0.0}"
1754885,1,matlab_nominal_reproduction,0.0,"{'level': 0.0, 'physical': {'g': 9.8, 'c_theta': 0.025, 'c_alpha': 0.001, 'k_t': 0.231, 'k_b': 0.1875, 'k_u': 0.04706, 'R': 4.2857, 'm1': 0.20625, 'm2': 0.15845, 'l1cg': 0.080305, 'l1': 0.151894, 'l2cg': 0.066733, 'I1z': 0.00049228, 'I2x': 0.00036892, 'I2y': 2.3641e-05, 'I2z': 0.00036139}, 'init_theta_std_deg': 5.0, 'init_alpha_std_deg': 8.0, 'init_theta_dot_std': 0.0, 'init_alpha_dot_std': 0.0, 'pwm_limit': 150.0, 'pwm_gain': 1.0, 'pwm_bias': 0.0, 'pwm_deadzone': 0.0, 'pwm_noise_sigma': 0.0, 'actuator_tau': 0.0, 'action_delay_steps': 0, 'theta_bias': 0.0, 'alpha_bias': 0.0, 'theta_sigma': 0.0, 'alpha_sigma': 0.0, 'theta_dot_sigma': 0.0, 'alpha_dot_sigma': 0.0, 'encoder_quantization_rad': 0.0, 'velocity_lpf': 0.25, 'process_theta_dot_sigma': 0.0, 'process_alpha_dot_sigma': 0.0}"
1756885,1,matlab_nominal_reproduction,0.0,"{'level': 0.0, 'physical': {'g': 9.8, 'c_theta': 0.025, 'c_alpha': 0.001, 'k_t': 0.231, 'k_b': 0.1875, 'k_u': 0.04706, 'R': 4.2857, 'm1': 0.20625, 'm2': 0.15845, 'l1cg': 0.080305, 'l1': 0.151894, 'l2cg': 0.066733, 'I1z': 0.00049228, 'I2x': 0.00036892, 'I2y': 2.3641e-05, 'I2z': 0.00036139}, 'init_theta_std_deg': 5.0, 'init_alpha_std_deg': 8.0, 'init_theta_dot_std': 0.0, 'init_alpha_dot_std': 0.0, 'pwm_limit': 150.0, 'pwm_gain': 1.0, 'pwm_bias': 0.0, 'pwm_deadzone': 0.0, 'pwm_noise_sigma': 0.0, 'actuator_tau': 0.0, 'action_delay_steps': 0, 'theta_bias': 0.0, 'alpha_bias': 0.0, 'theta_sigma': 0.0, 'alpha_sigma': 0.0, 'theta_dot_sigma': 0.0, 'alpha_dot_sigma': 0.0, 'encoder_quantization_rad': 0.0, 'velocity_lpf': 0.25, 'process_theta_dot_sigma': 0.0, 'process_alpha_dot_sigma': 0.0}"
1758885,1,matlab_nominal_reproduction,0.0,"{'level': 0.0, 'physical': {'g': 9.8, 'c_theta': 0.025, 'c_alpha': 0.001, 'k_t': 0.231, 'k_b': 0.1875, 'k_u': 0.04706, 'R': 4.2857, 'm1': 0.20625, 'm2': 0.15845, 'l1cg': 0.080305, 'l1': 0.151894, 'l2cg': 0.066733, 'I1z': 0.00049228, 'I2x': 0.00036892, 'I2y': 2.3641e-05, 'I2z': 0.00036139}, 'init_theta_std_deg': 5.0, 'init_alpha_std_deg': 8.0, 'init_theta_dot_std': 0.0, 'init_alpha_dot_std': 0.0, 'pwm_limit': 150.0, 'pwm_gain': 1.0, 'pwm_bias': 0.0, 'pwm_deadzone': 0.0, 'pwm_noise_sigma': 0.0, 'actuator_tau': 0.0, 'action_delay_steps': 0, 'theta_bias': 0.0, 'alpha_bias': 0.0, 'theta_sigma': 0.0, 'alpha_sigma': 0.0, 'theta_dot_sigma': 0.0, 'alpha_dot_sigma': 0.0, 'encoder_quantization_rad': 0.0, 'velocity_lpf': 0.25, 'process_theta_dot_sigma': 0.0, 'process_alpha_dot_sigma': 0.0}"
1760885,1,matlab_nominal_reproduction,0.0,"{'level': 0.0, 'physical': {'g': 9.8, 'c_theta': 0.025, 'c_alpha': 0.001, 'k_t': 0.231, 'k_b': 0.1875, 'k_u': 0.04706, 'R': 4.2857, 'm1': 0.20625, 'm2': 0.15845, 'l1cg': 0.080305, 'l1': 0.151894, 'l2cg': 0.066733, 'I1z': 0.00049228, 'I2x': 0.00036892, 'I2y': 2.3641e-05, 'I2z': 0.00036139}, 'init_theta_std_deg': 5.0, 'init_alpha_std_deg': 8.0, 'init_theta_dot_std': 0.0, 'init_alpha_dot_std': 0.0, 'pwm_limit': 150.0, 'pwm_gain': 1.0, 'pwm_bias': 0.0, 'pwm_deadzone': 0.0, 'pwm_noise_sigma': 0.0, 'actuator_tau': 0.0, 'action_delay_steps': 0, 'theta_bias': 0.0, 'alpha_bias': 0.0, 'theta_sigma': 0.0, 'alpha_sigma': 0.0, 'theta_dot_sigma': 0.0, 'alpha_dot_sigma': 0.0, 'encoder_quantization_rad': 0.0, 'velocity_lpf': 0.25, 'process_theta_dot_sigma': 0.0, 'process_alpha_dot_sigma': 0.0}"
1762885,1,matlab_nominal_reproduction,0.0,"{'level': 0.0, 'physical': {'g': 9.8, 'c_theta': 0.025, 'c_alpha': 0.001, 'k_t': 0.231, 'k_b': 0.1875, 'k_u': 0.04706, 'R': 4.2857, 'm1': 0.20625, 'm2': 0.15845, 'l1cg': 0.080305, 'l1': 0.151894, 'l2cg': 0.066733, 'I1z': 0.00049228, 'I2x': 0.00036892, 'I2y': 2.3641e-05, 'I2z': 0.00036139}, 'init_theta_std_deg': 5.0, 'init_alpha_std_deg': 8.0, 'init_theta_dot_std': 0.0, 'init_alpha_dot_std': 0.0, 'pwm_limit': 150.0, 'pwm_gain': 1.0, 'pwm_bias': 0.0, 'pwm_deadzone': 0.0, 'pwm_noise_sigma': 0.0, 'actuator_tau': 0.0, 'action_delay_steps': 0, 'theta_bias': 0.0, 'alpha_bias': 0.0, 'theta_sigma': 0.0, 'alpha_sigma': 0.0, 'theta_dot_sigma': 0.0, 'alpha_dot_sigma': 0.0, 'encoder_quantization_rad': 0.0, 'velocity_lpf': 0.25, 'process_theta_dot_sigma': 0.0, 'process_alpha_dot_sigma': 0.0}"
1764885,1,matlab_nominal_reproduction,0.0,"{'level': 0.0, 'physical': {'g': 9.8, 'c_theta': 0.025, 'c_alpha': 0.001, 'k_t': 0.231, 'k_b': 0.1875, 'k_u': 0.04706, 'R': 4.2857, 'm1': 0.20625, 'm2': 0.15845, 'l1cg': 0.080305, 'l1': 0.151894, 'l2cg': 0.066733, 'I1z': 0.00049228, 'I2x': 0.00036892, 'I2y': 2.3641e-05, 'I2z': 0.00036139}, 'init_theta_std_deg': 5.0, 'init_alpha_std_deg': 8.0, 'init_theta_dot_std': 0.0, 'init_alpha_dot_std': 0.0, 'pwm_limit': 150.0, 'pwm_gain': 1.0, 'pwm_bias': 0.0, 'pwm_deadzone': 0.0, 'pwm_noise_sigma': 0.0, 'actuator_tau': 0.0, 'action_delay_steps': 0, 'theta_bias': 0.0, 'alpha_bias': 0.0, 'theta_sigma': 0.0, 'alpha_sigma': 0.0, 'theta_dot_sigma': 0.0, 'alpha_dot_sigma': 0.0, 'encoder_quantization_rad': 0.0, 'velocity_lpf': 0.25, 'process_theta_dot_sigma': 0.0, 'process_alpha_dot_sigma': 0.0}"
1766885,1,matlab_nominal_reproduction,0.0,"{'level': 0.0, 'physical': {'g': 9.8, 'c_theta': 0.025, 'c_alpha': 0.001, 'k_t': 0.231, 'k_b': 0.1875, 'k_u': 0.04706, 'R': 4.2857, 'm1': 0.20625, 'm2': 0.15845, 'l1cg': 0.080305, 'l1': 0.151894, 'l2cg': 0.066733, 'I1z': 0.00049228, 'I2x': 0.00036892, 'I2y': 2.3641e-05, 'I2z': 0.00036139}, 'init_theta_std_deg': 5.0, 'init_alpha_std_deg': 8.0, 'init_theta_dot_std': 0.0, 'init_alpha_dot_std': 0.0, 'pwm_limit': 150.0, 'pwm_gain': 1.0, 'pwm_bias': 0.0, 'pwm_deadzone': 0.0, 'pwm_noise_sigma': 0.0, 'actuator_tau': 0.0, 'action_delay_steps': 0, 'theta_bias': 0.0, 'alpha_bias': 0.0, 'theta_sigma': 0.0, 'alpha_sigma': 0.0, 'theta_dot_sigma': 0.0, 'alpha_dot_sigma': 0.0, 'encoder_quantization_rad': 0.0, 'velocity_lpf': 0.25, 'process_theta_dot_sigma': 0.0, 'process_alpha_dot_sigma': 0.0}"
1768885,1,matlab_nominal_reproduction,0.0,"{'level': 0.0, 'physical': {'g': 9.8, 'c_theta': 0.025, 'c_alpha': 0.001, 'k_t': 0.231, 'k_b': 0.1875, 'k_u': 0.04706, 'R': 4.2857, 'm1': 0.20625, 'm2': 0.15845, 'l1cg': 0.080305, 'l1': 0.151894, 'l2cg': 0.066733, 'I1z': 0.00049228, 'I2x': 0.00036892, 'I2y': 2.3641e-05, 'I2z': 0.00036139}, 'init_theta_std_deg': 5.0, 'init_alpha_std_deg': 8.0, 'init_theta_dot_std': 0.0, 'init_alpha_dot_std': 0.0, 'pwm_limit': 150.0, 'pwm_gain': 1.0, 'pwm_bias': 0.0, 'pwm_deadzone': 0.0, 'pwm_noise_sigma': 0.0, 'actuator_tau': 0.0, 'action_delay_steps': 0, 'theta_bias': 0.0, 'alpha_bias': 0.0, 'theta_sigma': 0.0, 'alpha_sigma': 0.0, 'theta_dot_sigma': 0.0, 'alpha_dot_sigma': 0.0, 'encoder_quantization_rad': 0.0, 'velocity_lpf': 0.25, 'process_theta_dot_sigma': 0.0, 'process_alpha_dot_sigma': 0.0}"
1770885,1,matlab_nominal_reproduction,0.0,"{'level': 0.0, 'physical': {'g': 9.8, 'c_theta': 0.025, 'c_alpha': 0.001, 'k_t': 0.231, 'k_b': 0.1875, 'k_u': 0.04706, 'R': 4.2857, 'm1': 0.20625, 'm2': 0.15845, 'l1cg': 0.080305, 'l1': 0.151894, 'l2cg': 0.066733, 'I1z': 0.00049228, 'I2x': 0.00036892, 'I2y': 2.3641e-05, 'I2z': 0.00036139}, 'init_theta_std_deg': 5.0, 'init_alpha_std_deg': 8.0, 'init_theta_dot_std': 0.0, 'init_alpha_dot_std': 0.0, 'pwm_limit': 150.0, 'pwm_gain': 1.0, 'pwm_bias': 0.0, 'pwm_deadzone': 0.0, 'pwm_noise_sigma': 0.0, 'actuator_tau': 0.0, 'action_delay_steps': 0, 'theta_bias': 0.0, 'alpha_bias': 0.0, 'theta_sigma': 0.0, 'alpha_sigma': 0.0, 'theta_dot_sigma': 0.0, 'alpha_dot_sigma': 0.0, 'encoder_quantization_rad': 0.0, 'velocity_lpf': 0.25, 'process_theta_dot_sigma': 0.0, 'process_alpha_dot_sigma': 0.0}"
1772885,1,matlab_nominal_reproduction,0.0,"{'level': 0.0, 'physical': {'g': 9.8, 'c_theta': 0.025, 'c_alpha': 0.001, 'k_t': 0.231, 'k_b': 0.1875, 'k_u': 0.04706, 'R': 4.2857, 'm1': 0.20625, 'm2': 0.15845, 'l1cg': 0.080305, 'l1': 0.151894, 'l2cg': 0.066733, 'I1z': 0.00049228, 'I2x': 0.00036892, 'I2y': 2.3641e-05, 'I2z': 0.00036139}, 'init_theta_std_deg': 5.0, 'init_alpha_std_deg': 8.0, 'init_theta_dot_std': 0.0, 'init_alpha_dot_std': 0.0, 'pwm_limit': 150.0, 'pwm_gain': 1.0, 'pwm_bias': 0.0, 'pwm_deadzone': 0.0, 'pwm_noise_sigma': 0.0, 'actuator_tau': 0.0, 'action_delay_steps': 0, 'theta_bias': 0.0, 'alpha_bias': 0.0, 'theta_sigma': 0.0, 'alpha_sigma': 0.0, 'theta_dot_sigma': 0.0, 'alpha_dot_sigma': 0.0, 'encoder_quantization_rad': 0.0, 'velocity_lpf': 0.25, 'process_theta_dot_sigma': 0.0, 'process_alpha_dot_sigma': 0.0}"
1774885,1,matlab_nominal_reproduction,0.0,"{'level': 0.0, 'physical': {'g': 9.8, 'c_theta': 0.025, 'c_alpha': 0.001, 'k_t': 0.231, 'k_b': 0.1875, 'k_u': 0.04706, 'R': 4.2857, 'm1': 0.20625, 'm2': 0.15845, 'l1cg': 0.080305, 'l1': 0.151894, 'l2cg': 0.066733, 'I1z': 0.00049228, 'I2x': 0.00036892, 'I2y': 2.3641e-05, 'I2z': 0.00036139}, 'init_theta_std_deg': 5.0, 'init_alpha_std_deg': 8.0, 'init_theta_dot_std': 0.0, 'init_alpha_dot_std': 0.0, 'pwm_limit': 150.0, 'pwm_gain': 1.0, 'pwm_bias': 0.0, 'pwm_deadzone': 0.0, 'pwm_noise_sigma': 0.0, 'actuator_tau': 0.0, 'action_delay_steps': 0, 'theta_bias': 0.0, 'alpha_bias': 0.0, 'theta_sigma': 0.0, 'alpha_sigma': 0.0, 'theta_dot_sigma': 0.0, 'alpha_dot_sigma': 0.0, 'encoder_quantization_rad': 0.0, 'velocity_lpf': 0.25, 'process_theta_dot_sigma': 0.0, 'process_alpha_dot_sigma': 0.0}"
1776885,1,matlab_nominal_reproduction,0.0,"{'level': 0.0, 'physical': {'g': 9.8, 'c_theta': 0.025, 'c_alpha': 0.001, 'k_t': 0.231, 'k_b': 0.1875, 'k_u': 0.04706, 'R': 4.2857, 'm1': 0.20625, 'm2': 0.15845, 'l1cg': 0.080305, 'l1': 0.151894, 'l2cg': 0.066733, 'I1z': 0.00049228, 'I2x': 0.00036892, 'I2y': 2.3641e-05, 'I2z': 0.00036139}, 'init_theta_std_deg': 5.0, 'init_alpha_std_deg': 8.0, 'init_theta_dot_std': 0.0, 'init_alpha_dot_std': 0.0, 'pwm_limit': 150.0, 'pwm_gain': 1.0, 'pwm_bias': 0.0, 'pwm_deadzone': 0.0, 'pwm_noise_sigma': 0.0, 'actuator_tau': 0.0, 'action_delay_steps': 0, 'theta_bias': 0.0, 'alpha_bias': 0.0, 'theta_sigma': 0.0, 'alpha_sigma': 0.0, 'theta_dot_sigma': 0.0, 'alpha_dot_sigma': 0.0, 'encoder_quantization_rad': 0.0, 'velocity_lpf': 0.25, 'process_theta_dot_sigma': 0.0, 'process_alpha_dot_sigma': 0.0}"
1778885,1,matlab_nominal_reproduction,0.0,"{'level': 0.0, 'physical': {'g': 9.8, 'c_theta': 0.025, 'c_alpha': 0.001, 'k_t': 0.231, 'k_b': 0.1875, 'k_u': 0.04706, 'R': 4.2857, 'm1': 0.20625, 'm2': 0.15845, 'l1cg': 0.080305, 'l1': 0.151894, 'l2cg': 0.066733, 'I1z': 0.00049228, 'I2x': 0.00036892, 'I2y': 2.3641e-05, 'I2z': 0.00036139}, 'init_theta_std_deg': 5.0, 'init_alpha_std_deg': 8.0, 'init_theta_dot_std': 0.0, 'init_alpha_dot_std': 0.0, 'pwm_limit': 150.0, 'pwm_gain': 1.0, 'pwm_bias': 0.0, 'pwm_deadzone': 0.0, 'pwm_noise_sigma': 0.0, 'actuator_tau': 0.0, 'action_delay_steps': 0, 'theta_bias': 0.0, 'alpha_bias': 0.0, 'theta_sigma': 0.0, 'alpha_sigma': 0.0, 'theta_dot_sigma': 0.0, 'alpha_dot_sigma': 0.0, 'encoder_quantization_rad': 0.0, 'velocity_lpf': 0.25, 'process_theta_dot_sigma': 0.0, 'process_alpha_dot_sigma': 0.0}"
1780885,1,matlab_nominal_reproduction,0.0,"{'level': 0.0, 'physical': {'g': 9.8, 'c_theta': 0.025, 'c_alpha': 0.001, 'k_t': 0.231, 'k_b': 0.1875, 'k_u': 0.04706, 'R': 4.2857, 'm1': 0.20625, 'm2': 0.15845, 'l1cg': 0.080305, 'l1': 0.151894, 'l2cg': 0.066733, 'I1z': 0.00049228, 'I2x': 0.00036892, 'I2y': 2.3641e-05, 'I2z': 0.00036139}, 'init_theta_std_deg': 5.0, 'init_alpha_std_deg': 8.0, 'init_theta_dot_std': 0.0, 'init_alpha_dot_std': 0.0, 'pwm_limit': 150.0, 'pwm_gain': 1.0, 'pwm_bias': 0.0, 'pwm_deadzone': 0.0, 'pwm_noise_sigma': 0.0, 'actuator_tau': 0.0, 'action_delay_steps': 0, 'theta_bias': 0.0, 'alpha_bias': 0.0, 'theta_sigma': 0.0, 'alpha_sigma': 0.0, 'theta_dot_sigma': 0.0, 'alpha_dot_sigma': 0.0, 'encoder_quantization_rad': 0.0, 'velocity_lpf': 0.25, 'process_theta_dot_sigma': 0.0, 'process_alpha_dot_sigma': 0.0}"
1782885,1,matlab_nominal_reproduction,0.0,"{'level': 0.0, 'physical': {'g': 9.8, 'c_theta': 0.025, 'c_alpha': 0.001, 'k_t': 0.231, 'k_b': 0.1875, 'k_u': 0.04706, 'R': 4.2857, 'm1': 0.20625, 'm2': 0.15845, 'l1cg': 0.080305, 'l1': 0.151894, 'l2cg': 0.066733, 'I1z': 0.00049228, 'I2x': 0.00036892, 'I2y': 2.3641e-05, 'I2z': 0.00036139}, 'init_theta_std_deg': 5.0, 'init_alpha_std_deg': 8.0, 'init_theta_dot_std': 0.0, 'init_alpha_dot_std': 0.0, 'pwm_limit': 150.0, 'pwm_gain': 1.0, 'pwm_bias': 0.0, 'pwm_deadzone': 0.0, 'pwm_noise_sigma': 0.0, 'actuator_tau': 0.0, 'action_delay_steps': 0, 'theta_bias': 0.0, 'alpha_bias': 0.0, 'theta_sigma': 0.0, 'alpha_sigma': 0.0, 'theta_dot_sigma': 0.0, 'alpha_dot_sigma': 0.0, 'encoder_quantization_rad': 0.0, 'velocity_lpf': 0.25, 'process_theta_dot_sigma': 0.0, 'process_alpha_dot_sigma': 0.0}"
1784885,1,matlab_nominal_reproduction,0.0,"{'level': 0.0, 'physical': {'g': 9.8, 'c_theta': 0.025, 'c_alpha': 0.001, 'k_t': 0.231, 'k_b': 0.1875, 'k_u': 0.04706, 'R': 4.2857, 'm1': 0.20625, 'm2': 0.15845, 'l1cg': 0.080305, 'l1': 0.151894, 'l2cg': 0.066733, 'I1z': 0.00049228, 'I2x': 0.00036892, 'I2y': 2.3641e-05, 'I2z': 0.00036139}, 'init_theta_std_deg': 5.0, 'init_alpha_std_deg': 8.0, 'init_theta_dot_std': 0.0, 'init_alpha_dot_std': 0.0, 'pwm_limit': 150.0, 'pwm_gain': 1.0, 'pwm_bias': 0.0, 'pwm_deadzone': 0.0, 'pwm_noise_sigma': 0.0, 'actuator_tau': 0.0, 'action_delay_steps': 0, 'theta_bias': 0.0, 'alpha_bias': 0.0, 'theta_sigma': 0.0, 'alpha_sigma': 0.0, 'theta_dot_sigma': 0.0, 'alpha_dot_sigma': 0.0, 'encoder_quantization_rad': 0.0, 'velocity_lpf': 0.25, 'process_theta_dot_sigma': 0.0, 'process_alpha_dot_sigma': 0.0}"
1786885,1,matlab_nominal_reproduction,0.0,"{'level': 0.0, 'physical': {'g': 9.8, 'c_theta': 0.025, 'c_alpha': 0.001, 'k_t': 0.231, 'k_b': 0.1875, 'k_u': 0.04706, 'R': 4.2857, 'm1': 0.20625, 'm2': 0.15845, 'l1cg': 0.080305, 'l1': 0.151894, 'l2cg': 0.066733, 'I1z': 0.00049228, 'I2x': 0.00036892, 'I2y': 2.3641e-05, 'I2z': 0.00036139}, 'init_theta_std_deg': 5.0, 'init_alpha_std_deg': 8.0, 'init_theta_dot_std': 0.0, 'init_alpha_dot_std': 0.0, 'pwm_limit': 150.0, 'pwm_gain': 1.0, 'pwm_bias': 0.0, 'pwm_deadzone': 0.0, 'pwm_noise_sigma': 0.0, 'actuator_tau': 0.0, 'action_delay_steps': 0, 'theta_bias': 0.0, 'alpha_bias': 0.0, 'theta_sigma': 0.0, 'alpha_sigma': 0.0, 'theta_dot_sigma': 0.0, 'alpha_dot_sigma': 0.0, 'encoder_quantization_rad': 0.0, 'velocity_lpf': 0.25, 'process_theta_dot_sigma': 0.0, 'process_alpha_dot_sigma': 0.0}"
1788885,1,matlab_nominal_reproduction,0.0,"{'level': 0.0, 'physical': {'g': 9.8, 'c_theta': 0.025, 'c_alpha': 0.001, 'k_t': 0.231, 'k_b': 0.1875, 'k_u': 0.04706, 'R': 4.2857, 'm1': 0.20625, 'm2': 0.15845, 'l1cg': 0.080305, 'l1': 0.151894, 'l2cg': 0.066733, 'I1z': 0.00049228, 'I2x': 0.00036892, 'I2y': 2.3641e-05, 'I2z': 0.00036139}, 'init_theta_std_deg': 5.0, 'init_alpha_std_deg': 8.0, 'init_theta_dot_std': 0.0, 'init_alpha_dot_std': 0.0, 'pwm_limit': 150.0, 'pwm_gain': 1.0, 'pwm_bias': 0.0, 'pwm_deadzone': 0.0, 'pwm_noise_sigma': 0.0, 'actuator_tau': 0.0, 'action_delay_steps': 0, 'theta_bias': 0.0, 'alpha_bias': 0.0, 'theta_sigma': 0.0, 'alpha_sigma': 0.0, 'theta_dot_sigma': 0.0, 'alpha_dot_sigma': 0.0, 'encoder_quantization_rad': 0.0, 'velocity_lpf': 0.25, 'process_theta_dot_sigma': 0.0, 'process_alpha_dot_sigma': 0.0}"
1790885,1,matlab_nominal_reproduction,0.0,"{'level': 0.0, 'physical': {'g': 9.8, 'c_theta': 0.025, 'c_alpha': 0.001, 'k_t': 0.231, 'k_b': 0.1875, 'k_u': 0.04706, 'R': 4.2857, 'm1': 0.20625, 'm2': 0.15845, 'l1cg': 0.080305, 'l1': 0.151894, 'l2cg': 0.066733, 'I1z': 0.00049228, 'I2x': 0.00036892, 'I2y': 2.3641e-05, 'I2z': 0.00036139}, 'init_theta_std_deg': 5.0, 'init_alpha_std_deg': 8.0, 'init_theta_dot_std': 0.0, 'init_alpha_dot_std': 0.0, 'pwm_limit': 150.0, 'pwm_gain': 1.0, 'pwm_bias': 0.0, 'pwm_deadzone': 0.0, 'pwm_noise_sigma': 0.0, 'actuator_tau': 0.0, 'action_delay_steps': 0, 'theta_bias': 0.0, 'alpha_bias': 0.0, 'theta_sigma': 0.0, 'alpha_sigma': 0.0, 'theta_dot_sigma': 0.0, 'alpha_dot_sigma': 0.0, 'encoder_quantization_rad': 0.0, 'velocity_lpf': 0.25, 'process_theta_dot_sigma': 0.0, 'process_alpha_dot_sigma': 0.0}"
1792885,1,matlab_nominal_reproduction,0.0,"{'level': 0.0, 'physical': {'g': 9.8, 'c_theta': 0.025, 'c_alpha': 0.001, 'k_t': 0.231, 'k_b': 0.1875, 'k_u': 0.04706, 'R': 4.2857, 'm1': 0.20625, 'm2': 0.15845, 'l1cg': 0.080305, 'l1': 0.151894, 'l2cg': 0.066733, 'I1z': 0.00049228, 'I2x': 0.00036892, 'I2y': 2.3641e-05, 'I2z': 0.00036139}, 'init_theta_std_deg': 5.0, 'init_alpha_std_deg': 8.0, 'init_theta_dot_std': 0.0, 'init_alpha_dot_std': 0.0, 'pwm_limit': 150.0, 'pwm_gain': 1.0, 'pwm_bias': 0.0, 'pwm_deadzone': 0.0, 'pwm_noise_sigma': 0.0, 'actuator_tau': 0.0, 'action_delay_steps': 0, 'theta_bias': 0.0, 'alpha_bias': 0.0, 'theta_sigma': 0.0, 'alpha_sigma': 0.0, 'theta_dot_sigma': 0.0, 'alpha_dot_sigma': 0.0, 'encoder_quantization_rad': 0.0, 'velocity_lpf': 0.25, 'process_theta_dot_sigma': 0.0, 'process_alpha_dot_sigma': 0.0}"
1793794,1,matlab_nominal_reproduction,0.0,"{'level': 0.0, 'physical': {'g': 9.8, 'c_theta': 0.025, 'c_alpha': 0.001, 'k_t': 0.231, 'k_b': 0.1875, 'k_u': 0.04706, 'R': 4.2857, 'm1': 0.20625, 'm2': 0.15845, 'l1cg': 0.080305, 'l1': 0.151894, 'l2cg': 0.066733, 'I1z': 0.00049228, 'I2x': 0.00036892, 'I2y': 2.3641e-05, 'I2z': 0.00036139}, 'init_theta_std_deg': 5.0, 'init_alpha_std_deg': 8.0, 'init_theta_dot_std': 0.0, 'init_alpha_dot_std': 0.0, 'pwm_limit': 150.0, 'pwm_gain': 1.0, 'pwm_bias': 0.0, 'pwm_deadzone': 0.0, 'pwm_noise_sigma': 0.0, 'actuator_tau': 0.0, 'action_delay_steps': 0, 'theta_bias': 0.0, 'alpha_bias': 0.0, 'theta_sigma': 0.0, 'alpha_sigma': 0.0, 'theta_dot_sigma': 0.0, 'alpha_dot_sigma': 0.0, 'encoder_quantization_rad': 0.0, 'velocity_lpf': 0.25, 'process_theta_dot_sigma': 0.0, 'process_alpha_dot_sigma': 0.0}"
1795794,1,matlab_nominal_reproduction,0.0,"{'level': 0.0, 'physical': {'g': 9.8, 'c_theta': 0.025, 'c_alpha': 0.001, 'k_t': 0.231, 'k_b': 0.1875, 'k_u': 0.04706, 'R': 4.2857, 'm1': 0.20625, 'm2': 0.15845, 'l1cg': 0.080305, 'l1': 0.151894, 'l2cg': 0.066733, 'I1z': 0.00049228, 'I2x': 0.00036892, 'I2y': 2.3641e-05, 'I2z': 0.00036139}, 'init_theta_std_deg': 5.0, 'init_alpha_std_deg': 8.0, 'init_theta_dot_std': 0.0, 'init_alpha_dot_std': 0.0, 'pwm_limit': 150.0, 'pwm_gain': 1.0, 'pwm_bias': 0.0, 'pwm_deadzone': 0.0, 'pwm_noise_sigma': 0.0, 'actuator_tau': 0.0, 'action_delay_steps': 0, 'theta_bias': 0.0, 'alpha_bias': 0.0, 'theta_sigma': 0.0, 'alpha_sigma': 0.0, 'theta_dot_sigma': 0.0, 'alpha_dot_sigma': 0.0, 'encoder_quantization_rad': 0.0, 'velocity_lpf': 0.25, 'process_theta_dot_sigma': 0.0, 'process_alpha_dot_sigma': 0.0}"
1797794,1,matlab_nominal_reproduction,0.0,"{'level': 0.0, 'physical': {'g': 9.8, 'c_theta': 0.025, 'c_alpha': 0.001, 'k_t': 0.231, 'k_b': 0.1875, 'k_u': 0.04706, 'R': 4.2857, 'm1': 0.20625, 'm2': 0.15845, 'l1cg': 0.080305, 'l1': 0.151894, 'l2cg': 0.066733, 'I1z': 0.00049228, 'I2x': 0.00036892, 'I2y': 2.3641e-05, 'I2z': 0.00036139}, 'init_theta_std_deg': 5.0, 'init_alpha_std_deg': 8.0, 'init_theta_dot_std': 0.0, 'init_alpha_dot_std': 0.0, 'pwm_limit': 150.0, 'pwm_gain': 1.0, 'pwm_bias': 0.0, 'pwm_deadzone': 0.0, 'pwm_noise_sigma': 0.0, 'actuator_tau': 0.0, 'action_delay_steps': 0, 'theta_bias': 0.0, 'alpha_bias': 0.0, 'theta_sigma': 0.0, 'alpha_sigma': 0.0, 'theta_dot_sigma': 0.0, 'alpha_dot_sigma': 0.0, 'encoder_quantization_rad': 0.0, 'velocity_lpf': 0.25, 'process_theta_dot_sigma': 0.0, 'process_alpha_dot_sigma': 0.0}"
1799794,1,matlab_nominal_reproduction,0.0,"{'level': 0.0, 'physical': {'g': 9.8, 'c_theta': 0.025, 'c_alpha': 0.001, 'k_t': 0.231, 'k_b': 0.1875, 'k_u': 0.04706, 'R': 4.2857, 'm1': 0.20625, 'm2': 0.15845, 'l1cg': 0.080305, 'l1': 0.151894, 'l2cg': 0.066733, 'I1z': 0.00049228, 'I2x': 0.00036892, 'I2y': 2.3641e-05, 'I2z': 0.00036139}, 'init_theta_std_deg': 5.0, 'init_alpha_std_deg': 8.0, 'init_theta_dot_std': 0.0, 'init_alpha_dot_std': 0.0, 'pwm_limit': 150.0, 'pwm_gain': 1.0, 'pwm_bias': 0.0, 'pwm_deadzone': 0.0, 'pwm_noise_sigma': 0.0, 'actuator_tau': 0.0, 'action_delay_steps': 0, 'theta_bias': 0.0, 'alpha_bias': 0.0, 'theta_sigma': 0.0, 'alpha_sigma': 0.0, 'theta_dot_sigma': 0.0, 'alpha_dot_sigma': 0.0, 'encoder_quantization_rad': 0.0, 'velocity_lpf': 0.25, 'process_theta_dot_sigma': 0.0, 'process_alpha_dot_sigma': 0.0}"
1801794,1,matlab_nominal_reproduction,0.0,"{'level': 0.0, 'physical': {'g': 9.8, 'c_theta': 0.025, 'c_alpha': 0.001, 'k_t': 0.231, 'k_b': 0.1875, 'k_u': 0.04706, 'R': 4.2857, 'm1': 0.20625, 'm2': 0.15845, 'l1cg': 0.080305, 'l1': 0.151894, 'l2cg': 0.066733, 'I1z': 0.00049228, 'I2x': 0.00036892, 'I2y': 2.3641e-05, 'I2z': 0.00036139}, 'init_theta_std_deg': 5.0, 'init_alpha_std_deg': 8.0, 'init_theta_dot_std': 0.0, 'init_alpha_dot_std': 0.0, 'pwm_limit': 150.0, 'pwm_gain': 1.0, 'pwm_bias': 0.0, 'pwm_deadzone': 0.0, 'pwm_noise_sigma': 0.0, 'actuator_tau': 0.0, 'action_delay_steps': 0, 'theta_bias': 0.0, 'alpha_bias': 0.0, 'theta_sigma': 0.0, 'alpha_sigma': 0.0, 'theta_dot_sigma': 0.0, 'alpha_dot_sigma': 0.0, 'encoder_quantization_rad': 0.0, 'velocity_lpf': 0.25, 'process_theta_dot_sigma': 0.0, 'process_alpha_dot_sigma': 0.0}"
1803794,1,matlab_nominal_reproduction,0.0,"{'level': 0.0, 'physical': {'g': 9.8, 'c_theta': 0.025, 'c_alpha': 0.001, 'k_t': 0.231, 'k_b': 0.1875, 'k_u': 0.04706, 'R': 4.2857, 'm1': 0.20625, 'm2': 0.15845, 'l1cg': 0.080305, 'l1': 0.151894, 'l2cg': 0.066733, 'I1z': 0.00049228, 'I2x': 0.00036892, 'I2y': 2.3641e-05, 'I2z': 0.00036139}, 'init_theta_std_deg': 5.0, 'init_alpha_std_deg': 8.0, 'init_theta_dot_std': 0.0, 'init_alpha_dot_std': 0.0, 'pwm_limit': 150.0, 'pwm_gain': 1.0, 'pwm_bias': 0.0, 'pwm_deadzone': 0.0, 'pwm_noise_sigma': 0.0, 'actuator_tau': 0.0, 'action_delay_steps': 0, 'theta_bias': 0.0, 'alpha_bias': 0.0, 'theta_sigma': 0.0, 'alpha_sigma': 0.0, 'theta_dot_sigma': 0.0, 'alpha_dot_sigma': 0.0, 'encoder_quantization_rad': 0.0, 'velocity_lpf': 0.25, 'process_theta_dot_sigma': 0.0, 'process_alpha_dot_sigma': 0.0}"
1805794,1,matlab_nominal_reproduction,0.0,"{'level': 0.0, 'physical': {'g': 9.8, 'c_theta': 0.025, 'c_alpha': 0.001, 'k_t': 0.231, 'k_b': 0.1875, 'k_u': 0.04706, 'R': 4.2857, 'm1': 0.20625, 'm2': 0.15845, 'l1cg': 0.080305, 'l1': 0.151894, 'l2cg': 0.066733, 'I1z': 0.00049228, 'I2x': 0.00036892, 'I2y': 2.3641e-05, 'I2z': 0.00036139}, 'init_theta_std_deg': 5.0, 'init_alpha_std_deg': 8.0, 'init_theta_dot_std': 0.0, 'init_alpha_dot_std': 0.0, 'pwm_limit': 150.0, 'pwm_gain': 1.0, 'pwm_bias': 0.0, 'pwm_deadzone': 0.0, 'pwm_noise_sigma': 0.0, 'actuator_tau': 0.0, 'action_delay_steps': 0, 'theta_bias': 0.0, 'alpha_bias': 0.0, 'theta_sigma': 0.0, 'alpha_sigma': 0.0, 'theta_dot_sigma': 0.0, 'alpha_dot_sigma': 0.0, 'encoder_quantization_rad': 0.0, 'velocity_lpf': 0.25, 'process_theta_dot_sigma': 0.0, 'process_alpha_dot_sigma': 0.0}"
1807794,1,matlab_nominal_reproduction,0.0,"{'level': 0.0, 'physical': {'g': 9.8, 'c_theta': 0.025, 'c_alpha': 0.001, 'k_t': 0.231, 'k_b': 0.1875, 'k_u': 0.04706, 'R': 4.2857, 'm1': 0.20625, 'm2': 0.15845, 'l1cg': 0.080305, 'l1': 0.151894, 'l2cg': 0.066733, 'I1z': 0.00049228, 'I2x': 0.00036892, 'I2y': 2.3641e-05, 'I2z': 0.00036139}, 'init_theta_std_deg': 5.0, 'init_alpha_std_deg': 8.0, 'init_theta_dot_std': 0.0, 'init_alpha_dot_std': 0.0, 'pwm_limit': 150.0, 'pwm_gain': 1.0, 'pwm_bias': 0.0, 'pwm_deadzone': 0.0, 'pwm_noise_sigma': 0.0, 'actuator_tau': 0.0, 'action_delay_steps': 0, 'theta_bias': 0.0, 'alpha_bias': 0.0, 'theta_sigma': 0.0, 'alpha_sigma': 0.0, 'theta_dot_sigma': 0.0, 'alpha_dot_sigma': 0.0, 'encoder_quantization_rad': 0.0, 'velocity_lpf': 0.25, 'process_theta_dot_sigma': 0.0, 'process_alpha_dot_sigma': 0.0}"
1809794,1,matlab_nominal_reproduction,0.0,"{'level': 0.0, 'physical': {'g': 9.8, 'c_theta': 0.025, 'c_alpha': 0.001, 'k_t': 0.231, 'k_b': 0.1875, 'k_u': 0.04706, 'R': 4.2857, 'm1': 0.20625, 'm2': 0.15845, 'l1cg': 0.080305, 'l1': 0.151894, 'l2cg': 0.066733, 'I1z': 0.00049228, 'I2x': 0.00036892, 'I2y': 2.3641e-05, 'I2z': 0.00036139}, 'init_theta_std_deg': 5.0, 'init_alpha_std_deg': 8.0, 'init_theta_dot_std': 0.0, 'init_alpha_dot_std': 0.0, 'pwm_limit': 150.0, 'pwm_gain': 1.0, 'pwm_bias': 0.0, 'pwm_deadzone': 0.0, 'pwm_noise_sigma': 0.0, 'actuator_tau': 0.0, 'action_delay_steps': 0, 'theta_bias': 0.0, 'alpha_bias': 0.0, 'theta_sigma': 0.0, 'alpha_sigma': 0.0, 'theta_dot_sigma': 0.0, 'alpha_dot_sigma': 0.0, 'encoder_quantization_rad': 0.0, 'velocity_lpf': 0.25, 'process_theta_dot_sigma': 0.0, 'process_alpha_dot_sigma': 0.0}"
1811794,1,matlab_nominal_reproduction,0.0,"{'level': 0.0, 'physical': {'g': 9.8, 'c_theta': 0.025, 'c_alpha': 0.001, 'k_t': 0.231, 'k_b': 0.1875, 'k_u': 0.04706, 'R': 4.2857, 'm1': 0.20625, 'm2': 0.15845, 'l1cg': 0.080305, 'l1': 0.151894, 'l2cg': 0.066733, 'I1z': 0.00049228, 'I2x': 0.00036892, 'I2y': 2.3641e-05, 'I2z': 0.00036139}, 'init_theta_std_deg': 5.0, 'init_alpha_std_deg': 8.0, 'init_theta_dot_std': 0.0, 'init_alpha_dot_std': 0.0, 'pwm_limit': 150.0, 'pwm_gain': 1.0, 'pwm_bias': 0.0, 'pwm_deadzone': 0.0, 'pwm_noise_sigma': 0.0, 'actuator_tau': 0.0, 'action_delay_steps': 0, 'theta_bias': 0.0, 'alpha_bias': 0.0, 'theta_sigma': 0.0, 'alpha_sigma': 0.0, 'theta_dot_sigma': 0.0, 'alpha_dot_sigma': 0.0, 'encoder_quantization_rad': 0.0, 'velocity_lpf': 0.25, 'process_theta_dot_sigma': 0.0, 'process_alpha_dot_sigma': 0.0}"
1813794,1,matlab_nominal_reproduction,0.0,"{'level': 0.0, 'physical': {'g': 9.8, 'c_theta': 0.025, 'c_alpha': 0.001, 'k_t': 0.231, 'k_b': 0.1875, 'k_u': 0.04706, 'R': 4.2857, 'm1': 0.20625, 'm2': 0.15845, 'l1cg': 0.080305, 'l1': 0.151894, 'l2cg': 0.066733, 'I1z': 0.00049228, 'I2x': 0.00036892, 'I2y': 2.3641e-05, 'I2z': 0.00036139}, 'init_theta_std_deg': 5.0, 'init_alpha_std_deg': 8.0, 'init_theta_dot_std': 0.0, 'init_alpha_dot_std': 0.0, 'pwm_limit': 150.0, 'pwm_gain': 1.0, 'pwm_bias': 0.0, 'pwm_deadzone': 0.0, 'pwm_noise_sigma': 0.0, 'actuator_tau': 0.0, 'action_delay_steps': 0, 'theta_bias': 0.0, 'alpha_bias': 0.0, 'theta_sigma': 0.0, 'alpha_sigma': 0.0, 'theta_dot_sigma': 0.0, 'alpha_dot_sigma': 0.0, 'encoder_quantization_rad': 0.0, 'velocity_lpf': 0.25, 'process_theta_dot_sigma': 0.0, 'process_alpha_dot_sigma': 0.0}"
1815794,1,matlab_nominal_reproduction,0.0,"{'level': 0.0, 'physical': {'g': 9.8, 'c_theta': 0.025, 'c_alpha': 0.001, 'k_t': 0.231, 'k_b': 0.1875, 'k_u': 0.04706, 'R': 4.2857, 'm1': 0.20625, 'm2': 0.15845, 'l1cg': 0.080305, 'l1': 0.151894, 'l2cg': 0.066733, 'I1z': 0.00049228, 'I2x': 0.00036892, 'I2y': 2.3641e-05, 'I2z': 0.00036139}, 'init_theta_std_deg': 5.0, 'init_alpha_std_deg': 8.0, 'init_theta_dot_std': 0.0, 'init_alpha_dot_std': 0.0, 'pwm_limit': 150.0, 'pwm_gain': 1.0, 'pwm_bias': 0.0, 'pwm_deadzone': 0.0, 'pwm_noise_sigma': 0.0, 'actuator_tau': 0.0, 'action_delay_steps': 0, 'theta_bias': 0.0, 'alpha_bias': 0.0, 'theta_sigma': 0.0, 'alpha_sigma': 0.0, 'theta_dot_sigma': 0.0, 'alpha_dot_sigma': 0.0, 'encoder_quantization_rad': 0.0, 'velocity_lpf': 0.25, 'process_theta_dot_sigma': 0.0, 'process_alpha_dot_sigma': 0.0}"
1817794,1,matlab_nominal_reproduction,0.0,"{'level': 0.0, 'physical': {'g': 9.8, 'c_theta': 0.025, 'c_alpha': 0.001, 'k_t': 0.231, 'k_b': 0.1875, 'k_u': 0.04706, 'R': 4.2857, 'm1': 0.20625, 'm2': 0.15845, 'l1cg': 0.080305, 'l1': 0.151894, 'l2cg': 0.066733, 'I1z': 0.00049228, 'I2x': 0.00036892, 'I2y': 2.3641e-05, 'I2z': 0.00036139}, 'init_theta_std_deg': 5.0, 'init_alpha_std_deg': 8.0, 'init_theta_dot_std': 0.0, 'init_alpha_dot_std': 0.0, 'pwm_limit': 150.0, 'pwm_gain': 1.0, 'pwm_bias': 0.0, 'pwm_deadzone': 0.0, 'pwm_noise_sigma': 0.0, 'actuator_tau': 0.0, 'action_delay_steps': 0, 'theta_bias': 0.0, 'alpha_bias': 0.0, 'theta_sigma': 0.0, 'alpha_sigma': 0.0, 'theta_dot_sigma': 0.0, 'alpha_dot_sigma': 0.0, 'encoder_quantization_rad': 0.0, 'velocity_lpf': 0.25, 'process_theta_dot_sigma': 0.0, 'process_alpha_dot_sigma': 0.0}"
1819794,1,matlab_nominal_reproduction,0.0,"{'level': 0.0, 'physical': {'g': 9.8, 'c_theta': 0.025, 'c_alpha': 0.001, 'k_t': 0.231, 'k_b': 0.1875, 'k_u': 0.04706, 'R': 4.2857, 'm1': 0.20625, 'm2': 0.15845, 'l1cg': 0.080305, 'l1': 0.151894, 'l2cg': 0.066733, 'I1z': 0.00049228, 'I2x': 0.00036892, 'I2y': 2.3641e-05, 'I2z': 0.00036139}, 'init_theta_std_deg': 5.0, 'init_alpha_std_deg': 8.0, 'init_theta_dot_std': 0.0, 'init_alpha_dot_std': 0.0, 'pwm_limit': 150.0, 'pwm_gain': 1.0, 'pwm_bias': 0.0, 'pwm_deadzone': 0.0, 'pwm_noise_sigma': 0.0, 'actuator_tau': 0.0, 'action_delay_steps': 0, 'theta_bias': 0.0, 'alpha_bias': 0.0, 'theta_sigma': 0.0, 'alpha_sigma': 0.0, 'theta_dot_sigma': 0.0, 'alpha_dot_sigma': 0.0, 'encoder_quantization_rad': 0.0, 'velocity_lpf': 0.25, 'process_theta_dot_sigma': 0.0, 'process_alpha_dot_sigma': 0.0}"
1821794,1,matlab_nominal_reproduction,0.0,"{'level': 0.0, 'physical': {'g': 9.8, 'c_theta': 0.025, 'c_alpha': 0.001, 'k_t': 0.231, 'k_b': 0.1875, 'k_u': 0.04706, 'R': 4.2857, 'm1': 0.20625, 'm2': 0.15845, 'l1cg': 0.080305, 'l1': 0.151894, 'l2cg': 0.066733, 'I1z': 0.00049228, 'I2x': 0.00036892, 'I2y': 2.3641e-05, 'I2z': 0.00036139}, 'init_theta_std_deg': 5.0, 'init_alpha_std_deg': 8.0, 'init_theta_dot_std': 0.0, 'init_alpha_dot_std': 0.0, 'pwm_limit': 150.0, 'pwm_gain': 1.0, 'pwm_bias': 0.0, 'pwm_deadzone': 0.0, 'pwm_noise_sigma': 0.0, 'actuator_tau': 0.0, 'action_delay_steps': 0, 'theta_bias': 0.0, 'alpha_bias': 0.0, 'theta_sigma': 0.0, 'alpha_sigma': 0.0, 'theta_dot_sigma': 0.0, 'alpha_dot_sigma': 0.0, 'encoder_quantization_rad': 0.0, 'velocity_lpf': 0.25, 'process_theta_dot_sigma': 0.0, 'process_alpha_dot_sigma': 0.0}"
1823794,1,matlab_nominal_reproduction,0.0,"{'level': 0.0, 'physical': {'g': 9.8, 'c_theta': 0.025, 'c_alpha': 0.001, 'k_t': 0.231, 'k_b': 0.1875, 'k_u': 0.04706, 'R': 4.2857, 'm1': 0.20625, 'm2': 0.15845, 'l1cg': 0.080305, 'l1': 0.151894, 'l2cg': 0.066733, 'I1z': 0.00049228, 'I2x': 0.00036892, 'I2y': 2.3641e-05, 'I2z': 0.00036139}, 'init_theta_std_deg': 5.0, 'init_alpha_std_deg': 8.0, 'init_theta_dot_std': 0.0, 'init_alpha_dot_std': 0.0, 'pwm_limit': 150.0, 'pwm_gain': 1.0, 'pwm_bias': 0.0, 'pwm_deadzone': 0.0, 'pwm_noise_sigma': 0.0, 'actuator_tau': 0.0, 'action_delay_steps': 0, 'theta_bias': 0.0, 'alpha_bias': 0.0, 'theta_sigma': 0.0, 'alpha_sigma': 0.0, 'theta_dot_sigma': 0.0, 'alpha_dot_sigma': 0.0, 'encoder_quantization_rad': 0.0, 'velocity_lpf': 0.25, 'process_theta_dot_sigma': 0.0, 'process_alpha_dot_sigma': 0.0}"
1825794,1,matlab_nominal_reproduction,0.0,"{'level': 0.0, 'physical': {'g': 9.8, 'c_theta': 0.025, 'c_alpha': 0.001, 'k_t': 0.231, 'k_b': 0.1875, 'k_u': 0.04706, 'R': 4.2857, 'm1': 0.20625, 'm2': 0.15845, 'l1cg': 0.080305, 'l1': 0.151894, 'l2cg': 0.066733, 'I1z': 0.00049228, 'I2x': 0.00036892, 'I2y': 2.3641e-05, 'I2z': 0.00036139}, 'init_theta_std_deg': 5.0, 'init_alpha_std_deg': 8.0, 'init_theta_dot_std': 0.0, 'init_alpha_dot_std': 0.0, 'pwm_limit': 150.0, 'pwm_gain': 1.0, 'pwm_bias': 0.0, 'pwm_deadzone': 0.0, 'pwm_noise_sigma': 0.0, 'actuator_tau': 0.0, 'action_delay_steps': 0, 'theta_bias': 0.0, 'alpha_bias': 0.0, 'theta_sigma': 0.0, 'alpha_sigma': 0.0, 'theta_dot_sigma': 0.0, 'alpha_dot_sigma': 0.0, 'encoder_quantization_rad': 0.0, 'velocity_lpf': 0.25, 'process_theta_dot_sigma': 0.0, 'process_alpha_dot_sigma': 0.0}"
1827794,1,matlab_nominal_reproduction,0.0,"{'level': 0.0, 'physical': {'g': 9.8, 'c_theta': 0.025, 'c_alpha': 0.001, 'k_t': 0.231, 'k_b': 0.1875, 'k_u': 0.04706, 'R': 4.2857, 'm1': 0.20625, 'm2': 0.15845, 'l1cg': 0.080305, 'l1': 0.151894, 'l2cg': 0.066733, 'I1z': 0.00049228, 'I2x': 0.00036892, 'I2y': 2.3641e-05, 'I2z': 0.00036139}, 'init_theta_std_deg': 5.0, 'init_alpha_std_deg': 8.0, 'init_theta_dot_std': 0.0, 'init_alpha_dot_std': 0.0, 'pwm_limit': 150.0, 'pwm_gain': 1.0, 'pwm_bias': 0.0, 'pwm_deadzone': 0.0, 'pwm_noise_sigma': 0.0, 'actuator_tau': 0.0, 'action_delay_steps': 0, 'theta_bias': 0.0, 'alpha_bias': 0.0, 'theta_sigma': 0.0, 'alpha_sigma': 0.0, 'theta_dot_sigma': 0.0, 'alpha_dot_sigma': 0.0, 'encoder_quantization_rad': 0.0, 'velocity_lpf': 0.25, 'process_theta_dot_sigma': 0.0, 'process_alpha_dot_sigma': 0.0}"
1829794,1,matlab_nominal_reproduction,0.0,"{'level': 0.0, 'physical': {'g': 9.8, 'c_theta': 0.025, 'c_alpha': 0.001, 'k_t': 0.231, 'k_b': 0.1875, 'k_u': 0.04706, 'R': 4.2857, 'm1': 0.20625, 'm2': 0.15845, 'l1cg': 0.080305, 'l1': 0.151894, 'l2cg': 0.066733, 'I1z': 0.00049228, 'I2x': 0.00036892, 'I2y': 2.3641e-05, 'I2z': 0.00036139}, 'init_theta_std_deg': 5.0, 'init_alpha_std_deg': 8.0, 'init_theta_dot_std': 0.0, 'init_alpha_dot_std': 0.0, 'pwm_limit': 150.0, 'pwm_gain': 1.0, 'pwm_bias': 0.0, 'pwm_deadzone': 0.0, 'pwm_noise_sigma': 0.0, 'actuator_tau': 0.0, 'action_delay_steps': 0, 'theta_bias': 0.0, 'alpha_bias': 0.0, 'theta_sigma': 0.0, 'alpha_sigma': 0.0, 'theta_dot_sigma': 0.0, 'alpha_dot_sigma': 0.0, 'encoder_quantization_rad': 0.0, 'velocity_lpf': 0.25, 'process_theta_dot_sigma': 0.0, 'process_alpha_dot_sigma': 0.0}"
1831794,1,matlab_nominal_reproduction,0.0,"{'level': 0.0, 'physical': {'g': 9.8, 'c_theta': 0.025, 'c_alpha': 0.001, 'k_t': 0.231, 'k_b': 0.1875, 'k_u': 0.04706, 'R': 4.2857, 'm1': 0.20625, 'm2': 0.15845, 'l1cg': 0.080305, 'l1': 0.151894, 'l2cg': 0.066733, 'I1z': 0.00049228, 'I2x': 0.00036892, 'I2y': 2.3641e-05, 'I2z': 0.00036139}, 'init_theta_std_deg': 5.0, 'init_alpha_std_deg': 8.0, 'init_theta_dot_std': 0.0, 'init_alpha_dot_std': 0.0, 'pwm_limit': 150.0, 'pwm_gain': 1.0, 'pwm_bias': 0.0, 'pwm_deadzone': 0.0, 'pwm_noise_sigma': 0.0, 'actuator_tau': 0.0, 'action_delay_steps': 0, 'theta_bias': 0.0, 'alpha_bias': 0.0, 'theta_sigma': 0.0, 'alpha_sigma': 0.0, 'theta_dot_sigma': 0.0, 'alpha_dot_sigma': 0.0, 'encoder_quantization_rad': 0.0, 'velocity_lpf': 0.25, 'process_theta_dot_sigma': 0.0, 'process_alpha_dot_sigma': 0.0}"
1833794,1,matlab_nominal_reproduction,0.0,"{'level': 0.0, 'physical': {'g': 9.8, 'c_theta': 0.025, 'c_alpha': 0.001, 'k_t': 0.231, 'k_b': 0.1875, 'k_u': 0.04706, 'R': 4.2857, 'm1': 0.20625, 'm2': 0.15845, 'l1cg': 0.080305, 'l1': 0.151894, 'l2cg': 0.066733, 'I1z': 0.00049228, 'I2x': 0.00036892, 'I2y': 2.3641e-05, 'I2z': 0.00036139}, 'init_theta_std_deg': 5.0, 'init_alpha_std_deg': 8.0, 'init_theta_dot_std': 0.0, 'init_alpha_dot_std': 0.0, 'pwm_limit': 150.0, 'pwm_gain': 1.0, 'pwm_bias': 0.0, 'pwm_deadzone': 0.0, 'pwm_noise_sigma': 0.0, 'actuator_tau': 0.0, 'action_delay_steps': 0, 'theta_bias': 0.0, 'alpha_bias': 0.0, 'theta_sigma': 0.0, 'alpha_sigma': 0.0, 'theta_dot_sigma': 0.0, 'alpha_dot_sigma': 0.0, 'encoder_quantization_rad': 0.0, 'velocity_lpf': 0.25, 'process_theta_dot_sigma': 0.0, 'process_alpha_dot_sigma': 0.0}"
1835794,1,matlab_nominal_reproduction,0.0,"{'level': 0.0, 'physical': {'g': 9.8, 'c_theta': 0.025, 'c_alpha': 0.001, 'k_t': 0.231, 'k_b': 0.1875, 'k_u': 0.04706, 'R': 4.2857, 'm1': 0.20625, 'm2': 0.15845, 'l1cg': 0.080305, 'l1': 0.151894, 'l2cg': 0.066733, 'I1z': 0.00049228, 'I2x': 0.00036892, 'I2y': 2.3641e-05, 'I2z': 0.00036139}, 'init_theta_std_deg': 5.0, 'init_alpha_std_deg': 8.0, 'init_theta_dot_std': 0.0, 'init_alpha_dot_std': 0.0, 'pwm_limit': 150.0, 'pwm_gain': 1.0, 'pwm_bias': 0.0, 'pwm_deadzone': 0.0, 'pwm_noise_sigma': 0.0, 'actuator_tau': 0.0, 'action_delay_steps': 0, 'theta_bias': 0.0, 'alpha_bias': 0.0, 'theta_sigma': 0.0, 'alpha_sigma': 0.0, 'theta_dot_sigma': 0.0, 'alpha_dot_sigma': 0.0, 'encoder_quantization_rad': 0.0, 'velocity_lpf': 0.25, 'process_theta_dot_sigma': 0.0, 'process_alpha_dot_sigma': 0.0}"
1837794,1,matlab_nominal_reproduction,0.0,"{'level': 0.0, 'physical': {'g': 9.8, 'c_theta': 0.025, 'c_alpha': 0.001, 'k_t': 0.231, 'k_b': 0.1875, 'k_u': 0.04706, 'R': 4.2857, 'm1': 0.20625, 'm2': 0.15845, 'l1cg': 0.080305, 'l1': 0.151894, 'l2cg': 0.066733, 'I1z': 0.00049228, 'I2x': 0.00036892, 'I2y': 2.3641e-05, 'I2z': 0.00036139}, 'init_theta_std_deg': 5.0, 'init_alpha_std_deg': 8.0, 'init_theta_dot_std': 0.0, 'init_alpha_dot_std': 0.0, 'pwm_limit': 150.0, 'pwm_gain': 1.0, 'pwm_bias': 0.0, 'pwm_deadzone': 0.0, 'pwm_noise_sigma': 0.0, 'actuator_tau': 0.0, 'action_delay_steps': 0, 'theta_bias': 0.0, 'alpha_bias': 0.0, 'theta_sigma': 0.0, 'alpha_sigma': 0.0, 'theta_dot_sigma': 0.0, 'alpha_dot_sigma': 0.0, 'encoder_quantization_rad': 0.0, 'velocity_lpf': 0.25, 'process_theta_dot_sigma': 0.0, 'process_alpha_dot_sigma': 0.0}"
1839794,1,matlab_nominal_reproduction,0.0,"{'level': 0.0, 'physical': {'g': 9.8, 'c_theta': 0.025, 'c_alpha': 0.001, 'k_t': 0.231, 'k_b': 0.1875, 'k_u': 0.04706, 'R': 4.2857, 'm1': 0.20625, 'm2': 0.15845, 'l1cg': 0.080305, 'l1': 0.151894, 'l2cg': 0.066733, 'I1z': 0.00049228, 'I2x': 0.00036892, 'I2y': 2.3641e-05, 'I2z': 0.00036139}, 'init_theta_std_deg': 5.0, 'init_alpha_std_deg': 8.0, 'init_theta_dot_std': 0.0, 'init_alpha_dot_std': 0.0, 'pwm_limit': 150.0, 'pwm_gain': 1.0, 'pwm_bias': 0.0, 'pwm_deadzone': 0.0, 'pwm_noise_sigma': 0.0, 'actuator_tau': 0.0, 'action_delay_steps': 0, 'theta_bias': 0.0, 'alpha_bias': 0.0, 'theta_sigma': 0.0, 'alpha_sigma': 0.0, 'theta_dot_sigma': 0.0, 'alpha_dot_sigma': 0.0, 'encoder_quantization_rad': 0.0, 'velocity_lpf': 0.25, 'process_theta_dot_sigma': 0.0, 'process_alpha_dot_sigma': 0.0}"
1841794,1,matlab_nominal_reproduction,0.0,"{'level': 0.0, 'physical': {'g': 9.8, 'c_theta': 0.025, 'c_alpha': 0.001, 'k_t': 0.231, 'k_b': 0.1875, 'k_u': 0.04706, 'R': 4.2857, 'm1': 0.20625, 'm2': 0.15845, 'l1cg': 0.080305, 'l1': 0.151894, 'l2cg': 0.066733, 'I1z': 0.00049228, 'I2x': 0.00036892, 'I2y': 2.3641e-05, 'I2z': 0.00036139}, 'init_theta_std_deg': 5.0, 'init_alpha_std_deg': 8.0, 'init_theta_dot_std': 0.0, 'init_alpha_dot_std': 0.0, 'pwm_limit': 150.0, 'pwm_gain': 1.0, 'pwm_bias': 0.0, 'pwm_deadzone': 0.0, 'pwm_noise_sigma': 0.0, 'actuator_tau': 0.0, 'action_delay_steps': 0, 'theta_bias': 0.0, 'alpha_bias': 0.0, 'theta_sigma': 0.0, 'alpha_sigma': 0.0, 'theta_dot_sigma': 0.0, 'alpha_dot_sigma': 0.0, 'encoder_quantization_rad': 0.0, 'velocity_lpf': 0.25, 'process_theta_dot_sigma': 0.0, 'process_alpha_dot_sigma': 0.0}"
1843794,1,matlab_nominal_reproduction,0.0,"{'level': 0.0, 'physical': {'g': 9.8, 'c_theta': 0.025, 'c_alpha': 0.001, 'k_t': 0.231, 'k_b': 0.1875, 'k_u': 0.04706, 'R': 4.2857, 'm1': 0.20625, 'm2': 0.15845, 'l1cg': 0.080305, 'l1': 0.151894, 'l2cg': 0.066733, 'I1z': 0.00049228, 'I2x': 0.00036892, 'I2y': 2.3641e-05, 'I2z': 0.00036139}, 'init_theta_std_deg': 5.0, 'init_alpha_std_deg': 8.0, 'init_theta_dot_std': 0.0, 'init_alpha_dot_std': 0.0, 'pwm_limit': 150.0, 'pwm_gain': 1.0, 'pwm_bias': 0.0, 'pwm_deadzone': 0.0, 'pwm_noise_sigma': 0.0, 'actuator_tau': 0.0, 'action_delay_steps': 0, 'theta_bias': 0.0, 'alpha_bias': 0.0, 'theta_sigma': 0.0, 'alpha_sigma': 0.0, 'theta_dot_sigma': 0.0, 'alpha_dot_sigma': 0.0, 'encoder_quantization_rad': 0.0, 'velocity_lpf': 0.25, 'process_theta_dot_sigma': 0.0, 'process_alpha_dot_sigma': 0.0}"
1845794,1,matlab_nominal_reproduction,0.0,"{'level': 0.0, 'physical': {'g': 9.8, 'c_theta': 0.025, 'c_alpha': 0.001, 'k_t': 0.231, 'k_b': 0.1875, 'k_u': 0.04706, 'R': 4.2857, 'm1': 0.20625, 'm2': 0.15845, 'l1cg': 0.080305, 'l1': 0.151894, 'l2cg': 0.066733, 'I1z': 0.00049228, 'I2x': 0.00036892, 'I2y': 2.3641e-05, 'I2z': 0.00036139}, 'init_theta_std_deg': 5.0, 'init_alpha_std_deg': 8.0, 'init_theta_dot_std': 0.0, 'init_alpha_dot_std': 0.0, 'pwm_limit': 150.0, 'pwm_gain': 1.0, 'pwm_bias': 0.0, 'pwm_deadzone': 0.0, 'pwm_noise_sigma': 0.0, 'actuator_tau': 0.0, 'action_delay_steps': 0, 'theta_bias': 0.0, 'alpha_bias': 0.0, 'theta_sigma': 0.0, 'alpha_sigma': 0.0, 'theta_dot_sigma': 0.0, 'alpha_dot_sigma': 0.0, 'encoder_quantization_rad': 0.0, 'velocity_lpf': 0.25, 'process_theta_dot_sigma': 0.0, 'process_alpha_dot_sigma': 0.0}"
1847794,1,matlab_nominal_reproduction,0.0,"{'level': 0.0, 'physical': {'g': 9.8, 'c_theta': 0.025, 'c_alpha': 0.001, 'k_t': 0.231, 'k_b': 0.1875, 'k_u': 0.04706, 'R': 4.2857, 'm1': 0.20625, 'm2': 0.15845, 'l1cg': 0.080305, 'l1': 0.151894, 'l2cg': 0.066733, 'I1z': 0.00049228, 'I2x': 0.00036892, 'I2y': 2.3641e-05, 'I2z': 0.00036139}, 'init_theta_std_deg': 5.0, 'init_alpha_std_deg': 8.0, 'init_theta_dot_std': 0.0, 'init_alpha_dot_std': 0.0, 'pwm_limit': 150.0, 'pwm_gain': 1.0, 'pwm_bias': 0.0, 'pwm_deadzone': 0.0, 'pwm_noise_sigma': 0.0, 'actuator_tau': 0.0, 'action_delay_steps': 0, 'theta_bias': 0.0, 'alpha_bias': 0.0, 'theta_sigma': 0.0, 'alpha_sigma': 0.0, 'theta_dot_sigma': 0.0, 'alpha_dot_sigma': 0.0, 'encoder_quantization_rad': 0.0, 'velocity_lpf': 0.25, 'process_theta_dot_sigma': 0.0, 'process_alpha_dot_sigma': 0.0}"
1849794,1,matlab_nominal_reproduction,0.0,"{'level': 0.0, 'physical': {'g': 9.8, 'c_theta': 0.025, 'c_alpha': 0.001, 'k_t': 0.231, 'k_b': 0.1875, 'k_u': 0.04706, 'R': 4.2857, 'm1': 0.20625, 'm2': 0.15845, 'l1cg': 0.080305, 'l1': 0.151894, 'l2cg': 0.066733, 'I1z': 0.00049228, 'I2x': 0.00036892, 'I2y': 2.3641e-05, 'I2z': 0.00036139}, 'init_theta_std_deg': 5.0, 'init_alpha_std_deg': 8.0, 'init_theta_dot_std': 0.0, 'init_alpha_dot_std': 0.0, 'pwm_limit': 150.0, 'pwm_gain': 1.0, 'pwm_bias': 0.0, 'pwm_deadzone': 0.0, 'pwm_noise_sigma': 0.0, 'actuator_tau': 0.0, 'action_delay_steps': 0, 'theta_bias': 0.0, 'alpha_bias': 0.0, 'theta_sigma': 0.0, 'alpha_sigma': 0.0, 'theta_dot_sigma': 0.0, 'alpha_dot_sigma': 0.0, 'encoder_quantization_rad': 0.0, 'velocity_lpf': 0.25, 'process_theta_dot_sigma': 0.0, 'process_alpha_dot_sigma': 0.0}"
1851794,1,matlab_nominal_reproduction,0.0,"{'level': 0.0, 'physical': {'g': 9.8, 'c_theta': 0.025, 'c_alpha': 0.001, 'k_t': 0.231, 'k_b': 0.1875, 'k_u': 0.04706, 'R': 4.2857, 'm1': 0.20625, 'm2': 0.15845, 'l1cg': 0.080305, 'l1': 0.151894, 'l2cg': 0.066733, 'I1z': 0.00049228, 'I2x': 0.00036892, 'I2y': 2.3641e-05, 'I2z': 0.00036139}, 'init_theta_std_deg': 5.0, 'init_alpha_std_deg': 8.0, 'init_theta_dot_std': 0.0, 'init_alpha_dot_std': 0.0, 'pwm_limit': 150.0, 'pwm_gain': 1.0, 'pwm_bias': 0.0, 'pwm_deadzone': 0.0, 'pwm_noise_sigma': 0.0, 'actuator_tau': 0.0, 'action_delay_steps': 0, 'theta_bias': 0.0, 'alpha_bias': 0.0, 'theta_sigma': 0.0, 'alpha_sigma': 0.0, 'theta_dot_sigma': 0.0, 'alpha_dot_sigma': 0.0, 'encoder_quantization_rad': 0.0, 'velocity_lpf': 0.25, 'process_theta_dot_sigma': 0.0, 'process_alpha_dot_sigma': 0.0}"
1853794,1,matlab_nominal_reproduction,0.0,"{'level': 0.0, 'physical': {'g': 9.8, 'c_theta': 0.025, 'c_alpha': 0.001, 'k_t': 0.231, 'k_b': 0.1875, 'k_u': 0.04706, 'R': 4.2857, 'm1': 0.20625, 'm2': 0.15845, 'l1cg': 0.080305, 'l1': 0.151894, 'l2cg': 0.066733, 'I1z': 0.00049228, 'I2x': 0.00036892, 'I2y': 2.3641e-05, 'I2z': 0.00036139}, 'init_theta_std_deg': 5.0, 'init_alpha_std_deg': 8.0, 'init_theta_dot_std': 0.0, 'init_alpha_dot_std': 0.0, 'pwm_limit': 150.0, 'pwm_gain': 1.0, 'pwm_bias': 0.0, 'pwm_deadzone': 0.0, 'pwm_noise_sigma': 0.0, 'actuator_tau': 0.0, 'action_delay_steps': 0, 'theta_bias': 0.0, 'alpha_bias': 0.0, 'theta_sigma': 0.0, 'alpha_sigma': 0.0, 'theta_dot_sigma': 0.0, 'alpha_dot_sigma': 0.0, 'encoder_quantization_rad': 0.0, 'velocity_lpf': 0.25, 'process_theta_dot_sigma': 0.0, 'process_alpha_dot_sigma': 0.0}"
1855794,1,matlab_nominal_reproduction,0.0,"{'level': 0.0, 'physical': {'g': 9.8, 'c_theta': 0.025, 'c_alpha': 0.001, 'k_t': 0.231, 'k_b': 0.1875, 'k_u': 0.04706, 'R': 4.2857, 'm1': 0.20625, 'm2': 0.15845, 'l1cg': 0.080305, 'l1': 0.151894, 'l2cg': 0.066733, 'I1z': 0.00049228, 'I2x': 0.00036892, 'I2y': 2.3641e-05, 'I2z': 0.00036139}, 'init_theta_std_deg': 5.0, 'init_alpha_std_deg': 8.0, 'init_theta_dot_std': 0.0, 'init_alpha_dot_std': 0.0, 'pwm_limit': 150.0, 'pwm_gain': 1.0, 'pwm_bias': 0.0, 'pwm_deadzone': 0.0, 'pwm_noise_sigma': 0.0, 'actuator_tau': 0.0, 'action_delay_steps': 0, 'theta_bias': 0.0, 'alpha_bias': 0.0, 'theta_sigma': 0.0, 'alpha_sigma': 0.0, 'theta_dot_sigma': 0.0, 'alpha_dot_sigma': 0.0, 'encoder_quantization_rad': 0.0, 'velocity_lpf': 0.25, 'process_theta_dot_sigma': 0.0, 'process_alpha_dot_sigma': 0.0}"
1857794,1,matlab_nominal_reproduction,0.0,"{'level': 0.0, 'physical': {'g': 9.8, 'c_theta': 0.025, 'c_alpha': 0.001, 'k_t': 0.231, 'k_b': 0.1875, 'k_u': 0.04706, 'R': 4.2857, 'm1': 0.20625, 'm2': 0.15845, 'l1cg': 0.080305, 'l1': 0.151894, 'l2cg': 0.066733, 'I1z': 0.00049228, 'I2x': 0.00036892, 'I2y': 2.3641e-05, 'I2z': 0.00036139}, 'init_theta_std_deg': 5.0, 'init_alpha_std_deg': 8.0, 'init_theta_dot_std': 0.0, 'init_alpha_dot_std': 0.0, 'pwm_limit': 150.0, 'pwm_gain': 1.0, 'pwm_bias': 0.0, 'pwm_deadzone': 0.0, 'pwm_noise_sigma': 0.0, 'actuator_tau': 0.0, 'action_delay_steps': 0, 'theta_bias': 0.0, 'alpha_bias': 0.0, 'theta_sigma': 0.0, 'alpha_sigma': 0.0, 'theta_dot_sigma': 0.0, 'alpha_dot_sigma': 0.0, 'encoder_quantization_rad': 0.0, 'velocity_lpf': 0.25, 'process_theta_dot_sigma': 0.0, 'process_alpha_dot_sigma': 0.0}"
1859794,1,matlab_nominal_reproduction,0.0,"{'level': 0.0, 'physical': {'g': 9.8, 'c_theta': 0.025, 'c_alpha': 0.001, 'k_t': 0.231, 'k_b': 0.1875, 'k_u': 0.04706, 'R': 4.2857, 'm1': 0.20625, 'm2': 0.15845, 'l1cg': 0.080305, 'l1': 0.151894, 'l2cg': 0.066733, 'I1z': 0.00049228, 'I2x': 0.00036892, 'I2y': 2.3641e-05, 'I2z': 0.00036139}, 'init_theta_std_deg': 5.0, 'init_alpha_std_deg': 8.0, 'init_theta_dot_std': 0.0, 'init_alpha_dot_std': 0.0, 'pwm_limit': 150.0, 'pwm_gain': 1.0, 'pwm_bias': 0.0, 'pwm_deadzone': 0.0, 'pwm_noise_sigma': 0.0, 'actuator_tau': 0.0, 'action_delay_steps': 0, 'theta_bias': 0.0, 'alpha_bias': 0.0, 'theta_sigma': 0.0, 'alpha_sigma': 0.0, 'theta_dot_sigma': 0.0, 'alpha_dot_sigma': 0.0, 'encoder_quantization_rad': 0.0, 'velocity_lpf': 0.25, 'process_theta_dot_sigma': 0.0, 'process_alpha_dot_sigma': 0.0}"
1861794,1,matlab_nominal_reproduction,0.0,"{'level': 0.0, 'physical': {'g': 9.8, 'c_theta': 0.025, 'c_alpha': 0.001, 'k_t': 0.231, 'k_b': 0.1875, 'k_u': 0.04706, 'R': 4.2857, 'm1': 0.20625, 'm2': 0.15845, 'l1cg': 0.080305, 'l1': 0.151894, 'l2cg': 0.066733, 'I1z': 0.00049228, 'I2x': 0.00036892, 'I2y': 2.3641e-05, 'I2z': 0.00036139}, 'init_theta_std_deg': 5.0, 'init_alpha_std_deg': 8.0, 'init_theta_dot_std': 0.0, 'init_alpha_dot_std': 0.0, 'pwm_limit': 150.0, 'pwm_gain': 1.0, 'pwm_bias': 0.0, 'pwm_deadzone': 0.0, 'pwm_noise_sigma': 0.0, 'actuator_tau': 0.0, 'action_delay_steps': 0, 'theta_bias': 0.0, 'alpha_bias': 0.0, 'theta_sigma': 0.0, 'alpha_sigma': 0.0, 'theta_dot_sigma': 0.0, 'alpha_dot_sigma': 0.0, 'encoder_quantization_rad': 0.0, 'velocity_lpf': 0.25, 'process_theta_dot_sigma': 0.0, 'process_alpha_dot_sigma': 0.0}"
1863794,1,matlab_nominal_reproduction,0.0,"{'level': 0.0, 'physical': {'g': 9.8, 'c_theta': 0.025, 'c_alpha': 0.001, 'k_t': 0.231, 'k_b': 0.1875, 'k_u': 0.04706, 'R': 4.2857, 'm1': 0.20625, 'm2': 0.15845, 'l1cg': 0.080305, 'l1': 0.151894, 'l2cg': 0.066733, 'I1z': 0.00049228, 'I2x': 0.00036892, 'I2y': 2.3641e-05, 'I2z': 0.00036139}, 'init_theta_std_deg': 5.0, 'init_alpha_std_deg': 8.0, 'init_theta_dot_std': 0.0, 'init_alpha_dot_std': 0.0, 'pwm_limit': 150.0, 'pwm_gain': 1.0, 'pwm_bias': 0.0, 'pwm_deadzone': 0.0, 'pwm_noise_sigma': 0.0, 'actuator_tau': 0.0, 'action_delay_steps': 0, 'theta_bias': 0.0, 'alpha_bias': 0.0, 'theta_sigma': 0.0, 'alpha_sigma': 0.0, 'theta_dot_sigma': 0.0, 'alpha_dot_sigma': 0.0, 'encoder_quantization_rad': 0.0, 'velocity_lpf': 0.25, 'process_theta_dot_sigma': 0.0, 'process_alpha_dot_sigma': 0.0}"
1865794,1,matlab_nominal_reproduction,0.0,"{'level': 0.0, 'physical': {'g': 9.8, 'c_theta': 0.025, 'c_alpha': 0.001, 'k_t': 0.231, 'k_b': 0.1875, 'k_u': 0.04706, 'R': 4.2857, 'm1': 0.20625, 'm2': 0.15845, 'l1cg': 0.080305, 'l1': 0.151894, 'l2cg': 0.066733, 'I1z': 0.00049228, 'I2x': 0.00036892, 'I2y': 2.3641e-05, 'I2z': 0.00036139}, 'init_theta_std_deg': 5.0, 'init_alpha_std_deg': 8.0, 'init_theta_dot_std': 0.0, 'init_alpha_dot_std': 0.0, 'pwm_limit': 150.0, 'pwm_gain': 1.0, 'pwm_bias': 0.0, 'pwm_deadzone': 0.0, 'pwm_noise_sigma': 0.0, 'actuator_tau': 0.0, 'action_delay_steps': 0, 'theta_bias': 0.0, 'alpha_bias': 0.0, 'theta_sigma': 0.0, 'alpha_sigma': 0.0, 'theta_dot_sigma': 0.0, 'alpha_dot_sigma': 0.0, 'encoder_quantization_rad': 0.0, 'velocity_lpf': 0.25, 'process_theta_dot_sigma': 0.0, 'process_alpha_dot_sigma': 0.0}"
1867794,1,matlab_nominal_reproduction,0.0,"{'level': 0.0, 'physical': {'g': 9.8, 'c_theta': 0.025, 'c_alpha': 0.001, 'k_t': 0.231, 'k_b': 0.1875, 'k_u': 0.04706, 'R': 4.2857, 'm1': 0.20625, 'm2': 0.15845, 'l1cg': 0.080305, 'l1': 0.151894, 'l2cg': 0.066733, 'I1z': 0.00049228, 'I2x': 0.00036892, 'I2y': 2.3641e-05, 'I2z': 0.00036139}, 'init_theta_std_deg': 5.0, 'init_alpha_std_deg': 8.0, 'init_theta_dot_std': 0.0, 'init_alpha_dot_std': 0.0, 'pwm_limit': 150.0, 'pwm_gain': 1.0, 'pwm_bias': 0.0, 'pwm_deadzone': 0.0, 'pwm_noise_sigma': 0.0, 'actuator_tau': 0.0, 'action_delay_steps': 0, 'theta_bias': 0.0, 'alpha_bias': 0.0, 'theta_sigma': 0.0, 'alpha_sigma': 0.0, 'theta_dot_sigma': 0.0, 'alpha_dot_sigma': 0.0, 'encoder_quantization_rad': 0.0, 'velocity_lpf': 0.25, 'process_theta_dot_sigma': 0.0, 'process_alpha_dot_sigma': 0.0}"
1869794,1,matlab_nominal_reproduction,0.0,"{'level': 0.0, 'physical': {'g': 9.8, 'c_theta': 0.025, 'c_alpha': 0.001, 'k_t': 0.231, 'k_b': 0.1875, 'k_u': 0.04706, 'R': 4.2857, 'm1': 0.20625, 'm2': 0.15845, 'l1cg': 0.080305, 'l1': 0.151894, 'l2cg': 0.066733, 'I1z': 0.00049228, 'I2x': 0.00036892, 'I2y': 2.3641e-05, 'I2z': 0.00036139}, 'init_theta_std_deg': 5.0, 'init_alpha_std_deg': 8.0, 'init_theta_dot_std': 0.0, 'init_alpha_dot_std': 0.0, 'pwm_limit': 150.0, 'pwm_gain': 1.0, 'pwm_bias': 0.0, 'pwm_deadzone': 0.0, 'pwm_noise_sigma': 0.0, 'actuator_tau': 0.0, 'action_delay_steps': 0, 'theta_bias': 0.0, 'alpha_bias': 0.0, 'theta_sigma': 0.0, 'alpha_sigma': 0.0, 'theta_dot_sigma': 0.0, 'alpha_dot_sigma': 0.0, 'encoder_quantization_rad': 0.0, 'velocity_lpf': 0.25, 'process_theta_dot_sigma': 0.0, 'process_alpha_dot_sigma': 0.0}"
1871794,1,matlab_nominal_reproduction,0.0,"{'level': 0.0, 'physical': {'g': 9.8, 'c_theta': 0.025, 'c_alpha': 0.001, 'k_t': 0.231, 'k_b': 0.1875, 'k_u': 0.04706, 'R': 4.2857, 'm1': 0.20625, 'm2': 0.15845, 'l1cg': 0.080305, 'l1': 0.151894, 'l2cg': 0.066733, 'I1z': 0.00049228, 'I2x': 0.00036892, 'I2y': 2.3641e-05, 'I2z': 0.00036139}, 'init_theta_std_deg': 5.0, 'init_alpha_std_deg': 8.0, 'init_theta_dot_std': 0.0, 'init_alpha_dot_std': 0.0, 'pwm_limit': 150.0, 'pwm_gain': 1.0, 'pwm_bias': 0.0, 'pwm_deadzone': 0.0, 'pwm_noise_sigma': 0.0, 'actuator_tau': 0.0, 'action_delay_steps': 0, 'theta_bias': 0.0, 'alpha_bias': 0.0, 'theta_sigma': 0.0, 'alpha_sigma': 0.0, 'theta_dot_sigma': 0.0, 'alpha_dot_sigma': 0.0, 'encoder_quantization_rad': 0.0, 'velocity_lpf': 0.25, 'process_theta_dot_sigma': 0.0, 'process_alpha_dot_sigma': 0.0}"
1873794,1,matlab_nominal_reproduction,0.0,"{'level': 0.0, 'physical': {'g': 9.8, 'c_theta': 0.025, 'c_alpha': 0.001, 'k_t': 0.231, 'k_b': 0.1875, 'k_u': 0.04706, 'R': 4.2857, 'm1': 0.20625, 'm2': 0.15845, 'l1cg': 0.080305, 'l1': 0.151894, 'l2cg': 0.066733, 'I1z': 0.00049228, 'I2x': 0.00036892, 'I2y': 2.3641e-05, 'I2z': 0.00036139}, 'init_theta_std_deg': 5.0, 'init_alpha_std_deg': 8.0, 'init_theta_dot_std': 0.0, 'init_alpha_dot_std': 0.0, 'pwm_limit': 150.0, 'pwm_gain': 1.0, 'pwm_bias': 0.0, 'pwm_deadzone': 0.0, 'pwm_noise_sigma': 0.0, 'actuator_tau': 0.0, 'action_delay_steps': 0, 'theta_bias': 0.0, 'alpha_bias': 0.0, 'theta_sigma': 0.0, 'alpha_sigma': 0.0, 'theta_dot_sigma': 0.0, 'alpha_dot_sigma': 0.0, 'encoder_quantization_rad': 0.0, 'velocity_lpf': 0.25, 'process_theta_dot_sigma': 0.0, 'process_alpha_dot_sigma': 0.0}"
1875794,1,matlab_nominal_reproduction,0.0,"{'level': 0.0, 'physical': {'g': 9.8, 'c_theta': 0.025, 'c_alpha': 0.001, 'k_t': 0.231, 'k_b': 0.1875, 'k_u': 0.04706, 'R': 4.2857, 'm1': 0.20625, 'm2': 0.15845, 'l1cg': 0.080305, 'l1': 0.151894, 'l2cg': 0.066733, 'I1z': 0.00049228, 'I2x': 0.00036892, 'I2y': 2.3641e-05, 'I2z': 0.00036139}, 'init_theta_std_deg': 5.0, 'init_alpha_std_deg': 8.0, 'init_theta_dot_std': 0.0, 'init_alpha_dot_std': 0.0, 'pwm_limit': 150.0, 'pwm_gain': 1.0, 'pwm_bias': 0.0, 'pwm_deadzone': 0.0, 'pwm_noise_sigma': 0.0, 'actuator_tau': 0.0, 'action_delay_steps': 0, 'theta_bias': 0.0, 'alpha_bias': 0.0, 'theta_sigma': 0.0, 'alpha_sigma': 0.0, 'theta_dot_sigma': 0.0, 'alpha_dot_sigma': 0.0, 'encoder_quantization_rad': 0.0, 'velocity_lpf': 0.25, 'process_theta_dot_sigma': 0.0, 'process_alpha_dot_sigma': 0.0}"
1877794,1,matlab_nominal_reproduction,0.0,"{'level': 0.0, 'physical': {'g': 9.8, 'c_theta': 0.025, 'c_alpha': 0.001, 'k_t': 0.231, 'k_b': 0.1875, 'k_u': 0.04706, 'R': 4.2857, 'm1': 0.20625, 'm2': 0.15845, 'l1cg': 0.080305, 'l1': 0.151894, 'l2cg': 0.066733, 'I1z': 0.00049228, 'I2x': 0.00036892, 'I2y': 2.3641e-05, 'I2z': 0.00036139}, 'init_theta_std_deg': 5.0, 'init_alpha_std_deg': 8.0, 'init_theta_dot_std': 0.0, 'init_alpha_dot_std': 0.0, 'pwm_limit': 150.0, 'pwm_gain': 1.0, 'pwm_bias': 0.0, 'pwm_deadzone': 0.0, 'pwm_noise_sigma': 0.0, 'actuator_tau': 0.0, 'action_delay_steps': 0, 'theta_bias': 0.0, 'alpha_bias': 0.0, 'theta_sigma': 0.0, 'alpha_sigma': 0.0, 'theta_dot_sigma': 0.0, 'alpha_dot_sigma': 0.0, 'encoder_quantization_rad': 0.0, 'velocity_lpf': 0.25, 'process_theta_dot_sigma': 0.0, 'process_alpha_dot_sigma': 0.0}"
1879794,1,matlab_nominal_reproduction,0.0,"{'level': 0.0, 'physical': {'g': 9.8, 'c_theta': 0.025, 'c_alpha': 0.001, 'k_t': 0.231, 'k_b': 0.1875, 'k_u': 0.04706, 'R': 4.2857, 'm1': 0.20625, 'm2': 0.15845, 'l1cg': 0.080305, 'l1': 0.151894, 'l2cg': 0.066733, 'I1z': 0.00049228, 'I2x': 0.00036892, 'I2y': 2.3641e-05, 'I2z': 0.00036139}, 'init_theta_std_deg': 5.0, 'init_alpha_std_deg': 8.0, 'init_theta_dot_std': 0.0, 'init_alpha_dot_std': 0.0, 'pwm_limit': 150.0, 'pwm_gain': 1.0, 'pwm_bias': 0.0, 'pwm_deadzone': 0.0, 'pwm_noise_sigma': 0.0, 'actuator_tau': 0.0, 'action_delay_steps': 0, 'theta_bias': 0.0, 'alpha_bias': 0.0, 'theta_sigma': 0.0, 'alpha_sigma': 0.0, 'theta_dot_sigma': 0.0, 'alpha_dot_sigma': 0.0, 'encoder_quantization_rad': 0.0, 'velocity_lpf': 0.25, 'process_theta_dot_sigma': 0.0, 'process_alpha_dot_sigma': 0.0}"
1881794,1,matlab_nominal_reproduction,0.0,"{'level': 0.0, 'physical': {'g': 9.8, 'c_theta': 0.025, 'c_alpha': 0.001, 'k_t': 0.231, 'k_b': 0.1875, 'k_u': 0.04706, 'R': 4.2857, 'm1': 0.20625, 'm2': 0.15845, 'l1cg': 0.080305, 'l1': 0.151894, 'l2cg': 0.066733, 'I1z': 0.00049228, 'I2x': 0.00036892, 'I2y': 2.3641e-05, 'I2z': 0.00036139}, 'init_theta_std_deg': 5.0, 'init_alpha_std_deg': 8.0, 'init_theta_dot_std': 0.0, 'init_alpha_dot_std': 0.0, 'pwm_limit': 150.0, 'pwm_gain': 1.0, 'pwm_bias': 0.0, 'pwm_deadzone': 0.0, 'pwm_noise_sigma': 0.0, 'actuator_tau': 0.0, 'action_delay_steps': 0, 'theta_bias': 0.0, 'alpha_bias': 0.0, 'theta_sigma': 0.0, 'alpha_sigma': 0.0, 'theta_dot_sigma': 0.0, 'alpha_dot_sigma': 0.0, 'encoder_quantization_rad': 0.0, 'velocity_lpf': 0.25, 'process_theta_dot_sigma': 0.0, 'process_alpha_dot_sigma': 0.0}"
1883794,1,matlab_nominal_reproduction,0.0,"{'level': 0.0, 'physical': {'g': 9.8, 'c_theta': 0.025, 'c_alpha': 0.001, 'k_t': 0.231, 'k_b': 0.1875, 'k_u': 0.04706, 'R': 4.2857, 'm1': 0.20625, 'm2': 0.15845, 'l1cg': 0.080305, 'l1': 0.151894, 'l2cg': 0.066733, 'I1z': 0.00049228, 'I2x': 0.00036892, 'I2y': 2.3641e-05, 'I2z': 0.00036139}, 'init_theta_std_deg': 5.0, 'init_alpha_std_deg': 8.0, 'init_theta_dot_std': 0.0, 'init_alpha_dot_std': 0.0, 'pwm_limit': 150.0, 'pwm_gain': 1.0, 'pwm_bias': 0.0, 'pwm_deadzone': 0.0, 'pwm_noise_sigma': 0.0, 'actuator_tau': 0.0, 'action_delay_steps': 0, 'theta_bias': 0.0, 'alpha_bias': 0.0, 'theta_sigma': 0.0, 'alpha_sigma': 0.0, 'theta_dot_sigma': 0.0, 'alpha_dot_sigma': 0.0, 'encoder_quantization_rad': 0.0, 'velocity_lpf': 0.25, 'process_theta_dot_sigma': 0.0, 'process_alpha_dot_sigma': 0.0}"
1885794,1,matlab_nominal_reproduction,0.0,"{'level': 0.0, 'physical': {'g': 9.8, 'c_theta': 0.025, 'c_alpha': 0.001, 'k_t': 0.231, 'k_b': 0.1875, 'k_u': 0.04706, 'R': 4.2857, 'm1': 0.20625, 'm2': 0.15845, 'l1cg': 0.080305, 'l1': 0.151894, 'l2cg': 0.066733, 'I1z': 0.00049228, 'I2x': 0.00036892, 'I2y': 2.3641e-05, 'I2z': 0.00036139}, 'init_theta_std_deg': 5.0, 'init_alpha_std_deg': 8.0, 'init_theta_dot_std': 0.0, 'init_alpha_dot_std': 0.0, 'pwm_limit': 150.0, 'pwm_gain': 1.0, 'pwm_bias': 0.0, 'pwm_deadzone': 0.0, 'pwm_noise_sigma': 0.0, 'actuator_tau': 0.0, 'action_delay_steps': 0, 'theta_bias': 0.0, 'alpha_bias': 0.0, 'theta_sigma': 0.0, 'alpha_sigma': 0.0, 'theta_dot_sigma': 0.0, 'alpha_dot_sigma': 0.0, 'encoder_quantization_rad': 0.0, 'velocity_lpf': 0.25, 'process_theta_dot_sigma': 0.0, 'process_alpha_dot_sigma': 0.0}"
1887794,1,matlab_nominal_reproduction,0.0,"{'level': 0.0, 'physical': {'g': 9.8, 'c_theta': 0.025, 'c_alpha': 0.001, 'k_t': 0.231, 'k_b': 0.1875, 'k_u': 0.04706, 'R': 4.2857, 'm1': 0.20625, 'm2': 0.15845, 'l1cg': 0.080305, 'l1': 0.151894, 'l2cg': 0.066733, 'I1z': 0.00049228, 'I2x': 0.00036892, 'I2y': 2.3641e-05, 'I2z': 0.00036139}, 'init_theta_std_deg': 5.0, 'init_alpha_std_deg': 8.0, 'init_theta_dot_std': 0.0, 'init_alpha_dot_std': 0.0, 'pwm_limit': 150.0, 'pwm_gain': 1.0, 'pwm_bias': 0.0, 'pwm_deadzone': 0.0, 'pwm_noise_sigma': 0.0, 'actuator_tau': 0.0, 'action_delay_steps': 0, 'theta_bias': 0.0, 'alpha_bias': 0.0, 'theta_sigma': 0.0, 'alpha_sigma': 0.0, 'theta_dot_sigma': 0.0, 'alpha_dot_sigma': 0.0, 'encoder_quantization_rad': 0.0, 'velocity_lpf': 0.25, 'process_theta_dot_sigma': 0.0, 'process_alpha_dot_sigma': 0.0}"
1889794,1,matlab_nominal_reproduction,0.0,"{'level': 0.0, 'physical': {'g': 9.8, 'c_theta': 0.025, 'c_alpha': 0.001, 'k_t': 0.231, 'k_b': 0.1875, 'k_u': 0.04706, 'R': 4.2857, 'm1': 0.20625, 'm2': 0.15845, 'l1cg': 0.080305, 'l1': 0.151894, 'l2cg': 0.066733, 'I1z': 0.00049228, 'I2x': 0.00036892, 'I2y': 2.3641e-05, 'I2z': 0.00036139}, 'init_theta_std_deg': 5.0, 'init_alpha_std_deg': 8.0, 'init_theta_dot_std': 0.0, 'init_alpha_dot_std': 0.0, 'pwm_limit': 150.0, 'pwm_gain': 1.0, 'pwm_bias': 0.0, 'pwm_deadzone': 0.0, 'pwm_noise_sigma': 0.0, 'actuator_tau': 0.0, 'action_delay_steps': 0, 'theta_bias': 0.0, 'alpha_bias': 0.0, 'theta_sigma': 0.0, 'alpha_sigma': 0.0, 'theta_dot_sigma': 0.0, 'alpha_dot_sigma': 0.0, 'encoder_quantization_rad': 0.0, 'velocity_lpf': 0.25, 'process_theta_dot_sigma': 0.0, 'process_alpha_dot_sigma': 0.0}"
1891794,1,matlab_nominal_reproduction,0.0,"{'level': 0.0, 'physical': {'g': 9.8, 'c_theta': 0.025, 'c_alpha': 0.001, 'k_t': 0.231, 'k_b': 0.1875, 'k_u': 0.04706, 'R': 4.2857, 'm1': 0.20625, 'm2': 0.15845, 'l1cg': 0.080305, 'l1': 0.151894, 'l2cg': 0.066733, 'I1z': 0.00049228, 'I2x': 0.00036892, 'I2y': 2.3641e-05, 'I2z': 0.00036139}, 'init_theta_std_deg': 5.0, 'init_alpha_std_deg': 8.0, 'init_theta_dot_std': 0.0, 'init_alpha_dot_std': 0.0, 'pwm_limit': 150.0, 'pwm_gain': 1.0, 'pwm_bias': 0.0, 'pwm_deadzone': 0.0, 'pwm_noise_sigma': 0.0, 'actuator_tau': 0.0, 'action_delay_steps': 0, 'theta_bias': 0.0, 'alpha_bias': 0.0, 'theta_sigma': 0.0, 'alpha_sigma': 0.0, 'theta_dot_sigma': 0.0, 'alpha_dot_sigma': 0.0, 'encoder_quantization_rad': 0.0, 'velocity_lpf': 0.25, 'process_theta_dot_sigma': 0.0, 'process_alpha_dot_sigma': 0.0}"
1893794,1,matlab_nominal_reproduction,0.0,"{'level': 0.0, 'physical': {'g': 9.8, 'c_theta': 0.025, 'c_alpha': 0.001, 'k_t': 0.231, 'k_b': 0.1875, 'k_u': 0.04706, 'R': 4.2857, 'm1': 0.20625, 'm2': 0.15845, 'l1cg': 0.080305, 'l1': 0.151894, 'l2cg': 0.066733, 'I1z': 0.00049228, 'I2x': 0.00036892, 'I2y': 2.3641e-05, 'I2z': 0.00036139}, 'init_theta_std_deg': 5.0, 'init_alpha_std_deg': 8.0, 'init_theta_dot_std': 0.0, 'init_alpha_dot_std': 0.0, 'pwm_limit': 150.0, 'pwm_gain': 1.0, 'pwm_bias': 0.0, 'pwm_deadzone': 0.0, 'pwm_noise_sigma': 0.0, 'actuator_tau': 0.0, 'action_delay_steps': 0, 'theta_bias': 0.0, 'alpha_bias': 0.0, 'theta_sigma': 0.0, 'alpha_sigma': 0.0, 'theta_dot_sigma': 0.0, 'alpha_dot_sigma': 0.0, 'encoder_quantization_rad': 0.0, 'velocity_lpf': 0.25, 'process_theta_dot_sigma': 0.0, 'process_alpha_dot_sigma': 0.0}"
1895794,1,matlab_nominal_reproduction,0.0,"{'level': 0.0, 'physical': {'g': 9.8, 'c_theta': 0.025, 'c_alpha': 0.001, 'k_t': 0.231, 'k_b': 0.1875, 'k_u': 0.04706, 'R': 4.2857, 'm1': 0.20625, 'm2': 0.15845, 'l1cg': 0.080305, 'l1': 0.151894, 'l2cg': 0.066733, 'I1z': 0.00049228, 'I2x': 0.00036892, 'I2y': 2.3641e-05, 'I2z': 0.00036139}, 'init_theta_std_deg': 5.0, 'init_alpha_std_deg': 8.0, 'init_theta_dot_std': 0.0, 'init_alpha_dot_std': 0.0, 'pwm_limit': 150.0, 'pwm_gain': 1.0, 'pwm_bias': 0.0, 'pwm_deadzone': 0.0, 'pwm_noise_sigma': 0.0, 'actuator_tau': 0.0, 'action_delay_steps': 0, 'theta_bias': 0.0, 'alpha_bias': 0.0, 'theta_sigma': 0.0, 'alpha_sigma': 0.0, 'theta_dot_sigma': 0.0, 'alpha_dot_sigma': 0.0, 'encoder_quantization_rad': 0.0, 'velocity_lpf': 0.25, 'process_theta_dot_sigma': 0.0, 'process_alpha_dot_sigma': 0.0}"
1897794,1,matlab_nominal_reproduction,0.0,"{'level': 0.0, 'physical': {'g': 9.8, 'c_theta': 0.025, 'c_alpha': 0.001, 'k_t': 0.231, 'k_b': 0.1875, 'k_u': 0.04706, 'R': 4.2857, 'm1': 0.20625, 'm2': 0.15845, 'l1cg': 0.080305, 'l1': 0.151894, 'l2cg': 0.066733, 'I1z': 0.00049228, 'I2x': 0.00036892, 'I2y': 2.3641e-05, 'I2z': 0.00036139}, 'init_theta_std_deg': 5.0, 'init_alpha_std_deg': 8.0, 'init_theta_dot_std': 0.0, 'init_alpha_dot_std': 0.0, 'pwm_limit': 150.0, 'pwm_gain': 1.0, 'pwm_bias': 0.0, 'pwm_deadzone': 0.0, 'pwm_noise_sigma': 0.0, 'actuator_tau': 0.0, 'action_delay_steps': 0, 'theta_bias': 0.0, 'alpha_bias': 0.0, 'theta_sigma': 0.0, 'alpha_sigma': 0.0, 'theta_dot_sigma': 0.0, 'alpha_dot_sigma': 0.0, 'encoder_quantization_rad': 0.0, 'velocity_lpf': 0.25, 'process_theta_dot_sigma': 0.0, 'process_alpha_dot_sigma': 0.0}"
1899794,1,matlab_nominal_reproduction,0.0,"{'level': 0.0, 'physical': {'g': 9.8, 'c_theta': 0.025, 'c_alpha': 0.001, 'k_t': 0.231, 'k_b': 0.1875, 'k_u': 0.04706, 'R': 4.2857, 'm1': 0.20625, 'm2': 0.15845, 'l1cg': 0.080305, 'l1': 0.151894, 'l2cg': 0.066733, 'I1z': 0.00049228, 'I2x': 0.00036892, 'I2y': 2.3641e-05, 'I2z': 0.00036139}, 'init_theta_std_deg': 5.0, 'init_alpha_std_deg': 8.0, 'init_theta_dot_std': 0.0, 'init_alpha_dot_std': 0.0, 'pwm_limit': 150.0, 'pwm_gain': 1.0, 'pwm_bias': 0.0, 'pwm_deadzone': 0.0, 'pwm_noise_sigma': 0.0, 'actuator_tau': 0.0, 'action_delay_steps': 0, 'theta_bias': 0.0, 'alpha_bias': 0.0, 'theta_sigma': 0.0, 'alpha_sigma': 0.0, 'theta_dot_sigma': 0.0, 'alpha_dot_sigma': 0.0, 'encoder_quantization_rad': 0.0, 'velocity_lpf': 0.25, 'process_theta_dot_sigma': 0.0, 'process_alpha_dot_sigma': 0.0}"
1901794,1,matlab_nominal_reproduction,0.0,"{'level': 0.0, 'physical': {'g': 9.8, 'c_theta': 0.025, 'c_alpha': 0.001, 'k_t': 0.231, 'k_b': 0.1875, 'k_u': 0.04706, 'R': 4.2857, 'm1': 0.20625, 'm2': 0.15845, 'l1cg': 0.080305, 'l1': 0.151894, 'l2cg': 0.066733, 'I1z': 0.00049228, 'I2x': 0.00036892, 'I2y': 2.3641e-05, 'I2z': 0.00036139}, 'init_theta_std_deg': 5.0, 'init_alpha_std_deg': 8.0, 'init_theta_dot_std': 0.0, 'init_alpha_dot_std': 0.0, 'pwm_limit': 150.0, 'pwm_gain': 1.0, 'pwm_bias': 0.0, 'pwm_deadzone': 0.0, 'pwm_noise_sigma': 0.0, 'actuator_tau': 0.0, 'action_delay_steps': 0, 'theta_bias': 0.0, 'alpha_bias': 0.0, 'theta_sigma': 0.0, 'alpha_sigma': 0.0, 'theta_dot_sigma': 0.0, 'alpha_dot_sigma': 0.0, 'encoder_quantization_rad': 0.0, 'velocity_lpf': 0.25, 'process_theta_dot_sigma': 0.0, 'process_alpha_dot_sigma': 0.0}"
1903794,1,matlab_nominal_reproduction,0.0,"{'level': 0.0, 'physical': {'g': 9.8, 'c_theta': 0.025, 'c_alpha': 0.001, 'k_t': 0.231, 'k_b': 0.1875, 'k_u': 0.04706, 'R': 4.2857, 'm1': 0.20625, 'm2': 0.15845, 'l1cg': 0.080305, 'l1': 0.151894, 'l2cg': 0.066733, 'I1z': 0.00049228, 'I2x': 0.00036892, 'I2y': 2.3641e-05, 'I2z': 0.00036139}, 'init_theta_std_deg': 5.0, 'init_alpha_std_deg': 8.0, 'init_theta_dot_std': 0.0, 'init_alpha_dot_std': 0.0, 'pwm_limit': 150.0, 'pwm_gain': 1.0, 'pwm_bias': 0.0, 'pwm_deadzone': 0.0, 'pwm_noise_sigma': 0.0, 'actuator_tau': 0.0, 'action_delay_steps': 0, 'theta_bias': 0.0, 'alpha_bias': 0.0, 'theta_sigma': 0.0, 'alpha_sigma': 0.0, 'theta_dot_sigma': 0.0, 'alpha_dot_sigma': 0.0, 'encoder_quantization_rad': 0.0, 'velocity_lpf': 0.25, 'process_theta_dot_sigma': 0.0, 'process_alpha_dot_sigma': 0.0}"
1905794,1,matlab_nominal_reproduction,0.0,"{'level': 0.0, 'physical': {'g': 9.8, 'c_theta': 0.025, 'c_alpha': 0.001, 'k_t': 0.231, 'k_b': 0.1875, 'k_u': 0.04706, 'R': 4.2857, 'm1': 0.20625, 'm2': 0.15845, 'l1cg': 0.080305, 'l1': 0.151894, 'l2cg': 0.066733, 'I1z': 0.00049228, 'I2x': 0.00036892, 'I2y': 2.3641e-05, 'I2z': 0.00036139}, 'init_theta_std_deg': 5.0, 'init_alpha_std_deg': 8.0, 'init_theta_dot_std': 0.0, 'init_alpha_dot_std': 0.0, 'pwm_limit': 150.0, 'pwm_gain': 1.0, 'pwm_bias': 0.0, 'pwm_deadzone': 0.0, 'pwm_noise_sigma': 0.0, 'actuator_tau': 0.0, 'action_delay_steps': 0, 'theta_bias': 0.0, 'alpha_bias': 0.0, 'theta_sigma': 0.0, 'alpha_sigma': 0.0, 'theta_dot_sigma': 0.0, 'alpha_dot_sigma': 0.0, 'encoder_quantization_rad': 0.0, 'velocity_lpf': 0.25, 'process_theta_dot_sigma': 0.0, 'process_alpha_dot_sigma': 0.0}"
1907794,1,matlab_nominal_reproduction,0.0,"{'level': 0.0, 'physical': {'g': 9.8, 'c_theta': 0.025, 'c_alpha': 0.001, 'k_t': 0.231, 'k_b': 0.1875, 'k_u': 0.04706, 'R': 4.2857, 'm1': 0.20625, 'm2': 0.15845, 'l1cg': 0.080305, 'l1': 0.151894, 'l2cg': 0.066733, 'I1z': 0.00049228, 'I2x': 0.00036892, 'I2y': 2.3641e-05, 'I2z': 0.00036139}, 'init_theta_std_deg': 5.0, 'init_alpha_std_deg': 8.0, 'init_theta_dot_std': 0.0, 'init_alpha_dot_std': 0.0, 'pwm_limit': 150.0, 'pwm_gain': 1.0, 'pwm_bias': 0.0, 'pwm_deadzone': 0.0, 'pwm_noise_sigma': 0.0, 'actuator_tau': 0.0, 'action_delay_steps': 0, 'theta_bias': 0.0, 'alpha_bias': 0.0, 'theta_sigma': 0.0, 'alpha_sigma': 0.0, 'theta_dot_sigma': 0.0, 'alpha_dot_sigma': 0.0, 'encoder_quantization_rad': 0.0, 'velocity_lpf': 0.25, 'process_theta_dot_sigma': 0.0, 'process_alpha_dot_sigma': 0.0}"
1909794,1,matlab_nominal_reproduction,0.0,"{'level': 0.0, 'physical': {'g': 9.8, 'c_theta': 0.025, 'c_alpha': 0.001, 'k_t': 0.231, 'k_b': 0.1875, 'k_u': 0.04706, 'R': 4.2857, 'm1': 0.20625, 'm2': 0.15845, 'l1cg': 0.080305, 'l1': 0.151894, 'l2cg': 0.066733, 'I1z': 0.00049228, 'I2x': 0.00036892, 'I2y': 2.3641e-05, 'I2z': 0.00036139}, 'init_theta_std_deg': 5.0, 'init_alpha_std_deg': 8.0, 'init_theta_dot_std': 0.0, 'init_alpha_dot_std': 0.0, 'pwm_limit': 150.0, 'pwm_gain': 1.0, 'pwm_bias': 0.0, 'pwm_deadzone': 0.0, 'pwm_noise_sigma': 0.0, 'actuator_tau': 0.0, 'action_delay_steps': 0, 'theta_bias': 0.0, 'alpha_bias': 0.0, 'theta_sigma': 0.0, 'alpha_sigma': 0.0, 'theta_dot_sigma': 0.0, 'alpha_dot_sigma': 0.0, 'encoder_quantization_rad': 0.0, 'velocity_lpf': 0.25, 'process_theta_dot_sigma': 0.0, 'process_alpha_dot_sigma': 0.0}"
1911794,1,matlab_nominal_reproduction,0.0,"{'level': 0.0, 'physical': {'g': 9.8, 'c_theta': 0.025, 'c_alpha': 0.001, 'k_t': 0.231, 'k_b': 0.1875, 'k_u': 0.04706, 'R': 4.2857, 'm1': 0.20625, 'm2': 0.15845, 'l1cg': 0.080305, 'l1': 0.151894, 'l2cg': 0.066733, 'I1z': 0.00049228, 'I2x': 0.00036892, 'I2y': 2.3641e-05, 'I2z': 0.00036139}, 'init_theta_std_deg': 5.0, 'init_alpha_std_deg': 8.0, 'init_theta_dot_std': 0.0, 'init_alpha_dot_std': 0.0, 'pwm_limit': 150.0, 'pwm_gain': 1.0, 'pwm_bias': 0.0, 'pwm_deadzone': 0.0, 'pwm_noise_sigma': 0.0, 'actuator_tau': 0.0, 'action_delay_steps': 0, 'theta_bias': 0.0, 'alpha_bias': 0.0, 'theta_sigma': 0.0, 'alpha_sigma': 0.0, 'theta_dot_sigma': 0.0, 'alpha_dot_sigma': 0.0, 'encoder_quantization_rad': 0.0, 'velocity_lpf': 0.25, 'process_theta_dot_sigma': 0.0, 'process_alpha_dot_sigma': 0.0}"
1913794,1,matlab_nominal_reproduction,0.0,"{'level': 0.0, 'physical': {'g': 9.8, 'c_theta': 0.025, 'c_alpha': 0.001, 'k_t': 0.231, 'k_b': 0.1875, 'k_u': 0.04706, 'R': 4.2857, 'm1': 0.20625, 'm2': 0.15845, 'l1cg': 0.080305, 'l1': 0.151894, 'l2cg': 0.066733, 'I1z': 0.00049228, 'I2x': 0.00036892, 'I2y': 2.3641e-05, 'I2z': 0.00036139}, 'init_theta_std_deg': 5.0, 'init_alpha_std_deg': 8.0, 'init_theta_dot_std': 0.0, 'init_alpha_dot_std': 0.0, 'pwm_limit': 150.0, 'pwm_gain': 1.0, 'pwm_bias': 0.0, 'pwm_deadzone': 0.0, 'pwm_noise_sigma': 0.0, 'actuator_tau': 0.0, 'action_delay_steps': 0, 'theta_bias': 0.0, 'alpha_bias': 0.0, 'theta_sigma': 0.0, 'alpha_sigma': 0.0, 'theta_dot_sigma': 0.0, 'alpha_dot_sigma': 0.0, 'encoder_quantization_rad': 0.0, 'velocity_lpf': 0.25, 'process_theta_dot_sigma': 0.0, 'process_alpha_dot_sigma': 0.0}"
1915794,1,matlab_nominal_reproduction,0.0,"{'level': 0.0, 'physical': {'g': 9.8, 'c_theta': 0.025, 'c_alpha': 0.001, 'k_t': 0.231, 'k_b': 0.1875, 'k_u': 0.04706, 'R': 4.2857, 'm1': 0.20625, 'm2': 0.15845, 'l1cg': 0.080305, 'l1': 0.151894, 'l2cg': 0.066733, 'I1z': 0.00049228, 'I2x': 0.00036892, 'I2y': 2.3641e-05, 'I2z': 0.00036139}, 'init_theta_std_deg': 5.0, 'init_alpha_std_deg': 8.0, 'init_theta_dot_std': 0.0, 'init_alpha_dot_std': 0.0, 'pwm_limit': 150.0, 'pwm_gain': 1.0, 'pwm_bias': 0.0, 'pwm_deadzone': 0.0, 'pwm_noise_sigma': 0.0, 'actuator_tau': 0.0, 'action_delay_steps': 0, 'theta_bias': 0.0, 'alpha_bias': 0.0, 'theta_sigma': 0.0, 'alpha_sigma': 0.0, 'theta_dot_sigma': 0.0, 'alpha_dot_sigma': 0.0, 'encoder_quantization_rad': 0.0, 'velocity_lpf': 0.25, 'process_theta_dot_sigma': 0.0, 'process_alpha_dot_sigma': 0.0}"
1917794,1,matlab_nominal_reproduction,0.0,"{'level': 0.0, 'physical': {'g': 9.8, 'c_theta': 0.025, 'c_alpha': 0.001, 'k_t': 0.231, 'k_b': 0.1875, 'k_u': 0.04706, 'R': 4.2857, 'm1': 0.20625, 'm2': 0.15845, 'l1cg': 0.080305, 'l1': 0.151894, 'l2cg': 0.066733, 'I1z': 0.00049228, 'I2x': 0.00036892, 'I2y': 2.3641e-05, 'I2z': 0.00036139}, 'init_theta_std_deg': 5.0, 'init_alpha_std_deg': 8.0, 'init_theta_dot_std': 0.0, 'init_alpha_dot_std': 0.0, 'pwm_limit': 150.0, 'pwm_gain': 1.0, 'pwm_bias': 0.0, 'pwm_deadzone': 0.0, 'pwm_noise_sigma': 0.0, 'actuator_tau': 0.0, 'action_delay_steps': 0, 'theta_bias': 0.0, 'alpha_bias': 0.0, 'theta_sigma': 0.0, 'alpha_sigma': 0.0, 'theta_dot_sigma': 0.0, 'alpha_dot_sigma': 0.0, 'encoder_quantization_rad': 0.0, 'velocity_lpf': 0.25, 'process_theta_dot_sigma': 0.0, 'process_alpha_dot_sigma': 0.0}"
1919794,1,matlab_nominal_reproduction,0.0,"{'level': 0.0, 'physical': {'g': 9.8, 'c_theta': 0.025, 'c_alpha': 0.001, 'k_t': 0.231, 'k_b': 0.1875, 'k_u': 0.04706, 'R': 4.2857, 'm1': 0.20625, 'm2': 0.15845, 'l1cg': 0.080305, 'l1': 0.151894, 'l2cg': 0.066733, 'I1z': 0.00049228, 'I2x': 0.00036892, 'I2y': 2.3641e-05, 'I2z': 0.00036139}, 'init_theta_std_deg': 5.0, 'init_alpha_std_deg': 8.0, 'init_theta_dot_std': 0.0, 'init_alpha_dot_std': 0.0, 'pwm_limit': 150.0, 'pwm_gain': 1.0, 'pwm_bias': 0.0, 'pwm_deadzone': 0.0, 'pwm_noise_sigma': 0.0, 'actuator_tau': 0.0, 'action_delay_steps': 0, 'theta_bias': 0.0, 'alpha_bias': 0.0, 'theta_sigma': 0.0, 'alpha_sigma': 0.0, 'theta_dot_sigma': 0.0, 'alpha_dot_sigma': 0.0, 'encoder_quantization_rad': 0.0, 'velocity_lpf': 0.25, 'process_theta_dot_sigma': 0.0, 'process_alpha_dot_sigma': 0.0}"
1921794,1,matlab_nominal_reproduction,0.0,"{'level': 0.0, 'physical': {'g': 9.8, 'c_theta': 0.025, 'c_alpha': 0.001, 'k_t': 0.231, 'k_b': 0.1875, 'k_u': 0.04706, 'R': 4.2857, 'm1': 0.20625, 'm2': 0.15845, 'l1cg': 0.080305, 'l1': 0.151894, 'l2cg': 0.066733, 'I1z': 0.00049228, 'I2x': 0.00036892, 'I2y': 2.3641e-05, 'I2z': 0.00036139}, 'init_theta_std_deg': 5.0, 'init_alpha_std_deg': 8.0, 'init_theta_dot_std': 0.0, 'init_alpha_dot_std': 0.0, 'pwm_limit': 150.0, 'pwm_gain': 1.0, 'pwm_bias': 0.0, 'pwm_deadzone': 0.0, 'pwm_noise_sigma': 0.0, 'actuator_tau': 0.0, 'action_delay_steps': 0, 'theta_bias': 0.0, 'alpha_bias': 0.0, 'theta_sigma': 0.0, 'alpha_sigma': 0.0, 'theta_dot_sigma': 0.0, 'alpha_dot_sigma': 0.0, 'encoder_quantization_rad': 0.0, 'velocity_lpf': 0.25, 'process_theta_dot_sigma': 0.0, 'process_alpha_dot_sigma': 0.0}"
1923794,1,matlab_nominal_reproduction,0.0,"{'level': 0.0, 'physical': {'g': 9.8, 'c_theta': 0.025, 'c_alpha': 0.001, 'k_t': 0.231, 'k_b': 0.1875, 'k_u': 0.04706, 'R': 4.2857, 'm1': 0.20625, 'm2': 0.15845, 'l1cg': 0.080305, 'l1': 0.151894, 'l2cg': 0.066733, 'I1z': 0.00049228, 'I2x': 0.00036892, 'I2y': 2.3641e-05, 'I2z': 0.00036139}, 'init_theta_std_deg': 5.0, 'init_alpha_std_deg': 8.0, 'init_theta_dot_std': 0.0, 'init_alpha_dot_std': 0.0, 'pwm_limit': 150.0, 'pwm_gain': 1.0, 'pwm_bias': 0.0, 'pwm_deadzone': 0.0, 'pwm_noise_sigma': 0.0, 'actuator_tau': 0.0, 'action_delay_steps': 0, 'theta_bias': 0.0, 'alpha_bias': 0.0, 'theta_sigma': 0.0, 'alpha_sigma': 0.0, 'theta_dot_sigma': 0.0, 'alpha_dot_sigma': 0.0, 'encoder_quantization_rad': 0.0, 'velocity_lpf': 0.25, 'process_theta_dot_sigma': 0.0, 'process_alpha_dot_sigma': 0.0}"
1925794,1,matlab_nominal_reproduction,0.0,"{'level': 0.0, 'physical': {'g': 9.8, 'c_theta': 0.025, 'c_alpha': 0.001, 'k_t': 0.231, 'k_b': 0.1875, 'k_u': 0.04706, 'R': 4.2857, 'm1': 0.20625, 'm2': 0.15845, 'l1cg': 0.080305, 'l1': 0.151894, 'l2cg': 0.066733, 'I1z': 0.00049228, 'I2x': 0.00036892, 'I2y': 2.3641e-05, 'I2z': 0.00036139}, 'init_theta_std_deg': 5.0, 'init_alpha_std_deg': 8.0, 'init_theta_dot_std': 0.0, 'init_alpha_dot_std': 0.0, 'pwm_limit': 150.0, 'pwm_gain': 1.0, 'pwm_bias': 0.0, 'pwm_deadzone': 0.0, 'pwm_noise_sigma': 0.0, 'actuator_tau': 0.0, 'action_delay_steps': 0, 'theta_bias': 0.0, 'alpha_bias': 0.0, 'theta_sigma': 0.0, 'alpha_sigma': 0.0, 'theta_dot_sigma': 0.0, 'alpha_dot_sigma': 0.0, 'encoder_quantization_rad': 0.0, 'velocity_lpf': 0.25, 'process_theta_dot_sigma': 0.0, 'process_alpha_dot_sigma': 0.0}"
1927794,1,matlab_nominal_reproduction,0.0,"{'level': 0.0, 'physical': {'g': 9.8, 'c_theta': 0.025, 'c_alpha': 0.001, 'k_t': 0.231, 'k_b': 0.1875, 'k_u': 0.04706, 'R': 4.2857, 'm1': 0.20625, 'm2': 0.15845, 'l1cg': 0.080305, 'l1': 0.151894, 'l2cg': 0.066733, 'I1z': 0.00049228, 'I2x': 0.00036892, 'I2y': 2.3641e-05, 'I2z': 0.00036139}, 'init_theta_std_deg': 5.0, 'init_alpha_std_deg': 8.0, 'init_theta_dot_std': 0.0, 'init_alpha_dot_std': 0.0, 'pwm_limit': 150.0, 'pwm_gain': 1.0, 'pwm_bias': 0.0, 'pwm_deadzone': 0.0, 'pwm_noise_sigma': 0.0, 'actuator_tau': 0.0, 'action_delay_steps': 0, 'theta_bias': 0.0, 'alpha_bias': 0.0, 'theta_sigma': 0.0, 'alpha_sigma': 0.0, 'theta_dot_sigma': 0.0, 'alpha_dot_sigma': 0.0, 'encoder_quantization_rad': 0.0, 'velocity_lpf': 0.25, 'process_theta_dot_sigma': 0.0, 'process_alpha_dot_sigma': 0.0}"
1929794,1,matlab_nominal_reproduction,0.0,"{'level': 0.0, 'physical': {'g': 9.8, 'c_theta': 0.025, 'c_alpha': 0.001, 'k_t': 0.231, 'k_b': 0.1875, 'k_u': 0.04706, 'R': 4.2857, 'm1': 0.20625, 'm2': 0.15845, 'l1cg': 0.080305, 'l1': 0.151894, 'l2cg': 0.066733, 'I1z': 0.00049228, 'I2x': 0.00036892, 'I2y': 2.3641e-05, 'I2z': 0.00036139}, 'init_theta_std_deg': 5.0, 'init_alpha_std_deg': 8.0, 'init_theta_dot_std': 0.0, 'init_alpha_dot_std': 0.0, 'pwm_limit': 150.0, 'pwm_gain': 1.0, 'pwm_bias': 0.0, 'pwm_deadzone': 0.0, 'pwm_noise_sigma': 0.0, 'actuator_tau': 0.0, 'action_delay_steps': 0, 'theta_bias': 0.0, 'alpha_bias': 0.0, 'theta_sigma': 0.0, 'alpha_sigma': 0.0, 'theta_dot_sigma': 0.0, 'alpha_dot_sigma': 0.0, 'encoder_quantization_rad': 0.0, 'velocity_lpf': 0.25, 'process_theta_dot_sigma': 0.0, 'process_alpha_dot_sigma': 0.0}"
1931794,1,matlab_nominal_reproduction,0.0,"{'level': 0.0, 'physical': {'g': 9.8, 'c_theta': 0.025, 'c_alpha': 0.001, 'k_t': 0.231, 'k_b': 0.1875, 'k_u': 0.04706, 'R': 4.2857, 'm1': 0.20625, 'm2': 0.15845, 'l1cg': 0.080305, 'l1': 0.151894, 'l2cg': 0.066733, 'I1z': 0.00049228, 'I2x': 0.00036892, 'I2y': 2.3641e-05, 'I2z': 0.00036139}, 'init_theta_std_deg': 5.0, 'init_alpha_std_deg': 8.0, 'init_theta_dot_std': 0.0, 'init_alpha_dot_std': 0.0, 'pwm_limit': 150.0, 'pwm_gain': 1.0, 'pwm_bias': 0.0, 'pwm_deadzone': 0.0, 'pwm_noise_sigma': 0.0, 'actuator_tau': 0.0, 'action_delay_steps': 0, 'theta_bias': 0.0, 'alpha_bias': 0.0, 'theta_sigma': 0.0, 'alpha_sigma': 0.0, 'theta_dot_sigma': 0.0, 'alpha_dot_sigma': 0.0, 'encoder_quantization_rad': 0.0, 'velocity_lpf': 0.25, 'process_theta_dot_sigma': 0.0, 'process_alpha_dot_sigma': 0.0}"
1933794,1,matlab_nominal_reproduction,0.0,"{'level': 0.0, 'physical': {'g': 9.8, 'c_theta': 0.025, 'c_alpha': 0.001, 'k_t': 0.231, 'k_b': 0.1875, 'k_u': 0.04706, 'R': 4.2857, 'm1': 0.20625, 'm2': 0.15845, 'l1cg': 0.080305, 'l1': 0.151894, 'l2cg': 0.066733, 'I1z': 0.00049228, 'I2x': 0.00036892, 'I2y': 2.3641e-05, 'I2z': 0.00036139}, 'init_theta_std_deg': 5.0, 'init_alpha_std_deg': 8.0, 'init_theta_dot_std': 0.0, 'init_alpha_dot_std': 0.0, 'pwm_limit': 150.0, 'pwm_gain': 1.0, 'pwm_bias': 0.0, 'pwm_deadzone': 0.0, 'pwm_noise_sigma': 0.0, 'actuator_tau': 0.0, 'action_delay_steps': 0, 'theta_bias': 0.0, 'alpha_bias': 0.0, 'theta_sigma': 0.0, 'alpha_sigma': 0.0, 'theta_dot_sigma': 0.0, 'alpha_dot_sigma': 0.0, 'encoder_quantization_rad': 0.0, 'velocity_lpf': 0.25, 'process_theta_dot_sigma': 0.0, 'process_alpha_dot_sigma': 0.0}"
1935794,1,matlab_nominal_reproduction,0.0,"{'level': 0.0, 'physical': {'g': 9.8, 'c_theta': 0.025, 'c_alpha': 0.001, 'k_t': 0.231, 'k_b': 0.1875, 'k_u': 0.04706, 'R': 4.2857, 'm1': 0.20625, 'm2': 0.15845, 'l1cg': 0.080305, 'l1': 0.151894, 'l2cg': 0.066733, 'I1z': 0.00049228, 'I2x': 0.00036892, 'I2y': 2.3641e-05, 'I2z': 0.00036139}, 'init_theta_std_deg': 5.0, 'init_alpha_std_deg': 8.0, 'init_theta_dot_std': 0.0, 'init_alpha_dot_std': 0.0, 'pwm_limit': 150.0, 'pwm_gain': 1.0, 'pwm_bias': 0.0, 'pwm_deadzone': 0.0, 'pwm_noise_sigma': 0.0, 'actuator_tau': 0.0, 'action_delay_steps': 0, 'theta_bias': 0.0, 'alpha_bias': 0.0, 'theta_sigma': 0.0, 'alpha_sigma': 0.0, 'theta_dot_sigma': 0.0, 'alpha_dot_sigma': 0.0, 'encoder_quantization_rad': 0.0, 'velocity_lpf': 0.25, 'process_theta_dot_sigma': 0.0, 'process_alpha_dot_sigma': 0.0}"
1937794,1,matlab_nominal_reproduction,0.0,"{'level': 0.0, 'physical': {'g': 9.8, 'c_theta': 0.025, 'c_alpha': 0.001, 'k_t': 0.231, 'k_b': 0.1875, 'k_u': 0.04706, 'R': 4.2857, 'm1': 0.20625, 'm2': 0.15845, 'l1cg': 0.080305, 'l1': 0.151894, 'l2cg': 0.066733, 'I1z': 0.00049228, 'I2x': 0.00036892, 'I2y': 2.3641e-05, 'I2z': 0.00036139}, 'init_theta_std_deg': 5.0, 'init_alpha_std_deg': 8.0, 'init_theta_dot_std': 0.0, 'init_alpha_dot_std': 0.0, 'pwm_limit': 150.0, 'pwm_gain': 1.0, 'pwm_bias': 0.0, 'pwm_deadzone': 0.0, 'pwm_noise_sigma': 0.0, 'actuator_tau': 0.0, 'action_delay_steps': 0, 'theta_bias': 0.0, 'alpha_bias': 0.0, 'theta_sigma': 0.0, 'alpha_sigma': 0.0, 'theta_dot_sigma': 0.0, 'alpha_dot_sigma': 0.0, 'encoder_quantization_rad': 0.0, 'velocity_lpf': 0.25, 'process_theta_dot_sigma': 0.0, 'process_alpha_dot_sigma': 0.0}"
1939794,1,matlab_nominal_reproduction,0.0,"{'level': 0.0, 'physical': {'g': 9.8, 'c_theta': 0.025, 'c_alpha': 0.001, 'k_t': 0.231, 'k_b': 0.1875, 'k_u': 0.04706, 'R': 4.2857, 'm1': 0.20625, 'm2': 0.15845, 'l1cg': 0.080305, 'l1': 0.151894, 'l2cg': 0.066733, 'I1z': 0.00049228, 'I2x': 0.00036892, 'I2y': 2.3641e-05, 'I2z': 0.00036139}, 'init_theta_std_deg': 5.0, 'init_alpha_std_deg': 8.0, 'init_theta_dot_std': 0.0, 'init_alpha_dot_std': 0.0, 'pwm_limit': 150.0, 'pwm_gain': 1.0, 'pwm_bias': 0.0, 'pwm_deadzone': 0.0, 'pwm_noise_sigma': 0.0, 'actuator_tau': 0.0, 'action_delay_steps': 0, 'theta_bias': 0.0, 'alpha_bias': 0.0, 'theta_sigma': 0.0, 'alpha_sigma': 0.0, 'theta_dot_sigma': 0.0, 'alpha_dot_sigma': 0.0, 'encoder_quantization_rad': 0.0, 'velocity_lpf': 0.25, 'process_theta_dot_sigma': 0.0, 'process_alpha_dot_sigma': 0.0}"
1941794,1,matlab_nominal_reproduction,0.0,"{'level': 0.0, 'physical': {'g': 9.8, 'c_theta': 0.025, 'c_alpha': 0.001, 'k_t': 0.231, 'k_b': 0.1875, 'k_u': 0.04706, 'R': 4.2857, 'm1': 0.20625, 'm2': 0.15845, 'l1cg': 0.080305, 'l1': 0.151894, 'l2cg': 0.066733, 'I1z': 0.00049228, 'I2x': 0.00036892, 'I2y': 2.3641e-05, 'I2z': 0.00036139}, 'init_theta_std_deg': 5.0, 'init_alpha_std_deg': 8.0, 'init_theta_dot_std': 0.0, 'init_alpha_dot_std': 0.0, 'pwm_limit': 150.0, 'pwm_gain': 1.0, 'pwm_bias': 0.0, 'pwm_deadzone': 0.0, 'pwm_noise_sigma': 0.0, 'actuator_tau': 0.0, 'action_delay_steps': 0, 'theta_bias': 0.0, 'alpha_bias': 0.0, 'theta_sigma': 0.0, 'alpha_sigma': 0.0, 'theta_dot_sigma': 0.0, 'alpha_dot_sigma': 0.0, 'encoder_quantization_rad': 0.0, 'velocity_lpf': 0.25, 'process_theta_dot_sigma': 0.0, 'process_alpha_dot_sigma': 0.0}"
1943794,1,matlab_nominal_reproduction,0.0,"{'level': 0.0, 'physical': {'g': 9.8, 'c_theta': 0.025, 'c_alpha': 0.001, 'k_t': 0.231, 'k_b': 0.1875, 'k_u': 0.04706, 'R': 4.2857, 'm1': 0.20625, 'm2': 0.15845, 'l1cg': 0.080305, 'l1': 0.151894, 'l2cg': 0.066733, 'I1z': 0.00049228, 'I2x': 0.00036892, 'I2y': 2.3641e-05, 'I2z': 0.00036139}, 'init_theta_std_deg': 5.0, 'init_alpha_std_deg': 8.0, 'init_theta_dot_std': 0.0, 'init_alpha_dot_std': 0.0, 'pwm_limit': 150.0, 'pwm_gain': 1.0, 'pwm_bias': 0.0, 'pwm_deadzone': 0.0, 'pwm_noise_sigma': 0.0, 'actuator_tau': 0.0, 'action_delay_steps': 0, 'theta_bias': 0.0, 'alpha_bias': 0.0, 'theta_sigma': 0.0, 'alpha_sigma': 0.0, 'theta_dot_sigma': 0.0, 'alpha_dot_sigma': 0.0, 'encoder_quantization_rad': 0.0, 'velocity_lpf': 0.25, 'process_theta_dot_sigma': 0.0, 'process_alpha_dot_sigma': 0.0}"
1945794,1,matlab_nominal_reproduction,0.0,"{'level': 0.0, 'physical': {'g': 9.8, 'c_theta': 0.025, 'c_alpha': 0.001, 'k_t': 0.231, 'k_b': 0.1875, 'k_u': 0.04706, 'R': 4.2857, 'm1': 0.20625, 'm2': 0.15845, 'l1cg': 0.080305, 'l1': 0.151894, 'l2cg': 0.066733, 'I1z': 0.00049228, 'I2x': 0.00036892, 'I2y': 2.3641e-05, 'I2z': 0.00036139}, 'init_theta_std_deg': 5.0, 'init_alpha_std_deg': 8.0, 'init_theta_dot_std': 0.0, 'init_alpha_dot_std': 0.0, 'pwm_limit': 150.0, 'pwm_gain': 1.0, 'pwm_bias': 0.0, 'pwm_deadzone': 0.0, 'pwm_noise_sigma': 0.0, 'actuator_tau': 0.0, 'action_delay_steps': 0, 'theta_bias': 0.0, 'alpha_bias': 0.0, 'theta_sigma': 0.0, 'alpha_sigma': 0.0, 'theta_dot_sigma': 0.0, 'alpha_dot_sigma': 0.0, 'encoder_quantization_rad': 0.0, 'velocity_lpf': 0.25, 'process_theta_dot_sigma': 0.0, 'process_alpha_dot_sigma': 0.0}"
1947794,1,matlab_nominal_reproduction,0.0,"{'level': 0.0, 'physical': {'g': 9.8, 'c_theta': 0.025, 'c_alpha': 0.001, 'k_t': 0.231, 'k_b': 0.1875, 'k_u': 0.04706, 'R': 4.2857, 'm1': 0.20625, 'm2': 0.15845, 'l1cg': 0.080305, 'l1': 0.151894, 'l2cg': 0.066733, 'I1z': 0.00049228, 'I2x': 0.00036892, 'I2y': 2.3641e-05, 'I2z': 0.00036139}, 'init_theta_std_deg': 5.0, 'init_alpha_std_deg': 8.0, 'init_theta_dot_std': 0.0, 'init_alpha_dot_std': 0.0, 'pwm_limit': 150.0, 'pwm_gain': 1.0, 'pwm_bias': 0.0, 'pwm_deadzone': 0.0, 'pwm_noise_sigma': 0.0, 'actuator_tau': 0.0, 'action_delay_steps': 0, 'theta_bias': 0.0, 'alpha_bias': 0.0, 'theta_sigma': 0.0, 'alpha_sigma': 0.0, 'theta_dot_sigma': 0.0, 'alpha_dot_sigma': 0.0, 'encoder_quantization_rad': 0.0, 'velocity_lpf': 0.25, 'process_theta_dot_sigma': 0.0, 'process_alpha_dot_sigma': 0.0}"
1949794,1,matlab_nominal_reproduction,0.0,"{'level': 0.0, 'physical': {'g': 9.8, 'c_theta': 0.025, 'c_alpha': 0.001, 'k_t': 0.231, 'k_b': 0.1875, 'k_u': 0.04706, 'R': 4.2857, 'm1': 0.20625, 'm2': 0.15845, 'l1cg': 0.080305, 'l1': 0.151894, 'l2cg': 0.066733, 'I1z': 0.00049228, 'I2x': 0.00036892, 'I2y': 2.3641e-05, 'I2z': 0.00036139}, 'init_theta_std_deg': 5.0, 'init_alpha_std_deg': 8.0, 'init_theta_dot_std': 0.0, 'init_alpha_dot_std': 0.0, 'pwm_limit': 150.0, 'pwm_gain': 1.0, 'pwm_bias': 0.0, 'pwm_deadzone': 0.0, 'pwm_noise_sigma': 0.0, 'actuator_tau': 0.0, 'action_delay_steps': 0, 'theta_bias': 0.0, 'alpha_bias': 0.0, 'theta_sigma': 0.0, 'alpha_sigma': 0.0, 'theta_dot_sigma': 0.0, 'alpha_dot_sigma': 0.0, 'encoder_quantization_rad': 0.0, 'velocity_lpf': 0.25, 'process_theta_dot_sigma': 0.0, 'process_alpha_dot_sigma': 0.0}"
1951794,1,matlab_nominal_reproduction,0.0,"{'level': 0.0, 'physical': {'g': 9.8, 'c_theta': 0.025, 'c_alpha': 0.001, 'k_t': 0.231, 'k_b': 0.1875, 'k_u': 0.04706, 'R': 4.2857, 'm1': 0.20625, 'm2': 0.15845, 'l1cg': 0.080305, 'l1': 0.151894, 'l2cg': 0.066733, 'I1z': 0.00049228, 'I2x': 0.00036892, 'I2y': 2.3641e-05, 'I2z': 0.00036139}, 'init_theta_std_deg': 5.0, 'init_alpha_std_deg': 8.0, 'init_theta_dot_std': 0.0, 'init_alpha_dot_std': 0.0, 'pwm_limit': 150.0, 'pwm_gain': 1.0, 'pwm_bias': 0.0, 'pwm_deadzone': 0.0, 'pwm_noise_sigma': 0.0, 'actuator_tau': 0.0, 'action_delay_steps': 0, 'theta_bias': 0.0, 'alpha_bias': 0.0, 'theta_sigma': 0.0, 'alpha_sigma': 0.0, 'theta_dot_sigma': 0.0, 'alpha_dot_sigma': 0.0, 'encoder_quantization_rad': 0.0, 'velocity_lpf': 0.25, 'process_theta_dot_sigma': 0.0, 'process_alpha_dot_sigma': 0.0}"
1953794,1,matlab_nominal_reproduction,0.0,"{'level': 0.0, 'physical': {'g': 9.8, 'c_theta': 0.025, 'c_alpha': 0.001, 'k_t': 0.231, 'k_b': 0.1875, 'k_u': 0.04706, 'R': 4.2857, 'm1': 0.20625, 'm2': 0.15845, 'l1cg': 0.080305, 'l1': 0.151894, 'l2cg': 0.066733, 'I1z': 0.00049228, 'I2x': 0.00036892, 'I2y': 2.3641e-05, 'I2z': 0.00036139}, 'init_theta_std_deg': 5.0, 'init_alpha_std_deg': 8.0, 'init_theta_dot_std': 0.0, 'init_alpha_dot_std': 0.0, 'pwm_limit': 150.0, 'pwm_gain': 1.0, 'pwm_bias': 0.0, 'pwm_deadzone': 0.0, 'pwm_noise_sigma': 0.0, 'actuator_tau': 0.0, 'action_delay_steps': 0, 'theta_bias': 0.0, 'alpha_bias': 0.0, 'theta_sigma': 0.0, 'alpha_sigma': 0.0, 'theta_dot_sigma': 0.0, 'alpha_dot_sigma': 0.0, 'encoder_quantization_rad': 0.0, 'velocity_lpf': 0.25, 'process_theta_dot_sigma': 0.0, 'process_alpha_dot_sigma': 0.0}"
1955794,1,matlab_nominal_reproduction,0.0,"{'level': 0.0, 'physical': {'g': 9.8, 'c_theta': 0.025, 'c_alpha': 0.001, 'k_t': 0.231, 'k_b': 0.1875, 'k_u': 0.04706, 'R': 4.2857, 'm1': 0.20625, 'm2': 0.15845, 'l1cg': 0.080305, 'l1': 0.151894, 'l2cg': 0.066733, 'I1z': 0.00049228, 'I2x': 0.00036892, 'I2y': 2.3641e-05, 'I2z': 0.00036139}, 'init_theta_std_deg': 5.0, 'init_alpha_std_deg': 8.0, 'init_theta_dot_std': 0.0, 'init_alpha_dot_std': 0.0, 'pwm_limit': 150.0, 'pwm_gain': 1.0, 'pwm_bias': 0.0, 'pwm_deadzone': 0.0, 'pwm_noise_sigma': 0.0, 'actuator_tau': 0.0, 'action_delay_steps': 0, 'theta_bias': 0.0, 'alpha_bias': 0.0, 'theta_sigma': 0.0, 'alpha_sigma': 0.0, 'theta_dot_sigma': 0.0, 'alpha_dot_sigma': 0.0, 'encoder_quantization_rad': 0.0, 'velocity_lpf': 0.25, 'process_theta_dot_sigma': 0.0, 'process_alpha_dot_sigma': 0.0}"
1957794,1,matlab_nominal_reproduction,0.0,"{'level': 0.0, 'physical': {'g': 9.8, 'c_theta': 0.025, 'c_alpha': 0.001, 'k_t': 0.231, 'k_b': 0.1875, 'k_u': 0.04706, 'R': 4.2857, 'm1': 0.20625, 'm2': 0.15845, 'l1cg': 0.080305, 'l1': 0.151894, 'l2cg': 0.066733, 'I1z': 0.00049228, 'I2x': 0.00036892, 'I2y': 2.3641e-05, 'I2z': 0.00036139}, 'init_theta_std_deg': 5.0, 'init_alpha_std_deg': 8.0, 'init_theta_dot_std': 0.0, 'init_alpha_dot_std': 0.0, 'pwm_limit': 150.0, 'pwm_gain': 1.0, 'pwm_bias': 0.0, 'pwm_deadzone': 0.0, 'pwm_noise_sigma': 0.0, 'actuator_tau': 0.0, 'action_delay_steps': 0, 'theta_bias': 0.0, 'alpha_bias': 0.0, 'theta_sigma': 0.0, 'alpha_sigma': 0.0, 'theta_dot_sigma': 0.0, 'alpha_dot_sigma': 0.0, 'encoder_quantization_rad': 0.0, 'velocity_lpf': 0.25, 'process_theta_dot_sigma': 0.0, 'process_alpha_dot_sigma': 0.0}"
1959794,1,matlab_nominal_reproduction,0.0,"{'level': 0.0, 'physical': {'g': 9.8, 'c_theta': 0.025, 'c_alpha': 0.001, 'k_t': 0.231, 'k_b': 0.1875, 'k_u': 0.04706, 'R': 4.2857, 'm1': 0.20625, 'm2': 0.15845, 'l1cg': 0.080305, 'l1': 0.151894, 'l2cg': 0.066733, 'I1z': 0.00049228, 'I2x': 0.00036892, 'I2y': 2.3641e-05, 'I2z': 0.00036139}, 'init_theta_std_deg': 5.0, 'init_alpha_std_deg': 8.0, 'init_theta_dot_std': 0.0, 'init_alpha_dot_std': 0.0, 'pwm_limit': 150.0, 'pwm_gain': 1.0, 'pwm_bias': 0.0, 'pwm_deadzone': 0.0, 'pwm_noise_sigma': 0.0, 'actuator_tau': 0.0, 'action_delay_steps': 0, 'theta_bias': 0.0, 'alpha_bias': 0.0, 'theta_sigma': 0.0, 'alpha_sigma': 0.0, 'theta_dot_sigma': 0.0, 'alpha_dot_sigma': 0.0, 'encoder_quantization_rad': 0.0, 'velocity_lpf': 0.25, 'process_theta_dot_sigma': 0.0, 'process_alpha_dot_sigma': 0.0}"
1961794,1,matlab_nominal_reproduction,0.0,"{'level': 0.0, 'physical': {'g': 9.8, 'c_theta': 0.025, 'c_alpha': 0.001, 'k_t': 0.231, 'k_b': 0.1875, 'k_u': 0.04706, 'R': 4.2857, 'm1': 0.20625, 'm2': 0.15845, 'l1cg': 0.080305, 'l1': 0.151894, 'l2cg': 0.066733, 'I1z': 0.00049228, 'I2x': 0.00036892, 'I2y': 2.3641e-05, 'I2z': 0.00036139}, 'init_theta_std_deg': 5.0, 'init_alpha_std_deg': 8.0, 'init_theta_dot_std': 0.0, 'init_alpha_dot_std': 0.0, 'pwm_limit': 150.0, 'pwm_gain': 1.0, 'pwm_bias': 0.0, 'pwm_deadzone': 0.0, 'pwm_noise_sigma': 0.0, 'actuator_tau': 0.0, 'action_delay_steps': 0, 'theta_bias': 0.0, 'alpha_bias': 0.0, 'theta_sigma': 0.0, 'alpha_sigma': 0.0, 'theta_dot_sigma': 0.0, 'alpha_dot_sigma': 0.0, 'encoder_quantization_rad': 0.0, 'velocity_lpf': 0.25, 'process_theta_dot_sigma': 0.0, 'process_alpha_dot_sigma': 0.0}"
1963794,1,matlab_nominal_reproduction,0.0,"{'level': 0.0, 'physical': {'g': 9.8, 'c_theta': 0.025, 'c_alpha': 0.001, 'k_t': 0.231, 'k_b': 0.1875, 'k_u': 0.04706, 'R': 4.2857, 'm1': 0.20625, 'm2': 0.15845, 'l1cg': 0.080305, 'l1': 0.151894, 'l2cg': 0.066733, 'I1z': 0.00049228, 'I2x': 0.00036892, 'I2y': 2.3641e-05, 'I2z': 0.00036139}, 'init_theta_std_deg': 5.0, 'init_alpha_std_deg': 8.0, 'init_theta_dot_std': 0.0, 'init_alpha_dot_std': 0.0, 'pwm_limit': 150.0, 'pwm_gain': 1.0, 'pwm_bias': 0.0, 'pwm_deadzone': 0.0, 'pwm_noise_sigma': 0.0, 'actuator_tau': 0.0, 'action_delay_steps': 0, 'theta_bias': 0.0, 'alpha_bias': 0.0, 'theta_sigma': 0.0, 'alpha_sigma': 0.0, 'theta_dot_sigma': 0.0, 'alpha_dot_sigma': 0.0, 'encoder_quantization_rad': 0.0, 'velocity_lpf': 0.25, 'process_theta_dot_sigma': 0.0, 'process_alpha_dot_sigma': 0.0}"
1965794,1,matlab_nominal_reproduction,0.0,"{'level': 0.0, 'physical': {'g': 9.8, 'c_theta': 0.025, 'c_alpha': 0.001, 'k_t': 0.231, 'k_b': 0.1875, 'k_u': 0.04706, 'R': 4.2857, 'm1': 0.20625, 'm2': 0.15845, 'l1cg': 0.080305, 'l1': 0.151894, 'l2cg': 0.066733, 'I1z': 0.00049228, 'I2x': 0.00036892, 'I2y': 2.3641e-05, 'I2z': 0.00036139}, 'init_theta_std_deg': 5.0, 'init_alpha_std_deg': 8.0, 'init_theta_dot_std': 0.0, 'init_alpha_dot_std': 0.0, 'pwm_limit': 150.0, 'pwm_gain': 1.0, 'pwm_bias': 0.0, 'pwm_deadzone': 0.0, 'pwm_noise_sigma': 0.0, 'actuator_tau': 0.0, 'action_delay_steps': 0, 'theta_bias': 0.0, 'alpha_bias': 0.0, 'theta_sigma': 0.0, 'alpha_sigma': 0.0, 'theta_dot_sigma': 0.0, 'alpha_dot_sigma': 0.0, 'encoder_quantization_rad': 0.0, 'velocity_lpf': 0.25, 'process_theta_dot_sigma': 0.0, 'process_alpha_dot_sigma': 0.0}"
1967794,1,matlab_nominal_reproduction,0.0,"{'level': 0.0, 'physical': {'g': 9.8, 'c_theta': 0.025, 'c_alpha': 0.001, 'k_t': 0.231, 'k_b': 0.1875, 'k_u': 0.04706, 'R': 4.2857, 'm1': 0.20625, 'm2': 0.15845, 'l1cg': 0.080305, 'l1': 0.151894, 'l2cg': 0.066733, 'I1z': 0.00049228, 'I2x': 0.00036892, 'I2y': 2.3641e-05, 'I2z': 0.00036139}, 'init_theta_std_deg': 5.0, 'init_alpha_std_deg': 8.0, 'init_theta_dot_std': 0.0, 'init_alpha_dot_std': 0.0, 'pwm_limit': 150.0, 'pwm_gain': 1.0, 'pwm_bias': 0.0, 'pwm_deadzone': 0.0, 'pwm_noise_sigma': 0.0, 'actuator_tau': 0.0, 'action_delay_steps': 0, 'theta_bias': 0.0, 'alpha_bias': 0.0, 'theta_sigma': 0.0, 'alpha_sigma': 0.0, 'theta_dot_sigma': 0.0, 'alpha_dot_sigma': 0.0, 'encoder_quantization_rad': 0.0, 'velocity_lpf': 0.25, 'process_theta_dot_sigma': 0.0, 'process_alpha_dot_sigma': 0.0}"
1969794,1,matlab_nominal_reproduction,0.0,"{'level': 0.0, 'physical': {'g': 9.8, 'c_theta': 0.025, 'c_alpha': 0.001, 'k_t': 0.231, 'k_b': 0.1875, 'k_u': 0.04706, 'R': 4.2857, 'm1': 0.20625, 'm2': 0.15845, 'l1cg': 0.080305, 'l1': 0.151894, 'l2cg': 0.066733, 'I1z': 0.00049228, 'I2x': 0.00036892, 'I2y': 2.3641e-05, 'I2z': 0.00036139}, 'init_theta_std_deg': 5.0, 'init_alpha_std_deg': 8.0, 'init_theta_dot_std': 0.0, 'init_alpha_dot_std': 0.0, 'pwm_limit': 150.0, 'pwm_gain': 1.0, 'pwm_bias': 0.0, 'pwm_deadzone': 0.0, 'pwm_noise_sigma': 0.0, 'actuator_tau': 0.0, 'action_delay_steps': 0, 'theta_bias': 0.0, 'alpha_bias': 0.0, 'theta_sigma': 0.0, 'alpha_sigma': 0.0, 'theta_dot_sigma': 0.0, 'alpha_dot_sigma': 0.0, 'encoder_quantization_rad': 0.0, 'velocity_lpf': 0.25, 'process_theta_dot_sigma': 0.0, 'process_alpha_dot_sigma': 0.0}"
1971794,1,matlab_nominal_reproduction,0.0,"{'level': 0.0, 'physical': {'g': 9.8, 'c_theta': 0.025, 'c_alpha': 0.001, 'k_t': 0.231, 'k_b': 0.1875, 'k_u': 0.04706, 'R': 4.2857, 'm1': 0.20625, 'm2': 0.15845, 'l1cg': 0.080305, 'l1': 0.151894, 'l2cg': 0.066733, 'I1z': 0.00049228, 'I2x': 0.00036892, 'I2y': 2.3641e-05, 'I2z': 0.00036139}, 'init_theta_std_deg': 5.0, 'init_alpha_std_deg': 8.0, 'init_theta_dot_std': 0.0, 'init_alpha_dot_std': 0.0, 'pwm_limit': 150.0, 'pwm_gain': 1.0, 'pwm_bias': 0.0, 'pwm_deadzone': 0.0, 'pwm_noise_sigma': 0.0, 'actuator_tau': 0.0, 'action_delay_steps': 0, 'theta_bias': 0.0, 'alpha_bias': 0.0, 'theta_sigma': 0.0, 'alpha_sigma': 0.0, 'theta_dot_sigma': 0.0, 'alpha_dot_sigma': 0.0, 'encoder_quantization_rad': 0.0, 'velocity_lpf': 0.25, 'process_theta_dot_sigma': 0.0, 'process_alpha_dot_sigma': 0.0}"
1973794,1,matlab_nominal_reproduction,0.0,"{'level': 0.0, 'physical': {'g': 9.8, 'c_theta': 0.025, 'c_alpha': 0.001, 'k_t': 0.231, 'k_b': 0.1875, 'k_u': 0.04706, 'R': 4.2857, 'm1': 0.20625, 'm2': 0.15845, 'l1cg': 0.080305, 'l1': 0.151894, 'l2cg': 0.066733, 'I1z': 0.00049228, 'I2x': 0.00036892, 'I2y': 2.3641e-05, 'I2z': 0.00036139}, 'init_theta_std_deg': 5.0, 'init_alpha_std_deg': 8.0, 'init_theta_dot_std': 0.0, 'init_alpha_dot_std': 0.0, 'pwm_limit': 150.0, 'pwm_gain': 1.0, 'pwm_bias': 0.0, 'pwm_deadzone': 0.0, 'pwm_noise_sigma': 0.0, 'actuator_tau': 0.0, 'action_delay_steps': 0, 'theta_bias': 0.0, 'alpha_bias': 0.0, 'theta_sigma': 0.0, 'alpha_sigma': 0.0, 'theta_dot_sigma': 0.0, 'alpha_dot_sigma': 0.0, 'encoder_quantization_rad': 0.0, 'velocity_lpf': 0.25, 'process_theta_dot_sigma': 0.0, 'process_alpha_dot_sigma': 0.0}"
1975794,1,matlab_nominal_reproduction,0.0,"{'level': 0.0, 'physical': {'g': 9.8, 'c_theta': 0.025, 'c_alpha': 0.001, 'k_t': 0.231, 'k_b': 0.1875, 'k_u': 0.04706, 'R': 4.2857, 'm1': 0.20625, 'm2': 0.15845, 'l1cg': 0.080305, 'l1': 0.151894, 'l2cg': 0.066733, 'I1z': 0.00049228, 'I2x': 0.00036892, 'I2y': 2.3641e-05, 'I2z': 0.00036139}, 'init_theta_std_deg': 5.0, 'init_alpha_std_deg': 8.0, 'init_theta_dot_std': 0.0, 'init_alpha_dot_std': 0.0, 'pwm_limit': 150.0, 'pwm_gain': 1.0, 'pwm_bias': 0.0, 'pwm_deadzone': 0.0, 'pwm_noise_sigma': 0.0, 'actuator_tau': 0.0, 'action_delay_steps': 0, 'theta_bias': 0.0, 'alpha_bias': 0.0, 'theta_sigma': 0.0, 'alpha_sigma': 0.0, 'theta_dot_sigma': 0.0, 'alpha_dot_sigma': 0.0, 'encoder_quantization_rad': 0.0, 'velocity_lpf': 0.25, 'process_theta_dot_sigma': 0.0, 'process_alpha_dot_sigma': 0.0}"
1977794,1,matlab_nominal_reproduction,0.0,"{'level': 0.0, 'physical': {'g': 9.8, 'c_theta': 0.025, 'c_alpha': 0.001, 'k_t': 0.231, 'k_b': 0.1875, 'k_u': 0.04706, 'R': 4.2857, 'm1': 0.20625, 'm2': 0.15845, 'l1cg': 0.080305, 'l1': 0.151894, 'l2cg': 0.066733, 'I1z': 0.00049228, 'I2x': 0.00036892, 'I2y': 2.3641e-05, 'I2z': 0.00036139}, 'init_theta_std_deg': 5.0, 'init_alpha_std_deg': 8.0, 'init_theta_dot_std': 0.0, 'init_alpha_dot_std': 0.0, 'pwm_limit': 150.0, 'pwm_gain': 1.0, 'pwm_bias': 0.0, 'pwm_deadzone': 0.0, 'pwm_noise_sigma': 0.0, 'actuator_tau': 0.0, 'action_delay_steps': 0, 'theta_bias': 0.0, 'alpha_bias': 0.0, 'theta_sigma': 0.0, 'alpha_sigma': 0.0, 'theta_dot_sigma': 0.0, 'alpha_dot_sigma': 0.0, 'encoder_quantization_rad': 0.0, 'velocity_lpf': 0.25, 'process_theta_dot_sigma': 0.0, 'process_alpha_dot_sigma': 0.0}"
1979794,1,matlab_nominal_reproduction,0.0,"{'level': 0.0, 'physical': {'g': 9.8, 'c_theta': 0.025, 'c_alpha': 0.001, 'k_t': 0.231, 'k_b': 0.1875, 'k_u': 0.04706, 'R': 4.2857, 'm1': 0.20625, 'm2': 0.15845, 'l1cg': 0.080305, 'l1': 0.151894, 'l2cg': 0.066733, 'I1z': 0.00049228, 'I2x': 0.00036892, 'I2y': 2.3641e-05, 'I2z': 0.00036139}, 'init_theta_std_deg': 5.0, 'init_alpha_std_deg': 8.0, 'init_theta_dot_std': 0.0, 'init_alpha_dot_std': 0.0, 'pwm_limit': 150.0, 'pwm_gain': 1.0, 'pwm_bias': 0.0, 'pwm_deadzone': 0.0, 'pwm_noise_sigma': 0.0, 'actuator_tau': 0.0, 'action_delay_steps': 0, 'theta_bias': 0.0, 'alpha_bias': 0.0, 'theta_sigma': 0.0, 'alpha_sigma': 0.0, 'theta_dot_sigma': 0.0, 'alpha_dot_sigma': 0.0, 'encoder_quantization_rad': 0.0, 'velocity_lpf': 0.25, 'process_theta_dot_sigma': 0.0, 'process_alpha_dot_sigma': 0.0}"
1981794,1,matlab_nominal_reproduction,0.0,"{'level': 0.0, 'physical': {'g': 9.8, 'c_theta': 0.025, 'c_alpha': 0.001, 'k_t': 0.231, 'k_b': 0.1875, 'k_u': 0.04706, 'R': 4.2857, 'm1': 0.20625, 'm2': 0.15845, 'l1cg': 0.080305, 'l1': 0.151894, 'l2cg': 0.066733, 'I1z': 0.00049228, 'I2x': 0.00036892, 'I2y': 2.3641e-05, 'I2z': 0.00036139}, 'init_theta_std_deg': 5.0, 'init_alpha_std_deg': 8.0, 'init_theta_dot_std': 0.0, 'init_alpha_dot_std': 0.0, 'pwm_limit': 150.0, 'pwm_gain': 1.0, 'pwm_bias': 0.0, 'pwm_deadzone': 0.0, 'pwm_noise_sigma': 0.0, 'actuator_tau': 0.0, 'action_delay_steps': 0, 'theta_bias': 0.0, 'alpha_bias': 0.0, 'theta_sigma': 0.0, 'alpha_sigma': 0.0, 'theta_dot_sigma': 0.0, 'alpha_dot_sigma': 0.0, 'encoder_quantization_rad': 0.0, 'velocity_lpf': 0.25, 'process_theta_dot_sigma': 0.0, 'process_alpha_dot_sigma': 0.0}"
1983794,1,matlab_nominal_reproduction,0.0,"{'level': 0.0, 'physical': {'g': 9.8, 'c_theta': 0.025, 'c_alpha': 0.001, 'k_t': 0.231, 'k_b': 0.1875, 'k_u': 0.04706, 'R': 4.2857, 'm1': 0.20625, 'm2': 0.15845, 'l1cg': 0.080305, 'l1': 0.151894, 'l2cg': 0.066733, 'I1z': 0.00049228, 'I2x': 0.00036892, 'I2y': 2.3641e-05, 'I2z': 0.00036139}, 'init_theta_std_deg': 5.0, 'init_alpha_std_deg': 8.0, 'init_theta_dot_std': 0.0, 'init_alpha_dot_std': 0.0, 'pwm_limit': 150.0, 'pwm_gain': 1.0, 'pwm_bias': 0.0, 'pwm_deadzone': 0.0, 'pwm_noise_sigma': 0.0, 'actuator_tau': 0.0, 'action_delay_steps': 0, 'theta_bias': 0.0, 'alpha_bias': 0.0, 'theta_sigma': 0.0, 'alpha_sigma': 0.0, 'theta_dot_sigma': 0.0, 'alpha_dot_sigma': 0.0, 'encoder_quantization_rad': 0.0, 'velocity_lpf': 0.25, 'process_theta_dot_sigma': 0.0, 'process_alpha_dot_sigma': 0.0}"
1985794,1,matlab_nominal_reproduction,0.0,"{'level': 0.0, 'physical': {'g': 9.8, 'c_theta': 0.025, 'c_alpha': 0.001, 'k_t': 0.231, 'k_b': 0.1875, 'k_u': 0.04706, 'R': 4.2857, 'm1': 0.20625, 'm2': 0.15845, 'l1cg': 0.080305, 'l1': 0.151894, 'l2cg': 0.066733, 'I1z': 0.00049228, 'I2x': 0.00036892, 'I2y': 2.3641e-05, 'I2z': 0.00036139}, 'init_theta_std_deg': 5.0, 'init_alpha_std_deg': 8.0, 'init_theta_dot_std': 0.0, 'init_alpha_dot_std': 0.0, 'pwm_limit': 150.0, 'pwm_gain': 1.0, 'pwm_bias': 0.0, 'pwm_deadzone': 0.0, 'pwm_noise_sigma': 0.0, 'actuator_tau': 0.0, 'action_delay_steps': 0, 'theta_bias': 0.0, 'alpha_bias': 0.0, 'theta_sigma': 0.0, 'alpha_sigma': 0.0, 'theta_dot_sigma': 0.0, 'alpha_dot_sigma': 0.0, 'encoder_quantization_rad': 0.0, 'velocity_lpf': 0.25, 'process_theta_dot_sigma': 0.0, 'process_alpha_dot_sigma': 0.0}"
1987794,1,matlab_nominal_reproduction,0.0,"{'level': 0.0, 'physical': {'g': 9.8, 'c_theta': 0.025, 'c_alpha': 0.001, 'k_t': 0.231, 'k_b': 0.1875, 'k_u': 0.04706, 'R': 4.2857, 'm1': 0.20625, 'm2': 0.15845, 'l1cg': 0.080305, 'l1': 0.151894, 'l2cg': 0.066733, 'I1z': 0.00049228, 'I2x': 0.00036892, 'I2y': 2.3641e-05, 'I2z': 0.00036139}, 'init_theta_std_deg': 5.0, 'init_alpha_std_deg': 8.0, 'init_theta_dot_std': 0.0, 'init_alpha_dot_std': 0.0, 'pwm_limit': 150.0, 'pwm_gain': 1.0, 'pwm_bias': 0.0, 'pwm_deadzone': 0.0, 'pwm_noise_sigma': 0.0, 'actuator_tau': 0.0, 'action_delay_steps': 0, 'theta_bias': 0.0, 'alpha_bias': 0.0, 'theta_sigma': 0.0, 'alpha_sigma': 0.0, 'theta_dot_sigma': 0.0, 'alpha_dot_sigma': 0.0, 'encoder_quantization_rad': 0.0, 'velocity_lpf': 0.25, 'process_theta_dot_sigma': 0.0, 'process_alpha_dot_sigma': 0.0}"
1989794,1,matlab_nominal_reproduction,0.0,"{'level': 0.0, 'physical': {'g': 9.8, 'c_theta': 0.025, 'c_alpha': 0.001, 'k_t': 0.231, 'k_b': 0.1875, 'k_u': 0.04706, 'R': 4.2857, 'm1': 0.20625, 'm2': 0.15845, 'l1cg': 0.080305, 'l1': 0.151894, 'l2cg': 0.066733, 'I1z': 0.00049228, 'I2x': 0.00036892, 'I2y': 2.3641e-05, 'I2z': 0.00036139}, 'init_theta_std_deg': 5.0, 'init_alpha_std_deg': 8.0, 'init_theta_dot_std': 0.0, 'init_alpha_dot_std': 0.0, 'pwm_limit': 150.0, 'pwm_gain': 1.0, 'pwm_bias': 0.0, 'pwm_deadzone': 0.0, 'pwm_noise_sigma': 0.0, 'actuator_tau': 0.0, 'action_delay_steps': 0, 'theta_bias': 0.0, 'alpha_bias': 0.0, 'theta_sigma': 0.0, 'alpha_sigma': 0.0, 'theta_dot_sigma': 0.0, 'alpha_dot_sigma': 0.0, 'encoder_quantization_rad': 0.0, 'velocity_lpf': 0.25, 'process_theta_dot_sigma': 0.0, 'process_alpha_dot_sigma': 0.0}"
1991794,1,matlab_nominal_reproduction,0.0,"{'level': 0.0, 'physical': {'g': 9.8, 'c_theta': 0.025, 'c_alpha': 0.001, 'k_t': 0.231, 'k_b': 0.1875, 'k_u': 0.04706, 'R': 4.2857, 'm1': 0.20625, 'm2': 0.15845, 'l1cg': 0.080305, 'l1': 0.151894, 'l2cg': 0.066733, 'I1z': 0.00049228, 'I2x': 0.00036892, 'I2y': 2.3641e-05, 'I2z': 0.00036139}, 'init_theta_std_deg': 5.0, 'init_alpha_std_deg': 8.0, 'init_theta_dot_std': 0.0, 'init_alpha_dot_std': 0.0, 'pwm_limit': 150.0, 'pwm_gain': 1.0, 'pwm_bias': 0.0, 'pwm_deadzone': 0.0, 'pwm_noise_sigma': 0.0, 'actuator_tau': 0.0, 'action_delay_steps': 0, 'theta_bias': 0.0, 'alpha_bias': 0.0, 'theta_sigma': 0.0, 'alpha_sigma': 0.0, 'theta_dot_sigma': 0.0, 'alpha_dot_sigma': 0.0, 'encoder_quantization_rad': 0.0, 'velocity_lpf': 0.25, 'process_theta_dot_sigma': 0.0, 'process_alpha_dot_sigma': 0.0}"
1993794,1,matlab_nominal_reproduction,0.0,"{'level': 0.0, 'physical': {'g': 9.8, 'c_theta': 0.025, 'c_alpha': 0.001, 'k_t': 0.231, 'k_b': 0.1875, 'k_u': 0.04706, 'R': 4.2857, 'm1': 0.20625, 'm2': 0.15845, 'l1cg': 0.080305, 'l1': 0.151894, 'l2cg': 0.066733, 'I1z': 0.00049228, 'I2x': 0.00036892, 'I2y': 2.3641e-05, 'I2z': 0.00036139}, 'init_theta_std_deg': 5.0, 'init_alpha_std_deg': 8.0, 'init_theta_dot_std': 0.0, 'init_alpha_dot_std': 0.0, 'pwm_limit': 150.0, 'pwm_gain': 1.0, 'pwm_bias': 0.0, 'pwm_deadzone': 0.0, 'pwm_noise_sigma': 0.0, 'actuator_tau': 0.0, 'action_delay_steps': 0, 'theta_bias': 0.0, 'alpha_bias': 0.0, 'theta_sigma': 0.0, 'alpha_sigma': 0.0, 'theta_dot_sigma': 0.0, 'alpha_dot_sigma': 0.0, 'encoder_quantization_rad': 0.0, 'velocity_lpf': 0.25, 'process_theta_dot_sigma': 0.0, 'process_alpha_dot_sigma': 0.0}"
1995794,1,matlab_nominal_reproduction,0.0,"{'level': 0.0, 'physical': {'g': 9.8, 'c_theta': 0.025, 'c_alpha': 0.001, 'k_t': 0.231, 'k_b': 0.1875, 'k_u': 0.04706, 'R': 4.2857, 'm1': 0.20625, 'm2': 0.15845, 'l1cg': 0.080305, 'l1': 0.151894, 'l2cg': 0.066733, 'I1z': 0.00049228, 'I2x': 0.00036892, 'I2y': 2.3641e-05, 'I2z': 0.00036139}, 'init_theta_std_deg': 5.0, 'init_alpha_std_deg': 8.0, 'init_theta_dot_std': 0.0, 'init_alpha_dot_std': 0.0, 'pwm_limit': 150.0, 'pwm_gain': 1.0, 'pwm_bias': 0.0, 'pwm_deadzone': 0.0, 'pwm_noise_sigma': 0.0, 'actuator_tau': 0.0, 'action_delay_steps': 0, 'theta_bias': 0.0, 'alpha_bias': 0.0, 'theta_sigma': 0.0, 'alpha_sigma': 0.0, 'theta_dot_sigma': 0.0, 'alpha_dot_sigma': 0.0, 'encoder_quantization_rad': 0.0, 'velocity_lpf': 0.25, 'process_theta_dot_sigma': 0.0, 'process_alpha_dot_sigma': 0.0}"
1997794,1,matlab_nominal_reproduction,0.0,"{'level': 0.0, 'physical': {'g': 9.8, 'c_theta': 0.025, 'c_alpha': 0.001, 'k_t': 0.231, 'k_b': 0.1875, 'k_u': 0.04706, 'R': 4.2857, 'm1': 0.20625, 'm2': 0.15845, 'l1cg': 0.080305, 'l1': 0.151894, 'l2cg': 0.066733, 'I1z': 0.00049228, 'I2x': 0.00036892, 'I2y': 2.3641e-05, 'I2z': 0.00036139}, 'init_theta_std_deg': 5.0, 'init_alpha_std_deg': 8.0, 'init_theta_dot_std': 0.0, 'init_alpha_dot_std': 0.0, 'pwm_limit': 150.0, 'pwm_gain': 1.0, 'pwm_bias': 0.0, 'pwm_deadzone': 0.0, 'pwm_noise_sigma': 0.0, 'actuator_tau': 0.0, 'action_delay_steps': 0, 'theta_bias': 0.0, 'alpha_bias': 0.0, 'theta_sigma': 0.0, 'alpha_sigma': 0.0, 'theta_dot_sigma': 0.0, 'alpha_dot_sigma': 0.0, 'encoder_quantization_rad': 0.0, 'velocity_lpf': 0.25, 'process_theta_dot_sigma': 0.0, 'process_alpha_dot_sigma': 0.0}"
1999794,1,matlab_nominal_reproduction,0.0,"{'level': 0.0, 'physical': {'g': 9.8, 'c_theta': 0.025, 'c_alpha': 0.001, 'k_t': 0.231, 'k_b': 0.1875, 'k_u': 0.04706, 'R': 4.2857, 'm1': 0.20625, 'm2': 0.15845, 'l1cg': 0.080305, 'l1': 0.151894, 'l2cg': 0.066733, 'I1z': 0.00049228, 'I2x': 0.00036892, 'I2y': 2.3641e-05, 'I2z': 0.00036139}, 'init_theta_std_deg': 5.0, 'init_alpha_std_deg': 8.0, 'init_theta_dot_std': 0.0, 'init_alpha_dot_std': 0.0, 'pwm_limit': 150.0, 'pwm_gain': 1.0, 'pwm_bias': 0.0, 'pwm_deadzone': 0.0, 'pwm_noise_sigma': 0.0, 'actuator_tau': 0.0, 'action_delay_steps': 0, 'theta_bias': 0.0, 'alpha_bias': 0.0, 'theta_sigma': 0.0, 'alpha_sigma': 0.0, 'theta_dot_sigma': 0.0, 'alpha_dot_sigma': 0.0, 'encoder_quantization_rad': 0.0, 'velocity_lpf': 0.25, 'process_theta_dot_sigma': 0.0, 'process_alpha_dot_sigma': 0.0}"
2000000,2,randomization_0.10,0.1,"{'level': 0.1, 'physical': {'g': 9.752118891232348, 'c_theta': 0.030307990441817808, 'c_alpha': 0.0012294461779860405, 'k_t': 0.2256474527368724, 'k_b': 0.18475882370355326, 'k_u': 0.04593990942972539, 'R': 4.337393400759226, 'm1': 0.21049949757946254, 'm2': 0.16057808535221593, 'l1cg': 0.0792318475359827, 'l1': 0.15042215564552053, 'l2cg': 0.06541795868870813, 'I1z': 0.0005002323092082518, 'I2x': 0.0003749470003616949, 'I2y': 2.3190333990679612e-05, 'I2z': 0.0003724718165725921}, 'init_theta_std_deg': 5.20380057887777, 'init_alpha_std_deg': 7.803026571769423, 'init_theta_dot_std': 0.11832865939317244, 'init_alpha_dot_std': 0.24029778601014026, 'pwm_limit': 148.3012091549267, 'pwm_gain': 1.00642339305395, 'pwm_bias': 0.12325262684463666, 'pwm_deadzone': 0.1258346983316545, 'pwm_noise_sigma': 0.031159618733045447, 'actuator_tau': 0.0015423748913295481, 'action_delay_steps': 0, 'theta_bias': -0.0001623910130262789, 'alpha_bias': 0.00022785131371411087, 'theta_sigma': 0.00049282579101964, 'alpha_sigma': 0.0007699229904455698, 'theta_dot_sigma': 0.025503426346085063, 'alpha_dot_sigma': 0.05193487621336447, 'encoder_quantization_rad': 0.00010360246747193322, 'velocity_lpf': 0.25, 'process_theta_dot_sigma': 0.0, 'process_alpha_dot_sigma': 0.0}"
2002000,2,randomization_0.10,0.1,"{'level': 0.1, 'physical': {'g': 9.79112879022643, 'c_theta': 0.031222424380593968, 'c_alpha': 0.0012162176218408316, 'k_t': 0.22947697499656486, 'k_b': 0.18375324823252642, 'k_u': 0.04652651483958749, 'R': 4.353309348952214, 'm1': 0.20524439423374205, 'm2': 0.15953454233413805, 'l1cg': 0.08041478374013736, 'l1': 0.15061926458253508, 'l2cg': 0.0664015386098435, 'I1z': 0.0005257585678824507, 'I2x': 0.00036373032016021246, 'I2y': 2.422398658735885e-05, 'I2z': 0.00038250849647344145}, 'init_theta_std_deg': 4.941254655457724, 'init_alpha_std_deg': 7.976204323071396, 'init_theta_dot_std': 0.049380638136655094, 'init_alpha_dot_std': 0.23880226542496807, 'pwm_limit': 150.59275408899825, 'pwm_gain': 1.009501422629392, 'pwm_bias': 0.3238671564802748, 'pwm_deadzone': 0.8271210100301845, 'pwm_noise_sigma': 0.08630582471462103, 'actuator_tau': 0.001289419639930147, 'action_delay_steps': 0, 'theta_bias': -0.000422722306588311, 'alpha_bias': -0.0001603044303257434, 'theta_sigma': 2.5792342489319013e-05, 'alpha_sigma': 0.0012826026648941316, 'theta_dot_sigma': 0.009623102914154833, 'alpha_dot_sigma': 0.0406942425894156, 'encoder_quantization_rad': 2.9221225215019757e-05, 'velocity_lpf': 0.25, 'process_theta_dot_sigma': 0.0, 'process_alpha_dot_sigma': 0.0}"
2004000,2,randomization_0.10,0.1,"{'level': 0.1, 'physical': {'g': 9.75703956948046, 'c_theta': 0.02932270385609974, 'c_alpha': 0.000946595769681013, 'k_t': 0.2317877754962463, 'k_b': 0.18721078089089394, 'k_u': 0.04820653595883453, 'R': 4.323374163130022, 'm1': 0.20819742831456245, 'm2': 0.15639334028434826, 'l1cg': 0.08010493347100904, 'l1': 0.1528966677286162, 'l2cg': 0.06830577695829396, 'I1z': 0.0004711292682440522, 'I2x': 0.00036305146256448577, 'I2y': 2.5419735748011762e-05, 'I2z': 0.0003447571678286017}, 'init_theta_std_deg': 5.0304242340345535, 'init_alpha_std_deg': 8.52807533212027, 'init_theta_dot_std': 0.08897667430087029, 'init_alpha_dot_std': 0.07496564245998116, 'pwm_limit': 148.98308965138398, 'pwm_gain': 1.007549458799529, 'pwm_bias': 0.3539475308573433, 'pwm_deadzone': 0.9482073712253664, 'pwm_noise_sigma': 0.12022891129416369, 'actuator_tau': 0.00024364215613310313, 'action_delay_steps': 0, 'theta_bias': -0.0008763112142850764, 'alpha_bias': 0.00041238214776791903, 'theta_sigma': 0.00048059182065270914, 'alpha_sigma': 0.0006630113804163873, 'theta_dot_sigma': 0.011338438251690872, 'alpha_dot_sigma': 0.03466878085272938, 'encoder_quantization_rad': 3.061702801917004e-05, 'velocity_lpf': 0.25, 'process_theta_dot_sigma': 0.0, 'process_alpha_dot_sigma': 0.0}"
2006000,2,randomization_0.10,0.1,"{'level': 0.1, 'physical': {'g': 9.780520708752329, 'c_theta': 0.02671677163324066, 'c_alpha': 0.001262606438662101, 'k_t': 0.23321169444068274, 'k_b': 0.18969661789495082, 'k_u': 0.047049315320824285, 'R': 4.289374645421005, 'm1': 0.20429078508790954, 'm2': 0.1576256262507943, 'l1cg': 0.07911127332219318, 'l1': 0.15197084301968294, 'l2cg': 0.06796674006847195, 'I1z': 0.0004990033256536076, 'I2x': 0.0003681312059916623, 'I2y': 2.3931441282290536e-05, 'I2z': 0.00034563671760655}, 'init_theta_std_deg': 5.2942928873410215, 'init_alpha_std_deg': 8.017693945569166, 'init_theta_dot_std': 0.054455723077303245, 'init_alpha_dot_std': 0.2121468253393351, 'pwm_limit': 149.8720734848815, 'pwm_gain': 0.9975966635417177, 'pwm_bias': 0.273926175577964, 'pwm_deadzone': 0.49693310784301437, 'pwm_noise_sigma': 0.04690624711674483, 'actuator_tau': 0.0021541857033563075, 'action_delay_steps': 0, 'theta_bias': 0.0003881116867852161, 'alpha_bias': -0.000345013177718848, 'theta_sigma': 0.000558262925940263, 'alpha_sigma': 0.0012298880188759316, 'theta_dot_sigma': 0.009185005541313608, 'alpha_dot_sigma': 0.008291088760903027, 'encoder_quantization_rad': 3.3375366020720057e-06, 'velocity_lpf': 0.25, 'process_theta_dot_sigma': 0.0, 'process_alpha_dot_sigma': 0.0}"
2008000,2,randomization_0.10,0.1,"{'level': 0.1, 'physical': {'g': 9.82857894570853, 'c_theta': 0.02857976110045667, 'c_alpha': 0.0013350354736120654, 'k_t': 0.23524625267891452, 'k_b': 0.19216311485562554, 'k_u': 0.04765064319822702, 'R': 4.324261750759157, 'm1': 0.20147964684640268, 'm2': 0.1587719140089936, 'l1cg': 0.07935182671726901, 'l1': 0.15180538253002582, 'l2cg': 0.06526315720231053, 'I1z': 0.000522096456461823, 'I2x': 0.0003668449955280906, 'I2y': 2.323573453232645e-05, 'I2z': 0.0003443595429100331}, 'init_theta_std_deg': 5.332997473566682, 'init_alpha_std_deg': 7.618864603686041, 'init_theta_dot_std': 0.10811713698129917, 'init_alpha_dot_std': 0.017244645882902976, 'pwm_limit': 147.37110507649564, 'pwm_gain': 1.0043088190640654, 'pwm_bias': 0.2484517972401303, 'pwm_deadzone': 0.9722141515287224, 'pwm_noise_sigma': 0.0189992811128058, 'actuator_tau': 0.00014842945962332643, 'action_delay_steps': 0, 'theta_bias': 4.455342801920748e-05, 'alpha_bias': -0.0007985932936275392, 'theta_sigma': 4.285112491732617e-05, 'alpha_sigma': 0.0007838513163737342, 'theta_dot_sigma': 0.020551526021523395, 'alpha_dot_sigma': 0.005987710677495666, 'encoder_quantization_rad': 0.00011239046928558072, 'velocity_lpf': 0.25, 'process_theta_dot_sigma': 0.0, 'process_alpha_dot_sigma': 0.0}"
2010000,2,randomization_0.10,0.1,"{'level': 0.1, 'physical': {'g': 9.773503885018112, 'c_theta': 0.030228417050760223, 'c_alpha': 0.0011231539421143039, 'k_t': 0.2272958259211567, 'k_b': 0.18985345935940856, 'k_u': 0.046658521492267076, 'R': 4.321379092893501, 'm1': 0.20551882282640713, 'm2': 0.15666427130402888, 'l1cg': 0.08129370156814258, 'l1': 0.15305376912648877, 'l2cg': 0.06735399703879096, 'I1z': 0.00048392532948414533, 'I2x': 0.00037110324168577563, 'I2y': 2.5182517973430464e-05, 'I2z': 0.00037209479447702947}, 'init_theta_std_deg': 4.826418356022287, 'init_alpha_std_deg': 7.914327496629964, 'init_theta_dot_std': 0.008465353962588174, 'init_alpha_dot_std': 0.24438287218542373, 'pwm_limit': 147.6438507561636, 'pwm_gain': 0.999787888881372, 'pwm_bias': -0.05659168360899258, 'pwm_deadzone': 0.05591969874168379, 'pwm_noise_sigma': 0.0031331536404281216, 'actuator_tau': 0.0008563282825355742, 'action_delay_steps': 0, 'theta_bias': 5.190103134166257e-05, 'alpha_bias': -0.0010546245294306283, 'theta_sigma': 8.770287275170287e-05, 'alpha_sigma': 0.0015721885111333886, 'theta_dot_sigma': 0.026795330489975396, 'alpha_dot_sigma': 0.027815877793120326, 'encoder_quantization_rad': 1.7922707198744656e-05, 'velocity_lpf': 0.25, 'process_theta_dot_sigma': 0.0, 'process_alpha_dot_sigma': 0.0}"
2012000,2,randomization_0.10,0.1,"{'level': 0.1, 'physical': {'g': 9.776321900694763, 'c_theta': 0.02398666438579056, 'c_alpha': 0.0009734272499785971, 'k_t': 0.2271319350767817, 'k_b': 0.186302828268001, 'k_u': 0.04662554870585822, 'R': 4.275640903938107, 'm1': 0.20913004196586893, 'm2': 0.15854021316496586, 'l1cg': 0.08145596027659488, 'l1': 0.1527840081301786, 'l2cg': 0.06588326004050744, 'I1z': 0.0005221084664403468, 'I2x': 0.0003688865319547186, 'I2y': 2.3728593490534936e-05, 'I2z': 0.00037562027451020207}, 'init_theta_std_deg': 4.925103898977743, 'init_alpha_std_deg': 7.846676525065691, 'init_theta_dot_std': 0.002866787648474367, 'init_alpha_dot_std': 0.06793100560521169, 'pwm_limit': 148.44100084927499, 'pwm_gain': 0.9966667400020559, 'pwm_bias': 0.08998333713911713, 'pwm_deadzone': 0.8114417548195834, 'pwm_noise_sigma': 0.028877659394349012, 'actuator_tau': 0.0021879367746186294, 'action_delay_steps': 0, 'theta_bias': 0.0004868603467612691, 'alpha_bias': 5.7047374565872484e-05, 'theta_sigma': 0.0005446720026885471, 'alpha_sigma': 0.0016504284315873258, 'theta_dot_sigma': 0.004120363895248398, 'alpha_dot_sigma': 0.02754198317772711, 'encoder_quantization_rad': 3.163351108140783e-05, 'velocity_lpf': 0.25, 'process_theta_dot_sigma': 0.0, 'process_alpha_dot_sigma': 0.0}"
2014000,2,randomization_0.10,0.1,"{'level': 0.1, 'physical': {'g': 9.806150560873483, 'c_theta': 0.02907002965176297, 'c_alpha': 0.001041992345308955, 'k_t': 0.22664047393292167, 'k_b': 0.18526540228563504, 'k_u': 0.04736363480402504, 'R': 4.303686647556595, 'm1': 0.20308222760127514, 'm2': 0.15977018861680933, 'l1cg': 0.08130120680586708, 'l1': 0.15313491497244108, 'l2cg': 0.06569676483050776, 'I1z': 0.0005083922270470298, 'I2x': 0.00036958228314504796, 'I2y': 2.5212262313363195e-05, 'I2z': 0.0003461336378001669}, 'init_theta_std_deg': 4.970263923538389, 'init_alpha_std_deg': 7.886225476695133, 'init_theta_dot_std': 0.12795558517546474, 'init_alpha_dot_std': 0.1475499312652767, 'pwm_limit': 147.07972993983736, 'pwm_gain': 0.9982570753239565, 'pwm_bias': 0.2304767378978994, 'pwm_deadzone': 0.8064122120708331, 'pwm_noise_sigma': 0.05727143897164766, 'actuator_tau': 0.0011702828630172088, 'action_delay_steps': 0, 'theta_bias': -0.00035407176576487465, 'alpha_bias': 0.0007353379019977477, 'theta_sigma': 0.0002526036209547716, 'alpha_sigma': 0.000985126002919607, 'theta_dot_sigma': 0.011212145505681167, 'alpha_dot_sigma': 0.056745426905221184, 'encoder_quantization_rad': 0.00010020650134513465, 'velocity_lpf': 0.25, 'process_theta_dot_sigma': 0.0, 'process_alpha_dot_sigma': 0.0}"
2016000,2,randomization_0.10,0.1,"{'level': 0.1, 'physical': {'g': 9.810847572868298, 'c_theta': 0.02707372468707437, 'c_alpha': 0.0011602474455779776, 'k_t': 0.22781722278166427, 'k_b': 0.18762317629089784, 'k_u': 0.04666046202827821, 'R': 4.327341468322423, 'm1': 0.2019682330006846, 'm2': 0.1592156547345733, 'l1cg': 0.08110421893927065, 'l1': 0.1507118821252606, 'l2cg': 0.06766146564742687, 'I1z': 0.0004940083181560322, 'I2x': 0.00037452823691087596, 'I2y': 2.4156957978048688e-05, 'I2z': 0.00037105496746974717}, 'init_theta_std_deg': 4.725940700474711, 'init_alpha_std_deg': 8.731089029613127, 'init_theta_dot_std': 0.08439272688281109, 'init_alpha_dot_std': 0.011090679517480023, 'pwm_limit': 147.53458184080367, 'pwm_gain': 0.9913133377133605, 'pwm_bias': 0.19396686465993698, 'pwm_deadzone': 0.9557648283789842, 'pwm_noise_sigma': 0.11811385429222727, 'actuator_tau': 0.0015834021063709444, 'action_delay_steps': 0, 'theta_bias': 0.0004415148854806386, 'alpha_bias': -0.0006724100472549657, 'theta_sigma': 5.6326158077781566e-05, 'alpha_sigma': 0.0014008336683362307, 'theta_dot_sigma': 0.026054181865948645, 'alpha_dot_sigma': 0.04093312435994088, 'encoder_quantization_rad': 0.00013113971525735566, 'velocity_lpf': 0.25, 'process_theta_dot_sigma': 0.0, 'process_alpha_dot_sigma': 0.0}"
2018000,2,randomization_0.10,0.1,"{'level': 0.1, 'physical': {'g': 9.819987318685117, 'c_theta': 0.025511441787760505, 'c_alpha': 0.0013250776792349918, 'k_t': 0.23160455054573134, 'k_b': 0.1839519231662567, 'k_u': 0.04592775020422066, 'R': 4.316862171614458, 'm1': 0.21118864895437742, 'm2': 0.1583660287832486, 'l1cg': 0.07960268181697713, 'l1': 0.15059218894450677, 'l2cg': 0.06582608775631171, 'I1z': 0.0005061714715892502, 'I2x': 0.00036804311968911395, 'I2y': 2.3968128397370455e-05, 'I2z': 0.0003682173959884467}, 'init_theta_std_deg': 4.931254132478966, 'init_alpha_std_deg': 8.425981782561372, 'init_theta_dot_std': 0.0880573936852011, 'init_alpha_dot_std': 0.06708235813664774, 'pwm_limit': 147.10036688626764, 'pwm_gain': 1.0034898037621613, 'pwm_bias': -0.1725440263314366, 'pwm_deadzone': 0.8551017517746288, 'pwm_noise_sigma': 0.10673657555875721, 'actuator_tau': 0.001467199542041985, 'action_delay_steps': 0, 'theta_bias': -0.00041508484961388746, 'alpha_bias': -0.000438169876948485, 'theta_sigma': 0.00019873020455566864, 'alpha_sigma': 0.0003930038191817029, 'theta_dot_sigma': 0.03366393983530657, 'alpha_dot_sigma': 0.038484860394401244, 'encoder_quantization_rad': 8.853997009605203e-05, 'velocity_lpf': 0.25, 'process_theta_dot_sigma': 0.0, 'process_alpha_dot_sigma': 0.0}"
2020000,2,randomization_0.10,0.1,"{'level': 0.1, 'physical': {'g': 9.763602909054711, 'c_theta': 0.025411322988061053, 'c_alpha': 0.0011283183256508144, 'k_t': 0.23382672954157346, 'k_b': 0.1867100041861775, 'k_u': 0.04664472098189944, 'R': 4.337126655399131, 'm1': 0.20558969017242032, 'm2': 0.1603194547850907, 'l1cg': 0.08023623357009395, 'l1': 0.15208259786208245, 'l2cg': 0.0650662117993035, 'I1z': 0.0004707644931801998, 'I2x': 0.00036942220133213494, 'I2y': 2.497428174375518e-05, 'I2z': 0.0003477867316121541}, 'init_theta_std_deg': 5.046824445393415, 'init_alpha_std_deg': 8.35361485969615, 'init_theta_dot_std': 0.01927578408592966, 'init_alpha_dot_std': 0.07497700597658763, 'pwm_limit': 148.4287584482152, 'pwm_gain': 0.9914474471846825, 'pwm_bias': -0.19926355495296175, 'pwm_deadzone': 0.6316319607807989, 'pwm_noise_sigma': 0.07916898830262271, 'actuator_tau': 0.002850316865547035, 'action_delay_steps': 0, 'theta_bias': -0.0003535005056649856, 'alpha_bias': -0.00023267939843298323, 'theta_sigma': 0.0003727436761726363, 'alpha_sigma': 0.0009222556790717662, 'theta_dot_sigma': 0.02447091410288756, 'alpha_dot_sigma': 0.05021527469948312, 'encoder_quantization_rad': 7.034493897685226e-05, 'velocity_lpf': 0.25, 'process_theta_dot_sigma': 0.0, 'process_alpha_dot_sigma': 0.0}"
2022000,2,randomization_0.10,0.1,"{'level': 0.1, 'physical': {'g': 9.768478188710622, 'c_theta': 0.03040928426992169, 'c_alpha': 0.0011477500331055176, 'k_t': 0.2277290256976138, 'k_b': 0.18398568081661393, 'k_u': 0.046509843604474334, 'R': 4.313936143436846, 'm1': 0.21103072207342233, 'm2': 0.1605603266864546, 'l1cg': 0.08061461596767228, 'l1': 0.15183041731209387, 'l2cg': 0.06781142811029402, 'I1z': 0.00047507626428569256, 'I2x': 0.00036700646836608297, 'I2y': 2.359783398486788e-05, 'I2z': 0.0003576584136631204}, 'init_theta_std_deg': 4.995067244535131, 'init_alpha_std_deg': 7.859268837923135, 'init_theta_dot_std': 0.122527219704372, 'init_alpha_dot_std': 0.004740100301295402, 'pwm_limit': 149.96927552796743, 'pwm_gain': 1.0094346348794225, 'pwm_bias': -0.1958925534539435, 'pwm_deadzone': 0.25516314688222697, 'pwm_noise_sigma': 0.12489267564776685, 'actuator_tau': 0.0022314353596091584, 'action_delay_steps': 0, 'theta_bias': 0.0005585401234432794, 'alpha_bias': 0.0009234338572260736, 'theta_sigma': 0.0005765250789279742, 'alpha_sigma': 7.344274547167218e-05, 'theta_dot_sigma': 0.00440910004788562, 'alpha_dot_sigma': 0.001749781019229537, 'encoder_quantization_rad': 5.569416044681503e-06, 'velocity_lpf': 0.25, 'process_theta_dot_sigma': 0.0, 'process_alpha_dot_sigma': 0.0}"
2024000,2,randomization_0.10,0.1,"{'level': 0.1, 'physical': {'g': 9.83171290411526, 'c_theta': 0.025232075056565356, 'c_alpha': 0.0009964416751320315, 'k_t': 0.23120937262608213, 'k_b': 0.1915680900978151, 'k_u': 0.04656345980725621, 'R': 4.255742223297758, 'm1': 0.2071910996949697, 'm2': 0.15759399129569518, 'l1cg': 0.08103911548711354, 'l1': 0.15190931215427167, 'l2cg': 0.06534501911660281, 'I1z': 0.00048225920335788215, 'I2x': 0.00037140135042882977, 'I2y': 2.4477643366834288e-05, 'I2z': 0.0003769935443969126}, 'init_theta_std_deg': 4.95002741307448, 'init_alpha_std_deg': 8.384272517293061, 'init_theta_dot_std': 0.1344822479914155, 'init_alpha_dot_std': 0.1888586420823366, 'pwm_limit': 149.93036691323354, 'pwm_gain': 1.0031555355688555, 'pwm_bias': 0.19267192496238883, 'pwm_deadzone': 0.1149055363158703, 'pwm_noise_sigma': 0.05710682952282298, 'actuator_tau': 0.0009099245270974884, 'action_delay_steps': 0, 'theta_bias': 4.800753111902778e-05, 'alpha_bias': 0.00102976962348627, 'theta_sigma': 0.0005416003668867271, 'alpha_sigma': 0.0013487120654056437, 'theta_dot_sigma': 0.004443722181166309, 'alpha_dot_sigma': 0.04770135345852209, 'encoder_quantization_rad': 2.5646525801378787e-05, 'velocity_lpf': 0.25, 'process_theta_dot_sigma': 0.0, 'process_alpha_dot_sigma': 0.0}"
2026000,2,randomization_0.10,0.1,"{'level': 0.1, 'physical': {'g': 9.808034951665169, 'c_theta': 0.02382204993903176, 'c_alpha': 0.001128293561948497, 'k_t': 0.23449858651223046, 'k_b': 0.18991730885794483, 'k_u': 0.04627511714478889, 'R': 4.288478771406454, 'm1': 0.20209222155106107, 'm2': 0.15993977591736389, 'l1cg': 0.0803169354631652, 'l1': 0.15308106227347007, 'l2cg': 0.06629950366562913, 'I1z': 0.00048733779092463114, 'I2x': 0.00036868593134580695, 'I2y': 2.4898980152840795e-05, 'I2z': 0.0003572078699369774}, 'init_theta_std_deg': 5.115573995078597, 'init_alpha_std_deg': 8.595792774669832, 'init_theta_dot_std': 0.03425530712481437, 'init_alpha_dot_std': 0.0061265366057028925, 'pwm_limit': 148.84815451895798, 'pwm_gain': 1.0001918319738405, 'pwm_bias': -0.15105884277599257, 'pwm_deadzone': 0.8075367197197689, 'pwm_noise_sigma': 0.15279354465098172, 'actuator_tau': 0.0020125505296361168, 'action_delay_steps': 0, 'theta_bias': -0.0007937633577212688, 'alpha_bias': 0.0006947314590074635, 'theta_sigma': 0.00030770401072817004, 'alpha_sigma': 0.000306357409954749, 'theta_dot_sigma': 0.01397264147711799, 'alpha_dot_sigma': 0.021476165756213014, 'encoder_quantization_rad': 7.615206427878708e-05, 'velocity_lpf': 0.25156488915055536, 'process_theta_dot_sigma': 0.0, 'process_alpha_dot_sigma': 0.0}"
2028000,2,randomization_0.10,0.1,"{'level': 0.1, 'physical': {'g': 9.780526924706944, 'c_theta': 0.026188281882094395, 'c_alpha': 0.00125871966935287, 'k_t': 0.23560037880363088, 'k_b': 0.19104532423932954, 'k_u': 0.047037405625304535, 'R': 4.302840618452869, 'm1': 0.20431501905639068, 'm2': 0.1570478296155801, 'l1cg': 0.08091017797734325, 'l1': 0.15319246544887785, 'l2cg': 0.06631285060207502, 'I1z': 0.0004970351958219414, 'I2x': 0.0003663635668088726, 'I2y': 2.2695161265827158e-05, 'I2z': 0.0003439558958374838}, 'init_theta_std_deg': 5.302978394144823, 'init_alpha_std_deg': 8.05835718224822, 'init_theta_dot_std': 0.01657801027710536, 'init_alpha_dot_std': 0.10662951098922463, 'pwm_limit': 147.90264773737186, 'pwm_gain': 1.0007198042687038, 'pwm_bias': 0.1019432839716103, 'pwm_deadzone': 0.5516921291461415, 'pwm_noise_sigma': 0.051745014810712454, 'actuator_tau': 0.002160457305716739, 'action_delay_steps': 0, 'theta_bias': 0.0009676406169163419, 'alpha_bias': -0.0006201899499927762, 'theta_sigma': 0.000480858546537314, 'alpha_sigma': 0.0009767877620588386, 'theta_dot_sigma': 0.006060945494420656, 'alpha_dot_sigma': 0.02284438687526094, 'encoder_quantization_rad': 6.767924861739582e-05, 'velocity_lpf': 0.25, 'process_theta_dot_sigma': 0.0, 'process_alpha_dot_sigma': 0.0}"
2030000,2,randomization_0.10,0.1,"{'level': 0.1, 'physical': {'g': 9.767865178640177, 'c_theta': 0.030114365223740665, 'c_alpha': 0.0011585639707880086, 'k_t': 0.23450999259716088, 'k_b': 0.1919489935455802, 'k_u': 0.047276508658765135, 'R': 4.239402468466672, 'm1': 0.20490468440003998, 'm2': 0.1580944466100406, 'l1cg': 0.07918286882243684, 'l1': 0.1525237440594718, 'l2cg': 0.0657034294638456, 'I1z': 0.0005120507827794695, 'I2x': 0.00036392018037741857, 'I2y': 2.37805426497829e-05, 'I2z': 0.0003510213290774345}, 'init_theta_std_deg': 5.382401772543642, 'init_alpha_std_deg': 8.548780672715822, 'init_theta_dot_std': 0.015852669094386714, 'init_alpha_dot_std': 0.03991203010104788, 'pwm_limit': 148.34327155491738, 'pwm_gain': 1.0055313011879463, 'pwm_bias': 0.13927893488462414, 'pwm_deadzone': 0.5134677575892191, 'pwm_noise_sigma': 0.14503564551967765, 'actuator_tau': 0.0025926938763546356, 'action_delay_steps': 0, 'theta_bias': 0.0008429195379672628, 'alpha_bias': -0.0003042172680917867, 'theta_sigma': 0.000498294882104258, 'alpha_sigma': 0.0011559264245868564, 'theta_dot_sigma': 0.023343834612328914, 'alpha_dot_sigma': 0.05203715428296668, 'encoder_quantization_rad': 8.717111263022409e-05, 'velocity_lpf': 0.25, 'process_theta_dot_sigma': 0.0, 'process_alpha_dot_sigma': 0.0}"
2032000,2,randomization_0.10,0.1,"{'level': 0.1, 'physical': {'g': 9.801188170993969, 'c_theta': 0.025331804997697854, 'c_alpha': 0.0011312894535134262, 'k_t': 0.22526116228394913, 'k_b': 0.18966180356880705, 'k_u': 0.04834791368339334, 'R': 4.217858527651312, 'm1': 0.20891456534620817, 'm2': 0.16055587235248592, 'l1cg': 0.08007252179128883, 'l1': 0.1531032027643194, 'l2cg': 0.06659026252326303, 'I1z': 0.0005097346570457142, 'I2x': 0.00037136230137956906, 'I2y': 2.367664916427269e-05, 'I2z': 0.00036911909467730755}, 'init_theta_std_deg': 4.751005835885309, 'init_alpha_std_deg': 8.713455555330587, 'init_theta_dot_std': 0.0998912706847664, 'init_alpha_dot_std': 0.19242140482951117, 'pwm_limit': 150.16523621049458, 'pwm_gain': 1.0009109151449946, 'pwm_bias': 0.2507041521015969, 'pwm_deadzone': 0.5551109236272266, 'pwm_noise_sigma': 0.1444607866966403, 'actuator_tau': 0.0018478886227159378, 'action_delay_steps': 0, 'theta_bias': 0.0009702945438752739, 'alpha_bias': -0.0008857287251738598, 'theta_sigma': 0.0005747142818450891, 'alpha_sigma': 0.0014284774819397104, 'theta_dot_sigma': 0.011114793435319306, 'alpha_dot_sigma': 0.037341083988567635, 'encoder_quantization_rad': 1.6838338650191188e-06, 'velocity_lpf': 0.25, 'process_theta_dot_sigma': 0.0, 'process_alpha_dot_sigma': 0.0}"
2034000,2,randomization_0.10,0.1,"{'level': 0.1, 'physical': {'g': 9.751832885839672, 'c_theta': 0.027513992424754403, 'c_alpha': 0.0011198233083847039, 'k_t': 0.22999599651050784, 'k_b': 0.19159553030047471, 'k_u': 0.04606780791178787, 'R': 4.381562449353584, 'm1': 0.21013467564905064, 'm2': 0.15639273468969292, 'l1cg': 0.0805891828443556, 'l1': 0.1508879672835697, 'l2cg': 0.06711080395670548, 'I1z': 0.0004703876532919285, 'I2x': 0.00036642742890655476, 'I2y': 2.421598552874758e-05, 'I2z': 0.00034829232021621253}, 'init_theta_std_deg': 4.771776555947245, 'init_alpha_std_deg': 7.671292568229545, 'init_theta_dot_std': 0.09531424561245681, 'init_alpha_dot_std': 0.07666693602221614, 'pwm_limit': 148.0295269879145, 'pwm_gain': 0.9964516184882757, 'pwm_bias': -0.24138975218503245, 'pwm_deadzone': 0.9868712891997309, 'pwm_noise_sigma': 0.04526047342925941, 'actuator_tau': 0.002183613627675906, 'action_delay_steps': 0, 'theta_bias': -0.0003821504084508016, 'alpha_bias': -7.8031686509748e-05, 'theta_sigma': 0.0004603463459010004, 'alpha_sigma': 0.0008730318372234489, 'theta_dot_sigma': 0.029381767504338428, 'alpha_dot_sigma': 0.006674961243136405, 'encoder_quantization_rad': 1.7764235738057064e-05, 'velocity_lpf': 0.25, 'process_theta_dot_sigma': 0.0, 'process_alpha_dot_sigma': 0.0}"
2036000,2,randomization_0.10,0.1,"{'level': 0.1, 'physical': {'g': 9.82431744957418, 'c_theta': 0.02436373972568419, 'c_alpha': 0.0013305985889405126, 'k_t': 0.22884699210365517, 'k_b': 0.1847200654245309, 'k_u': 0.046341487344562525, 'R': 4.213919284573696, 'm1': 0.20790724103121094, 'm2': 0.15997227801852895, 'l1cg': 0.07973743024206381, 'l1': 0.15274664420744297, 'l2cg': 0.06685443906765441, 'I1z': 0.0004754131816244954, 'I2x': 0.00037553217850650546, 'I2y': 2.4930214293915878e-05, 'I2z': 0.00036314294585239673}, 'init_theta_std_deg': 4.890813086892132, 'init_alpha_std_deg': 8.701655817024147, 'init_theta_dot_std': 0.019405525959230382, 'init_alpha_dot_std': 0.0441672978594152, 'pwm_limit': 147.1670973199512, 'pwm_gain': 0.9990892094197708, 'pwm_bias': 0.0370231930259445, 'pwm_deadzone': 0.2594827777066345, 'pwm_noise_sigma': 0.17267467093101463, 'actuator_tau': 0.0014786563927299695, 'action_delay_steps': 0, 'theta_bias': -0.0009116773007555346, 'alpha_bias': 0.0008489709794404646, 'theta_sigma': 0.0003622958542292011, 'alpha_sigma': 0.000998072260887739, 'theta_dot_sigma': 0.01126310181792275, 'alpha_dot_sigma': 0.04545605685537345, 'encoder_quantization_rad': 6.668787591555281e-05, 'velocity_lpf': 0.25, 'process_theta_dot_sigma': 0.0, 'process_alpha_dot_sigma': 0.0}"
2038000,2,randomization_0.10,0.1,"{'level': 0.1, 'physical': {'g': 9.756025415659964, 'c_theta': 0.02472921070841362, 'c_alpha': 0.0010476187991168453, 'k_t': 0.2279397810529081, 'k_b': 0.18306959274559537, 'k_u': 0.04766798852626207, 'R': 4.234032487653905, 'm1': 0.20958316078695924, 'm2': 0.16054596871040563, 'l1cg': 0.08136535211608613, 'l1': 0.15040278956792577, 'l2cg': 0.06517238160234072, 'I1z': 0.0004856151759041783, 'I2x': 0.0003624793153942661, 'I2y': 2.4848433397462236e-05, 'I2z': 0.00038586754329255826}, 'init_theta_std_deg': 5.381907924922008, 'init_alpha_std_deg': 7.617412144880208, 'init_theta_dot_std': 0.13812475854071102, 'init_alpha_dot_std': 0.17514021035144378, 'pwm_limit': 147.89947806792054, 'pwm_gain': 1.009982232293047, 'pwm_bias': 0.33976912922600394, 'pwm_deadzone': 0.4896754359242049, 'pwm_noise_sigma': 0.137968878493428, 'actuator_tau': 0.00022412105394260196, 'action_delay_steps': 0, 'theta_bias': 0.0009618033256323049, 'alpha_bias': 0.0006184700130343841, 'theta_sigma': 0.00010735300628596142, 'alpha_sigma': 9.547893140483055e-05, 'theta_dot_sigma': 0.033097071682246425, 'alpha_dot_sigma': 0.02704580308209828, 'encoder_quantization_rad': 0.00013015722462727104, 'velocity_lpf': 0.25, 'process_theta_dot_sigma': 0.0, 'process_alpha_dot_sigma': 0.0}"
2040000,2,randomization_0.10,0.1,"{'level': 0.1, 'physical': {'g': 9.802352554803768, 'c_theta': 0.02505241520579516, 'c_alpha': 0.0011759657031042807, 'k_t': 0.22558255231761695, 'k_b': 0.1910684219827356, 'k_u': 0.048213994642084305, 'R': 4.230027104987482, 'm1': 0.20841377677814735, 'm2': 0.1581700407905558, 'l1cg': 0.08054910413824672, 'l1': 0.15204900206033958, 'l2cg': 0.06531464789362078, 'I1z': 0.000519162237623629, 'I2x': 0.00037118023290364855, 'I2y': 2.311822529682994e-05, 'I2z': 0.0003513620253120296}, 'init_theta_std_deg': 5.1694415713686475, 'init_alpha_std_deg': 8.782168506571388, 'init_theta_dot_std': 0.08125829403615137, 'init_alpha_dot_std': 0.19715354864923387, 'pwm_limit': 148.0004004807528, 'pwm_gain': 1.0097546411011917, 'pwm_bias': 0.26432990996105954, 'pwm_deadzone': 0.5286387345546915, 'pwm_noise_sigma': 0.12761595941087264, 'actuator_tau': 0.0023069951683893177, 'action_delay_steps': 0, 'theta_bias': -0.0005769609008491166, 'alpha_bias': 0.0010990924478405913, 'theta_sigma': 0.0003037939126051659, 'alpha_sigma': 0.0005165619526331475, 'theta_dot_sigma': 0.018209490755162382, 'alpha_dot_sigma': 0.03160258134360468, 'encoder_quantization_rad': 0.000139168991109098, 'velocity_lpf': 0.25, 'process_theta_dot_sigma': 0.0, 'process_alpha_dot_sigma': 0.0}"
2042000,2,randomization_0.10,0.1,"{'level': 0.1, 'physical': {'g': 9.8011279944142, 'c_theta': 0.024850197103075324, 'c_alpha': 0.001249958737713755, 'k_t': 0.2283387187586442, 'k_b': 0.18962709851593978, 'k_u': 0.04739594745061937, 'R': 4.273077649140239, 'm1': 0.20165314634063466, 'm2': 0.16038110878678716, 'l1cg': 0.08143134609092505, 'l1': 0.15211780701942626, 'l2cg': 0.06513482783007016, 'I1z': 0.0005248654845929299, 'I2x': 0.00036969590780037243, 'I2y': 2.3361641793317664e-05, 'I2z': 0.00035525517157922567}, 'init_theta_std_deg': 4.822957225940654, 'init_alpha_std_deg': 8.395268240747022, 'init_theta_dot_std': 0.07842898933059746, 'init_alpha_dot_std': 0.027383946732980474, 'pwm_limit': 147.16874473748842, 'pwm_gain': 0.9981017837595458, 'pwm_bias': 0.13694413491105983, 'pwm_deadzone': 0.7393831402193175, 'pwm_noise_sigma': 0.12386942883056087, 'actuator_tau': 0.0027515907498171844, 'action_delay_steps': 0, 'theta_bias': -0.0009866018542669802, 'alpha_bias': -0.0008686834394513043, 'theta_sigma': 8.39782901682048e-05, 'alpha_sigma': 0.0001864291853922282, 'theta_dot_sigma': 0.0044916699990033716, 'alpha_dot_sigma': 0.026722679497796137, 'encoder_quantization_rad': 9.231611021743442e-05, 'velocity_lpf': 0.24770232684060148, 'process_theta_dot_sigma': 0.0, 'process_alpha_dot_sigma': 0.0}"
2044000,2,randomization_0.10,0.1,"{'level': 0.1, 'physical': {'g': 9.75164127854539, 'c_theta': 0.02623975044172557, 'c_alpha': 0.0010665289738990217, 'k_t': 0.23667223157900724, 'k_b': 0.1856595736376876, 'k_u': 0.04762542873297603, 'R': 4.351291711541056, 'm1': 0.20536223131961479, 'm2': 0.16052872934671472, 'l1cg': 0.08135566249931928, 'l1': 0.1508868513970647, 'l2cg': 0.0655014034147063, 'I1z': 0.00047508998456079134, 'I2x': 0.0003756616378962427, 'I2y': 2.5297666703986806e-05, 'I2z': 0.0003578242433262594}, 'init_theta_std_deg': 5.491054363535814, 'init_alpha_std_deg': 8.59133350762526, 'init_theta_dot_std': 0.0538807317322259, 'init_alpha_dot_std': 0.16625917166127502, 'pwm_limit': 150.42503034832504, 'pwm_gain': 1.0010626613183726, 'pwm_bias': -0.25467276110905024, 'pwm_deadzone': 0.37070206388852467, 'pwm_noise_sigma': 0.09937392512976347, 'actuator_tau': 0.002502088940765791, 'action_delay_steps': 0, 'theta_bias': 0.0005109794857281738, 'alpha_bias': 0.0007150190827731624, 'theta_sigma': 0.00017537009922954648, 'alpha_sigma': 0.0015434582882326356, 'theta_dot_sigma': 0.0343115590240571, 'alpha_dot_sigma': 0.01637085226774831, 'encoder_quantization_rad': 1.6898651196024827e-05, 'velocity_lpf': 0.25, 'process_theta_dot_sigma': 0.0, 'process_alpha_dot_sigma': 0.0}"
2046000,2,randomization_0.10,0.1,"{'level': 0.1, 'physical': {'g': 9.803629638313703, 'c_theta': 0.02382578170204733, 'c_alpha': 0.0010722376521062553, 'k_t': 0.2293827301721459, 'k_b': 0.190591324137398, 'k_u': 0.0483825395643187, 'R': 4.304718015129654, 'm1': 0.20445936602663897, 'm2': 0.15910417177391445, 'l1cg': 0.08071773394102806, 'l1': 0.153099637918995, 'l2cg': 0.06694578348364573, 'I1z': 0.000478253872407736, 'I2x': 0.00036259071966508396, 'I2y': 2.541563085477907e-05, 'I2z': 0.0003759269934599352}, 'init_theta_std_deg': 5.207408690713916, 'init_alpha_std_deg': 8.353273898893494, 'init_theta_dot_std': 0.14186267274150832, 'init_alpha_dot_std': 0.004905099907412613, 'pwm_limit': 148.92077472124305, 'pwm_gain': 0.9919192075335627, 'pwm_bias': 0.17219078854089054, 'pwm_deadzone': 0.1594567128443395, 'pwm_noise_sigma': 0.08298634937664398, 'actuator_tau': 0.0027866189552163798, 'action_delay_steps': 0, 'theta_bias': -0.0008412475810805065, 'alpha_bias': 0.0002721873609702992, 'theta_sigma': 0.0003122257772853568, 'alpha_sigma': 0.00042086170459284156, 'theta_dot_sigma': 0.001707833969358382, 'alpha_dot_sigma': 0.025712070388448194, 'encoder_quantization_rad': 3.079287679628891e-05, 'velocity_lpf': 0.25, 'process_theta_dot_sigma': 0.0, 'process_alpha_dot_sigma': 0.0}"
2048000,2,randomization_0.10,0.1,"{'level': 0.1, 'physical': {'g': 9.7682633342944, 'c_theta': 0.02518261156237079, 'c_alpha': 0.001187681656322389, 'k_t': 0.2266979627977894, 'k_b': 0.18511301109298872, 'k_u': 0.04705096511318939, 'R': 4.365316502800713, 'm1': 0.21129047850044116, 'm2': 0.15749496215109898, 'l1cg': 0.08144715606324042, 'l1': 0.1509514770079158, 'l2cg': 0.06647757803067784, 'I1z': 0.0004786613675688779, 'I2x': 0.0003741705400966097, 'I2y': 2.5211372020461166e-05, 'I2z': 0.0003580078486570828}, 'init_theta_std_deg': 5.392907592292164, 'init_alpha_std_deg': 7.695471575582221, 'init_theta_dot_std': 0.030635453516617117, 'init_alpha_dot_std': 0.1413623320858399, 'pwm_limit': 147.98475963702248, 'pwm_gain': 1.006787805285378, 'pwm_bias': 0.18859529902674446, 'pwm_deadzone': 0.6137891536590362, 'pwm_noise_sigma': 0.07572957807740865, 'actuator_tau': 0.0019390121923314458, 'action_delay_steps': 0, 'theta_bias': -0.00042854750034388925, 'alpha_bias': 0.0004608724076271002, 'theta_sigma': 0.0005250742919011494, 'alpha_sigma': 0.001029728845832356, 'theta_dot_sigma': 0.03445226265390166, 'alpha_dot_sigma': 0.0338137512767386, 'encoder_quantization_rad': 0.00011999265021748933, 'velocity_lpf': 0.25, 'process_theta_dot_sigma': 0.0, 'process_alpha_dot_sigma': 0.0}"
2050000,2,randomization_0.10,0.1,"{'level': 0.1, 'physical': {'g': 9.776959847768415, 'c_theta': 0.029641688887696055, 'c_alpha': 0.0011824977420212114, 'k_t': 0.22773316152947382, 'k_b': 0.19179917694157633, 'k_u': 0.04573545333497923, 'R': 4.303189752553896, 'm1': 0.2023940252602534, 'm2': 0.15948580510530813, 'l1cg': 0.08050994963257767, 'l1': 0.1529944407644314, 'l2cg': 0.06792200009620955, 'I1z': 0.0004800704517357591, 'I2x': 0.00037208018482313705, 'I2y': 2.3140135756755476e-05, 'I2z': 0.00036622310945739843}, 'init_theta_std_deg': 4.709831737177382, 'init_alpha_std_deg': 8.548018883556725, 'init_theta_dot_std': 0.002927626786235721, 'init_alpha_dot_std': 0.22394828535423292, 'pwm_limit': 149.63497074120573, 'pwm_gain': 1.001914934335321, 'pwm_bias': -0.3990588840375708, 'pwm_deadzone': 0.41415909627998526, 'pwm_noise_sigma': 0.127737936631613, 'actuator_tau': 0.00032281592551943594, 'action_delay_steps': 0, 'theta_bias': -0.0008707261476667571, 'alpha_bias': -0.00047712783100411154, 'theta_sigma': 0.0004290753305879432, 'alpha_sigma': 0.000945349161058888, 'theta_dot_sigma': 0.011736304970506739, 'alpha_dot_sigma': 0.04009180157381892, 'encoder_quantization_rad': 4.926143737464029e-07, 'velocity_lpf': 0.25, 'process_theta_dot_sigma': 0.0, 'process_alpha_dot_sigma': 0.0}"
2052000,2,randomization_0.10,0.1,"{'level': 0.1, 'physical': {'g': 9.830949835155492, 'c_theta': 0.02809080420397614, 'c_alpha': 0.0009418832119782763, 'k_t': 0.22607777470601387, 'k_b': 0.18520950021974872, 'k_u': 0.047902837721404586, 'R': 4.28250604389078, 'm1': 0.2097853313354636, 'm2': 0.16051462422175913, 'l1cg': 0.07999521959154503, 'l1': 0.15056994237644242, 'l2cg': 0.06750195100671232, 'I1z': 0.0005245540660741241, 'I2x': 0.0003681471216028405, 'I2y': 2.3600940614633618e-05, 'I2z': 0.00036312381636975557}, 'init_theta_std_deg': 4.729102942312549, 'init_alpha_std_deg': 8.179952128905413, 'init_theta_dot_std': 0.021707931643496055, 'init_alpha_dot_std': 0.176905636106822, 'pwm_limit': 149.8405210740353, 'pwm_gain': 1.0020749983876718, 'pwm_bias': -0.11966985508019264, 'pwm_deadzone': 0.9117138951239716, 'pwm_noise_sigma': 0.09027845223362074, 'actuator_tau': 0.002549158941647555, 'action_delay_steps': 0, 'theta_bias': -0.000496986040647266, 'alpha_bias': -0.0007204128116190874, 'theta_sigma': 0.00024017922443822208, 'alpha_sigma': 0.00014478285792964753, 'theta_dot_sigma': 0.010179150627070047, 'alpha_dot_sigma': 0.023349706773731604, 'encoder_quantization_rad': 4.4511028596195935e-05, 'velocity_lpf': 0.25, 'process_theta_dot_sigma': 0.0, 'process_alpha_dot_sigma': 0.0}"
2054000,2,randomization_0.10,0.1,"{'level': 0.1, 'physical': {'g': 9.840829338769913, 'c_theta': 0.027564813025188706, 'c_alpha': 0.0009667246961115478, 'k_t': 0.2290915671511553, 'k_b': 0.1834164141129666, 'k_u': 0.04657059000371191, 'R': 4.25582432421026, 'm1': 0.20343612611779852, 'm2': 0.15658640658284473, 'l1cg': 0.08123515389346449, 'l1': 0.15139199499877293, 'l2cg': 0.0679725110345371, 'I1z': 0.0005096837580005346, 'I2x': 0.00036800415907189656, 'I2y': 2.2569842118444968e-05, 'I2z': 0.0003747092959306813}, 'init_theta_std_deg': 4.72987391125316, 'init_alpha_std_deg': 8.288303868795815, 'init_theta_dot_std': 0.13286082404145774, 'init_alpha_dot_std': 0.04726424936634804, 'pwm_limit': 149.7408748494496, 'pwm_gain': 0.9932836879207252, 'pwm_bias': -0.01964449120525007, 'pwm_deadzone': 0.9482631292097552, 'pwm_noise_sigma': 0.1860683318500384, 'actuator_tau': 0.0007666553514198448, 'action_delay_steps': 0, 'theta_bias': -0.0008421388257937144, 'alpha_bias': 0.0006886685765150243, 'theta_sigma': 4.80754220767317e-05, 'alpha_sigma': 0.0010858020966134226, 'theta_dot_sigma': 0.015556086782675194, 'alpha_dot_sigma': 0.003810888729897941, 'encoder_quantization_rad': 6.711266445103044e-05, 'velocity_lpf': 0.25, 'process_theta_dot_sigma': 0.0, 'process_alpha_dot_sigma': 0.0}"
2056000,2,randomization_0.10,0.1,"{'level': 0.1, 'physical': {'g': 9.800859124834481, 'c_theta': 0.027427312845999585, 'c_alpha': 0.0011617389648040147, 'k_t': 0.22593873198470335, 'k_b': 0.1879397238699823, 'k_u': 0.04716175795200292, 'R': 4.371537823435858, 'm1': 0.20680433243478277, 'm2': 0.15854399798976931, 'l1cg': 0.08074685462704555, 'l1': 0.1515385020112401, 'l2cg': 0.06770780003304626, 'I1z': 0.0005235654288086565, 'I2x': 0.0003630446566990216, 'I2y': 2.52403598723636e-05, 'I2z': 0.00036530757132844293}, 'init_theta_std_deg': 5.185496027324866, 'init_alpha_std_deg': 7.788329013067281, 'init_theta_dot_std': 0.13246054975441512, 'init_alpha_dot_std': 0.21102304555807946, 'pwm_limit': 149.99277128799767, 'pwm_gain': 1.0055000527208304, 'pwm_bias': -0.39889393954883323, 'pwm_deadzone': 0.9093222689292355, 'pwm_noise_sigma': 0.19893274239697545, 'actuator_tau': 0.0009997719042527525, 'action_delay_steps': 0, 'theta_bias': 0.0009882932116077167, 'alpha_bias': -0.0007395851460295668, 'theta_sigma': 0.00024969036573243284, 'alpha_sigma': 0.000657386687632485, 'theta_dot_sigma': 0.01691055586098404, 'alpha_dot_sigma': 0.028545931409509992, 'encoder_quantization_rad': 4.670853452602675e-06, 'velocity_lpf': 0.25, 'process_theta_dot_sigma': 0.0, 'process_alpha_dot_sigma': 0.0}"
2058000,2,randomization_0.10,0.1,"{'level': 0.1, 'physical': {'g': 9.770190771746547, 'c_theta': 0.030475369437009875, 'c_alpha': 0.0010728717409531248, 'k_t': 0.23553791965797696, 'k_b': 0.1868294899034016, 'k_u': 0.04667315836645836, 'R': 4.319745682117147, 'm1': 0.20599517320784316, 'm2': 0.15997331377423046, 'l1cg': 0.08121267923988144, 'l1': 0.1528357537001891, 'l2cg': 0.06722496136600113, 'I1z': 0.0005197445832274645, 'I2x': 0.00036681140180394345, 'I2y': 2.5411545716278255e-05, 'I2z': 0.0003606195692056144}, 'init_theta_std_deg': 5.376420722135641, 'init_alpha_std_deg': 7.679082489959747, 'init_theta_dot_std': 0.08505888601599795, 'init_alpha_dot_std': 0.08542874786541935, 'pwm_limit': 150.68587896685668, 'pwm_gain': 1.0042420055941235, 'pwm_bias': 0.33668456960482773, 'pwm_deadzone': 0.36384416270340836, 'pwm_noise_sigma': 0.08232720907451836, 'actuator_tau': 0.0006554468753246516, 'action_delay_steps': 0, 'theta_bias': 0.0006329632751858026, 'alpha_bias': -0.0006061615717300164, 'theta_sigma': 0.0005652654858028096, 'alpha_sigma': 0.0006549169169965074, 'theta_dot_sigma': 0.026514295038626925, 'alpha_dot_sigma': 0.05193184743024093, 'encoder_quantization_rad': 0.00010169425535187877, 'velocity_lpf': 0.25, 'process_theta_dot_sigma': 0.0, 'process_alpha_dot_sigma': 0.0}"
2060000,2,randomization_0.10,0.1,"{'level': 0.1, 'physical': {'g': 9.757827007614182, 'c_theta': 0.024941695136631567, 'c_alpha': 0.0010983492125435344, 'k_t': 0.22925101441879428, 'k_b': 0.18823845930762684, 'k_u': 0.046643842986096355, 'R': 4.285538242713863, 'm1': 0.20820698288617648, 'm2': 0.1606966100896195, 'l1cg': 0.07980276347983564, 'l1': 0.15134325514666697, 'l2cg': 0.06779564403248883, 'I1z': 0.0005194815996139759, 'I2x': 0.0003684327133653436, 'I2y': 2.5047832941609074e-05, 'I2z': 0.0003751588906629832}, 'init_theta_std_deg': 5.437733944999692, 'init_alpha_std_deg': 8.759880514324406, 'init_theta_dot_std': 0.05848804298692953, 'init_alpha_dot_std': 0.18284195998422517, 'pwm_limit': 149.8797769120179, 'pwm_gain': 1.008957687046207, 'pwm_bias': 0.19267310601632115, 'pwm_deadzone': 0.10941649103994744, 'pwm_noise_sigma': 0.14270272648377177, 'actuator_tau': 0.0013297548595899212, 'action_delay_steps': 0, 'theta_bias': -0.0002796778871759087, 'alpha_bias': -0.00045554191145813933, 'theta_sigma': 0.00024687369726808343, 'alpha_sigma': 0.0006229650391479822, 'theta_dot_sigma': 0.006956304784865993, 'alpha_dot_sigma': 0.02360107864999903, 'encoder_quantization_rad': 0.000124131572225958, 'velocity_lpf': 0.25, 'process_theta_dot_sigma': 0.0, 'process_alpha_dot_sigma': 0.0}"
2062000,2,randomization_0.10,0.1,"{'level': 0.1, 'physical': {'g': 9.837534283397138, 'c_theta': 0.02783189655855436, 'c_alpha': 0.0009369541008226608, 'k_t': 0.2299370736538981, 'k_b': 0.1888811816548986, 'k_u': 0.04721546794401353, 'R': 4.302594181905151, 'm1': 0.20618083235871046, 'm2': 0.15785372792255092, 'l1cg': 0.07976201236148397, 'l1': 0.1529709798842765, 'l2cg': 0.06671604522086179, 'I1z': 0.0005096758806191004, 'I2x': 0.0003627277390007689, 'I2y': 2.5123312820090645e-05, 'I2z': 0.0003527244286764586}, 'init_theta_std_deg': 4.73482638941696, 'init_alpha_std_deg': 8.450197962326488, 'init_theta_dot_std': 0.001419256155846288, 'init_alpha_dot_std': 0.10760196429583711, 'pwm_limit': 148.2902641571865, 'pwm_gain': 0.9909604338047199, 'pwm_bias': 0.027121392515272014, 'pwm_deadzone': 0.9456477111916368, 'pwm_noise_sigma': 0.07031471169437102, 'actuator_tau': 0.0021349798224364336, 'action_delay_steps': 0, 'theta_bias': 0.000533983520368073, 'alpha_bias': 0.0011678237180398573, 'theta_sigma': 0.00045247275827124407, 'alpha_sigma': 0.001355324029451208, 'theta_dot_sigma': 0.004100364903877835, 'alpha_dot_sigma': 0.045785210040891075, 'encoder_quantization_rad': 2.144070086836983e-05, 'velocity_lpf': 0.25, 'process_theta_dot_sigma': 0.0, 'process_alpha_dot_sigma': 0.0}"
2064000,2,randomization_0.10,0.1,"{'level': 0.1, 'physical': {'g': 9.826261269156523, 'c_theta': 0.02633923370885984, 'c_alpha': 0.0011124367837152202, 'k_t': 0.2360848115279739, 'k_b': 0.18796370597154405, 'k_u': 0.046483925321367595, 'R': 4.346510337235934, 'm1': 0.2038185312178117, 'm2': 0.15890970661395862, 'l1cg': 0.0800821851254263, 'l1': 0.1524507221258529, 'l2cg': 0.06742085777240957, 'I1z': 0.0004995779834885573, 'I2x': 0.00037016927944836804, 'I2y': 2.495127849861429e-05, 'I2z': 0.0003467130541035297}, 'init_theta_std_deg': 4.8927904244085605, 'init_alpha_std_deg': 8.377082185572535, 'init_theta_dot_std': 0.025908453294215296, 'init_alpha_dot_std': 0.08179107057693458, 'pwm_limit': 148.721951027187, 'pwm_gain': 1.0070482736466273, 'pwm_bias': -0.33491263864426424, 'pwm_deadzone': 0.506300584682285, 'pwm_noise_sigma': 0.060233294147901156, 'actuator_tau': 0.0014474638108, 'action_delay_steps': 0, 'theta_bias': 0.0008581335198387769, 'alpha_bias': 0.00041580827797387074, 'theta_sigma': 0.00040172019768526204, 'alpha_sigma': 0.0014156133080922033, 'theta_dot_sigma': 0.020915912933036525, 'alpha_dot_sigma': 0.014459912225587094, 'encoder_quantization_rad': 0.00012610665256977788, 'velocity_lpf': 0.25, 'process_theta_dot_sigma': 0.0, 'process_alpha_dot_sigma': 0.0}"
2066000,2,randomization_0.10,0.1,"{'level': 0.1, 'physical': {'g': 9.776114415663564, 'c_theta': 0.02915530179337851, 'c_alpha': 0.0012098593247558832, 'k_t': 0.22815033697154252, 'k_b': 0.184130246563582, 'k_u': 0.04569047062483725, 'R': 4.274019821924897, 'm1': 0.20711730000611253, 'm2': 0.157010209975453, 'l1cg': 0.07934005945022986, 'l1': 0.15309104881662208, 'l2cg': 0.06641212964692268, 'I1z': 0.00047598849762801155, 'I2x': 0.00036716017760513107, 'I2y': 2.2508979222402456e-05, 'I2z': 0.00034351933436071227}, 'init_theta_std_deg': 5.185312013277132, 'init_alpha_std_deg': 8.776889306786703, 'init_theta_dot_std': 0.1078028771086035, 'init_alpha_dot_std': 0.15141721849152034, 'pwm_limit': 149.73229518443506, 'pwm_gain': 1.0062371014868212, 'pwm_bias': -0.2879652789556347, 'pwm_deadzone': 0.14048697973953383, 'pwm_noise_sigma': 0.12001717970451578, 'actuator_tau': 0.0029457533882942793, 'action_delay_steps': 0, 'theta_bias': 0.0004730716438940004, 'alpha_bias': 0.0005580699195954672, 'theta_sigma': 0.0003257221192675458, 'alpha_sigma': 0.0002150854132486335, 'theta_dot_sigma': 0.024133146995813797, 'alpha_dot_sigma': 0.01860722044136892, 'encoder_quantization_rad': 6.815661148743607e-05, 'velocity_lpf': 0.25, 'process_theta_dot_sigma': 0.0, 'process_alpha_dot_sigma': 0.0}"
2068000,2,randomization_0.10,0.1,"{'level': 0.1, 'physical': {'g': 9.782469554677073, 'c_theta': 0.030084862938357427, 'c_alpha': 0.0012702070410063283, 'k_t': 0.23153116473121732, 'k_b': 0.18293888981796294, 'k_u': 0.048421994561814494, 'R': 4.315627026689168, 'm1': 0.21016884713705158, 'm2': 0.1598431897640859, 'l1cg': 0.07918736472271456, 'l1': 0.15215680273450674, 'l2cg': 0.06800794991969025, 'I1z': 0.00048052505867784246, 'I2x': 0.00036853083816024514, 'I2y': 2.4600089422769033e-05, 'I2z': 0.0003810173040259493}, 'init_theta_std_deg': 5.263320984488444, 'init_alpha_std_deg': 7.890716832704805, 'init_theta_dot_std': 0.0015235921092637717, 'init_alpha_dot_std': 0.22307847807912717, 'pwm_limit': 148.95452814363705, 'pwm_gain': 1.0019854878494536, 'pwm_bias': -0.1265421164142584, 'pwm_deadzone': 0.33617901036475006, 'pwm_noise_sigma': 0.10987518760929654, 'actuator_tau': 0.0021439662442159302, 'action_delay_steps': 0, 'theta_bias': 0.0009717858018177672, 'alpha_bias': 0.0007269977650460103, 'theta_sigma': 2.6544008265746325e-05, 'alpha_sigma': 0.00028641579704342246, 'theta_dot_sigma': 0.027862062078756883, 'alpha_dot_sigma': 0.014454981669019899, 'encoder_quantization_rad': 0.00014559297089233362, 'velocity_lpf': 0.25, 'process_theta_dot_sigma': 0.0, 'process_alpha_dot_sigma': 0.0}"
2070000,2,randomization_0.10,0.1,"{'level': 0.1, 'physical': {'g': 9.837777070775022, 'c_theta': 0.026655558886696063, 'c_alpha': 0.0010198829610633161, 'k_t': 0.23358808450039922, 'k_b': 0.1849320525504508, 'k_u': 0.04796371149861439, 'R': 4.277612474403214, 'm1': 0.20564782455128064, 'm2': 0.15787900320660775, 'l1cg': 0.0809046316818606, 'l1': 0.15193878898248142, 'l2cg': 0.06565978504275545, 'I1z': 0.0005163527516283712, 'I2x': 0.0003689745709399931, 'I2y': 2.3394697545662806e-05, 'I2z': 0.0003553328549361389}, 'init_theta_std_deg': 5.084923872741884, 'init_alpha_std_deg': 7.712507091860123, 'init_theta_dot_std': 0.046395800476323065, 'init_alpha_dot_std': 0.1073081904704545, 'pwm_limit': 147.55780214805057, 'pwm_gain': 1.0009881005802919, 'pwm_bias': -0.0067499882680488454, 'pwm_deadzone': 0.9499600806308044, 'pwm_noise_sigma': 0.13771662277413824, 'actuator_tau': 0.0015766586820013088, 'action_delay_steps': 0, 'theta_bias': -0.0004727364540158987, 'alpha_bias': -0.000851094441964166, 'theta_sigma': 0.00012164287543092477, 'alpha_sigma': 0.0005154439351762363, 'theta_dot_sigma': 0.024514501424208125, 'alpha_dot_sigma': 0.009650367207053994, 'encoder_quantization_rad': 0.00011755411196844795, 'velocity_lpf': 0.25, 'process_theta_dot_sigma': 0.0, 'process_alpha_dot_sigma': 0.0}"
2072000,2,randomization_0.10,0.1,"{'level': 0.1, 'physical': {'g': 9.803960031434146, 'c_theta': 0.026931984970620243, 'c_alpha': 0.000993743448963405, 'k_t': 0.23424666167085145, 'k_b': 0.18449806688974468, 'k_u': 0.046502065288230046, 'R': 4.250456409871309, 'm1': 0.20388858811002453, 'm2': 0.15613865849257585, 'l1cg': 0.0801449332167983, 'l1': 0.15265207513047194, 'l2cg': 0.06770835678756061, 'I1z': 0.0004997789296830368, 'I2x': 0.0003739724904126789, 'I2y': 2.4108858045804087e-05, 'I2z': 0.00037859655598679716}, 'init_theta_std_deg': 5.173967419757043, 'init_alpha_std_deg': 7.62844324994801, 'init_theta_dot_std': 0.12106390069272573, 'init_alpha_dot_std': 0.1308547034887337, 'pwm_limit': 148.32179918283467, 'pwm_gain': 1.00175876429208, 'pwm_bias': -0.20420462871305461, 'pwm_deadzone': 0.7476075892520659, 'pwm_noise_sigma': 0.05946453452383929, 'actuator_tau': 0.001992757623846626, 'action_delay_steps': 0, 'theta_bias': 8.570446523640407e-05, 'alpha_bias': -8.449501018376076e-05, 'theta_sigma': 0.000556760203970599, 'alpha_sigma': 0.0018315177628625663, 'theta_dot_sigma': 0.003538753876584493, 'alpha_dot_sigma': 0.00011325504190288437, 'encoder_quantization_rad': 2.205145542495869e-05, 'velocity_lpf': 0.25, 'process_theta_dot_sigma': 0.0, 'process_alpha_dot_sigma': 0.0}"
2074000,2,randomization_0.10,0.1,"{'level': 0.1, 'physical': {'g': 9.80128423604634, 'c_theta': 0.029524979317458205, 'c_alpha': 0.0009481927202202602, 'k_t': 0.23554112647474043, 'k_b': 0.1835060749688105, 'k_u': 0.0462680491827842, 'R': 4.285946738808683, 'm1': 0.20930992047233923, 'm2': 0.15823137723280087, 'l1cg': 0.08102656890075878, 'l1': 0.15303123417164646, 'l2cg': 0.06823379818875043, 'I1z': 0.00047942995630792393, 'I2x': 0.0003673678327566204, 'I2y': 2.4682752333497057e-05, 'I2z': 0.0003878623275626461}, 'init_theta_std_deg': 4.946201050460542, 'init_alpha_std_deg': 8.61533526252537, 'init_theta_dot_std': 0.08602201792683513, 'init_alpha_dot_std': 0.06017883206858621, 'pwm_limit': 147.3461634424795, 'pwm_gain': 1.0038539524658336, 'pwm_bias': -0.3486646230605012, 'pwm_deadzone': 0.09750564362394665, 'pwm_noise_sigma': 0.1161850084373606, 'actuator_tau': 0.002450196507668613, 'action_delay_steps': 0, 'theta_bias': -0.0005356773624510647, 'alpha_bias': 0.0004055218588952568, 'theta_sigma': 0.0005128862341467312, 'alpha_sigma': 0.0005972163309794829, 'theta_dot_sigma': 0.029349299768311233, 'alpha_dot_sigma': 0.013221266091780185, 'encoder_quantization_rad': 2.4788108717310393e-05, 'velocity_lpf': 0.25, 'process_theta_dot_sigma': 0.0, 'process_alpha_dot_sigma': 0.0}"
2076000,2,randomization_0.10,0.1,"{'level': 0.1, 'physical': {'g': 9.7803789443761, 'c_theta': 0.02811999784697245, 'c_alpha': 0.0012584420025031772, 'k_t': 0.22862175145484384, 'k_b': 0.18766099546088078, 'k_u': 0.04642140829828929, 'R': 4.365791041278848, 'm1': 0.20410725088124265, 'm2': 0.1568279875869453, 'l1cg': 0.0796675929233066, 'l1': 0.15044560139414215, 'l2cg': 0.06641077881354414, 'I1z': 0.0005101776608716879, 'I2x': 0.0003721684614031425, 'I2y': 2.4090424915410442e-05, 'I2z': 0.0003735553473739668}, 'init_theta_std_deg': 4.832174303461833, 'init_alpha_std_deg': 7.867320394107797, 'init_theta_dot_std': 0.06300628171434956, 'init_alpha_dot_std': 0.14422727681335323, 'pwm_limit': 149.8594149027432, 'pwm_gain': 1.0072970519953914, 'pwm_bias': 0.040576396641994084, 'pwm_deadzone': 0.7032594165409541, 'pwm_noise_sigma': 0.15828294665069692, 'actuator_tau': 0.0006712879821553949, 'action_delay_steps': 0, 'theta_bias': 0.0007592240812689808, 'alpha_bias': -0.000708061898808034, 'theta_sigma': 0.0003608101763206968, 'alpha_sigma': 0.0019140678296450688, 'theta_dot_sigma': 0.02289456464546366, 'alpha_dot_sigma': 0.025689617375447865, 'encoder_quantization_rad': 0.00013089397342983832, 'velocity_lpf': 0.25, 'process_theta_dot_sigma': 0.0, 'process_alpha_dot_sigma': 0.0}"
2078000,2,randomization_0.10,0.1,"{'level': 0.1, 'physical': {'g': 9.84347225065448, 'c_theta': 0.03037085200569002, 'c_alpha': 0.0012809068744860268, 'k_t': 0.23518139137245198, 'k_b': 0.184878895347362, 'k_u': 0.048287999962976384, 'R': 4.389630700306477, 'm1': 0.2076840803811276, 'm2': 0.1606780509699765, 'l1cg': 0.0802560483327162, 'l1': 0.1514772145908895, 'l2cg': 0.06509389985443267, 'I1z': 0.0004912332524400463, 'I2x': 0.0003731592113154957, 'I2y': 2.399429951933807e-05, 'I2z': 0.00037418013970401956}, 'init_theta_std_deg': 5.029072460932018, 'init_alpha_std_deg': 7.7473489282762875, 'init_theta_dot_std': 0.058455492395911905, 'init_alpha_dot_std': 0.06937256581147583, 'pwm_limit': 148.70039977177146, 'pwm_gain': 0.9916795661963498, 'pwm_bias': -0.23525911327445412, 'pwm_deadzone': 0.0642260798426516, 'pwm_noise_sigma': 0.10377989894627482, 'actuator_tau': 0.0013551396367874895, 'action_delay_steps': 0, 'theta_bias': -0.0005438399833241555, 'alpha_bias': 8.144634690658865e-05, 'theta_sigma': 0.00027465289368697714, 'alpha_sigma': 0.0005535953627785625, 'theta_dot_sigma': 0.0015359456374320023, 'alpha_dot_sigma': 0.016435338829882552, 'encoder_quantization_rad': 4.791745276782277e-05, 'velocity_lpf': 0.25, 'process_theta_dot_sigma': 0.0, 'process_alpha_dot_sigma': 0.0}"
2080000,2,randomization_0.10,0.1,"{'level': 0.1, 'physical': {'g': 9.830974857113663, 'c_theta': 0.026167595698995905, 'c_alpha': 0.0010101346838378498, 'k_t': 0.2267240732604663, 'k_b': 0.19055406721338453, 'k_u': 0.047356723967386896, 'R': 4.255309315782262, 'm1': 0.204549876068795, 'm2': 0.15992338729767186, 'l1cg': 0.08103918699880469, 'l1': 0.15306392491467938, 'l2cg': 0.06535045864260022, 'I1z': 0.0005010614034058484, 'I2x': 0.0003639158021111021, 'I2y': 2.4639089005628343e-05, 'I2z': 0.00037628085153266106}, 'init_theta_std_deg': 5.045954282119045, 'init_alpha_std_deg': 7.8526725062249545, 'init_theta_dot_std': 0.1309484767206416, 'init_alpha_dot_std': 0.09656647193060185, 'pwm_limit': 147.6610534583418, 'pwm_gain': 1.0003811854637323, 'pwm_bias': -0.3398589330740898, 'pwm_deadzone': 0.6931381824547013, 'pwm_noise_sigma': 0.049960782580253604, 'actuator_tau': 0.0013024432340566368, 'action_delay_steps': 0, 'theta_bias': 0.00048450024679919194, 'alpha_bias': 0.0011229940848618333, 'theta_sigma': 0.0005227665333634755, 'alpha_sigma': 0.00015688326010593313, 'theta_dot_sigma': 0.01883558852260396, 'alpha_dot_sigma': 0.045369534023609194, 'encoder_quantization_rad': 0.00014294388683255455, 'velocity_lpf': 0.25, 'process_theta_dot_sigma': 0.0, 'process_alpha_dot_sigma': 0.0}"
2082000,2,randomization_0.10,0.1,"{'level': 0.1, 'physical': {'g': 9.786303388549067, 'c_theta': 0.02779687650282014, 'c_alpha': 0.0010517202914094058, 'k_t': 0.23237024405071763, 'k_b': 0.19184676827250918, 'k_u': 0.047135613314457654, 'R': 4.273224898957507, 'm1': 0.21035796442289795, 'm2': 0.15637200104438936, 'l1cg': 0.08098001818039897, 'l1': 0.15056707633491667, 'l2cg': 0.0652479292392038, 'I1z': 0.0004985687345669132, 'I2x': 0.0003642672996249365, 'I2y': 2.442522482833503e-05, 'I2z': 0.0003866008206495851}, 'init_theta_std_deg': 5.068777477716889, 'init_alpha_std_deg': 8.229643143684708, 'init_theta_dot_std': 0.14237213842873248, 'init_alpha_dot_std': 0.05222864496609175, 'pwm_limit': 150.0522428241681, 'pwm_gain': 1.0037160489296875, 'pwm_bias': -0.12275753519675368, 'pwm_deadzone': 0.6416246866297404, 'pwm_noise_sigma': 0.1753207341215166, 'actuator_tau': 0.0007479875021551735, 'action_delay_steps': 0, 'theta_bias': -0.00016703762541313093, 'alpha_bias': -0.0006139274501453522, 'theta_sigma': 0.00017479942029053052, 'alpha_sigma': 0.0009574744352214665, 'theta_dot_sigma': 0.03340486466317124, 'alpha_dot_sigma': 0.017227351760846905, 'encoder_quantization_rad': 0.0001362659608992376, 'velocity_lpf': 0.25, 'process_theta_dot_sigma': 0.0, 'process_alpha_dot_sigma': 0.0}"
2084000,2,randomization_0.10,0.1,"{'level': 0.1, 'physical': {'g': 9.820497700723125, 'c_theta': 0.024543455968191567, 'c_alpha': 0.0012857108904451174, 'k_t': 0.2333430596882548, 'k_b': 0.1904437706700714, 'k_u': 0.04781598285573435, 'R': 4.3082519764189815, 'm1': 0.20252141311491262, 'm2': 0.1596369325788132, 'l1cg': 0.08075430173279534, 'l1': 0.15170221691023897, 'l2cg': 0.06646415978305935, 'I1z': 0.0004729385082759411, 'I2x': 0.00036638190716997986, 'I2y': 2.5107782830460085e-05, 'I2z': 0.00037315338539032884}, 'init_theta_std_deg': 4.746061470216813, 'init_alpha_std_deg': 7.691173368971702, 'init_theta_dot_std': 0.042188191451715686, 'init_alpha_dot_std': 0.113753154121861, 'pwm_limit': 148.3895705593674, 'pwm_gain': 0.9936581724177314, 'pwm_bias': 0.18275642990242993, 'pwm_deadzone': 0.2829261436249775, 'pwm_noise_sigma': 0.13288824562033955, 'actuator_tau': 0.002436095726480076, 'action_delay_steps': 0, 'theta_bias': -0.0004805460159505024, 'alpha_bias': 0.0008796129713981979, 'theta_sigma': 0.00026638044846556317, 'alpha_sigma': 0.0018563984868259407, 'theta_dot_sigma': 0.025917457680824044, 'alpha_dot_sigma': 0.013022699553814568, 'encoder_quantization_rad': 0.0001444915315069804, 'velocity_lpf': 0.25, 'process_theta_dot_sigma': 0.0, 'process_alpha_dot_sigma': 0.0}"
2086000,2,randomization_0.10,0.1,"{'level': 0.1, 'physical': {'g': 9.757404080016963, 'c_theta': 0.02826253895341048, 'c_alpha': 0.0011055825219727013, 'k_t': 0.2271118253788435, 'k_b': 0.18628807901183478, 'k_u': 0.0463274322217874, 'R': 4.37155914479946, 'm1': 0.2049267453514509, 'm2': 0.1587082453580238, 'l1cg': 0.08148718042945298, 'l1': 0.1530343386228231, 'l2cg': 0.06773329043898818, 'I1z': 0.0004964006645490277, 'I2x': 0.00036162036169503313, 'I2y': 2.336609783863803e-05, 'I2z': 0.00034737113043104614}, 'init_theta_std_deg': 5.053248544248219, 'init_alpha_std_deg': 7.720303690497039, 'init_theta_dot_std': 0.01012176932695067, 'init_alpha_dot_std': 0.05934442293255571, 'pwm_limit': 149.12128459848822, 'pwm_gain': 1.009881510052681, 'pwm_bias': 0.290624466443086, 'pwm_deadzone': 0.6388397425715212, 'pwm_noise_sigma': 0.08968601190763748, 'actuator_tau': 0.0012040959990159323, 'action_delay_steps': 0, 'theta_bias': 0.0007680959464284074, 'alpha_bias': 0.0008776879273594227, 'theta_sigma': 0.00015644726743005392, 'alpha_sigma': 0.0001502473873607988, 'theta_dot_sigma': 0.012862342142432325, 'alpha_dot_sigma': 0.006780445835229187, 'encoder_quantization_rad': 0.00014631866393466817, 'velocity_lpf': 0.25, 'process_theta_dot_sigma': 0.0, 'process_alpha_dot_sigma': 0.0}"
2088000,2,randomization_0.10,0.1,"{'level': 0.1, 'physical': {'g': 9.770214796494388, 'c_theta': 0.027678256553678005, 'c_alpha': 0.0012128136057538183, 'k_t': 0.22548965429331494, 'k_b': 0.1861641255400429, 'k_u': 0.0479394640221145, 'R': 4.273926779649959, 'm1': 0.21103807135946095, 'm2': 0.15877954287425428, 'l1cg': 0.08095352774713002, 'l1': 0.15158267567376155, 'l2cg': 0.06809210062642686, 'I1z': 0.0004905045935096816, 'I2x': 0.00036925588757023825, 'I2y': 2.4376988143539912e-05, 'I2z': 0.0003591126369264896}, 'init_theta_std_deg': 5.273222063150574, 'init_alpha_std_deg': 8.551843488671368, 'init_theta_dot_std': 0.11389304382519604, 'init_alpha_dot_std': 0.05643008674398029, 'pwm_limit': 150.0706669232402, 'pwm_gain': 1.0042078292268843, 'pwm_bias': -0.3735379874787314, 'pwm_deadzone': 0.4207680225841879, 'pwm_noise_sigma': 0.003514788750943132, 'actuator_tau': 0.0023177773116236544, 'action_delay_steps': 0, 'theta_bias': -0.00017215008580335578, 'alpha_bias': 8.805386873066113e-05, 'theta_sigma': 0.0003168831810968823, 'alpha_sigma': 0.0008752445923657519, 'theta_dot_sigma': 0.016509429920469464, 'alpha_dot_sigma': 0.01714262046722286, 'encoder_quantization_rad': 7.8460986203922e-05, 'velocity_lpf': 0.25, 'process_theta_dot_sigma': 0.0, 'process_alpha_dot_sigma': 0.0}"
2090000,2,randomization_0.10,0.1,"{'level': 0.1, 'physical': {'g': 9.790403867880922, 'c_theta': 0.02848488452547948, 'c_alpha': 0.001348578658451656, 'k_t': 0.22946029704178741, 'k_b': 0.1861488324785513, 'k_u': 0.047232494899778314, 'R': 4.234082591057573, 'm1': 0.21025829943794203, 'm2': 0.15917601792278202, 'l1cg': 0.08013552543946845, 'l1': 0.15201605450760988, 'l2cg': 0.06532704799836227, 'I1z': 0.000518764622076366, 'I2x': 0.0003619585991490151, 'I2y': 2.4574538097027472e-05, 'I2z': 0.0003460171843096437}, 'init_theta_std_deg': 5.089280466316708, 'init_alpha_std_deg': 8.3190585632, 'init_theta_dot_std': 0.1168201618401872, 'init_alpha_dot_std': 0.04877992429584227, 'pwm_limit': 149.02639129910324, 'pwm_gain': 0.9901115125084374, 'pwm_bias': -0.38559566645232723, 'pwm_deadzone': 0.4730269995757769, 'pwm_noise_sigma': 0.16126978064444025, 'actuator_tau': 0.0017251728679597404, 'action_delay_steps': 0, 'theta_bias': -0.0009545981643554797, 'alpha_bias': -0.0005772854939121965, 'theta_sigma': 0.0001493272835969512, 'alpha_sigma': 0.0016990498621312663, 'theta_dot_sigma': 0.025015627242296192, 'alpha_dot_sigma': 0.011563428344306749, 'encoder_quantization_rad': 4.5171474413500616e-05, 'velocity_lpf': 0.25, 'process_theta_dot_sigma': 0.0, 'process_alpha_dot_sigma': 0.0}"
2092000,2,randomization_0.10,0.1,"{'level': 0.1, 'physical': {'g': 9.754299502036538, 'c_theta': 0.029411156002093614, 'c_alpha': 0.0011225537979387924, 'k_t': 0.2325132340991029, 'k_b': 0.19186923305945142, 'k_u': 0.04566825254953275, 'R': 4.3079601024370495, 'm1': 0.20309572748531737, 'm2': 0.15846157316334297, 'l1cg': 0.08057334296959281, 'l1': 0.1505197520730575, 'l2cg': 0.06536773066971559, 'I1z': 0.0005228328626448411, 'I2x': 0.0003656294857544671, 'I2y': 2.3078596543724634e-05, 'I2z': 0.0003848837949609116}, 'init_theta_std_deg': 5.116509970404391, 'init_alpha_std_deg': 7.951323911256688, 'init_theta_dot_std': 0.057696497213150434, 'init_alpha_dot_std': 0.07092782007766321, 'pwm_limit': 149.33046741747248, 'pwm_gain': 0.9931329163771775, 'pwm_bias': -0.22811575543246826, 'pwm_deadzone': 0.40747078835833406, 'pwm_noise_sigma': 0.12187049089746874, 'actuator_tau': 0.0017157545166825946, 'action_delay_steps': 0, 'theta_bias': 0.0006783102671870412, 'alpha_bias': -0.0001922966353809897, 'theta_sigma': 0.0005804333363680689, 'alpha_sigma': 0.001429291069666788, 'theta_dot_sigma': 0.02223546182676075, 'alpha_dot_sigma': 0.024753235996969204, 'encoder_quantization_rad': 6.33694926782811e-05, 'velocity_lpf': 0.25, 'process_theta_dot_sigma': 0.0, 'process_alpha_dot_sigma': 0.0}"
2094000,2,randomization_0.10,0.1,"{'level': 0.1, 'physical': {'g': 9.804935966614265, 'c_theta': 0.03033684448022708, 'c_alpha': 0.001349218179973652, 'k_t': 0.22711932218001502, 'k_b': 0.18595927006267948, 'k_u': 0.04768637823275311, 'R': 4.35407736404562, 'm1': 0.20911329223247743, 'm2': 0.1574551367276091, 'l1cg': 0.07980492570786261, 'l1': 0.15310805234887434, 'l2cg': 0.06839491407131794, 'I1z': 0.0004906973113324611, 'I2x': 0.00036938067575594446, 'I2y': 2.4605041280931407e-05, 'I2z': 0.00035116574853255296}, 'init_theta_std_deg': 5.077682099777567, 'init_alpha_std_deg': 8.098371427281737, 'init_theta_dot_std': 0.019391368918323628, 'init_alpha_dot_std': 0.06066003030860843, 'pwm_limit': 149.47924577683534, 'pwm_gain': 1.0071028535062658, 'pwm_bias': -0.14008634721514293, 'pwm_deadzone': 0.18613909644593596, 'pwm_noise_sigma': 0.003200979110723168, 'actuator_tau': 0.0007670660390885921, 'action_delay_steps': 0, 'theta_bias': 0.0006270199149940028, 'alpha_bias': 0.00028599068521664733, 'theta_sigma': 0.00020690504810093755, 'alpha_sigma': 0.0008832967080171015, 'theta_dot_sigma': 0.01597245638874252, 'alpha_dot_sigma': 0.028583480512706066, 'encoder_quantization_rad': 0.00014120817262722939, 'velocity_lpf': 0.25, 'process_theta_dot_sigma': 0.0, 'process_alpha_dot_sigma': 0.0}"
2096000,2,randomization_0.10,0.1,"{'level': 0.1, 'physical': {'g': 9.792230484557065, 'c_theta': 0.023221832367563804, 'c_alpha': 0.0012906521134450526, 'k_t': 0.22682124950069937, 'k_b': 0.19163465118371034, 'k_u': 0.047567849638132695, 'R': 4.3384224328124015, 'm1': 0.20760730891377674, 'm2': 0.1586087306325634, 'l1cg': 0.08112573180927382, 'l1': 0.15208844388114567, 'l2cg': 0.0673253262587185, 'I1z': 0.0005087120154926985, 'I2x': 0.00037098961991415257, 'I2y': 2.3335870185609885e-05, 'I2z': 0.0003529435742840999}, 'init_theta_std_deg': 5.103070113318726, 'init_alpha_std_deg': 7.981278326835465, 'init_theta_dot_std': 0.11067635097725259, 'init_alpha_dot_std': 0.07265747266940324, 'pwm_limit': 148.74461743714244, 'pwm_gain': 1.009434651013725, 'pwm_bias': -0.11826099003704611, 'pwm_deadzone': 0.35056815966361565, 'pwm_noise_sigma': 0.07199846097584543, 'actuator_tau': 0.0021722632732062426, 'action_delay_steps': 0, 'theta_bias': 0.0007199033970195155, 'alpha_bias': -0.00011127969766125158, 'theta_sigma': 0.0002817271702197991, 'alpha_sigma': 0.0008144587593966157, 'theta_dot_sigma': 0.020410730882392564, 'alpha_dot_sigma': 0.050847508961402575, 'encoder_quantization_rad': 1.2637674582884591e-05, 'velocity_lpf': 0.25, 'process_theta_dot_sigma': 0.0, 'process_alpha_dot_sigma': 0.0}"
2098000,2,randomization_0.10,0.1,"{'level': 0.1, 'physical': {'g': 9.771939571713693, 'c_theta': 0.026766099020137338, 'c_alpha': 0.0012622206343444724, 'k_t': 0.22818864332687666, 'k_b': 0.18626419547162806, 'k_u': 0.04671316714404897, 'R': 4.230918259961588, 'm1': 0.20703465525504003, 'm2': 0.15861728867276742, 'l1cg': 0.08091089866050945, 'l1': 0.15103255379380962, 'l2cg': 0.06565797634354435, 'I1z': 0.0005158371387062512, 'I2x': 0.00036628860653726685, 'I2y': 2.3495665692431166e-05, 'I2z': 0.0003447996801668301}, 'init_theta_std_deg': 5.454680958145063, 'init_alpha_std_deg': 7.8347747686558655, 'init_theta_dot_std': 0.12710809831719463, 'init_alpha_dot_std': 0.20608941387520494, 'pwm_limit': 147.2752051455286, 'pwm_gain': 1.0078408604083922, 'pwm_bias': -0.08338326141231489, 'pwm_deadzone': 0.03942307278077817, 'pwm_noise_sigma': 0.07529312982819557, 'actuator_tau': 0.002654122654510263, 'action_delay_steps': 0, 'theta_bias': -0.0002257115956239346, 'alpha_bias': 0.0007289369377690479, 'theta_sigma': 0.00021272343430614557, 'alpha_sigma': 0.0014638072954491733, 'theta_dot_sigma': 0.01368331213048498, 'alpha_dot_sigma': 0.000569995232294187, 'encoder_quantization_rad': 9.61030928339059e-05, 'velocity_lpf': 0.25, 'process_theta_dot_sigma': 0.0, 'process_alpha_dot_sigma': 0.0}"
2100000,2,randomization_0.10,0.1,"{'level': 0.1, 'physical': {'g': 9.82057522345397, 'c_theta': 0.024398051180310378, 'c_alpha': 0.0010507279511812917, 'k_t': 0.22855927773840118, 'k_b': 0.18724596848449232, 'k_u': 0.047161932222213016, 'R': 4.258143822646526, 'm1': 0.20884358504996475, 'm2': 0.16021254212556374, 'l1cg': 0.08091723930613784, 'l1': 0.1524580303898406, 'l2cg': 0.06594994966355974, 'I1z': 0.0005023127088953504, 'I2x': 0.0003713409817290619, 'I2y': 2.543049397860135e-05, 'I2z': 0.0003453591835803802}, 'init_theta_std_deg': 5.123074334611671, 'init_alpha_std_deg': 8.231366909488113, 'init_theta_dot_std': 0.09455152694341025, 'init_alpha_dot_std': 0.08421758343865116, 'pwm_limit': 149.3162345248288, 'pwm_gain': 1.002309150195956, 'pwm_bias': -0.1264996720973209, 'pwm_deadzone': 0.2569940346756482, 'pwm_noise_sigma': 0.0988905904393467, 'actuator_tau': 0.002471141727752498, 'action_delay_steps': 0, 'theta_bias': 0.0004908198967725083, 'alpha_bias': -0.00022791567889059874, 'theta_sigma': 1.1598521934999396e-05, 'alpha_sigma': 0.0004907365981699976, 'theta_dot_sigma': 0.0035508749642919196, 'alpha_dot_sigma': 0.027236483285317088, 'encoder_quantization_rad': 0.00013346766488549368, 'velocity_lpf': 0.25, 'process_theta_dot_sigma': 0.0, 'process_alpha_dot_sigma': 0.0}"
2102000,2,randomization_0.10,0.1,"{'level': 0.1, 'physical': {'g': 9.757942728553292, 'c_theta': 0.02735960493850484, 'c_alpha': 0.0012496913517442447, 'k_t': 0.23342263620881068, 'k_b': 0.18831120337873258, 'k_u': 0.048403325917030976, 'R': 4.202139082843114, 'm1': 0.2033453472223977, 'm2': 0.1586484081373081, 'l1cg': 0.07945671433746185, 'l1': 0.1521727123021454, 'l2cg': 0.06746232593916432, 'I1z': 0.0004951815510866494, 'I2x': 0.0003639736755967988, 'I2y': 2.3903305028748524e-05, 'I2z': 0.0003805619738992559}, 'init_theta_std_deg': 5.31896514345085, 'init_alpha_std_deg': 7.859575887264026, 'init_theta_dot_std': 0.03555890358988918, 'init_alpha_dot_std': 0.11599436655374605, 'pwm_limit': 147.21240814266625, 'pwm_gain': 0.9966765653959618, 'pwm_bias': -0.005480295143427583, 'pwm_deadzone': 0.24707420659767987, 'pwm_noise_sigma': 0.14701930336611363, 'actuator_tau': 0.0015991320271039496, 'action_delay_steps': 0, 'theta_bias': 0.00013674917978822278, 'alpha_bias': -0.00010192379338206791, 'theta_sigma': 0.00014744974704397843, 'alpha_sigma': 0.0006657320996732316, 'theta_dot_sigma': 0.03013520263541791, 'alpha_dot_sigma': 0.024819096224777615, 'encoder_quantization_rad': 8.202897277736793e-05, 'velocity_lpf': 0.25, 'process_theta_dot_sigma': 0.0, 'process_alpha_dot_sigma': 0.0}"
2104000,2,randomization_0.10,0.1,"{'level': 0.1, 'physical': {'g': 9.784624834158599, 'c_theta': 0.023545313012949043, 'c_alpha': 0.0012653589676930232, 'k_t': 0.23144095000781512, 'k_b': 0.19217358703299714, 'k_u': 0.045847806298838306, 'R': 4.292878373051925, 'm1': 0.20454136264011716, 'm2': 0.15888727129469243, 'l1cg': 0.08066728042134387, 'l1': 0.15105622417868242, 'l2cg': 0.06588486582023365, 'I1z': 0.0004830054781482496, 'I2x': 0.0003664371957485357, 'I2y': 2.301275071417345e-05, 'I2z': 0.0003559064607733905}, 'init_theta_std_deg': 4.777885464339735, 'init_alpha_std_deg': 8.104625385002876, 'init_theta_dot_std': 0.009255532271633815, 'init_alpha_dot_std': 0.10566536340459065, 'pwm_limit': 148.7805599627399, 'pwm_gain': 0.9906265060085406, 'pwm_bias': -0.28390123403509665, 'pwm_deadzone': 0.8903842895855949, 'pwm_noise_sigma': 0.13197415658705122, 'actuator_tau': 0.0007932732305028916, 'action_delay_steps': 0, 'theta_bias': -0.0004847820065215762, 'alpha_bias': 0.0011546727269846346, 'theta_sigma': 0.00041911852672459765, 'alpha_sigma': 0.001960699980721333, 'theta_dot_sigma': 0.005284769905807832, 'alpha_dot_sigma': 0.021980851541367887, 'encoder_quantization_rad': 5.5672236723478234e-05, 'velocity_lpf': 0.25, 'process_theta_dot_sigma': 0.0, 'process_alpha_dot_sigma': 0.0}"
2106000,2,randomization_0.10,0.1,"{'level': 0.1, 'physical': {'g': 9.798511978394387, 'c_theta': 0.028233650281491912, 'c_alpha': 0.0010585712037800262, 'k_t': 0.2352311545924712, 'k_b': 0.18789607435231503, 'k_u': 0.04595533534638825, 'R': 4.319951155369566, 'm1': 0.20413222105216844, 'm2': 0.15856129198407096, 'l1cg': 0.0813848882114206, 'l1': 0.1511790370388757, 'l2cg': 0.06563481231626662, 'I1z': 0.0004839799343617438, 'I2x': 0.00036474267438656844, 'I2y': 2.4964263592711182e-05, 'I2z': 0.0003666566819346576}, 'init_theta_std_deg': 4.729495381218772, 'init_alpha_std_deg': 8.646528250014512, 'init_theta_dot_std': 0.11022239275436636, 'init_alpha_dot_std': 0.011286990928197904, 'pwm_limit': 148.21937184310417, 'pwm_gain': 1.0066729392243583, 'pwm_bias': 0.17066705196061316, 'pwm_deadzone': 0.42158014153662005, 'pwm_noise_sigma': 0.13830172175421546, 'actuator_tau': 0.0022955437979307537, 'action_delay_steps': 0, 'theta_bias': -0.00018313763742619927, 'alpha_bias': -0.0002916818580968837, 'theta_sigma': 0.00015899325697299753, 'alpha_sigma': 0.0004361592977593725, 'theta_dot_sigma': 0.024140645740808372, 'alpha_dot_sigma': 0.058826274559170694, 'encoder_quantization_rad': 0.00014089023928888402, 'velocity_lpf': 0.25, 'process_theta_dot_sigma': 0.0, 'process_alpha_dot_sigma': 0.0}"
2108000,2,randomization_0.10,0.1,"{'level': 0.1, 'physical': {'g': 9.811476010718492, 'c_theta': 0.024491426032276515, 'c_alpha': 0.0010567008273226627, 'k_t': 0.23402848840907675, 'k_b': 0.1898870700392185, 'k_u': 0.04656388715608767, 'R': 4.276026864979107, 'm1': 0.20858428805896775, 'm2': 0.15911159137571187, 'l1cg': 0.07944478727373436, 'l1': 0.15052518598142717, 'l2cg': 0.06675469121871411, 'I1z': 0.0004929603044561325, 'I2x': 0.0003679416790776709, 'I2y': 2.3720733761217612e-05, 'I2z': 0.00036529069841410085}, 'init_theta_std_deg': 5.158033352596841, 'init_alpha_std_deg': 8.442315576957489, 'init_theta_dot_std': 0.04450031774692277, 'init_alpha_dot_std': 0.09212960968776174, 'pwm_limit': 148.24340741832722, 'pwm_gain': 0.9905017602156775, 'pwm_bias': -0.25895820647760764, 'pwm_deadzone': 0.995036755210124, 'pwm_noise_sigma': 0.0845995329693261, 'actuator_tau': 0.0026639649772816306, 'action_delay_steps': 0, 'theta_bias': 0.0007980053558689431, 'alpha_bias': 0.0003654099793935025, 'theta_sigma': 0.00032218463626304647, 'alpha_sigma': 0.0019881366458605245, 'theta_dot_sigma': 0.03440279019908759, 'alpha_dot_sigma': 0.028436715249647842, 'encoder_quantization_rad': 4.397545313617491e-05, 'velocity_lpf': 0.25, 'process_theta_dot_sigma': 0.0, 'process_alpha_dot_sigma': 0.0}"
2110000,2,randomization_0.10,0.1,"{'level': 0.1, 'physical': {'g': 9.835165706898005, 'c_theta': 0.028968171533466182, 'c_alpha': 0.0010525714908197422, 'k_t': 0.2351766924705611, 'k_b': 0.18576109259770462, 'k_u': 0.04688101987449949, 'R': 4.366353984146953, 'm1': 0.20428663793286042, 'm2': 0.1594564368144427, 'l1cg': 0.08074584179843108, 'l1': 0.15153573083896332, 'l2cg': 0.06594310148368827, 'I1z': 0.0005257498058764339, 'I2x': 0.0003710478618356964, 'I2y': 2.3944536543063478e-05, 'I2z': 0.0003516942053335875}, 'init_theta_std_deg': 4.7662549680534205, 'init_alpha_std_deg': 7.905410124998924, 'init_theta_dot_std': 0.06249640543304833, 'init_alpha_dot_std': 0.03530819297021079, 'pwm_limit': 149.40071665687861, 'pwm_gain': 1.0023906518907473, 'pwm_bias': 0.35548595595674093, 'pwm_deadzone': 0.6952277893677183, 'pwm_noise_sigma': 0.1315491063139856, 'actuator_tau': 0.0021860599161237647, 'action_delay_steps': 0, 'theta_bias': -0.0009415545843879632, 'alpha_bias': -0.00026322006398136333, 'theta_sigma': 0.0005242764633285085, 'alpha_sigma': 0.00020126826562902168, 'theta_dot_sigma': 0.022010091420270536, 'alpha_dot_sigma': 0.05594369718533495, 'encoder_quantization_rad': 0.00012580349411483527, 'velocity_lpf': 0.25, 'process_theta_dot_sigma': 0.0, 'process_alpha_dot_sigma': 0.0}"
2112000,2,randomization_0.10,0.1,"{'level': 0.1, 'physical': {'g': 9.828444318469813, 'c_theta': 0.024286976337275397, 'c_alpha': 0.001144752256925314, 'k_t': 0.23294199451288344, 'k_b': 0.18485755929946104, 'k_u': 0.04568986157439777, 'R': 4.292076112273239, 'm1': 0.21091157304439312, 'm2': 0.16006408454657076, 'l1cg': 0.0812587593741587, 'l1': 0.1521101587661362, 'l2cg': 0.06610979059245764, 'I1z': 0.0004922208959923754, 'I2x': 0.0003711049237148438, 'I2y': 2.3070733201104252e-05, 'I2z': 0.00034389243407908924}, 'init_theta_std_deg': 5.490706564472905, 'init_alpha_std_deg': 8.758858492774817, 'init_theta_dot_std': 0.11486716392116225, 'init_alpha_dot_std': 0.1132686687268585, 'pwm_limit': 149.81595380609943, 'pwm_gain': 1.0094569039081625, 'pwm_bias': -0.3003922237220323, 'pwm_deadzone': 0.10836418928735225, 'pwm_noise_sigma': 0.11964205656816072, 'actuator_tau': 3.4937870779828575e-05, 'action_delay_steps': 0, 'theta_bias': 0.0003145871317305715, 'alpha_bias': 0.0006920938710509463, 'theta_sigma': 0.00040891359125457954, 'alpha_sigma': 0.0013570857268964745, 'theta_dot_sigma': 0.012698046805897036, 'alpha_dot_sigma': 0.03468476773638528, 'encoder_quantization_rad': 0.00010045814595959835, 'velocity_lpf': 0.25, 'process_theta_dot_sigma': 0.0, 'process_alpha_dot_sigma': 0.0}"
2114000,2,randomization_0.10,0.1,"{'level': 0.1, 'physical': {'g': 9.80448071328543, 'c_theta': 0.03098272943889498, 'c_alpha': 0.0009770541433039566, 'k_t': 0.2319937920303283, 'k_b': 0.1878164117705473, 'k_u': 0.04610220042146752, 'R': 4.210027120728738, 'm1': 0.20671225008209904, 'm2': 0.1577247035320812, 'l1cg': 0.08035714136736342, 'l1': 0.15174168640096458, 'l2cg': 0.06714215526300647, 'I1z': 0.0005010031843119927, 'I2x': 0.0003703914381909213, 'I2y': 2.517973708862016e-05, 'I2z': 0.0003879523359425384}, 'init_theta_std_deg': 5.051750105169493, 'init_alpha_std_deg': 7.945461311967497, 'init_theta_dot_std': 0.10268682461918908, 'init_alpha_dot_std': 0.06136518043922399, 'pwm_limit': 148.7422090054268, 'pwm_gain': 1.0031015999569857, 'pwm_bias': 0.2761038143993219, 'pwm_deadzone': 0.7707948696098763, 'pwm_noise_sigma': 0.19682916790931615, 'actuator_tau': 0.002527044758421586, 'action_delay_steps': 0, 'theta_bias': -0.00024943663064971156, 'alpha_bias': -0.0003797272761072048, 'theta_sigma': 0.00046623768974054337, 'alpha_sigma': 0.001771220734005661, 'theta_dot_sigma': 0.022923378978340344, 'alpha_dot_sigma': 0.03878218920822263, 'encoder_quantization_rad': 8.354009490812101e-05, 'velocity_lpf': 0.25, 'process_theta_dot_sigma': 0.0, 'process_alpha_dot_sigma': 0.0}"
2116000,2,randomization_0.10,0.1,"{'level': 0.1, 'physical': {'g': 9.794275401570687, 'c_theta': 0.025427409606717723, 'c_alpha': 0.0011591185366362378, 'k_t': 0.23150079474684573, 'k_b': 0.1915236958913974, 'k_u': 0.04566500652041974, 'R': 4.255029803691058, 'm1': 0.2037051674377271, 'm2': 0.1582136035819533, 'l1cg': 0.0813817860938406, 'l1': 0.15319776030474533, 'l2cg': 0.06824622477925098, 'I1z': 0.0005248042949259973, 'I2x': 0.0003741471149914918, 'I2y': 2.387514369089278e-05, 'I2z': 0.00034516610309596535}, 'init_theta_std_deg': 5.080952144526738, 'init_alpha_std_deg': 8.684598722900907, 'init_theta_dot_std': 0.10679515009443691, 'init_alpha_dot_std': 0.2314459072297019, 'pwm_limit': 149.73518817120785, 'pwm_gain': 0.9957741432512346, 'pwm_bias': 0.25140674563782833, 'pwm_deadzone': 0.2124638888179753, 'pwm_noise_sigma': 0.12164727237258921, 'actuator_tau': 0.0017068852185119342, 'action_delay_steps': 0, 'theta_bias': 0.0009144423408048468, 'alpha_bias': -0.000600434700234441, 'theta_sigma': 0.0002753063073361733, 'alpha_sigma': 0.0006399045180336383, 'theta_dot_sigma': 0.009410834218154763, 'alpha_dot_sigma': 0.0038121793897325017, 'encoder_quantization_rad': 6.080926077859362e-05, 'velocity_lpf': 0.25160816779202433, 'process_theta_dot_sigma': 0.0, 'process_alpha_dot_sigma': 0.0}"
2118000,2,randomization_0.10,0.1,"{'level': 0.1, 'physical': {'g': 9.793854978702594, 'c_theta': 0.026995118814536614, 'c_alpha': 0.000960061014030645, 'k_t': 0.2365800261582752, 'k_b': 0.1869729910193311, 'k_u': 0.04795414522966013, 'R': 4.242049812993475, 'm1': 0.20193601161853875, 'm2': 0.159784876480435, 'l1cg': 0.08124863364322445, 'l1': 0.15156839419610188, 'l2cg': 0.06594125675295084, 'I1z': 0.0004868241406609383, 'I2x': 0.00036799127237753835, 'I2y': 2.363743029859469e-05, 'I2z': 0.0003601646087640854}, 'init_theta_std_deg': 5.097982643689214, 'init_alpha_std_deg': 8.667861071517628, 'init_theta_dot_std': 0.04803520946295567, 'init_alpha_dot_std': 0.07972889830649937, 'pwm_limit': 149.41138803148309, 'pwm_gain': 0.993972877188853, 'pwm_bias': -0.32983269905984164, 'pwm_deadzone': 0.4798731704059973, 'pwm_noise_sigma': 0.10844829061915234, 'actuator_tau': 0.002942685658865429, 'action_delay_steps': 0, 'theta_bias': -0.00030149143538740167, 'alpha_bias': -0.0005158803340316434, 'theta_sigma': 0.00043245031975512187, 'alpha_sigma': 0.0013443201374846673, 'theta_dot_sigma': 0.009170138708002637, 'alpha_dot_sigma': 0.009752931177512442, 'encoder_quantization_rad': 2.0486732170933667e-05, 'velocity_lpf': 0.25, 'process_theta_dot_sigma': 0.0, 'process_alpha_dot_sigma': 0.0}"
2120000,2,randomization_0.10,0.1,"{'level': 0.1, 'physical': {'g': 9.78290614502229, 'c_theta': 0.024320194211119302, 'c_alpha': 0.0012907427915332826, 'k_t': 0.22982714016903305, 'k_b': 0.18472868765643077, 'k_u': 0.048240866301380275, 'R': 4.229824463437166, 'm1': 0.20432427175066117, 'm2': 0.1587274431981546, 'l1cg': 0.07967439858101959, 'l1': 0.15307141836174085, 'l2cg': 0.06792013280324073, 'I1z': 0.0005053311265467783, 'I2x': 0.0003758276558209737, 'I2y': 2.4480616813457172e-05, 'I2z': 0.00038366642137804136}, 'init_theta_std_deg': 4.732819273992958, 'init_alpha_std_deg': 8.688041510964691, 'init_theta_dot_std': 0.05290297515761766, 'init_alpha_dot_std': 0.06792791788344187, 'pwm_limit': 150.11918258723463, 'pwm_gain': 1.0066306731782768, 'pwm_bias': -0.33749895362460525, 'pwm_deadzone': 0.31253833804040954, 'pwm_noise_sigma': 0.1993134037068923, 'actuator_tau': 0.002710235832903803, 'action_delay_steps': 0, 'theta_bias': -0.000723770915591397, 'alpha_bias': 0.0007950949505893136, 'theta_sigma': 0.00039832766231405497, 'alpha_sigma': 0.0011650263342625835, 'theta_dot_sigma': 0.032718518900875196, 'alpha_dot_sigma': 0.04006312513837609, 'encoder_quantization_rad': 0.00013774804545242176, 'velocity_lpf': 0.25, 'process_theta_dot_sigma': 0.0, 'process_alpha_dot_sigma': 0.0}"
2122000,2,randomization_0.10,0.1,"{'level': 0.1, 'physical': {'g': 9.78493557449325, 'c_theta': 0.027518697675110428, 'c_alpha': 0.001121345363613875, 'k_t': 0.23215025798980046, 'k_b': 0.18979740858403765, 'k_u': 0.04720424959059584, 'R': 4.366774563109604, 'm1': 0.20155210609740623, 'm2': 0.1587515686331532, 'l1cg': 0.08066143567596358, 'l1': 0.1530773088401285, 'l2cg': 0.06639428094598776, 'I1z': 0.000479972674971631, 'I2x': 0.0003759698528060457, 'I2y': 2.395986486372631e-05, 'I2z': 0.00038971289364851794}, 'init_theta_std_deg': 4.766202255764787, 'init_alpha_std_deg': 8.147218376849466, 'init_theta_dot_std': 0.1309624605297195, 'init_alpha_dot_std': 0.238927066403634, 'pwm_limit': 149.85531826403164, 'pwm_gain': 0.9940225017032212, 'pwm_bias': 0.01159698810604546, 'pwm_deadzone': 0.4882185072644465, 'pwm_noise_sigma': 0.00039008825010411474, 'actuator_tau': 0.0026816517809230473, 'action_delay_steps': 0, 'theta_bias': 0.0003002742197463957, 'alpha_bias': -0.0005890309649075726, 'theta_sigma': 0.00022365423353775508, 'alpha_sigma': 0.0010942361375437808, 'theta_dot_sigma': 0.034340323344087965, 'alpha_dot_sigma': 0.016046340817085364, 'encoder_quantization_rad': 7.524441810674146e-05, 'velocity_lpf': 0.25, 'process_theta_dot_sigma': 0.0, 'process_alpha_dot_sigma': 0.0}"
2124000,2,randomization_0.10,0.1,"{'level': 0.1, 'physical': {'g': 9.778180169576054, 'c_theta': 0.0241466922291858, 'c_alpha': 0.0009996480906416722, 'k_t': 0.2322922629912205, 'k_b': 0.188860586405743, 'k_u': 0.04729519543905139, 'R': 4.2369210130242365, 'm1': 0.20316163517151262, 'm2': 0.15916557814088655, 'l1cg': 0.07921045224546484, 'l1': 0.15225239952592143, 'l2cg': 0.06679640316843662, 'I1z': 0.0004977173608276972, 'I2x': 0.00036261144093041825, 'I2y': 2.4259659786580597e-05, 'I2z': 0.0003869101729574691}, 'init_theta_std_deg': 5.000445925624524, 'init_alpha_std_deg': 8.463616740734514, 'init_theta_dot_std': 0.10321616383621962, 'init_alpha_dot_std': 0.23141721632797846, 'pwm_limit': 147.61852907225582, 'pwm_gain': 1.0009541101719317, 'pwm_bias': 0.34659621190458045, 'pwm_deadzone': 0.5766259646808254, 'pwm_noise_sigma': 0.1879971809511799, 'actuator_tau': 0.0012204756673033848, 'action_delay_steps': 0, 'theta_bias': -0.0002812760793276341, 'alpha_bias': 0.0002993304358149286, 'theta_sigma': 0.0002186906059570045, 'alpha_sigma': 0.0017799744593232122, 'theta_dot_sigma': 0.012833795475762072, 'alpha_dot_sigma': 0.058013361355153455, 'encoder_quantization_rad': 7.280387175865458e-05, 'velocity_lpf': 0.25, 'process_theta_dot_sigma': 0.0, 'process_alpha_dot_sigma': 0.0}"
2126000,2,randomization_0.10,0.1,"{'level': 0.1, 'physical': {'g': 9.771114861591057, 'c_theta': 0.025255801083713433, 'c_alpha': 0.001098633415149363, 'k_t': 0.23661917893871884, 'k_b': 0.191910286098049, 'k_u': 0.045859715915017106, 'R': 4.225451023938908, 'm1': 0.20506121030901459, 'm2': 0.15836288734829634, 'l1cg': 0.08015773018868459, 'l1': 0.15099604742763922, 'l2cg': 0.06711272203514944, 'I1z': 0.0005144407984784425, 'I2x': 0.00036837241369963033, 'I2y': 2.5115468740083592e-05, 'I2z': 0.00037005296667499754}, 'init_theta_std_deg': 5.097368904677763, 'init_alpha_std_deg': 7.869010647431456, 'init_theta_dot_std': 0.03310014999633061, 'init_alpha_dot_std': 0.23500707714914315, 'pwm_limit': 149.06227445425105, 'pwm_gain': 1.0078047449470338, 'pwm_bias': 0.2959542382696615, 'pwm_deadzone': 0.8970048890480569, 'pwm_noise_sigma': 0.05033313791351712, 'actuator_tau': 0.001431531737160549, 'action_delay_steps': 0, 'theta_bias': 0.000490652476201586, 'alpha_bias': -0.0006435115597086751, 'theta_sigma': 5.5571663783599376e-05, 'alpha_sigma': 0.00029000727389364236, 'theta_dot_sigma': 0.011858845823646902, 'alpha_dot_sigma': 0.04449828120309405, 'encoder_quantization_rad': 5.694682631143353e-05, 'velocity_lpf': 0.25, 'process_theta_dot_sigma': 0.0, 'process_alpha_dot_sigma': 0.0}"
2128000,2,randomization_0.10,0.1,"{'level': 0.1, 'physical': {'g': 9.781454473000325, 'c_theta': 0.025063898119523725, 'c_alpha': 0.001151012640591721, 'k_t': 0.2350974697618872, 'k_b': 0.18314412865683502, 'k_u': 0.047781677368956096, 'R': 4.286003577421528, 'm1': 0.20388220677650484, 'm2': 0.15780783788669817, 'l1cg': 0.08082048421557612, 'l1': 0.1516530129107046, 'l2cg': 0.068005470327805, 'I1z': 0.0004832790518289222, 'I2x': 0.00036883325361422993, 'I2y': 2.509355092526304e-05, 'I2z': 0.00035523709021334884}, 'init_theta_std_deg': 5.243690052348438, 'init_alpha_std_deg': 7.952521858985129, 'init_theta_dot_std': 0.12839534412849765, 'init_alpha_dot_std': 0.09340884901039126, 'pwm_limit': 147.0469457769642, 'pwm_gain': 1.0035762811603328, 'pwm_bias': 0.10122805152105069, 'pwm_deadzone': 0.15659300281582944, 'pwm_noise_sigma': 0.018540184814113705, 'actuator_tau': 0.0012395183730700638, 'action_delay_steps': 0, 'theta_bias': -0.0007271806445875115, 'alpha_bias': 3.308285436445609e-05, 'theta_sigma': 7.52233939580701e-05, 'alpha_sigma': 0.0018751804225221659, 'theta_dot_sigma': 0.02349097561572065, 'alpha_dot_sigma': 0.05811702900258192, 'encoder_quantization_rad': 8.348227284520538e-05, 'velocity_lpf': 0.24628198329062595, 'process_theta_dot_sigma': 0.0, 'process_alpha_dot_sigma': 0.0}"
2130000,2,randomization_0.10,0.1,"{'level': 0.1, 'physical': {'g': 9.758704650361436, 'c_theta': 0.023634026357004866, 'c_alpha': 0.0009701304757544774, 'k_t': 0.2291271690550931, 'k_b': 0.18604904690948706, 'k_u': 0.047111677508555036, 'R': 4.219104015172305, 'm1': 0.21045874708009688, 'm2': 0.15769736849997065, 'l1cg': 0.07954643207779277, 'l1': 0.15129306506568285, 'l2cg': 0.06732725530063075, 'I1z': 0.000490110897716094, 'I2x': 0.0003735426756922129, 'I2y': 2.2823114108699877e-05, 'I2z': 0.00034367022727111856}, 'init_theta_std_deg': 5.152117191995622, 'init_alpha_std_deg': 7.843183978574847, 'init_theta_dot_std': 0.0724505374201324, 'init_alpha_dot_std': 0.039849912152215505, 'pwm_limit': 148.45521599793628, 'pwm_gain': 0.9990457914332306, 'pwm_bias': 0.39950555238838464, 'pwm_deadzone': 0.06495532945200622, 'pwm_noise_sigma': 0.15334069709426515, 'actuator_tau': 0.0029218476765426804, 'action_delay_steps': 0, 'theta_bias': 0.0009891861354969082, 'alpha_bias': -0.0007638534399296555, 'theta_sigma': 0.0005254865699465714, 'alpha_sigma': 0.00026856929324238797, 'theta_dot_sigma': 0.031001115278776286, 'alpha_dot_sigma': 0.017622895157733996, 'encoder_quantization_rad': 9.913277765584785e-05, 'velocity_lpf': 0.25, 'process_theta_dot_sigma': 0.0, 'process_alpha_dot_sigma': 0.0}"
2132000,2,randomization_0.10,0.1,"{'level': 0.1, 'physical': {'g': 9.766147413440436, 'c_theta': 0.0294983770687133, 'c_alpha': 0.0011442764710138226, 'k_t': 0.23255318157226662, 'k_b': 0.18872308231922694, 'k_u': 0.04820075709154099, 'R': 4.29850567952068, 'm1': 0.20503348334540208, 'm2': 0.15774584345718898, 'l1cg': 0.08030930246356689, 'l1': 0.15291772109313656, 'l2cg': 0.06830114654137645, 'I1z': 0.00047303085753976645, 'I2x': 0.0003691428574763454, 'I2y': 2.2999622493776792e-05, 'I2z': 0.00035469384469418824}, 'init_theta_std_deg': 5.465418725475469, 'init_alpha_std_deg': 8.067766353904362, 'init_theta_dot_std': 0.04885154699148676, 'init_alpha_dot_std': 0.1090583177902365, 'pwm_limit': 148.29657541410037, 'pwm_gain': 1.0031200977365828, 'pwm_bias': -0.2545261352687355, 'pwm_deadzone': 0.8649609784979421, 'pwm_noise_sigma': 0.06617269186197161, 'actuator_tau': 7.473878724825766e-05, 'action_delay_steps': 0, 'theta_bias': -0.00015195097528213598, 'alpha_bias': 0.0004919479512536009, 'theta_sigma': 0.00024688297320859794, 'alpha_sigma': 0.0012589315564986447, 'theta_dot_sigma': 0.015902201183522258, 'alpha_dot_sigma': 0.0006786066939597624, 'encoder_quantization_rad': 1.0312803597010878e-05, 'velocity_lpf': 0.25, 'process_theta_dot_sigma': 0.0, 'process_alpha_dot_sigma': 0.0}"
2134000,2,randomization_0.10,0.1,"{'level': 0.1, 'physical': {'g': 9.76282065532189, 'c_theta': 0.028091632687050474, 'c_alpha': 0.0010099594265765084, 'k_t': 0.2292706436983915, 'k_b': 0.18442415559898118, 'k_u': 0.046901462697428245, 'R': 4.369125834139909, 'm1': 0.20899469876423957, 'm2': 0.15789570998983798, 'l1cg': 0.08014633663686006, 'l1': 0.15119644234821422, 'l2cg': 0.06623374865599227, 'I1z': 0.0004982468438951581, 'I2x': 0.0003632580220249904, 'I2y': 2.326859572887324e-05, 'I2z': 0.00036150881194612917}, 'init_theta_std_deg': 4.851331380516822, 'init_alpha_std_deg': 8.468221906355707, 'init_theta_dot_std': 0.021102466886092276, 'init_alpha_dot_std': 0.014982280106518725, 'pwm_limit': 149.41082141195344, 'pwm_gain': 1.0063407352609404, 'pwm_bias': 0.1920366738735532, 'pwm_deadzone': 0.9485669876208174, 'pwm_noise_sigma': 0.019341672370115595, 'actuator_tau': 0.001725971925278312, 'action_delay_steps': 0, 'theta_bias': -0.00038639364602878826, 'alpha_bias': -0.0006821182539864882, 'theta_sigma': 0.00037625536704740265, 'alpha_sigma': 0.0013818077593666972, 'theta_dot_sigma': 0.014650426598876606, 'alpha_dot_sigma': 0.04683963125233774, 'encoder_quantization_rad': 9.089117217472914e-05, 'velocity_lpf': 0.25, 'process_theta_dot_sigma': 0.0, 'process_alpha_dot_sigma': 0.0}"
2136000,2,randomization_0.10,0.1,"{'level': 0.1, 'physical': {'g': 9.831014261791145, 'c_theta': 0.029277808699281545, 'c_alpha': 0.0013221080191354044, 'k_t': 0.22601608011249266, 'k_b': 0.1833902051841192, 'k_u': 0.04819444321314672, 'R': 4.30657920193397, 'm1': 0.20658014136609723, 'm2': 0.15728153455862076, 'l1cg': 0.07987974255403059, 'l1': 0.1511797467620426, 'l2cg': 0.06701746313260172, 'I1z': 0.0004894887970635617, 'I2x': 0.0003717701487539669, 'I2y': 2.464118415195274e-05, 'I2z': 0.00038877268559846316}, 'init_theta_std_deg': 5.256366290386929, 'init_alpha_std_deg': 7.909757582872374, 'init_theta_dot_std': 0.018780704720793087, 'init_alpha_dot_std': 0.24196174457133326, 'pwm_limit': 150.47771246011567, 'pwm_gain': 1.0002168275160346, 'pwm_bias': 0.26687488653249397, 'pwm_deadzone': 0.657373105524412, 'pwm_noise_sigma': 0.0541723515375832, 'actuator_tau': 0.002854597880086442, 'action_delay_steps': 0, 'theta_bias': -0.0007552919023227332, 'alpha_bias': -0.001174834557795269, 'theta_sigma': 0.0004049010944427336, 'alpha_sigma': 0.0019352938058579407, 'theta_dot_sigma': 0.030495698607658005, 'alpha_dot_sigma': 0.04353859204412096, 'encoder_quantization_rad': 8.14655428663655e-05, 'velocity_lpf': 0.25, 'process_theta_dot_sigma': 0.0, 'process_alpha_dot_sigma': 0.0}"
2138000,2,randomization_0.10,0.1,"{'level': 0.1, 'physical': {'g': 9.808865192779846, 'c_theta': 0.029436394777131336, 'c_alpha': 0.0013205294424983613, 'k_t': 0.22552008325977904, 'k_b': 0.1878179948819665, 'k_u': 0.048136452371039556, 'R': 4.320570146310726, 'm1': 0.20501795173121037, 'm2': 0.15769775505484332, 'l1cg': 0.08082038448412149, 'l1': 0.1506901124639538, 'l2cg': 0.06788004946579144, 'I1z': 0.0004716372584879595, 'I2x': 0.0003656721772567474, 'I2y': 2.392277057625622e-05, 'I2z': 0.0003562845361284285}, 'init_theta_std_deg': 5.174739920547243, 'init_alpha_std_deg': 8.362054904246238, 'init_theta_dot_std': 0.09045591602500497, 'init_alpha_dot_std': 0.19815597407954555, 'pwm_limit': 150.35770331184133, 'pwm_gain': 0.9958807038307705, 'pwm_bias': -0.05802349499543827, 'pwm_deadzone': 0.08809948032857984, 'pwm_noise_sigma': 0.04043474526004414, 'actuator_tau': 0.0006378092904389939, 'action_delay_steps': 0, 'theta_bias': -0.0007842724029541104, 'alpha_bias': -0.0003327755015360251, 'theta_sigma': 0.0002715936274434784, 'alpha_sigma': 0.0008322743115022397, 'theta_dot_sigma': 0.0017265177071073305, 'alpha_dot_sigma': 0.00047416294835189276, 'encoder_quantization_rad': 8.320932215056327e-05, 'velocity_lpf': 0.25, 'process_theta_dot_sigma': 0.0, 'process_alpha_dot_sigma': 0.0}"
2140000,2,randomization_0.10,0.1,"{'level': 0.1, 'physical': {'g': 9.785762577968349, 'c_theta': 0.026964611131899654, 'c_alpha': 0.0011800949231986024, 'k_t': 0.23251149925140996, 'k_b': 0.18892705049220943, 'k_u': 0.045876424156497016, 'R': 4.362165240394506, 'm1': 0.2019029405724607, 'm2': 0.15836234519712816, 'l1cg': 0.07912156421889084, 'l1': 0.15139144074770852, 'l2cg': 0.06602176353645368, 'I1z': 0.0005056236550296784, 'I2x': 0.00036156219200210617, 'I2y': 2.5506205471919226e-05, 'I2z': 0.0003465791545696022}, 'init_theta_std_deg': 4.837420405055918, 'init_alpha_std_deg': 8.506905875845325, 'init_theta_dot_std': 0.05199747328127116, 'init_alpha_dot_std': 0.10068709517281663, 'pwm_limit': 148.28660318190103, 'pwm_gain': 0.9906448666295368, 'pwm_bias': -0.26368547427625616, 'pwm_deadzone': 0.4711196195033285, 'pwm_noise_sigma': 0.04761749358041754, 'actuator_tau': 0.0005447886532444512, 'action_delay_steps': 0, 'theta_bias': 0.00035402553384255556, 'alpha_bias': -0.00039520852571284286, 'theta_sigma': 0.00020180772981725093, 'alpha_sigma': 0.0006087937496086857, 'theta_dot_sigma': 0.03398766661581147, 'alpha_dot_sigma': 0.03607182570218397, 'encoder_quantization_rad': 4.6800957591119564e-05, 'velocity_lpf': 0.25, 'process_theta_dot_sigma': 0.0, 'process_alpha_dot_sigma': 0.0}"
2142000,2,randomization_0.10,0.1,"{'level': 0.1, 'physical': {'g': 9.800221949695683, 'c_theta': 0.024750871756936015, 'c_alpha': 0.001211147064185849, 'k_t': 0.23183184457145722, 'k_b': 0.18527109431887748, 'k_u': 0.04654605705027164, 'R': 4.221956786981959, 'm1': 0.2044233261097931, 'm2': 0.1578674149541675, 'l1cg': 0.07992254330228475, 'l1': 0.15155788176901733, 'l2cg': 0.06746274102100056, 'I1z': 0.000510000200569744, 'I2x': 0.0003706788912367291, 'I2y': 2.53814217244446e-05, 'I2z': 0.00036794423147893654}, 'init_theta_std_deg': 5.466191589179414, 'init_alpha_std_deg': 7.926593192103261, 'init_theta_dot_std': 0.0952496495996788, 'init_alpha_dot_std': 0.1571681374388162, 'pwm_limit': 148.28218726316425, 'pwm_gain': 1.0062103010100605, 'pwm_bias': 0.3356172036975566, 'pwm_deadzone': 0.38233751123403925, 'pwm_noise_sigma': 0.046883851444344905, 'actuator_tau': 0.0007279632803741298, 'action_delay_steps': 0, 'theta_bias': 0.0006730691861946716, 'alpha_bias': 0.001175031595961456, 'theta_sigma': 0.00025957018867086803, 'alpha_sigma': 1.9030853040679753e-05, 'theta_dot_sigma': 0.013882732727795659, 'alpha_dot_sigma': 0.031297527059307516, 'encoder_quantization_rad': 6.0534108754358926e-05, 'velocity_lpf': 0.25, 'process_theta_dot_sigma': 0.0, 'process_alpha_dot_sigma': 0.0}"
2144000,2,randomization_0.10,0.1,"{'level': 0.1, 'physical': {'g': 9.75131033060116, 'c_theta': 0.025109967490451243, 'c_alpha': 0.001209681429350132, 'k_t': 0.2325415748847778, 'k_b': 0.18890364290785513, 'k_u': 0.046581459470993555, 'R': 4.311766899559324, 'm1': 0.2072823743692333, 'm2': 0.1594591193395077, 'l1cg': 0.0796588137922856, 'l1': 0.15316949090471726, 'l2cg': 0.06640302596884466, 'I1z': 0.000519263181812808, 'I2x': 0.000367514853044633, 'I2y': 2.4951735194125165e-05, 'I2z': 0.00035341078961807944}, 'init_theta_std_deg': 4.722524649755731, 'init_alpha_std_deg': 8.114329309565818, 'init_theta_dot_std': 0.005088611511801772, 'init_alpha_dot_std': 0.2294779024218191, 'pwm_limit': 148.02188722910958, 'pwm_gain': 1.0066958053266415, 'pwm_bias': -0.3241767073311171, 'pwm_deadzone': 0.5233759385130144, 'pwm_noise_sigma': 0.1940750500676881, 'actuator_tau': 0.002583501394689212, 'action_delay_steps': 0, 'theta_bias': 0.0005467844406088371, 'alpha_bias': 0.0006099112802932075, 'theta_sigma': 0.00031130428966628335, 'alpha_sigma': 0.0019215776468260821, 'theta_dot_sigma': 0.0317428643066117, 'alpha_dot_sigma': 0.03490237963235344, 'encoder_quantization_rad': 4.088571088148554e-05, 'velocity_lpf': 0.25, 'process_theta_dot_sigma': 0.0, 'process_alpha_dot_sigma': 0.0}"
2146000,2,randomization_0.10,0.1,"{'level': 0.1, 'physical': {'g': 9.834035112536164, 'c_theta': 0.02837941013330855, 'c_alpha': 0.0013470474805838688, 'k_t': 0.22788823255838636, 'k_b': 0.18488813834977336, 'k_u': 0.04684723920216714, 'R': 4.382553987101591, 'm1': 0.2036065419751339, 'm2': 0.1590634373642525, 'l1cg': 0.07957683902311004, 'l1': 0.15060764076134706, 'l2cg': 0.0681947310943163, 'I1z': 0.00047351961397366265, 'I2x': 0.0003648817105557103, 'I2y': 2.3207009654036417e-05, 'I2z': 0.00035001205061647154}, 'init_theta_std_deg': 5.108546412614402, 'init_alpha_std_deg': 7.645729525863251, 'init_theta_dot_std': 0.11486369900542313, 'init_alpha_dot_std': 0.07271367700058776, 'pwm_limit': 150.3448385663123, 'pwm_gain': 0.9909240995841835, 'pwm_bias': -0.3050748733990678, 'pwm_deadzone': 0.181303959008689, 'pwm_noise_sigma': 0.13893789844260956, 'actuator_tau': 0.0020750299023992473, 'action_delay_steps': 0, 'theta_bias': -0.000956626243453492, 'alpha_bias': -0.00022104620577310786, 'theta_sigma': 0.00022874219397086027, 'alpha_sigma': 0.00016093146348308962, 'theta_dot_sigma': 0.03297624663656541, 'alpha_dot_sigma': 0.04151011249472783, 'encoder_quantization_rad': 9.676134563186412e-05, 'velocity_lpf': 0.25, 'process_theta_dot_sigma': 0.0, 'process_alpha_dot_sigma': 0.0}"
2148000,2,randomization_0.10,0.1,"{'level': 0.1, 'physical': {'g': 9.841184855853404, 'c_theta': 0.030441667028439607, 'c_alpha': 0.001217271105402597, 'k_t': 0.2347224619338368, 'k_b': 0.18790821216975312, 'k_u': 0.04813584893075972, 'R': 4.265409719545758, 'm1': 0.20249416346104204, 'm2': 0.15652340670248122, 'l1cg': 0.08012645300718534, 'l1': 0.15090926502616703, 'l2cg': 0.06712139004128394, 'I1z': 0.0005187079594654066, 'I2x': 0.0003714282518280614, 'I2y': 2.2834810100546298e-05, 'I2z': 0.00037325881135890775}, 'init_theta_std_deg': 5.197778054098985, 'init_alpha_std_deg': 8.02859313564546, 'init_theta_dot_std': 0.06444332340199074, 'init_alpha_dot_std': 0.08166259647214413, 'pwm_limit': 149.0347953581421, 'pwm_gain': 0.9969960657574081, 'pwm_bias': -0.23866583576220324, 'pwm_deadzone': 0.6346120520569246, 'pwm_noise_sigma': 0.01337196500143394, 'actuator_tau': 0.0027827586319150105, 'action_delay_steps': 0, 'theta_bias': 0.0009961298455238945, 'alpha_bias': -0.001190508945884088, 'theta_sigma': 0.00026368512073736585, 'alpha_sigma': 0.0016688151106223092, 'theta_dot_sigma': 0.019669291998604184, 'alpha_dot_sigma': 0.039467869638962774, 'encoder_quantization_rad': 0.00011110486578034665, 'velocity_lpf': 0.25, 'process_theta_dot_sigma': 0.0, 'process_alpha_dot_sigma': 0.0}"
2150000,2,randomization_0.10,0.1,"{'level': 0.1, 'physical': {'g': 9.771973197348506, 'c_theta': 0.030857524798208358, 'c_alpha': 0.000978356022533961, 'k_t': 0.2283606830766073, 'k_b': 0.18895142113976637, 'k_u': 0.04633244014832867, 'R': 4.326881638680674, 'm1': 0.2011694761381562, 'm2': 0.15694576715280237, 'l1cg': 0.07968871598461508, 'l1': 0.15145011681013812, 'l2cg': 0.06604168099831416, 'I1z': 0.0005036886377490623, 'I2x': 0.0003676107673622926, 'I2y': 2.3161939592373582e-05, 'I2z': 0.00038486155036433116}, 'init_theta_std_deg': 4.727111796501652, 'init_alpha_std_deg': 8.026189239114535, 'init_theta_dot_std': 0.1271542814315004, 'init_alpha_dot_std': 0.025384000346497404, 'pwm_limit': 147.69133009772852, 'pwm_gain': 1.0059164582447273, 'pwm_bias': 0.2927180143341241, 'pwm_deadzone': 0.1584866627596273, 'pwm_noise_sigma': 0.1007223935026478, 'actuator_tau': 0.0010044624276190116, 'action_delay_steps': 0, 'theta_bias': 0.0009843962286499943, 'alpha_bias': 0.00026732190894312373, 'theta_sigma': 0.00012773439515718148, 'alpha_sigma': 0.0016662599038436887, 'theta_dot_sigma': 0.0013146388060663449, 'alpha_dot_sigma': 0.02532301589981008, 'encoder_quantization_rad': 0.000122679500434882, 'velocity_lpf': 0.25, 'process_theta_dot_sigma': 0.0, 'process_alpha_dot_sigma': 0.0}"
2152000,2,randomization_0.10,0.1,"{'level': 0.1, 'physical': {'g': 9.81590942080723, 'c_theta': 0.030655830159714945, 'c_alpha': 0.0010876149451840083, 'k_t': 0.2303839100715286, 'k_b': 0.18332533887786953, 'k_u': 0.04573774692338526, 'R': 4.3288589367030115, 'm1': 0.20967552880631182, 'm2': 0.15948148453074004, 'l1cg': 0.0809307297927702, 'l1': 0.15101042172562099, 'l2cg': 0.06643041796080004, 'I1z': 0.000510694576145138, 'I2x': 0.0003715329492294983, 'I2y': 2.250329926548687e-05, 'I2z': 0.000358984023275692}, 'init_theta_std_deg': 5.4186343053784745, 'init_alpha_std_deg': 8.789780530337433, 'init_theta_dot_std': 0.08846403462046028, 'init_alpha_dot_std': 0.2467025530586233, 'pwm_limit': 147.28710581161297, 'pwm_gain': 0.9921395444397673, 'pwm_bias': 0.10380718704787749, 'pwm_deadzone': 0.8083642497666587, 'pwm_noise_sigma': 0.1266000030163232, 'actuator_tau': 0.0011331951375980578, 'action_delay_steps': 0, 'theta_bias': -0.0007889755281489688, 'alpha_bias': 5.4121187140967035e-05, 'theta_sigma': 0.00011113413148819072, 'alpha_sigma': 0.00015284129357439946, 'theta_dot_sigma': 0.01703001636316955, 'alpha_dot_sigma': 0.003438026966879257, 'encoder_quantization_rad': 4.65907570786982e-05, 'velocity_lpf': 0.25, 'process_theta_dot_sigma': 0.0, 'process_alpha_dot_sigma': 0.0}"
2154000,2,randomization_0.10,0.1,"{'level': 0.1, 'physical': {'g': 9.844486215535124, 'c_theta': 0.030596281304670826, 'c_alpha': 0.0009996875717256364, 'k_t': 0.2271099987336247, 'k_b': 0.1879806100593836, 'k_u': 0.047391081315151865, 'R': 4.340333472683058, 'm1': 0.20132553028241856, 'm2': 0.15758855806654462, 'l1cg': 0.0796696495412578, 'l1': 0.1525444441501305, 'l2cg': 0.06683596538455705, 'I1z': 0.0004759736158560768, 'I2x': 0.0003730805515198986, 'I2y': 2.3956578170223465e-05, 'I2z': 0.00035314450106204}, 'init_theta_std_deg': 5.012728463260829, 'init_alpha_std_deg': 8.196453725694136, 'init_theta_dot_std': 0.07554022543269583, 'init_alpha_dot_std': 0.11535653715486607, 'pwm_limit': 150.6545363294128, 'pwm_gain': 0.9984759328817162, 'pwm_bias': 0.3304999338383418, 'pwm_deadzone': 0.43537040597494037, 'pwm_noise_sigma': 0.1531340850792422, 'actuator_tau': 0.0024527699981819525, 'action_delay_steps': 0, 'theta_bias': -0.0006046119209763581, 'alpha_bias': -0.0005294304318205489, 'theta_sigma': 0.00010440360193072085, 'alpha_sigma': 0.001421721415128039, 'theta_dot_sigma': 0.0186102805901507, 'alpha_dot_sigma': 0.050626477111659726, 'encoder_quantization_rad': 1.5656864502919216e-05, 'velocity_lpf': 0.25, 'process_theta_dot_sigma': 0.0, 'process_alpha_dot_sigma': 0.0}"
2156000,2,randomization_0.10,0.1,"{'level': 0.1, 'physical': {'g': 9.764160795437999, 'c_theta': 0.03029251615642933, 'c_alpha': 0.0010194310002855222, 'k_t': 0.23264565692577543, 'k_b': 0.18618805222284368, 'k_u': 0.046087804805470374, 'R': 4.230333840962748, 'm1': 0.2055719222620446, 'm2': 0.1563049783907129, 'l1cg': 0.08045785258251265, 'l1': 0.1532748037480514, 'l2cg': 0.06563249183040193, 'I1z': 0.0004747198969703823, 'I2x': 0.00036177204139843747, 'I2y': 2.5518932717885374e-05, 'I2z': 0.00038269733786389635}, 'init_theta_std_deg': 4.908626395130124, 'init_alpha_std_deg': 8.57796800905112, 'init_theta_dot_std': 0.01956438886643401, 'init_alpha_dot_std': 0.0804316420072152, 'pwm_limit': 149.98253632865845, 'pwm_gain': 1.0092385042651417, 'pwm_bias': 0.3962550350567948, 'pwm_deadzone': 0.5961179132265623, 'pwm_noise_sigma': 0.0009031638337003046, 'actuator_tau': 0.0002978671602738754, 'action_delay_steps': 0, 'theta_bias': 0.0001219965356791597, 'alpha_bias': -0.0003506564688726174, 'theta_sigma': 9.165974554922899e-05, 'alpha_sigma': 0.001422146675062177, 'theta_dot_sigma': 0.018755129762656177, 'alpha_dot_sigma': 0.01374334904393029, 'encoder_quantization_rad': 1.2948846268850857e-05, 'velocity_lpf': 0.25, 'process_theta_dot_sigma': 0.0, 'process_alpha_dot_sigma': 0.0}"
2158000,2,randomization_0.10,0.1,"{'level': 0.1, 'physical': {'g': 9.818212775210926, 'c_theta': 0.024894846505062736, 'c_alpha': 0.0010623294971432494, 'k_t': 0.23045329394083267, 'k_b': 0.18961605228272888, 'k_u': 0.047794069632784014, 'R': 4.32578736785773, 'm1': 0.20266603967510477, 'm2': 0.1602565784244095, 'l1cg': 0.08018325405479572, 'l1': 0.15131066199079474, 'l2cg': 0.06774851788511847, 'I1z': 0.0004909086754613454, 'I2x': 0.0003728511500880665, 'I2y': 2.30992325813242e-05, 'I2z': 0.00037383926523917345}, 'init_theta_std_deg': 5.228949739890509, 'init_alpha_std_deg': 8.709199748348038, 'init_theta_dot_std': 0.007936455291893468, 'init_alpha_dot_std': 0.04649853067649687, 'pwm_limit': 150.23899321609338, 'pwm_gain': 0.996281242083809, 'pwm_bias': 0.12459210258286664, 'pwm_deadzone': 0.642201003407184, 'pwm_noise_sigma': 0.1406690663240664, 'actuator_tau': 0.0014001252784328806, 'action_delay_steps': 0, 'theta_bias': -0.00025211634309580647, 'alpha_bias': 0.0009795778036013755, 'theta_sigma': 0.0004019180238923384, 'alpha_sigma': 0.0014192319198142371, 'theta_dot_sigma': 0.03006129490902937, 'alpha_dot_sigma': 0.05245437629620086, 'encoder_quantization_rad': 8.337684065718098e-05, 'velocity_lpf': 0.25, 'process_theta_dot_sigma': 0.0, 'process_alpha_dot_sigma': 0.0}"
2160000,2,randomization_0.10,0.1,"{'level': 0.1, 'physical': {'g': 9.814162509863486, 'c_theta': 0.025644510387879627, 'c_alpha': 0.0009617781162414114, 'k_t': 0.22965601468202113, 'k_b': 0.18355509956116134, 'k_u': 0.04575078738177263, 'R': 4.28795655997514, 'm1': 0.21072041902085753, 'm2': 0.1581667227557941, 'l1cg': 0.07963238953120255, 'l1': 0.1512912075190131, 'l2cg': 0.065282496602263, 'I1z': 0.0004935022996699005, 'I2x': 0.00036567461487812473, 'I2y': 2.2732346379968736e-05, 'I2z': 0.0003622040370337647}, 'init_theta_std_deg': 4.778765627150045, 'init_alpha_std_deg': 7.67831265016491, 'init_theta_dot_std': 0.13571162704517337, 'init_alpha_dot_std': 0.032285094039848444, 'pwm_limit': 148.89119953343058, 'pwm_gain': 0.9934704695933706, 'pwm_bias': -0.27320585616598586, 'pwm_deadzone': 0.8797547596959739, 'pwm_noise_sigma': 0.19844109428474868, 'actuator_tau': 0.001779291632570051, 'action_delay_steps': 0, 'theta_bias': 0.0005314292683434981, 'alpha_bias': 0.001048687304086096, 'theta_sigma': 0.00034994258987149757, 'alpha_sigma': 0.000882001294866252, 'theta_dot_sigma': 0.003496330070068484, 'alpha_dot_sigma': 0.028776534862894575, 'encoder_quantization_rad': 7.954144650902207e-05, 'velocity_lpf': 0.25, 'process_theta_dot_sigma': 0.0, 'process_alpha_dot_sigma': 0.0}"
2162000,2,randomization_0.10,0.1,"{'level': 0.1, 'physical': {'g': 9.821845110434875, 'c_theta': 0.030280994945090775, 'c_alpha': 0.001187778921075941, 'k_t': 0.235259384965808, 'k_b': 0.19148966383940474, 'k_u': 0.04797518326963797, 'R': 4.308318665198495, 'm1': 0.20352756592347532, 'm2': 0.16032679750852974, 'l1cg': 0.07915222497841118, 'l1': 0.1531507292645953, 'l2cg': 0.06795572691879942, 'I1z': 0.0005051350521429571, 'I2x': 0.000376032306331646, 'I2y': 2.5339410801344177e-05, 'I2z': 0.0003644003621041839}, 'init_theta_std_deg': 4.7809939819049445, 'init_alpha_std_deg': 7.719924398887659, 'init_theta_dot_std': 0.11140680998146968, 'init_alpha_dot_std': 0.13358111982884532, 'pwm_limit': 148.93312174645953, 'pwm_gain': 1.0021253606750433, 'pwm_bias': -0.007546098053375073, 'pwm_deadzone': 0.2003307992731217, 'pwm_noise_sigma': 0.15508857427863532, 'actuator_tau': 0.0023901658675308467, 'action_delay_steps': 0, 'theta_bias': 5.588613251473795e-05, 'alpha_bias': -0.000747618971831601, 'theta_sigma': 0.0001271889341139092, 'alpha_sigma': 0.00021682104882864107, 'theta_dot_sigma': 0.030688289334551592, 'alpha_dot_sigma': 0.012688063341399927, 'encoder_quantization_rad': 2.6821435624123775e-05, 'velocity_lpf': 0.25, 'process_theta_dot_sigma': 0.0, 'process_alpha_dot_sigma': 0.0}"
2164000,2,randomization_0.10,0.1,"{'level': 0.1, 'physical': {'g': 9.773738931790572, 'c_theta': 0.02455301159085693, 'c_alpha': 0.0013348111325109924, 'k_t': 0.2318577285790791, 'k_b': 0.18936544301269234, 'k_u': 0.04681482569402909, 'R': 4.373199475731865, 'm1': 0.2026092062895439, 'm2': 0.16046694431186734, 'l1cg': 0.08060794175166142, 'l1': 0.15063624498510939, 'l2cg': 0.06825752177519795, 'I1z': 0.000479026552093494, 'I2x': 0.0003743059547638428, 'I2y': 2.5516682917613106e-05, 'I2z': 0.0003571487139626179}, 'init_theta_std_deg': 5.032488592287876, 'init_alpha_std_deg': 7.944310095920343, 'init_theta_dot_std': 0.011804729869077869, 'init_alpha_dot_std': 0.2345908588157365, 'pwm_limit': 147.1037299940686, 'pwm_gain': 0.999182989249405, 'pwm_bias': -0.180034682359332, 'pwm_deadzone': 0.6603499123365651, 'pwm_noise_sigma': 0.19303395696176823, 'actuator_tau': 0.0007754934484623112, 'action_delay_steps': 0, 'theta_bias': -0.0007483372847151167, 'alpha_bias': -0.00036657122595355757, 'theta_sigma': 0.0004164551970308668, 'alpha_sigma': 0.0007560585490561496, 'theta_dot_sigma': 0.013160275126102534, 'alpha_dot_sigma': 0.058146372754587665, 'encoder_quantization_rad': 6.836829036895369e-05, 'velocity_lpf': 0.25, 'process_theta_dot_sigma': 0.0, 'process_alpha_dot_sigma': 0.0}"
2166000,2,randomization_0.10,0.1,"{'level': 0.1, 'physical': {'g': 9.842447318534903, 'c_theta': 0.026328715757319644, 'c_alpha': 0.0010346566246038484, 'k_t': 0.23427950803349404, 'k_b': 0.19110141894233762, 'k_u': 0.04604268896886685, 'R': 4.345020086106758, 'm1': 0.20162259473301197, 'm2': 0.15643690969241908, 'l1cg': 0.07916808859636515, 'l1': 0.15106308260289192, 'l2cg': 0.06520896871747602, 'I1z': 0.000485253497369855, 'I2x': 0.00037376298370451246, 'I2y': 2.4235482235643085e-05, 'I2z': 0.0003876924312515671}, 'init_theta_std_deg': 5.00541241760038, 'init_alpha_std_deg': 8.059801562901518, 'init_theta_dot_std': 0.06459107489278308, 'init_alpha_dot_std': 0.15786705500860143, 'pwm_limit': 148.11061466422981, 'pwm_gain': 0.9960093086051585, 'pwm_bias': 0.3755773193797396, 'pwm_deadzone': 0.6217312146804411, 'pwm_noise_sigma': 0.07599111792968312, 'actuator_tau': 0.00030286652597449784, 'action_delay_steps': 0, 'theta_bias': 0.0002701044648700439, 'alpha_bias': -8.610322047297947e-05, 'theta_sigma': 0.00020984787270923348, 'alpha_sigma': 0.0004936287541327238, 'theta_dot_sigma': 0.01835824879084773, 'alpha_dot_sigma': 0.005748975767176531, 'encoder_quantization_rad': 5.515353125706209e-05, 'velocity_lpf': 0.25, 'process_theta_dot_sigma': 0.0, 'process_alpha_dot_sigma': 0.0}"
2168000,2,randomization_0.10,0.1,"{'level': 0.1, 'physical': {'g': 9.78464283450436, 'c_theta': 0.02461433693369781, 'c_alpha': 0.0009822532551069713, 'k_t': 0.2351882448507944, 'k_b': 0.19094857021617112, 'k_u': 0.048364255661404544, 'R': 4.30020569932699, 'm1': 0.2040795817562943, 'm2': 0.15919540317029302, 'l1cg': 0.08048246469205285, 'l1': 0.1525466746558636, 'l2cg': 0.06583425548539074, 'I1z': 0.0004995413665089366, 'I2x': 0.0003704781533656466, 'I2y': 2.333426748558877e-05, 'I2z': 0.0003544067584888722}, 'init_theta_std_deg': 5.0510029073781135, 'init_alpha_std_deg': 8.301185970004301, 'init_theta_dot_std': 0.020441265962993116, 'init_alpha_dot_std': 0.20014597988254776, 'pwm_limit': 148.2759186457852, 'pwm_gain': 1.0045755208568623, 'pwm_bias': 0.12047794124940162, 'pwm_deadzone': 0.8934493430112221, 'pwm_noise_sigma': 0.06933513065485826, 'actuator_tau': 0.00194183375221917, 'action_delay_steps': 0, 'theta_bias': -0.0007700147922540781, 'alpha_bias': 0.000953551948071656, 'theta_sigma': 0.0004649787901197356, 'alpha_sigma': 0.0003747046810308374, 'theta_dot_sigma': 0.0061397543943514645, 'alpha_dot_sigma': 0.045245380878322555, 'encoder_quantization_rad': 8.337734010519827e-06, 'velocity_lpf': 0.25, 'process_theta_dot_sigma': 0.0, 'process_alpha_dot_sigma': 0.0}"
2170000,2,randomization_0.10,0.1,"{'level': 0.1, 'physical': {'g': 9.814236250011833, 'c_theta': 0.030194404232389865, 'c_alpha': 0.0011828862408360212, 'k_t': 0.22545807933163745, 'k_b': 0.18560411045456135, 'k_u': 0.04633113133617668, 'R': 4.3322550742696055, 'm1': 0.20195088507166647, 'm2': 0.1590600681535852, 'l1cg': 0.0803653619462651, 'l1': 0.1510764457432992, 'l2cg': 0.06611289615780393, 'I1z': 0.0005170301734705558, 'I2x': 0.00036560555304091056, 'I2y': 2.3343832795409748e-05, 'I2z': 0.000380650709629834}, 'init_theta_std_deg': 5.0537332157399275, 'init_alpha_std_deg': 8.393554749374655, 'init_theta_dot_std': 0.1440389217744849, 'init_alpha_dot_std': 0.0787544177099596, 'pwm_limit': 147.33320717805645, 'pwm_gain': 1.0016951871441229, 'pwm_bias': 0.31838874958003793, 'pwm_deadzone': 0.3955524200878535, 'pwm_noise_sigma': 0.1936782866991331, 'actuator_tau': 0.000999428105435871, 'action_delay_steps': 0, 'theta_bias': 0.0005708667246425248, 'alpha_bias': 0.00020766026125163946, 'theta_sigma': 0.0002984461066131207, 'alpha_sigma': 0.0002197279936431158, 'theta_dot_sigma': 0.001317367676933227, 'alpha_dot_sigma': 0.05239674848622464, 'encoder_quantization_rad': 0.00012151882528650469, 'velocity_lpf': 0.25, 'process_theta_dot_sigma': 0.0, 'process_alpha_dot_sigma': 0.0}"
2172000,2,randomization_0.10,0.1,"{'level': 0.1, 'physical': {'g': 9.754352560535311, 'c_theta': 0.030104022852610452, 'c_alpha': 0.0013357215754941762, 'k_t': 0.23132572201930107, 'k_b': 0.18346228483742458, 'k_u': 0.04823755579409076, 'R': 4.363312533953567, 'm1': 0.20255065500202696, 'm2': 0.15846820772212364, 'l1cg': 0.07958183316940123, 'l1': 0.15338963429396485, 'l2cg': 0.0680709274705029, 'I1z': 0.0004771862611404863, 'I2x': 0.00037373887631995094, 'I2y': 2.5324055162442865e-05, 'I2z': 0.00036487901628453137}, 'init_theta_std_deg': 5.104369127268314, 'init_alpha_std_deg': 8.702270660690893, 'init_theta_dot_std': 0.10306129395824444, 'init_alpha_dot_std': 0.0010264441251259804, 'pwm_limit': 149.62313531990833, 'pwm_gain': 1.0047341100959988, 'pwm_bias': 0.019489603681728165, 'pwm_deadzone': 0.0010578772920530888, 'pwm_noise_sigma': 0.0684763881149368, 'actuator_tau': 9.599328063225787e-05, 'action_delay_steps': 0, 'theta_bias': -0.0007384743759718342, 'alpha_bias': 0.0003976958429075445, 'theta_sigma': 0.00038403423653189596, 'alpha_sigma': 9.726528402247414e-06, 'theta_dot_sigma': 0.009311531419003809, 'alpha_dot_sigma': 0.04036176402395824, 'encoder_quantization_rad': 6.820425993312191e-05, 'velocity_lpf': 0.25, 'process_theta_dot_sigma': 0.0, 'process_alpha_dot_sigma': 0.0}"
2174000,2,randomization_0.10,0.1,"{'level': 0.1, 'physical': {'g': 9.805054169511507, 'c_theta': 0.028483286379055568, 'c_alpha': 0.0010486274891617663, 'k_t': 0.23358477208382258, 'k_b': 0.19111907061319983, 'k_u': 0.045770793587891115, 'R': 4.287464838900054, 'm1': 0.20137706082763196, 'm2': 0.15920455615048365, 'l1cg': 0.08093313538445693, 'l1': 0.15277373665776708, 'l2cg': 0.06775111820025365, 'I1z': 0.0004893515218980009, 'I2x': 0.0003686167278894222, 'I2y': 2.3134822698268514e-05, 'I2z': 0.00035610217790466627}, 'init_theta_std_deg': 4.974134558357639, 'init_alpha_std_deg': 8.238791936959197, 'init_theta_dot_std': 0.034162154325658584, 'init_alpha_dot_std': 0.23517828006187275, 'pwm_limit': 149.87675402812107, 'pwm_gain': 1.005679809923, 'pwm_bias': 0.2329775146416381, 'pwm_deadzone': 0.9807940810450461, 'pwm_noise_sigma': 0.126790761856561, 'actuator_tau': 0.0015896050799355404, 'action_delay_steps': 0, 'theta_bias': 0.000801876554073252, 'alpha_bias': 0.00015293716637789648, 'theta_sigma': 0.00028842561325295176, 'alpha_sigma': 0.0010820160525469324, 'theta_dot_sigma': 0.022985166252335713, 'alpha_dot_sigma': 0.03147254587518662, 'encoder_quantization_rad': 6.556263880978099e-05, 'velocity_lpf': 0.25, 'process_theta_dot_sigma': 0.0, 'process_alpha_dot_sigma': 0.0}"
2176000,2,randomization_0.10,0.1,"{'level': 0.1, 'physical': {'g': 9.842293508551188, 'c_theta': 0.026278281301297314, 'c_alpha': 0.0011732850345205531, 'k_t': 0.2260329398984775, 'k_b': 0.18995546887308784, 'k_u': 0.048236334409056114, 'R': 4.296876621951596, 'm1': 0.20622820969569222, 'm2': 0.15867120599955514, 'l1cg': 0.07945466400120169, 'l1': 0.15098606765685538, 'l2cg': 0.06520742749835602, 'I1z': 0.0005082472249564733, 'I2x': 0.00037139344677444803, 'I2y': 2.3706320969945104e-05, 'I2z': 0.00034447651509708676}, 'init_theta_std_deg': 5.138776757204053, 'init_alpha_std_deg': 8.373198316349487, 'init_theta_dot_std': 0.01281267635635251, 'init_alpha_dot_std': 0.06504780194527715, 'pwm_limit': 147.56415304643645, 'pwm_gain': 0.9992428441216468, 'pwm_bias': 0.37756181875631967, 'pwm_deadzone': 0.45416828519663266, 'pwm_noise_sigma': 0.07185594552265846, 'actuator_tau': 0.0006032357397681435, 'action_delay_steps': 0, 'theta_bias': 0.00011065888721204554, 'alpha_bias': 0.0005546345138792192, 'theta_sigma': 9.167817779900201e-05, 'alpha_sigma': 0.0002245638515486832, 'theta_dot_sigma': 0.017660410745165736, 'alpha_dot_sigma': 0.006776641935836527, 'encoder_quantization_rad': 5.615095198969507e-05, 'velocity_lpf': 0.25, 'process_theta_dot_sigma': 0.0, 'process_alpha_dot_sigma': 0.0}"
2178000,2,randomization_0.10,0.1,"{'level': 0.1, 'physical': {'g': 9.771717825961012, 'c_theta': 0.023966587574769112, 'c_alpha': 0.0010819938771742545, 'k_t': 0.22680314332450688, 'k_b': 0.18466627109878914, 'k_u': 0.04700191061742312, 'R': 4.363983308835794, 'm1': 0.20506546844094464, 'm2': 0.15967794764875498, 'l1cg': 0.07937318090571245, 'l1': 0.15181670420889995, 'l2cg': 0.0661302727724839, 'I1z': 0.0005104404895129671, 'I2x': 0.0003707083901560362, 'I2y': 2.4520499781882192e-05, 'I2z': 0.00035455435869089847}, 'init_theta_std_deg': 5.247038634200919, 'init_alpha_std_deg': 8.750671887320141, 'init_theta_dot_std': 0.12126803581717854, 'init_alpha_dot_std': 0.05086981919589204, 'pwm_limit': 150.19162996767403, 'pwm_gain': 0.991220720964418, 'pwm_bias': -0.20586117130713727, 'pwm_deadzone': 0.9527805803162364, 'pwm_noise_sigma': 0.0551841386503142, 'actuator_tau': 0.002541826519646412, 'action_delay_steps': 0, 'theta_bias': -0.0005150866847785067, 'alpha_bias': 0.000426265856732154, 'theta_sigma': 3.0500285213504455e-05, 'alpha_sigma': 0.0007967068031715429, 'theta_dot_sigma': 0.023906849502445874, 'alpha_dot_sigma': 0.017083046117605805, 'encoder_quantization_rad': 4.514918222799964e-05, 'velocity_lpf': 0.25, 'process_theta_dot_sigma': 0.0, 'process_alpha_dot_sigma': 0.0}"
2180000,2,randomization_0.10,0.1,"{'level': 0.1, 'physical': {'g': 9.839642995748063, 'c_theta': 0.02617419453604329, 'c_alpha': 0.0010081495597953072, 'k_t': 0.23058687265593306, 'k_b': 0.18473743106680143, 'k_u': 0.047208225019591245, 'R': 4.278714236859632, 'm1': 0.20305441665296592, 'm2': 0.15915512949446534, 'l1cg': 0.07974979760740959, 'l1': 0.15322891004807213, 'l2cg': 0.06541028550553092, 'I1z': 0.0005081408597613272, 'I2x': 0.0003742446860831094, 'I2y': 2.5436803863277147e-05, 'I2z': 0.0003737117615383241}, 'init_theta_std_deg': 5.0917086873187545, 'init_alpha_std_deg': 7.905298260010674, 'init_theta_dot_std': 0.12945216982474808, 'init_alpha_dot_std': 0.08340626195513204, 'pwm_limit': 150.7198591357235, 'pwm_gain': 1.000045119494544, 'pwm_bias': -0.046604925415928825, 'pwm_deadzone': 0.3108831263186448, 'pwm_noise_sigma': 0.11438495571028191, 'actuator_tau': 0.001415957636367496, 'action_delay_steps': 0, 'theta_bias': 0.00022719739046450462, 'alpha_bias': -0.000683081303116357, 'theta_sigma': 0.00020660125809897437, 'alpha_sigma': 0.0012644566818185861, 'theta_dot_sigma': 0.006371474392157479, 'alpha_dot_sigma': 0.03037400016937245, 'encoder_quantization_rad': 1.5985751773217483e-06, 'velocity_lpf': 0.25, 'process_theta_dot_sigma': 0.0, 'process_alpha_dot_sigma': 0.0}"
2182000,2,randomization_0.10,0.1,"{'level': 0.1, 'physical': {'g': 9.837646698031097, 'c_theta': 0.025400454242021767, 'c_alpha': 0.001096246518632678, 'k_t': 0.2253665479039264, 'k_b': 0.19000689548122202, 'k_u': 0.048235207904550305, 'R': 4.279591698647326, 'm1': 0.2083217730846567, 'm2': 0.15633550865846058, 'l1cg': 0.08034562806769363, 'l1': 0.15265651322110946, 'l2cg': 0.06711109040927038, 'I1z': 0.0005221942559789133, 'I2x': 0.00037590236620727637, 'I2y': 2.3786726173854727e-05, 'I2z': 0.0003701906952754745}, 'init_theta_std_deg': 5.285777117628418, 'init_alpha_std_deg': 7.93721480570395, 'init_theta_dot_std': 0.0786495766658762, 'init_alpha_dot_std': 0.20517183273893244, 'pwm_limit': 150.36969030304095, 'pwm_gain': 1.0089332753093734, 'pwm_bias': 0.14707677069657654, 'pwm_deadzone': 0.3792362262171425, 'pwm_noise_sigma': 0.08475405653613771, 'actuator_tau': 0.0022822819446602833, 'action_delay_steps': 0, 'theta_bias': -0.0003802565413355148, 'alpha_bias': 9.384432914680217e-05, 'theta_sigma': 5.7560408711750436e-05, 'alpha_sigma': 0.0019353339109666947, 'theta_dot_sigma': 0.009472087974857142, 'alpha_dot_sigma': 0.05488387654244785, 'encoder_quantization_rad': 3.6007785947622664e-07, 'velocity_lpf': 0.25, 'process_theta_dot_sigma': 0.0, 'process_alpha_dot_sigma': 0.0}"
2184000,2,randomization_0.10,0.1,"{'level': 0.1, 'physical': {'g': 9.848350878679863, 'c_theta': 0.02980412058496919, 'c_alpha': 0.001031090531024574, 'k_t': 0.23032783774165688, 'k_b': 0.1829332584598988, 'k_u': 0.04624485478599104, 'R': 4.225126744517592, 'm1': 0.20581764905991923, 'm2': 0.1589749440152892, 'l1cg': 0.07949888470024809, 'l1': 0.1531485930604879, 'l2cg': 0.06783446869197211, 'I1z': 0.000511797476686373, 'I2x': 0.0003735114128542642, 'I2y': 2.4780167083870075e-05, 'I2z': 0.0003720257851106692}, 'init_theta_std_deg': 5.069493277122681, 'init_alpha_std_deg': 7.71291952725385, 'init_theta_dot_std': 0.12118619034169237, 'init_alpha_dot_std': 0.17165658411745777, 'pwm_limit': 149.0406874232825, 'pwm_gain': 1.0043767276113178, 'pwm_bias': -0.3045559086514744, 'pwm_deadzone': 0.09958997325503094, 'pwm_noise_sigma': 0.05054765813063991, 'actuator_tau': 0.000321434347906001, 'action_delay_steps': 0, 'theta_bias': 0.0001929161522349505, 'alpha_bias': -0.00032090982065262444, 'theta_sigma': 0.0005106938968592823, 'alpha_sigma': 0.001403523234163247, 'theta_dot_sigma': 0.02756822338382146, 'alpha_dot_sigma': 0.04676470701903963, 'encoder_quantization_rad': 2.3085441240773875e-05, 'velocity_lpf': 0.25, 'process_theta_dot_sigma': 0.0, 'process_alpha_dot_sigma': 0.0}"
2186000,2,randomization_0.10,0.1,"{'level': 0.1, 'physical': {'g': 9.778243063343181, 'c_theta': 0.029687216801707786, 'c_alpha': 0.0009986950377496478, 'k_t': 0.22947726136917274, 'k_b': 0.18481928129178987, 'k_u': 0.0484083190891265, 'R': 4.358063940392835, 'm1': 0.20780636006697015, 'm2': 0.16038961537136354, 'l1cg': 0.08042813214884142, 'l1': 0.15054623281679605, 'l2cg': 0.06772593759424976, 'I1z': 0.0004919506121118714, 'I2x': 0.00036772905655551365, 'I2y': 2.2987174317079104e-05, 'I2z': 0.00036104808660548135}, 'init_theta_std_deg': 5.164849056376168, 'init_alpha_std_deg': 7.618562328283288, 'init_theta_dot_std': 0.14672531872296118, 'init_alpha_dot_std': 0.07070071979597131, 'pwm_limit': 147.03325107602546, 'pwm_gain': 0.9941895133369338, 'pwm_bias': 0.08517712974171232, 'pwm_deadzone': 0.6069617810600083, 'pwm_noise_sigma': 0.11763509227744602, 'actuator_tau': 0.0012208209086796524, 'action_delay_steps': 0, 'theta_bias': -0.0009653117269480183, 'alpha_bias': -0.000343844014916912, 'theta_sigma': 0.00019110531942966784, 'alpha_sigma': 0.0008416535291474723, 'theta_dot_sigma': 0.016370854544954485, 'alpha_dot_sigma': 0.03372691974925609, 'encoder_quantization_rad': 0.00014298012855379054, 'velocity_lpf': 0.25, 'process_theta_dot_sigma': 0.0, 'process_alpha_dot_sigma': 0.0}"
2188000,2,randomization_0.10,0.1,"{'level': 0.1, 'physical': {'g': 9.773954516641432, 'c_theta': 0.026299167154044952, 'c_alpha': 0.0011522238851667183, 'k_t': 0.23506589060897778, 'k_b': 0.19053200032336398, 'k_u': 0.046227804925754463, 'R': 4.336715371044973, 'm1': 0.2059360427611232, 'm2': 0.1601369708614241, 'l1cg': 0.07991413231256729, 'l1': 0.15282988432983105, 'l2cg': 0.06771335268763003, 'I1z': 0.00047537248466264585, 'I2x': 0.0003724647388868517, 'I2y': 2.5390997859712935e-05, 'I2z': 0.00037021036374167756}, 'init_theta_std_deg': 5.295486822311171, 'init_alpha_std_deg': 8.640573336968249, 'init_theta_dot_std': 0.09616183865197916, 'init_alpha_dot_std': 0.23583733855155542, 'pwm_limit': 147.60488800116173, 'pwm_gain': 1.0045417370896363, 'pwm_bias': -0.15966714519638503, 'pwm_deadzone': 0.8779859475782681, 'pwm_noise_sigma': 0.08984127697056934, 'actuator_tau': 0.0024916549401344024, 'action_delay_steps': 0, 'theta_bias': 0.0006478722418347114, 'alpha_bias': -0.00042501927852224114, 'theta_sigma': 0.00048298115348268273, 'alpha_sigma': 0.0013487331800334005, 'theta_dot_sigma': 0.004120840610555065, 'alpha_dot_sigma': 0.046845938268986954, 'encoder_quantization_rad': 1.877468284297444e-05, 'velocity_lpf': 0.25, 'process_theta_dot_sigma': 0.0, 'process_alpha_dot_sigma': 0.0}"
2190000,2,randomization_0.10,0.1,"{'level': 0.1, 'physical': {'g': 9.82907570624294, 'c_theta': 0.026241336982405924, 'c_alpha': 0.00107486880202991, 'k_t': 0.2252482831368175, 'k_b': 0.19025519615600833, 'k_u': 0.04817398911254569, 'R': 4.204749383787142, 'm1': 0.20376767318772868, 'm2': 0.16080415191755015, 'l1cg': 0.08080171833041758, 'l1': 0.15320972673599198, 'l2cg': 0.06506587291619105, 'I1z': 0.0005053319853343611, 'I2x': 0.0003739279218452605, 'I2y': 2.5269407891862882e-05, 'I2z': 0.00037828419207559734}, 'init_theta_std_deg': 5.434597499873617, 'init_alpha_std_deg': 8.352258480839193, 'init_theta_dot_std': 0.10138385726938011, 'init_alpha_dot_std': 0.20961925616231203, 'pwm_limit': 150.51425452100435, 'pwm_gain': 0.9992533434541676, 'pwm_bias': 0.047962802943177785, 'pwm_deadzone': 0.25470960475921434, 'pwm_noise_sigma': 0.02393969029484118, 'actuator_tau': 0.0005515029466419157, 'action_delay_steps': 0, 'theta_bias': 0.0002757001428845585, 'alpha_bias': -0.00027616448677412504, 'theta_sigma': 3.331745588602957e-05, 'alpha_sigma': 0.0007550965733742772, 'theta_dot_sigma': 0.010499902133554466, 'alpha_dot_sigma': 0.0006436658599264189, 'encoder_quantization_rad': 5.045493657101116e-05, 'velocity_lpf': 0.25, 'process_theta_dot_sigma': 0.0, 'process_alpha_dot_sigma': 0.0}"
2192000,2,randomization_0.10,0.1,"{'level': 0.1, 'physical': {'g': 9.831044417267517, 'c_theta': 0.026860094487760507, 'c_alpha': 0.0009493691196983069, 'k_t': 0.22595665473075036, 'k_b': 0.1892978020801301, 'k_u': 0.0458915315158309, 'R': 4.287839475511221, 'm1': 0.21043442172408114, 'm2': 0.1574445738446985, 'l1cg': 0.08051493494606371, 'l1': 0.1509040195378042, 'l2cg': 0.0670816203201191, 'I1z': 0.0005177737319359863, 'I2x': 0.00036894271838334785, 'I2y': 2.2480533076845834e-05, 'I2z': 0.00035174674627615286}, 'init_theta_std_deg': 5.012205779529288, 'init_alpha_std_deg': 7.9611134829783134, 'init_theta_dot_std': 0.07822968421125753, 'init_alpha_dot_std': 0.2378760996176475, 'pwm_limit': 147.8705130191604, 'pwm_gain': 0.9976271933356946, 'pwm_bias': 0.1360597619313344, 'pwm_deadzone': 0.9298264775840392, 'pwm_noise_sigma': 0.08202496052776048, 'actuator_tau': 0.0006262921549419242, 'action_delay_steps': 0, 'theta_bias': -3.2896871495705637e-05, 'alpha_bias': -0.00010976536104273205, 'theta_sigma': 0.00039604710473724645, 'alpha_sigma': 0.0013523137055876265, 'theta_dot_sigma': 0.0013021998614363283, 'alpha_dot_sigma': 0.05053913104510747, 'encoder_quantization_rad': 0.00010698579732450468, 'velocity_lpf': 0.25, 'process_theta_dot_sigma': 0.0, 'process_alpha_dot_sigma': 0.0}"
2194000,2,randomization_0.10,0.1,"{'level': 0.1, 'physical': {'g': 9.772703365195614, 'c_theta': 0.031101657778484365, 'c_alpha': 0.0011460291308596378, 'k_t': 0.22731022838094628, 'k_b': 0.18592986102723247, 'k_u': 0.04565269855027342, 'R': 4.31547576746409, 'm1': 0.2074828205443929, 'm2': 0.15735947479923348, 'l1cg': 0.07939584892687886, 'l1': 0.15336449512316827, 'l2cg': 0.06642804398630825, 'I1z': 0.0004981493794749061, 'I2x': 0.0003659599254881817, 'I2y': 2.444141547456866e-05, 'I2z': 0.000364852640086744}, 'init_theta_std_deg': 5.332887637165699, 'init_alpha_std_deg': 7.644623041020967, 'init_theta_dot_std': 0.04186504002757236, 'init_alpha_dot_std': 0.16404101354100575, 'pwm_limit': 148.2173257883469, 'pwm_gain': 0.9908630215842436, 'pwm_bias': -0.12394907708807415, 'pwm_deadzone': 0.8164269796604331, 'pwm_noise_sigma': 0.04110115506736012, 'actuator_tau': 0.0014845799108472873, 'action_delay_steps': 0, 'theta_bias': -0.000620136438848442, 'alpha_bias': 0.0008232320398411658, 'theta_sigma': 0.00021120193553942335, 'alpha_sigma': 0.000408109808673351, 'theta_dot_sigma': 0.01953276975062292, 'alpha_dot_sigma': 0.02726639772190669, 'encoder_quantization_rad': 9.106648833979665e-05, 'velocity_lpf': 0.25, 'process_theta_dot_sigma': 0.0, 'process_alpha_dot_sigma': 0.0}"
2196000,2,randomization_0.10,0.1,"{'level': 0.1, 'physical': {'g': 9.785859291682636, 'c_theta': 0.029026810036924696, 'c_alpha': 0.001058326899704493, 'k_t': 0.23500250149550195, 'k_b': 0.18810603655852398, 'k_u': 0.04615776078464861, 'R': 4.333567556024827, 'm1': 0.20941269181849334, 'm2': 0.15617540185483728, 'l1cg': 0.07938209155200548, 'l1': 0.15225190866935054, 'l2cg': 0.0675531780281219, 'I1z': 0.0004811992590748187, 'I2x': 0.00037120234449391034, 'I2y': 2.4744564174220354e-05, 'I2z': 0.00036596415907904376}, 'init_theta_std_deg': 4.721225713509594, 'init_alpha_std_deg': 7.648657820066375, 'init_theta_dot_std': 0.10020021569189913, 'init_alpha_dot_std': 0.08424311520241715, 'pwm_limit': 147.6060289657222, 'pwm_gain': 0.9947185512202479, 'pwm_bias': -0.33232248498648387, 'pwm_deadzone': 0.48105495215122773, 'pwm_noise_sigma': 0.17715117593174234, 'actuator_tau': 0.0029610452244875265, 'action_delay_steps': 0, 'theta_bias': -0.00019911200241722637, 'alpha_bias': -0.0009467710515834377, 'theta_sigma': 0.00030519147162525167, 'alpha_sigma': 0.0013232600260621296, 'theta_dot_sigma': 0.026425908792201736, 'alpha_dot_sigma': 0.05260158177679341, 'encoder_quantization_rad': 2.0811686998480353e-07, 'velocity_lpf': 0.25399227409765435, 'process_theta_dot_sigma': 0.0, 'process_alpha_dot_sigma': 0.0}"
2198000,2,randomization_0.10,0.1,"{'level': 0.1, 'physical': {'g': 9.789981287650017, 'c_theta': 0.028622850221573327, 'c_alpha': 0.001231979960083114, 'k_t': 0.23572025610448205, 'k_b': 0.1910825451032314, 'k_u': 0.04843683421734261, 'R': 4.229768705161134, 'm1': 0.20411779718029857, 'm2': 0.15917840871736819, 'l1cg': 0.08136196664248292, 'l1': 0.1517156774275237, 'l2cg': 0.06785189375934866, 'I1z': 0.0005078494228336822, 'I2x': 0.0003760848429453398, 'I2y': 2.486921679226539e-05, 'I2z': 0.0003485941619635972}, 'init_theta_std_deg': 4.807553978666778, 'init_alpha_std_deg': 8.657856787601641, 'init_theta_dot_std': 0.07841105805391874, 'init_alpha_dot_std': 0.03525463499389994, 'pwm_limit': 149.3823255514812, 'pwm_gain': 1.0079494762963013, 'pwm_bias': -0.3791003781521911, 'pwm_deadzone': 0.5738172311019715, 'pwm_noise_sigma': 0.05831030667811548, 'actuator_tau': 0.001213609395193072, 'action_delay_steps': 0, 'theta_bias': 0.00017406726790127248, 'alpha_bias': -0.0007575465854818085, 'theta_sigma': 0.0003167762168916911, 'alpha_sigma': 0.0010676096570183776, 'theta_dot_sigma': 0.012959396830540284, 'alpha_dot_sigma': 0.014029951213131841, 'encoder_quantization_rad': 0.00012250854337804402, 'velocity_lpf': 0.25, 'process_theta_dot_sigma': 0.0, 'process_alpha_dot_sigma': 0.0}"
2200000,2,randomization_0.10,0.1,"{'level': 0.1, 'physical': {'g': 9.756373073058919, 'c_theta': 0.024220463458295132, 'c_alpha': 0.0011503037555065062, 'k_t': 0.234568954228061, 'k_b': 0.19027287160955397, 'k_u': 0.047507022317330595, 'R': 4.223260206800251, 'm1': 0.21009359804958547, 'm2': 0.15816581981966094, 'l1cg': 0.0812993576742169, 'l1': 0.15304469916874167, 'l2cg': 0.06662257668772403, 'I1z': 0.0004773597194310509, 'I2x': 0.000365965574475421, 'I2y': 2.451358087353835e-05, 'I2z': 0.0003743952390264364}, 'init_theta_std_deg': 5.349242597789256, 'init_alpha_std_deg': 7.871537640721497, 'init_theta_dot_std': 0.0948907639590721, 'init_alpha_dot_std': 0.1340142272248589, 'pwm_limit': 148.93579466641552, 'pwm_gain': 0.9919581996594617, 'pwm_bias': 0.16130811239049248, 'pwm_deadzone': 0.9344067590412399, 'pwm_noise_sigma': 0.17705876804439258, 'actuator_tau': 0.0010902836535546618, 'action_delay_steps': 0, 'theta_bias': -5.2692961971831046e-05, 'alpha_bias': -0.0011840515420005113, 'theta_sigma': 0.00043976047165534404, 'alpha_sigma': 0.00024404225337124074, 'theta_dot_sigma': 0.01144028609252162, 'alpha_dot_sigma': 0.018021194017772576, 'encoder_quantization_rad': 0.00014628670918176488, 'velocity_lpf': 0.25, 'process_theta_dot_sigma': 0.0, 'process_alpha_dot_sigma': 0.0}"
2202000,2,randomization_0.10,0.1,"{'level': 0.1, 'physical': {'g': 9.753075487214973, 'c_theta': 0.028761351661448747, 'c_alpha': 0.0010628044797642722, 'k_t': 0.23623534263865587, 'k_b': 0.18777478854318497, 'k_u': 0.048183889134591366, 'R': 4.23460126842158, 'm1': 0.2072121451256582, 'm2': 0.15735165033503104, 'l1cg': 0.07929318068545332, 'l1': 0.1517344052870185, 'l2cg': 0.06521684745300806, 'I1z': 0.0005111961886819438, 'I2x': 0.0003683444860176341, 'I2y': 2.2696622364026296e-05, 'I2z': 0.000375796706457489}, 'init_theta_std_deg': 5.36285744473119, 'init_alpha_std_deg': 7.8489384196585545, 'init_theta_dot_std': 0.1415082559324041, 'init_alpha_dot_std': 0.068328950426016, 'pwm_limit': 149.43141267336617, 'pwm_gain': 0.9992647667221894, 'pwm_bias': -0.09954390418592017, 'pwm_deadzone': 0.6813398336132002, 'pwm_noise_sigma': 0.07709344253219692, 'actuator_tau': 0.0007807956392058598, 'action_delay_steps': 0, 'theta_bias': -0.0005136321635161602, 'alpha_bias': -0.00027017628546442804, 'theta_sigma': 0.0005075947790664832, 'alpha_sigma': 9.728317503667338e-05, 'theta_dot_sigma': 0.008550936192026536, 'alpha_dot_sigma': 0.05086057023378585, 'encoder_quantization_rad': 1.620753872522784e-05, 'velocity_lpf': 0.25, 'process_theta_dot_sigma': 0.0, 'process_alpha_dot_sigma': 0.0}"
2204000,2,randomization_0.10,0.1,"{'level': 0.1, 'physical': {'g': 9.803232073973845, 'c_theta': 0.02589298565813135, 'c_alpha': 0.0010884940859172566, 'k_t': 0.235884585554264, 'k_b': 0.1870490061306433, 'k_u': 0.04824810423676334, 'R': 4.225190486300896, 'm1': 0.2053432349830258, 'm2': 0.1601222312069701, 'l1cg': 0.07967710996400694, 'l1': 0.15129292452504942, 'l2cg': 0.06839072618489013, 'I1z': 0.0005098667581704882, 'I2x': 0.00037305491805646694, 'I2y': 2.3858717650048157e-05, 'I2z': 0.00036136130658320716}, 'init_theta_std_deg': 5.4396327766166745, 'init_alpha_std_deg': 8.646111478182906, 'init_theta_dot_std': 0.08742604176401376, 'init_alpha_dot_std': 0.1699519273852581, 'pwm_limit': 147.75564844981713, 'pwm_gain': 0.9944029537456089, 'pwm_bias': 0.256851423660257, 'pwm_deadzone': 0.7896475608990168, 'pwm_noise_sigma': 0.1300868907453384, 'actuator_tau': 0.0008854407209713414, 'action_delay_steps': 0, 'theta_bias': 0.00014255140583276373, 'alpha_bias': -0.0007092922513219447, 'theta_sigma': 0.0004874975360343328, 'alpha_sigma': 0.001513611040043254, 'theta_dot_sigma': 0.032406481332796125, 'alpha_dot_sigma': 0.03426566448864364, 'encoder_quantization_rad': 7.25966281823444e-05, 'velocity_lpf': 0.25, 'process_theta_dot_sigma': 0.0, 'process_alpha_dot_sigma': 0.0}"
2206000,2,randomization_0.10,0.1,"{'level': 0.1, 'physical': {'g': 9.786866050127466, 'c_theta': 0.031094540408753098, 'c_alpha': 0.0010749657528386653, 'k_t': 0.22737828592826653, 'k_b': 0.18308776836778934, 'k_u': 0.048295884065147225, 'R': 4.363243233114604, 'm1': 0.20370989343523369, 'm2': 0.16005086536427907, 'l1cg': 0.08028458521053604, 'l1': 0.15120614547579503, 'l2cg': 0.06525077486040295, 'I1z': 0.000499002666340903, 'I2x': 0.00036983441478302215, 'I2y': 2.4516737416744547e-05, 'I2z': 0.00035076075167689595}, 'init_theta_std_deg': 5.497143143063018, 'init_alpha_std_deg': 8.414970371099225, 'init_theta_dot_std': 0.14594602171398716, 'init_alpha_dot_std': 0.03315927329399934, 'pwm_limit': 147.31071296857772, 'pwm_gain': 0.9953805127438008, 'pwm_bias': -0.045248474240738905, 'pwm_deadzone': 0.1666183227533794, 'pwm_noise_sigma': 0.08353413131287989, 'actuator_tau': 0.0001266593486629528, 'action_delay_steps': 0, 'theta_bias': 0.0006943412194416938, 'alpha_bias': 0.0008740105234079136, 'theta_sigma': 0.0005266094971232214, 'alpha_sigma': 4.311170130452968e-05, 'theta_dot_sigma': 0.012139521787806007, 'alpha_dot_sigma': 0.026712273392161857, 'encoder_quantization_rad': 0.00012808890059424588, 'velocity_lpf': 0.25, 'process_theta_dot_sigma': 0.0, 'process_alpha_dot_sigma': 0.0}"
2208000,2,randomization_0.10,0.1,"{'level': 0.1, 'physical': {'g': 9.756726605008884, 'c_theta': 0.02719144604240489, 'c_alpha': 0.0012377468308196872, 'k_t': 0.23040374928533663, 'k_b': 0.191862874601968, 'k_u': 0.04755641213818508, 'R': 4.202428053317588, 'm1': 0.21087953594619568, 'm2': 0.15761035666001774, 'l1cg': 0.07984534655512979, 'l1': 0.15279984823283074, 'l2cg': 0.06543403177878965, 'I1z': 0.0005168718926832981, 'I2x': 0.00037621917542633574, 'I2y': 2.3678621638034257e-05, 'I2z': 0.00037193605000402296}, 'init_theta_std_deg': 5.491702294939736, 'init_alpha_std_deg': 7.616453375502751, 'init_theta_dot_std': 0.11979068936749176, 'init_alpha_dot_std': 0.05671468637113284, 'pwm_limit': 150.49364204575133, 'pwm_gain': 0.9946056951594149, 'pwm_bias': 0.1695939568333584, 'pwm_deadzone': 0.4113513089416897, 'pwm_noise_sigma': 0.0037871765164892105, 'actuator_tau': 0.0018877329885345863, 'action_delay_steps': 0, 'theta_bias': -9.466296895936188e-05, 'alpha_bias': 0.0008662940377943857, 'theta_sigma': 0.0004681729781178586, 'alpha_sigma': 3.411402795266194e-05, 'theta_dot_sigma': 0.02041484655991124, 'alpha_dot_sigma': 0.009443870866942018, 'encoder_quantization_rad': 4.078050297987979e-06, 'velocity_lpf': 0.25, 'process_theta_dot_sigma': 0.0, 'process_alpha_dot_sigma': 0.0}"
2210000,2,randomization_0.10,0.1,"{'level': 0.1, 'physical': {'g': 9.802378794408535, 'c_theta': 0.031070350425715633, 'c_alpha': 0.0009852526698309063, 'k_t': 0.22920485935923035, 'k_b': 0.19132691810010366, 'k_u': 0.0477279889156757, 'R': 4.301732061340527, 'm1': 0.20944019358095636, 'm2': 0.1563401389704801, 'l1cg': 0.07999733108987749, 'l1': 0.15114698030705553, 'l2cg': 0.06506717786537293, 'I1z': 0.0004765168891083548, 'I2x': 0.00036328243318522444, 'I2y': 2.426375227762615e-05, 'I2z': 0.000351205814401967}, 'init_theta_std_deg': 5.461569864395078, 'init_alpha_std_deg': 7.632297862076123, 'init_theta_dot_std': 0.006609679773194716, 'init_alpha_dot_std': 0.03225575424274518, 'pwm_limit': 148.66073603351848, 'pwm_gain': 1.0087223712560458, 'pwm_bias': 0.19970117511660668, 'pwm_deadzone': 0.23830624764151387, 'pwm_noise_sigma': 0.08896082512039512, 'actuator_tau': 0.0011265252617767073, 'action_delay_steps': 0, 'theta_bias': -0.0009773093803891997, 'alpha_bias': 0.0008134105481943348, 'theta_sigma': 0.0005384494898340431, 'alpha_sigma': 0.0007336692822653854, 'theta_dot_sigma': 0.017901539252325294, 'alpha_dot_sigma': 0.03204047940178282, 'encoder_quantization_rad': 5.263267622190256e-05, 'velocity_lpf': 0.25, 'process_theta_dot_sigma': 0.0, 'process_alpha_dot_sigma': 0.0}"
2212000,2,randomization_0.10,0.1,"{'level': 0.1, 'physical': {'g': 9.84161439529379, 'c_theta': 0.02984075751803508, 'c_alpha': 0.0009255144470162382, 'k_t': 0.23646355207519879, 'k_b': 0.18325377341837773, 'k_u': 0.046810720103066965, 'R': 4.275342833199604, 'm1': 0.20409650097187393, 'm2': 0.1569904064860181, 'l1cg': 0.0804440207856418, 'l1': 0.15254098091793442, 'l2cg': 0.06789216867560789, 'I1z': 0.00048193560183349126, 'I2x': 0.00036806349773061255, 'I2y': 2.4541201413681158e-05, 'I2z': 0.00038900734820676076}, 'init_theta_std_deg': 5.082795261694474, 'init_alpha_std_deg': 7.732997187813371, 'init_theta_dot_std': 0.1303788753069446, 'init_alpha_dot_std': 0.21153728128038246, 'pwm_limit': 149.59991880009275, 'pwm_gain': 1.0064738287683554, 'pwm_bias': 0.32798031332359223, 'pwm_deadzone': 0.016714105768474985, 'pwm_noise_sigma': 0.12215236697384009, 'actuator_tau': 0.0028285607414402494, 'action_delay_steps': 0, 'theta_bias': -0.00024836691895709697, 'alpha_bias': 0.0011147020285298822, 'theta_sigma': 0.0004572270888455765, 'alpha_sigma': 0.0008807138369746817, 'theta_dot_sigma': 0.00037596236178779436, 'alpha_dot_sigma': 0.01746279761589454, 'encoder_quantization_rad': 4.377681622802634e-05, 'velocity_lpf': 0.25, 'process_theta_dot_sigma': 0.0, 'process_alpha_dot_sigma': 0.0}"
2214000,2,randomization_0.10,0.1,"{'level': 0.1, 'physical': {'g': 9.777932121686836, 'c_theta': 0.028046373682067572, 'c_alpha': 0.0013456093942770002, 'k_t': 0.22751724656503802, 'k_b': 0.1833642166556033, 'k_u': 0.04766954937896105, 'R': 4.234396967239478, 'm1': 0.20298359931953583, 'm2': 0.15907342139480213, 'l1cg': 0.07994823218847162, 'l1': 0.15124758139151157, 'l2cg': 0.06553863929277005, 'I1z': 0.0005218685326193455, 'I2x': 0.00037367224629153656, 'I2y': 2.3070543945271103e-05, 'I2z': 0.00034375975040936926}, 'init_theta_std_deg': 4.792417486961844, 'init_alpha_std_deg': 8.18821002155688, 'init_theta_dot_std': 0.04567082748515222, 'init_alpha_dot_std': 0.08241515238519015, 'pwm_limit': 148.44322247130032, 'pwm_gain': 1.0050325065643833, 'pwm_bias': 0.08069480519950085, 'pwm_deadzone': 0.11702957930098623, 'pwm_noise_sigma': 0.1893740893174219, 'actuator_tau': 0.0006196167562145159, 'action_delay_steps': 0, 'theta_bias': -0.0007660949246436831, 'alpha_bias': 0.00044846147463978634, 'theta_sigma': 0.00020940499757923838, 'alpha_sigma': 0.0010249437456372752, 'theta_dot_sigma': 0.03288673819300925, 'alpha_dot_sigma': 0.03765234430954122, 'encoder_quantization_rad': 0.00014806511918623427, 'velocity_lpf': 0.25, 'process_theta_dot_sigma': 0.0, 'process_alpha_dot_sigma': 0.0}"
2216000,2,randomization_0.10,0.1,"{'level': 0.1, 'physical': {'g': 9.803122902034069, 'c_theta': 0.02452919857634535, 'c_alpha': 0.0009434176219487254, 'k_t': 0.2283122473904964, 'k_b': 0.19012981485744973, 'k_u': 0.04598097898672386, 'R': 4.298642719685715, 'm1': 0.20796525034300922, 'm2': 0.15756997588445704, 'l1cg': 0.0800983042132935, 'l1': 0.15206328536335179, 'l2cg': 0.0673301177000224, 'I1z': 0.0004932410566949167, 'I2x': 0.00037344062144182167, 'I2y': 2.2883054686260428e-05, 'I2z': 0.00038090372096589835}, 'init_theta_std_deg': 4.887111047571105, 'init_alpha_std_deg': 8.603357724468738, 'init_theta_dot_std': 0.02030432222474316, 'init_alpha_dot_std': 0.011795882102083988, 'pwm_limit': 147.7181772815078, 'pwm_gain': 1.0053249796434378, 'pwm_bias': 0.3440564816571028, 'pwm_deadzone': 0.9749359475048838, 'pwm_noise_sigma': 0.10810042648089316, 'actuator_tau': 0.0003281723741154122, 'action_delay_steps': 0, 'theta_bias': -0.0005668836715050518, 'alpha_bias': 0.00036120213005026946, 'theta_sigma': 0.00037684715879278586, 'alpha_sigma': 7.140191310589916e-05, 'theta_dot_sigma': 0.024277471386637786, 'alpha_dot_sigma': 0.01611395574129376, 'encoder_quantization_rad': 6.33864562156937e-05, 'velocity_lpf': 0.24857694158624027, 'process_theta_dot_sigma': 0.0, 'process_alpha_dot_sigma': 0.0}"
2218000,2,randomization_0.10,0.1,"{'level': 0.1, 'physical': {'g': 9.75347353728145, 'c_theta': 0.02551933599314804, 'c_alpha': 0.0009966179812874686, 'k_t': 0.23357529658938464, 'k_b': 0.1849347744850917, 'k_u': 0.046177213842197466, 'R': 4.371041001256957, 'm1': 0.20804709109605554, 'm2': 0.16059391385567004, 'l1cg': 0.07956804313933752, 'l1': 0.1531200963907792, 'l2cg': 0.06586016634461576, 'I1z': 0.0004839542195696095, 'I2x': 0.0003697775921851225, 'I2y': 2.5154283283988606e-05, 'I2z': 0.0003687833463870213}, 'init_theta_std_deg': 5.277739615076564, 'init_alpha_std_deg': 8.189946067880701, 'init_theta_dot_std': 0.1278716215516301, 'init_alpha_dot_std': 0.22254724857425542, 'pwm_limit': 148.50942189751385, 'pwm_gain': 0.9918034542815763, 'pwm_bias': 0.37139518145860867, 'pwm_deadzone': 0.11429577335871366, 'pwm_noise_sigma': 0.047782617058035326, 'actuator_tau': 0.002289008849774909, 'action_delay_steps': 0, 'theta_bias': -0.0006737800720767701, 'alpha_bias': -5.464467705263516e-05, 'theta_sigma': 0.0005010421466265029, 'alpha_sigma': 0.0013704192287788937, 'theta_dot_sigma': 0.027212501355963477, 'alpha_dot_sigma': 0.05152924348525416, 'encoder_quantization_rad': 5.543347500815624e-05, 'velocity_lpf': 0.25, 'process_theta_dot_sigma': 0.0, 'process_alpha_dot_sigma': 0.0}"
2220000,2,randomization_0.10,0.1,"{'level': 0.1, 'physical': {'g': 9.773464130002123, 'c_theta': 0.030692658865948342, 'c_alpha': 0.0010440457923888223, 'k_t': 0.23459967274847915, 'k_b': 0.18474235143278964, 'k_u': 0.046445434869132156, 'R': 4.321754186644282, 'm1': 0.21004294464608889, 'm2': 0.16027935424334772, 'l1cg': 0.07917803589836045, 'l1': 0.15315263865920734, 'l2cg': 0.0675650065505237, 'I1z': 0.0005112548115248678, 'I2x': 0.0003719067894119032, 'I2y': 2.4486601403013783e-05, 'I2z': 0.0003561986034669515}, 'init_theta_std_deg': 5.034173715711914, 'init_alpha_std_deg': 7.676706164561922, 'init_theta_dot_std': 0.03018123381164621, 'init_alpha_dot_std': 0.11469147233528967, 'pwm_limit': 147.22904572835574, 'pwm_gain': 1.00679948530745, 'pwm_bias': -0.18214056123542896, 'pwm_deadzone': 0.17855037938789842, 'pwm_noise_sigma': 0.13208446120936054, 'actuator_tau': 0.000673335162695621, 'action_delay_steps': 0, 'theta_bias': -0.00026718327350385487, 'alpha_bias': -4.5196702948640695e-05, 'theta_sigma': 0.0004647455537249186, 'alpha_sigma': 0.0011957921368461806, 'theta_dot_sigma': 0.00791011688676531, 'alpha_dot_sigma': 0.04147874539956223, 'encoder_quantization_rad': 2.1336452222730468e-05, 'velocity_lpf': 0.25, 'process_theta_dot_sigma': 0.0, 'process_alpha_dot_sigma': 0.0}"
2222000,2,randomization_0.10,0.1,"{'level': 0.1, 'physical': {'g': 9.811479206017724, 'c_theta': 0.030254091701804587, 'c_alpha': 0.0010571206831961639, 'k_t': 0.2294392748117607, 'k_b': 0.1840211320009761, 'k_u': 0.04818495733712449, 'R': 4.372499848752764, 'm1': 0.20175945244179028, 'm2': 0.15976449594019868, 'l1cg': 0.08149100263154753, 'l1': 0.15269802125143067, 'l2cg': 0.06575672210183303, 'I1z': 0.0005219323238189437, 'I2x': 0.00036320526176613553, 'I2y': 2.3806489266811495e-05, 'I2z': 0.0003455284159779796}, 'init_theta_std_deg': 5.117085048920517, 'init_alpha_std_deg': 8.187387520825084, 'init_theta_dot_std': 0.004814204838076214, 'init_alpha_dot_std': 0.10007387290912702, 'pwm_limit': 150.73952944581893, 'pwm_gain': 1.0027794592245853, 'pwm_bias': 0.04039391379564279, 'pwm_deadzone': 0.3486721885393599, 'pwm_noise_sigma': 0.11022053320045469, 'actuator_tau': 0.0006897766947773446, 'action_delay_steps': 0, 'theta_bias': 0.0002857017908037456, 'alpha_bias': 0.00047132955220825594, 'theta_sigma': 0.00038514337461908435, 'alpha_sigma': 0.0009227889760512904, 'theta_dot_sigma': 0.010303248225292404, 'alpha_dot_sigma': 0.026898738332564048, 'encoder_quantization_rad': 0.0001303686033834762, 'velocity_lpf': 0.25, 'process_theta_dot_sigma': 0.0, 'process_alpha_dot_sigma': 0.0}"
2224000,2,randomization_0.10,0.1,"{'level': 0.1, 'physical': {'g': 9.772541724458982, 'c_theta': 0.024378098162739587, 'c_alpha': 0.0010143178219991467, 'k_t': 0.2268418172988437, 'k_b': 0.18423605115042255, 'k_u': 0.0470109633357253, 'R': 4.22427638917776, 'm1': 0.2095334853897594, 'm2': 0.15845278911358904, 'l1cg': 0.0795350085221008, 'l1': 0.15338513969964815, 'l2cg': 0.06745543183824357, 'I1z': 0.0005120854343557842, 'I2x': 0.00036470482815640276, 'I2y': 2.5530375882723555e-05, 'I2z': 0.000383302597658629}, 'init_theta_std_deg': 5.192997020485971, 'init_alpha_std_deg': 8.17362798548698, 'init_theta_dot_std': 0.055669826289129344, 'init_alpha_dot_std': 0.23945200479145912, 'pwm_limit': 150.3499627008441, 'pwm_gain': 0.9921176390777273, 'pwm_bias': -0.21010172844458364, 'pwm_deadzone': 0.9296067360417242, 'pwm_noise_sigma': 0.14222014203845293, 'actuator_tau': 0.002823860113666971, 'action_delay_steps': 0, 'theta_bias': -0.00046911745239744927, 'alpha_bias': 0.0010373362090332998, 'theta_sigma': 0.00025403770037441984, 'alpha_sigma': 0.0019454971613399091, 'theta_dot_sigma': 0.006366245860497857, 'alpha_dot_sigma': 0.05989005177437317, 'encoder_quantization_rad': 0.00011135070679759213, 'velocity_lpf': 0.25, 'process_theta_dot_sigma': 0.0, 'process_alpha_dot_sigma': 0.0}"
2226000,2,randomization_0.10,0.1,"{'level': 0.1, 'physical': {'g': 9.755559584162878, 'c_theta': 0.029917113760377922, 'c_alpha': 0.001110020463022096, 'k_t': 0.23124542664023615, 'k_b': 0.1842534484934522, 'k_u': 0.046683985618688265, 'R': 4.201437286508313, 'm1': 0.20451015797524932, 'm2': 0.16050066604668337, 'l1cg': 0.08001533881195982, 'l1': 0.1525957413208555, 'l2cg': 0.06709330596583904, 'I1z': 0.0004935445276268208, 'I2x': 0.0003738736906331008, 'I2y': 2.349426420932336e-05, 'I2z': 0.00038528765236897427}, 'init_theta_std_deg': 4.893095382899914, 'init_alpha_std_deg': 8.08755874421612, 'init_theta_dot_std': 0.07488588103114646, 'init_alpha_dot_std': 0.14544462965689375, 'pwm_limit': 149.52747078615633, 'pwm_gain': 0.9920969250214381, 'pwm_bias': -0.13270341987366116, 'pwm_deadzone': 0.34751121553863973, 'pwm_noise_sigma': 0.081618204973101, 'actuator_tau': 0.0017720917330005914, 'action_delay_steps': 0, 'theta_bias': -0.000520261565787119, 'alpha_bias': -0.0006586541167853924, 'theta_sigma': 0.0003877583171042567, 'alpha_sigma': 0.0007357713560246127, 'theta_dot_sigma': 0.022734213904677565, 'alpha_dot_sigma': 0.004933706339033452, 'encoder_quantization_rad': 3.970348524164325e-05, 'velocity_lpf': 0.25, 'process_theta_dot_sigma': 0.0, 'process_alpha_dot_sigma': 0.0}"
2228000,2,randomization_0.10,0.1,"{'level': 0.1, 'physical': {'g': 9.802655251616592, 'c_theta': 0.029578919990276755, 'c_alpha': 0.0012893351232713033, 'k_t': 0.23367806478205283, 'k_b': 0.1861700159597237, 'k_u': 0.04827718671655139, 'R': 4.253399090966258, 'm1': 0.20276871992544598, 'm2': 0.1563514897160725, 'l1cg': 0.07918318204051068, 'l1': 0.1513854216832139, 'l2cg': 0.06800923971150165, 'I1z': 0.00048574624341767567, 'I2x': 0.00036245914106506635, 'I2y': 2.2805758321235852e-05, 'I2z': 0.00036203522150201267}, 'init_theta_std_deg': 5.155053073572128, 'init_alpha_std_deg': 7.747163229719609, 'init_theta_dot_std': 0.05882963605969882, 'init_alpha_dot_std': 0.09179012492660527, 'pwm_limit': 150.28704010847815, 'pwm_gain': 0.9938906605950228, 'pwm_bias': 0.004988592517318225, 'pwm_deadzone': 0.8615619035174428, 'pwm_noise_sigma': 0.012951960319053346, 'actuator_tau': 0.0009425585897369138, 'action_delay_steps': 0, 'theta_bias': 0.0002999508524667456, 'alpha_bias': 0.0005770789199974048, 'theta_sigma': 0.0004923460560422297, 'alpha_sigma': 0.0009596340297591177, 'theta_dot_sigma': 0.0010101806890692993, 'alpha_dot_sigma': 0.05831005682527563, 'encoder_quantization_rad': 8.580333733704556e-05, 'velocity_lpf': 0.25, 'process_theta_dot_sigma': 0.0, 'process_alpha_dot_sigma': 0.0}"
2230000,2,randomization_0.10,0.1,"{'level': 0.1, 'physical': {'g': 9.805759579880883, 'c_theta': 0.023808621369632608, 'c_alpha': 0.0011890620473528966, 'k_t': 0.23117751444121115, 'k_b': 0.18540933336222698, 'k_u': 0.04659321157121148, 'R': 4.295202019089445, 'm1': 0.20122610263026464, 'm2': 0.15945609128385393, 'l1cg': 0.07968351500214657, 'l1': 0.15298890798766399, 'l2cg': 0.06547622154566807, 'I1z': 0.000471893568357632, 'I2x': 0.00037001837213004586, 'I2y': 2.527614385066551e-05, 'I2z': 0.000363918910515442}, 'init_theta_std_deg': 5.344446705558645, 'init_alpha_std_deg': 8.026908099921727, 'init_theta_dot_std': 0.05590080766911513, 'init_alpha_dot_std': 0.031153569499402067, 'pwm_limit': 147.90868298077453, 'pwm_gain': 0.9949065964647831, 'pwm_bias': -0.28867762701957433, 'pwm_deadzone': 0.5638493385223827, 'pwm_noise_sigma': 0.04974479241563641, 'actuator_tau': 0.001546084852470473, 'action_delay_steps': 0, 'theta_bias': -0.0003031273825245084, 'alpha_bias': -0.0011234125775295835, 'theta_sigma': 0.0005313012438410648, 'alpha_sigma': 0.000879057892989317, 'theta_dot_sigma': 0.0014856254602119876, 'alpha_dot_sigma': 0.038636365536597675, 'encoder_quantization_rad': 0.00010197705110885039, 'velocity_lpf': 0.24556837758101477, 'process_theta_dot_sigma': 0.0, 'process_alpha_dot_sigma': 0.0}"
2232000,2,randomization_0.10,0.1,"{'level': 0.1, 'physical': {'g': 9.77140585329927, 'c_theta': 0.028963232616678256, 'c_alpha': 0.0011228507799087902, 'k_t': 0.2327022104892518, 'k_b': 0.18813462466464845, 'k_u': 0.04836485946243328, 'R': 4.370727216561398, 'm1': 0.20352287707931885, 'm2': 0.15717410447675267, 'l1cg': 0.08037932966176063, 'l1': 0.15309760089232738, 'l2cg': 0.06690237109634214, 'I1z': 0.0004954252280370671, 'I2x': 0.0003621596395323319, 'I2y': 2.4208556155896617e-05, 'I2z': 0.0003817750351791877}, 'init_theta_std_deg': 5.1515706513137225, 'init_alpha_std_deg': 7.676557140798083, 'init_theta_dot_std': 0.09760378709959437, 'init_alpha_dot_std': 0.21614725137938515, 'pwm_limit': 148.18784523849905, 'pwm_gain': 1.0032992027745555, 'pwm_bias': 0.23694044856692464, 'pwm_deadzone': 0.22053864396505796, 'pwm_noise_sigma': 0.1953439830621174, 'actuator_tau': 0.00017316431206150585, 'action_delay_steps': 0, 'theta_bias': 0.0006375864024790121, 'alpha_bias': 0.0010457080928181733, 'theta_sigma': 0.0003686231499807124, 'alpha_sigma': 0.001368255085653663, 'theta_dot_sigma': 0.016524845741251157, 'alpha_dot_sigma': 0.05960493082448666, 'encoder_quantization_rad': 0.00012512327174454883, 'velocity_lpf': 0.25, 'process_theta_dot_sigma': 0.0, 'process_alpha_dot_sigma': 0.0}"
2234000,2,randomization_0.10,0.1,"{'level': 0.1, 'physical': {'g': 9.800908678360024, 'c_theta': 0.030144490637266666, 'c_alpha': 0.001039415195502885, 'k_t': 0.23377282446794462, 'k_b': 0.18881637592676181, 'k_u': 0.04828827155706052, 'R': 4.270257583725902, 'm1': 0.20711384548013287, 'm2': 0.15726749493666914, 'l1cg': 0.08060036204067592, 'l1': 0.1505567807941836, 'l2cg': 0.06711474593460806, 'I1z': 0.0005203583353224896, 'I2x': 0.00037493900938407763, 'I2y': 2.4377598875534193e-05, 'I2z': 0.00035765453629568446}, 'init_theta_std_deg': 5.309934264795229, 'init_alpha_std_deg': 7.8495319597864395, 'init_theta_dot_std': 0.14518812651418045, 'init_alpha_dot_std': 0.24957577601579348, 'pwm_limit': 147.9515529436304, 'pwm_gain': 1.0048945578497037, 'pwm_bias': -0.20298513796026108, 'pwm_deadzone': 0.1063385259697146, 'pwm_noise_sigma': 0.11060412594076117, 'actuator_tau': 0.0012939254283891558, 'action_delay_steps': 0, 'theta_bias': 4.746113501368399e-05, 'alpha_bias': 0.0005172393131138306, 'theta_sigma': 9.234848769897103e-05, 'alpha_sigma': 0.0015524979433591036, 'theta_dot_sigma': 0.028221290397859037, 'alpha_dot_sigma': 0.01775952134648871, 'encoder_quantization_rad': 2.7628727675429408e-05, 'velocity_lpf': 0.25, 'process_theta_dot_sigma': 0.0, 'process_alpha_dot_sigma': 0.0}"
2236000,2,randomization_0.10,0.1,"{'level': 0.1, 'physical': {'g': 9.760174171747392, 'c_theta': 0.027864744159570794, 'c_alpha': 0.0012415213064378493, 'k_t': 0.2336036619186675, 'k_b': 0.1882780853466242, 'k_u': 0.04620054185370348, 'R': 4.2983832619241475, 'm1': 0.2099333486018213, 'm2': 0.1565855451972342, 'l1cg': 0.07966212083105022, 'l1': 0.15040228447202553, 'l2cg': 0.06611623930086978, 'I1z': 0.0005129090099637254, 'I2x': 0.0003721848427495132, 'I2y': 2.2609307837548668e-05, 'I2z': 0.00036590588715671373}, 'init_theta_std_deg': 4.9171621760085715, 'init_alpha_std_deg': 8.45477177785713, 'init_theta_dot_std': 0.02125119479773446, 'init_alpha_dot_std': 0.23038394010844165, 'pwm_limit': 148.23625716768686, 'pwm_gain': 1.0034918619956903, 'pwm_bias': -0.2393407444887184, 'pwm_deadzone': 0.7161219753803888, 'pwm_noise_sigma': 0.05177097709412342, 'actuator_tau': 0.0016283923181667614, 'action_delay_steps': 0, 'theta_bias': -0.0008710193210272839, 'alpha_bias': -0.0008500963359031288, 'theta_sigma': 0.0005950778465172956, 'alpha_sigma': 0.001564629928155147, 'theta_dot_sigma': 0.009130285071142477, 'alpha_dot_sigma': 0.022571757667227764, 'encoder_quantization_rad': 7.072659231190043e-05, 'velocity_lpf': 0.25, 'process_theta_dot_sigma': 0.0, 'process_alpha_dot_sigma': 0.0}"
2238000,2,randomization_0.10,0.1,"{'level': 0.1, 'physical': {'g': 9.842584033427153, 'c_theta': 0.024584564695947768, 'c_alpha': 0.0013065259344944577, 'k_t': 0.23344727845079863, 'k_b': 0.18467201792620533, 'k_u': 0.04744890744846698, 'R': 4.28614585260792, 'm1': 0.2030125135586395, 'm2': 0.15913208397517972, 'l1cg': 0.08101998488629585, 'l1': 0.15292265477710068, 'l2cg': 0.06800272573313826, 'I1z': 0.0005025761507445201, 'I2x': 0.0003686713207848686, 'I2y': 2.4215001752838232e-05, 'I2z': 0.00035672902781663503}, 'init_theta_std_deg': 4.707870705062606, 'init_alpha_std_deg': 7.84414141549723, 'init_theta_dot_std': 0.09775758228530525, 'init_alpha_dot_std': 0.13424980516148155, 'pwm_limit': 147.41991481856152, 'pwm_gain': 1.0085868091287646, 'pwm_bias': -0.32156285703443, 'pwm_deadzone': 0.5764551224652941, 'pwm_noise_sigma': 0.05468748583030103, 'actuator_tau': 0.0024928153569769708, 'action_delay_steps': 0, 'theta_bias': -0.0008338098257126711, 'alpha_bias': -0.00042996851803074994, 'theta_sigma': 3.5890804650031254e-06, 'alpha_sigma': 0.001786902489622964, 'theta_dot_sigma': 0.0209187322500365, 'alpha_dot_sigma': 0.04665286740765553, 'encoder_quantization_rad': 0.0001108243430385294, 'velocity_lpf': 0.25, 'process_theta_dot_sigma': 0.0, 'process_alpha_dot_sigma': 0.0}"
2240000,2,randomization_0.10,0.1,"{'level': 0.1, 'physical': {'g': 9.778985403524368, 'c_theta': 0.02866832538684082, 'c_alpha': 0.0010767324117222181, 'k_t': 0.227989471235209, 'k_b': 0.186153643768125, 'k_u': 0.04687264540854354, 'R': 4.323104366660245, 'm1': 0.20601117998069762, 'm2': 0.15839002335891048, 'l1cg': 0.08072801001370439, 'l1': 0.1524309428297065, 'l2cg': 0.06549938146506198, 'I1z': 0.0005146484342835923, 'I2x': 0.0003707055291969461, 'I2y': 2.4980535661595224e-05, 'I2z': 0.0003688677801986269}, 'init_theta_std_deg': 5.24728546657411, 'init_alpha_std_deg': 8.013653436455332, 'init_theta_dot_std': 0.019757972018583692, 'init_alpha_dot_std': 0.24112376029001897, 'pwm_limit': 148.03361534037418, 'pwm_gain': 1.0099637885226211, 'pwm_bias': -0.3145249870006517, 'pwm_deadzone': 0.9909494165538891, 'pwm_noise_sigma': 0.008013451411127682, 'actuator_tau': 0.002149361058387267, 'action_delay_steps': 0, 'theta_bias': -0.00025683665522653154, 'alpha_bias': 0.00014244961447382033, 'theta_sigma': 8.013667018549718e-05, 'alpha_sigma': 0.00014620061692008758, 'theta_dot_sigma': 0.02886403891102061, 'alpha_dot_sigma': 0.03491491868270027, 'encoder_quantization_rad': 3.7877058549822946e-05, 'velocity_lpf': 0.25, 'process_theta_dot_sigma': 0.0, 'process_alpha_dot_sigma': 0.0}"
2242000,2,randomization_0.10,0.1,"{'level': 0.1, 'physical': {'g': 9.75145693605281, 'c_theta': 0.02460087334363809, 'c_alpha': 0.0010785793908010208, 'k_t': 0.2260208580943825, 'k_b': 0.18498824131388913, 'k_u': 0.04669614189623451, 'R': 4.257175868992749, 'm1': 0.20840709680686778, 'm2': 0.15686682689798664, 'l1cg': 0.08005306976236816, 'l1': 0.1512967941162969, 'l2cg': 0.06822406528235035, 'I1z': 0.0004819204878823722, 'I2x': 0.0003649084961057934, 'I2y': 2.5360573371027975e-05, 'I2z': 0.00035487430368883984}, 'init_theta_std_deg': 5.079691050628371, 'init_alpha_std_deg': 8.48776280570158, 'init_theta_dot_std': 0.07566175003855058, 'init_alpha_dot_std': 0.17188377458042858, 'pwm_limit': 149.60620554422746, 'pwm_gain': 1.0084164764077728, 'pwm_bias': -0.31917843794022016, 'pwm_deadzone': 0.42750800784082243, 'pwm_noise_sigma': 0.009106049484068391, 'actuator_tau': 0.0023019060677312493, 'action_delay_steps': 0, 'theta_bias': 9.671871455664571e-05, 'alpha_bias': -0.0006266563910094897, 'theta_sigma': 0.0002665433583085669, 'alpha_sigma': 0.0001316655858248099, 'theta_dot_sigma': 0.017347034701113033, 'alpha_dot_sigma': 0.036801574507959574, 'encoder_quantization_rad': 0.00012801964946051452, 'velocity_lpf': 0.25, 'process_theta_dot_sigma': 0.0, 'process_alpha_dot_sigma': 0.0}"
2244000,2,randomization_0.10,0.1,"{'level': 0.1, 'physical': {'g': 9.76180729966414, 'c_theta': 0.026015332642830846, 'c_alpha': 0.001148651445758699, 'k_t': 0.23031542848925876, 'k_b': 0.19149657507334106, 'k_u': 0.048173928149760785, 'R': 4.312034183164202, 'm1': 0.20433571572679754, 'm2': 0.15934103379747566, 'l1cg': 0.08006687412416222, 'l1': 0.15290758072483657, 'l2cg': 0.06810465233109939, 'I1z': 0.0005025686769932595, 'I2x': 0.0003677604966899566, 'I2y': 2.2720162792823082e-05, 'I2z': 0.00037920627257988384}, 'init_theta_std_deg': 5.107710877643012, 'init_alpha_std_deg': 8.098253490960232, 'init_theta_dot_std': 0.03302145411272589, 'init_alpha_dot_std': 0.13823343804038857, 'pwm_limit': 149.3799810098235, 'pwm_gain': 0.9923917166120807, 'pwm_bias': 0.11459189194552373, 'pwm_deadzone': 0.16426211971533533, 'pwm_noise_sigma': 0.04156269560500961, 'actuator_tau': 0.0007112324400760391, 'action_delay_steps': 0, 'theta_bias': 0.0008321069982069072, 'alpha_bias': 0.0007624890188768167, 'theta_sigma': 0.00014489205093810804, 'alpha_sigma': 5.629978792865309e-05, 'theta_dot_sigma': 0.025473431717408457, 'alpha_dot_sigma': 0.05215722357308869, 'encoder_quantization_rad': 6.896252732690932e-05, 'velocity_lpf': 0.25, 'process_theta_dot_sigma': 0.0, 'process_alpha_dot_sigma': 0.0}"
2246000,2,randomization_0.10,0.1,"{'level': 0.1, 'physical': {'g': 9.827057572605995, 'c_theta': 0.030953429469312906, 'c_alpha': 0.001247318751753417, 'k_t': 0.22972134846370354, 'k_b': 0.18857269437036278, 'k_u': 0.04716052887848446, 'R': 4.231834047473825, 'm1': 0.20470761465777612, 'm2': 0.1606510588736219, 'l1cg': 0.08022687445212977, 'l1': 0.1524314824165237, 'l2cg': 0.0664006413180501, 'I1z': 0.00048623923266681834, 'I2x': 0.00036902441085999275, 'I2y': 2.5482876918484266e-05, 'I2z': 0.00035194732559883573}, 'init_theta_std_deg': 4.862031528477975, 'init_alpha_std_deg': 7.902046429160219, 'init_theta_dot_std': 0.09808001193989219, 'init_alpha_dot_std': 0.09137359176170537, 'pwm_limit': 147.5643318941289, 'pwm_gain': 0.9922356469554604, 'pwm_bias': -0.3537553652506937, 'pwm_deadzone': 0.5173125703676154, 'pwm_noise_sigma': 0.001622720777913167, 'actuator_tau': 0.0002881760866692843, 'action_delay_steps': 0, 'theta_bias': 0.00029295078798364485, 'alpha_bias': 0.0010218408620971326, 'theta_sigma': 0.00037002612230853133, 'alpha_sigma': 0.0012074177937798074, 'theta_dot_sigma': 0.013021256377100759, 'alpha_dot_sigma': 0.013789370591736532, 'encoder_quantization_rad': 6.501696210052631e-05, 'velocity_lpf': 0.25, 'process_theta_dot_sigma': 0.0, 'process_alpha_dot_sigma': 0.0}"
2248000,2,randomization_0.10,0.1,"{'level': 0.1, 'physical': {'g': 9.839903705860767, 'c_theta': 0.025883516922151434, 'c_alpha': 0.0010791615001064091, 'k_t': 0.2296896364342911, 'k_b': 0.18530003806492557, 'k_u': 0.04710189959160411, 'R': 4.263227222020891, 'm1': 0.20334869408119982, 'm2': 0.15714078131762815, 'l1cg': 0.0800554515302105, 'l1': 0.1505365700997557, 'l2cg': 0.06739139659969232, 'I1z': 0.00047931870197429744, 'I2x': 0.0003639077487260488, 'I2y': 2.5311281813208446e-05, 'I2z': 0.00035933670215155215}, 'init_theta_std_deg': 4.930636102624341, 'init_alpha_std_deg': 7.690259667570627, 'init_theta_dot_std': 0.13573595756165432, 'init_alpha_dot_std': 0.22052127044954462, 'pwm_limit': 150.63500819838757, 'pwm_gain': 1.0005585357500193, 'pwm_bias': 0.24219005352293774, 'pwm_deadzone': 0.1281784718814889, 'pwm_noise_sigma': 0.13408340838611738, 'actuator_tau': 0.0007213691035335852, 'action_delay_steps': 0, 'theta_bias': -6.283184813016263e-08, 'alpha_bias': 0.0011103544640878589, 'theta_sigma': 0.00044059336650346346, 'alpha_sigma': 0.0006970638234306277, 'theta_dot_sigma': 0.005789202913383457, 'alpha_dot_sigma': 0.023707706610192496, 'encoder_quantization_rad': 0.0001271911073161869, 'velocity_lpf': 0.25, 'process_theta_dot_sigma': 0.0, 'process_alpha_dot_sigma': 0.0}"
2250000,2,randomization_0.10,0.1,"{'level': 0.1, 'physical': {'g': 9.787938387068587, 'c_theta': 0.030633252225143875, 'c_alpha': 0.0013160568970572108, 'k_t': 0.22542678180442843, 'k_b': 0.18948186793862518, 'k_u': 0.04711625378779035, 'R': 4.364304812941723, 'm1': 0.2069938044668906, 'm2': 0.1599811507567087, 'l1cg': 0.079773910291064, 'l1': 0.1508203474469606, 'l2cg': 0.06600861309225446, 'I1z': 0.0004969375509973313, 'I2x': 0.00036363918793256303, 'I2y': 2.407457584733363e-05, 'I2z': 0.0003843560489237506}, 'init_theta_std_deg': 4.973513578811008, 'init_alpha_std_deg': 8.215211751806416, 'init_theta_dot_std': 0.014581226990770996, 'init_alpha_dot_std': 0.21879421596298052, 'pwm_limit': 147.49904668101348, 'pwm_gain': 0.995153466888385, 'pwm_bias': -0.2593083261174382, 'pwm_deadzone': 0.18993040735823663, 'pwm_noise_sigma': 0.17751436898679507, 'actuator_tau': 0.002134287948046236, 'action_delay_steps': 0, 'theta_bias': 0.0005620873267533393, 'alpha_bias': 0.0006032183038039583, 'theta_sigma': 0.00046827393550662877, 'alpha_sigma': 0.0009720697977356768, 'theta_dot_sigma': 0.018872213131961028, 'alpha_dot_sigma': 0.05256424900760772, 'encoder_quantization_rad': 0.00011946556743537994, 'velocity_lpf': 0.25, 'process_theta_dot_sigma': 0.0, 'process_alpha_dot_sigma': 0.0}"
2252000,2,randomization_0.10,0.1,"{'level': 0.1, 'physical': {'g': 9.780445373811558, 'c_theta': 0.025730996742704446, 'c_alpha': 0.0012553407043900003, 'k_t': 0.2365573379039855, 'k_b': 0.1913662789836741, 'k_u': 0.04750539404144156, 'R': 4.201371734264274, 'm1': 0.2105361254459391, 'm2': 0.15679638880596528, 'l1cg': 0.07916284597454608, 'l1': 0.1506037511383148, 'l2cg': 0.0657208282383302, 'I1z': 0.0004709376039997539, 'I2x': 0.0003745291413861267, 'I2y': 2.414546637033828e-05, 'I2z': 0.0003580968964975343}, 'init_theta_std_deg': 4.8757575475006805, 'init_alpha_std_deg': 8.595071234759637, 'init_theta_dot_std': 0.1181443150653264, 'init_alpha_dot_std': 0.20836176006453241, 'pwm_limit': 149.9042334653972, 'pwm_gain': 1.0043214051238434, 'pwm_bias': -0.2008413680771285, 'pwm_deadzone': 0.6105002378855231, 'pwm_noise_sigma': 0.002780989895915265, 'actuator_tau': 0.0010144554902751888, 'action_delay_steps': 0, 'theta_bias': -0.000916874607720744, 'alpha_bias': 0.00017386741755748787, 'theta_sigma': 0.0002933087822386386, 'alpha_sigma': 0.001814829527683508, 'theta_dot_sigma': 0.004254510294882656, 'alpha_dot_sigma': 0.028566439578626923, 'encoder_quantization_rad': 7.977166213452766e-05, 'velocity_lpf': 0.25, 'process_theta_dot_sigma': 0.0, 'process_alpha_dot_sigma': 0.0}"
2254000,2,randomization_0.10,0.1,"{'level': 0.1, 'physical': {'g': 9.762324338351377, 'c_theta': 0.02362922534411052, 'c_alpha': 0.0011022256936058623, 'k_t': 0.2261655263877805, 'k_b': 0.1882437086148216, 'k_u': 0.04765226728535899, 'R': 4.277602542879292, 'm1': 0.20726128780141648, 'm2': 0.1608164970167243, 'l1cg': 0.08147782427349896, 'l1': 0.15109355817379413, 'l2cg': 0.06516746988540636, 'I1z': 0.0005197404740077595, 'I2x': 0.0003671551856791613, 'I2y': 2.5361926936284775e-05, 'I2z': 0.0003872918074591484}, 'init_theta_std_deg': 4.862371366268557, 'init_alpha_std_deg': 8.302488060791315, 'init_theta_dot_std': 0.1258473311393305, 'init_alpha_dot_std': 0.05817056684176128, 'pwm_limit': 149.8395927940886, 'pwm_gain': 0.995746130122037, 'pwm_bias': 0.29703482242623175, 'pwm_deadzone': 0.7385346484046638, 'pwm_noise_sigma': 0.035201049932516604, 'actuator_tau': 0.00027153643307895915, 'action_delay_steps': 0, 'theta_bias': 0.00026359285375583897, 'alpha_bias': 0.00053107173936571, 'theta_sigma': 0.0005794978469655423, 'alpha_sigma': 0.0019459101012914602, 'theta_dot_sigma': 0.02380154817562081, 'alpha_dot_sigma': 0.03445901510917402, 'encoder_quantization_rad': 0.0001240753377092732, 'velocity_lpf': 0.25, 'process_theta_dot_sigma': 0.0, 'process_alpha_dot_sigma': 0.0}"
2256000,2,randomization_0.10,0.1,"{'level': 0.1, 'physical': {'g': 9.848546474940873, 'c_theta': 0.026759303039211632, 'c_alpha': 0.0012499638063620485, 'k_t': 0.22586041174569385, 'k_b': 0.18756048974667572, 'k_u': 0.046368247346074275, 'R': 4.267936496622704, 'm1': 0.20154273367315428, 'm2': 0.1592788376294873, 'l1cg': 0.07923129802500771, 'l1': 0.15284086970723557, 'l2cg': 0.06649755749483244, 'I1z': 0.0005126874628987498, 'I2x': 0.00036749501626113666, 'I2y': 2.285803005102621e-05, 'I2z': 0.00034470104559662803}, 'init_theta_std_deg': 4.84917815193635, 'init_alpha_std_deg': 8.117383398970965, 'init_theta_dot_std': 0.1212833576859431, 'init_alpha_dot_std': 0.015562224150967002, 'pwm_limit': 150.69645094726306, 'pwm_gain': 1.0059083127854185, 'pwm_bias': -0.34749462302704653, 'pwm_deadzone': 0.758845706583176, 'pwm_noise_sigma': 0.02520808887864774, 'actuator_tau': 0.001814229290108934, 'action_delay_steps': 0, 'theta_bias': 0.00042316472154096355, 'alpha_bias': -0.0010428214618223455, 'theta_sigma': 0.00024562237464583077, 'alpha_sigma': 0.0011884014246383169, 'theta_dot_sigma': 0.00834657369981495, 'alpha_dot_sigma': 0.039715447643400896, 'encoder_quantization_rad': 0.00012114328985849227, 'velocity_lpf': 0.25, 'process_theta_dot_sigma': 0.0, 'process_alpha_dot_sigma': 0.0}"
2258000,2,randomization_0.10,0.1,"{'level': 0.1, 'physical': {'g': 9.761474758510793, 'c_theta': 0.031197184799952427, 'c_alpha': 0.001118199918429173, 'k_t': 0.23175988015604132, 'k_b': 0.18644575155088056, 'k_u': 0.047982333937701224, 'R': 4.363103701730619, 'm1': 0.2089279162967163, 'm2': 0.15629131052099393, 'l1cg': 0.08052474584150746, 'l1': 0.15264809381580408, 'l2cg': 0.06778687619134523, 'I1z': 0.0005218703551517512, 'I2x': 0.00036306428403984586, 'I2y': 2.4235835059082095e-05, 'I2z': 0.00038527297818476716}, 'init_theta_std_deg': 5.403712089887946, 'init_alpha_std_deg': 8.445695266389507, 'init_theta_dot_std': 0.06564627814753252, 'init_alpha_dot_std': 0.0887402272864411, 'pwm_limit': 148.9011252369059, 'pwm_gain': 0.9976673364821599, 'pwm_bias': 0.04910470408932417, 'pwm_deadzone': 0.6284488288534235, 'pwm_noise_sigma': 0.06863405312502567, 'actuator_tau': 0.002482323592677143, 'action_delay_steps': 0, 'theta_bias': -0.000534073762041807, 'alpha_bias': 0.0007174346017842637, 'theta_sigma': 0.00038404409606871223, 'alpha_sigma': 0.00022457839672655977, 'theta_dot_sigma': 0.011346445020604936, 'alpha_dot_sigma': 0.015087608526635024, 'encoder_quantization_rad': 0.00011930905744123026, 'velocity_lpf': 0.25, 'process_theta_dot_sigma': 0.0, 'process_alpha_dot_sigma': 0.0}"
2260000,2,randomization_0.10,0.1,"{'level': 0.1, 'physical': {'g': 9.757087418419976, 'c_theta': 0.023545621964695583, 'c_alpha': 0.0010213988964238405, 'k_t': 0.22846355700956783, 'k_b': 0.1882379607246401, 'k_u': 0.04633184324633381, 'R': 4.379985096753985, 'm1': 0.20977186968128944, 'm2': 0.1595537503011132, 'l1cg': 0.07937801299430816, 'l1': 0.15223358428438297, 'l2cg': 0.06635108850728039, 'I1z': 0.0005078849542755761, 'I2x': 0.0003616974411347528, 'I2y': 2.376718075354394e-05, 'I2z': 0.0003677330414629826}, 'init_theta_std_deg': 5.04563701227978, 'init_alpha_std_deg': 8.339227033653456, 'init_theta_dot_std': 0.0904140367092017, 'init_alpha_dot_std': 0.0867852384199874, 'pwm_limit': 148.89088605736916, 'pwm_gain': 0.9988555045847535, 'pwm_bias': -0.3999043151053118, 'pwm_deadzone': 0.5447734266599672, 'pwm_noise_sigma': 0.05864168043896145, 'actuator_tau': 0.0024414992907402316, 'action_delay_steps': 0, 'theta_bias': -2.559608669959923e-05, 'alpha_bias': -0.0006261091916793704, 'theta_sigma': 0.00010222915729657756, 'alpha_sigma': 0.0012885235555228334, 'theta_dot_sigma': 0.03367613692314508, 'alpha_dot_sigma': 0.04351240981073356, 'encoder_quantization_rad': 0.0001151620685411158, 'velocity_lpf': 0.25, 'process_theta_dot_sigma': 0.0, 'process_alpha_dot_sigma': 0.0}"
2262000,2,randomization_0.10,0.1,"{'level': 0.1, 'physical': {'g': 9.835345744196259, 'c_theta': 0.030309430468372135, 'c_alpha': 0.0009341651732821568, 'k_t': 0.2364336905742834, 'k_b': 0.19209897004793203, 'k_u': 0.04656790812782702, 'R': 4.207257215755566, 'm1': 0.20924046516821282, 'm2': 0.1563297435641613, 'l1cg': 0.08054086850271232, 'l1': 0.15172695253760002, 'l2cg': 0.06793528463851499, 'I1z': 0.0004987544684223092, 'I2x': 0.0003750320090504592, 'I2y': 2.3020962043296053e-05, 'I2z': 0.0003772738362615042}, 'init_theta_std_deg': 4.953925354120133, 'init_alpha_std_deg': 8.18188317198705, 'init_theta_dot_std': 0.031897122430974825, 'init_alpha_dot_std': 0.012218440176946954, 'pwm_limit': 149.08369680093566, 'pwm_gain': 0.9949360912172048, 'pwm_bias': -0.040740594776856834, 'pwm_deadzone': 0.2824288487153388, 'pwm_noise_sigma': 0.1332261871772056, 'actuator_tau': 0.0028010250531399624, 'action_delay_steps': 0, 'theta_bias': 0.0008775375204149487, 'alpha_bias': -0.00026709816250664205, 'theta_sigma': 0.0001754879552447174, 'alpha_sigma': 0.0012242669156344666, 'theta_dot_sigma': 0.02742285903517456, 'alpha_dot_sigma': 0.04216253152034, 'encoder_quantization_rad': 0.00010903620481180203, 'velocity_lpf': 0.25, 'process_theta_dot_sigma': 0.0, 'process_alpha_dot_sigma': 0.0}"
2264000,2,randomization_0.10,0.1,"{'level': 0.1, 'physical': {'g': 9.779454292919954, 'c_theta': 0.027073480451055495, 'c_alpha': 0.0009658334232245949, 'k_t': 0.2291508741668875, 'k_b': 0.19066978163526405, 'k_u': 0.04802680372232894, 'R': 4.261911944439751, 'm1': 0.20882910462277474, 'm2': 0.15613322177601388, 'l1cg': 0.07981657016853087, 'l1': 0.15319456040849286, 'l2cg': 0.06698232993832963, 'I1z': 0.0004981120636353907, 'I2x': 0.0003706145055020671, 'I2y': 2.448444528497471e-05, 'I2z': 0.00034455400107397886}, 'init_theta_std_deg': 5.193926072906752, 'init_alpha_std_deg': 8.392109825237483, 'init_theta_dot_std': 0.08080217265857129, 'init_alpha_dot_std': 0.13726919845683666, 'pwm_limit': 150.6397184251886, 'pwm_gain': 1.001579058394914, 'pwm_bias': 0.019326276929662448, 'pwm_deadzone': 0.9124421464191536, 'pwm_noise_sigma': 0.056015212629227734, 'actuator_tau': 0.0014891289701477962, 'action_delay_steps': 0, 'theta_bias': 0.00040288419837737724, 'alpha_bias': -0.0010075436952217266, 'theta_sigma': 0.0003393908172558171, 'alpha_sigma': 0.0010886943839213362, 'theta_dot_sigma': 0.0014692977519160937, 'alpha_dot_sigma': 0.007924265292330604, 'encoder_quantization_rad': 7.0657367995509265e-06, 'velocity_lpf': 0.25, 'process_theta_dot_sigma': 0.0, 'process_alpha_dot_sigma': 0.0}"
2266000,2,randomization_0.10,0.1,"{'level': 0.1, 'physical': {'g': 9.779574598358023, 'c_theta': 0.024427653912494077, 'c_alpha': 0.001118523961270572, 'k_t': 0.22546558129070332, 'k_b': 0.18335164690914313, 'k_u': 0.047383415981071764, 'R': 4.323702919193589, 'm1': 0.20168769373985285, 'm2': 0.1597486207399442, 'l1cg': 0.0801200565302834, 'l1': 0.1520127953574699, 'l2cg': 0.06807285856990647, 'I1z': 0.00047772410134671277, 'I2x': 0.00037487013410666134, 'I2y': 2.344215549361592e-05, 'I2z': 0.00035722194314641477}, 'init_theta_std_deg': 4.840542885357857, 'init_alpha_std_deg': 8.668232471657344, 'init_theta_dot_std': 0.014993923820468392, 'init_alpha_dot_std': 0.08271019705631291, 'pwm_limit': 149.421156739005, 'pwm_gain': 1.004756624888892, 'pwm_bias': 0.30818100339054055, 'pwm_deadzone': 0.4785334705827524, 'pwm_noise_sigma': 0.043274823759962146, 'actuator_tau': 0.0019380279896077696, 'action_delay_steps': 0, 'theta_bias': 0.0007331297231664056, 'alpha_bias': -0.0002524379794121866, 'theta_sigma': 0.0003832773407914183, 'alpha_sigma': 0.001278182357946943, 'theta_dot_sigma': 0.012059670948437715, 'alpha_dot_sigma': 0.01554776158368024, 'encoder_quantization_rad': 9.807501469649016e-05, 'velocity_lpf': 0.25, 'process_theta_dot_sigma': 0.0, 'process_alpha_dot_sigma': 0.0}"
2268000,2,randomization_0.10,0.1,"{'level': 0.1, 'physical': {'g': 9.788175822377458, 'c_theta': 0.02476206091199011, 'c_alpha': 0.001165135158654152, 'k_t': 0.23138652637610388, 'k_b': 0.18628921690987463, 'k_u': 0.046223343064606064, 'R': 4.348296506361221, 'm1': 0.20707466239190367, 'm2': 0.15837781611722898, 'l1cg': 0.07982527038739667, 'l1': 0.15121324802738856, 'l2cg': 0.06664617406072504, 'I1z': 0.0004721890052920662, 'I2x': 0.0003671929383726587, 'I2y': 2.2776255773268972e-05, 'I2z': 0.00038785842465451114}, 'init_theta_std_deg': 4.822333146123743, 'init_alpha_std_deg': 8.097357178670592, 'init_theta_dot_std': 0.04092636031231963, 'init_alpha_dot_std': 0.23882357597050086, 'pwm_limit': 148.41949959898147, 'pwm_gain': 1.0090350223070654, 'pwm_bias': 0.29547989527847607, 'pwm_deadzone': 0.9257682422098994, 'pwm_noise_sigma': 0.18588851170099407, 'actuator_tau': 0.0021167399247715305, 'action_delay_steps': 0, 'theta_bias': -1.8714446133768716e-05, 'alpha_bias': 0.0007261790010830063, 'theta_sigma': 0.00036727836763117693, 'alpha_sigma': 0.0015062938639049388, 'theta_dot_sigma': 0.021080570294327923, 'alpha_dot_sigma': 0.04373850007198165, 'encoder_quantization_rad': 8.057125099280656e-05, 'velocity_lpf': 0.25, 'process_theta_dot_sigma': 0.0, 'process_alpha_dot_sigma': 0.0}"
2270000,2,randomization_0.10,0.1,"{'level': 0.1, 'physical': {'g': 9.790184057655003, 'c_theta': 0.02773548207308565, 'c_alpha': 0.0011810736420607025, 'k_t': 0.23055951311384165, 'k_b': 0.19054873581853776, 'k_u': 0.046239031756346555, 'R': 4.272035722870674, 'm1': 0.21118662229645344, 'm2': 0.15944882797480975, 'l1cg': 0.07912398621341157, 'l1': 0.15325310036526654, 'l2cg': 0.06514661259462516, 'I1z': 0.0004710048242188806, 'I2x': 0.00037327080061617935, 'I2y': 2.5286006912727977e-05, 'I2z': 0.00037481744557014117}, 'init_theta_std_deg': 4.784585562256543, 'init_alpha_std_deg': 8.407734490608542, 'init_theta_dot_std': 0.10126558460109858, 'init_alpha_dot_std': 0.18740797533100007, 'pwm_limit': 150.4439965007502, 'pwm_gain': 0.9989729140037428, 'pwm_bias': 0.2845848824912544, 'pwm_deadzone': 0.9473403913460531, 'pwm_noise_sigma': 0.07842552746170828, 'actuator_tau': 0.0007342002379180677, 'action_delay_steps': 0, 'theta_bias': -0.0002988668215693857, 'alpha_bias': 0.0010672374884147556, 'theta_sigma': 0.00031854059387341043, 'alpha_sigma': 0.0012207156604552099, 'theta_dot_sigma': 0.03268018054329121, 'alpha_dot_sigma': 0.03783694263327525, 'encoder_quantization_rad': 8.835280753305077e-05, 'velocity_lpf': 0.25, 'process_theta_dot_sigma': 0.0, 'process_alpha_dot_sigma': 0.0}"
2272000,2,randomization_0.10,0.1,"{'level': 0.1, 'physical': {'g': 9.847706274573039, 'c_theta': 0.02462472341756157, 'c_alpha': 0.0009882154204204755, 'k_t': 0.23525584051430334, 'k_b': 0.18323127204619735, 'k_u': 0.047005736891966785, 'R': 4.305926858365819, 'm1': 0.20791972350430668, 'm2': 0.157919196334689, 'l1cg': 0.07970383972819657, 'l1': 0.15047919854435785, 'l2cg': 0.06751376395728892, 'I1z': 0.0004887735594851755, 'I2x': 0.00036421626611120387, 'I2y': 2.3391092250119416e-05, 'I2z': 0.0003498737629548281}, 'init_theta_std_deg': 5.36914571990683, 'init_alpha_std_deg': 7.7071642953965815, 'init_theta_dot_std': 0.09921893146367643, 'init_alpha_dot_std': 0.1117439225822981, 'pwm_limit': 149.04212166614502, 'pwm_gain': 1.0053033379395238, 'pwm_bias': 0.2720390176981602, 'pwm_deadzone': 0.5187904334441268, 'pwm_noise_sigma': 0.11487599307700763, 'actuator_tau': 0.0019356550685127086, 'action_delay_steps': 0, 'theta_bias': -0.0007657670288669267, 'alpha_bias': -0.0002609725337292058, 'theta_sigma': 9.321930016782678e-05, 'alpha_sigma': 0.0009491565329079853, 'theta_dot_sigma': 0.003716329535988275, 'alpha_dot_sigma': 0.005520699823834174, 'encoder_quantization_rad': 0.00010619716036300158, 'velocity_lpf': 0.25, 'process_theta_dot_sigma': 0.0, 'process_alpha_dot_sigma': 0.0}"
2274000,2,randomization_0.10,0.1,"{'level': 0.1, 'physical': {'g': 9.785837343594174, 'c_theta': 0.029106630820092905, 'c_alpha': 0.0013371977913126715, 'k_t': 0.22542544960511005, 'k_b': 0.18918661881945253, 'k_u': 0.04568673899475135, 'R': 4.27385479765806, 'm1': 0.20596509926093606, 'm2': 0.15834707316428798, 'l1cg': 0.07966655918252692, 'l1': 0.1512815466412652, 'l2cg': 0.06670820210593337, 'I1z': 0.0005151644056284537, 'I2x': 0.0003673017393368285, 'I2y': 2.3740317825206226e-05, 'I2z': 0.00037213698268141537}, 'init_theta_std_deg': 5.268314081943636, 'init_alpha_std_deg': 7.672354349306847, 'init_theta_dot_std': 0.0028423003926269733, 'init_alpha_dot_std': 0.16009792477593113, 'pwm_limit': 149.3220457674069, 'pwm_gain': 1.0032139307993286, 'pwm_bias': 0.32218748450527185, 'pwm_deadzone': 0.42781363202829326, 'pwm_noise_sigma': 0.09047231344564875, 'actuator_tau': 0.00242262415730027, 'action_delay_steps': 0, 'theta_bias': 0.0009386017002687548, 'alpha_bias': 0.0009193111770181824, 'theta_sigma': 3.9824781592302384e-05, 'alpha_sigma': 0.00106459596363997, 'theta_dot_sigma': 0.02700532977427163, 'alpha_dot_sigma': 0.022140299145588904, 'encoder_quantization_rad': 2.7277380745777e-05, 'velocity_lpf': 0.25, 'process_theta_dot_sigma': 0.0, 'process_alpha_dot_sigma': 0.0}"
2276000,2,randomization_0.10,0.1,"{'level': 0.1, 'physical': {'g': 9.80850275702115, 'c_theta': 0.029064500811874196, 'c_alpha': 0.0010862771122607275, 'k_t': 0.23562941195852452, 'k_b': 0.18864796066837122, 'k_u': 0.04574315836278714, 'R': 4.338782286822272, 'm1': 0.21127649352017322, 'm2': 0.15759994653830892, 'l1cg': 0.08041095967679189, 'l1': 0.15321901922642084, 'l2cg': 0.06535610412833472, 'I1z': 0.0005244500761573443, 'I2x': 0.0003749172568695608, 'I2y': 2.4594143877264674e-05, 'I2z': 0.0003664502288293618}, 'init_theta_std_deg': 5.048778708069656, 'init_alpha_std_deg': 8.386776965568632, 'init_theta_dot_std': 0.11238422817623084, 'init_alpha_dot_std': 0.2064091812501283, 'pwm_limit': 147.49971226248957, 'pwm_gain': 0.9988297454809589, 'pwm_bias': -0.31682949729418564, 'pwm_deadzone': 0.8226131266426052, 'pwm_noise_sigma': 0.14040880609839143, 'actuator_tau': 0.0011302835275926136, 'action_delay_steps': 0, 'theta_bias': 0.0005914063649338331, 'alpha_bias': 0.00043268817280557505, 'theta_sigma': 5.936413729031954e-05, 'alpha_sigma': 0.0019447355480452862, 'theta_dot_sigma': 0.014461702626333905, 'alpha_dot_sigma': 0.023209455932504685, 'encoder_quantization_rad': 2.2996805252459153e-05, 'velocity_lpf': 0.25, 'process_theta_dot_sigma': 0.0, 'process_alpha_dot_sigma': 0.0}"
2278000,2,randomization_0.10,0.1,"{'level': 0.1, 'physical': {'g': 9.826949211495261, 'c_theta': 0.023650366708357726, 'c_alpha': 0.0011321504387934998, 'k_t': 0.2274804375452011, 'k_b': 0.18371242091350828, 'k_u': 0.04829234654964446, 'R': 4.239881886901103, 'm1': 0.20742527507485176, 'm2': 0.1583126216518184, 'l1cg': 0.07944171411008043, 'l1': 0.1508452113285478, 'l2cg': 0.06839337447000726, 'I1z': 0.0005040623988243277, 'I2x': 0.00036767582049927587, 'I2y': 2.4092951404425012e-05, 'I2z': 0.00034367123651047617}, 'init_theta_std_deg': 5.299132005482143, 'init_alpha_std_deg': 8.466800178648494, 'init_theta_dot_std': 0.045569366430749436, 'init_alpha_dot_std': 0.23147360969766684, 'pwm_limit': 150.6057460376019, 'pwm_gain': 1.0019585049852422, 'pwm_bias': 0.3314663169905969, 'pwm_deadzone': 0.7885009432707684, 'pwm_noise_sigma': 0.17726717801326797, 'actuator_tau': 0.0024361845145027604, 'action_delay_steps': 0, 'theta_bias': 0.0005364029810128499, 'alpha_bias': 0.0009192791549998742, 'theta_sigma': 0.0005647442145772746, 'alpha_sigma': 0.0016947660622327948, 'theta_dot_sigma': 0.013794250907062029, 'alpha_dot_sigma': 0.058312610706764884, 'encoder_quantization_rad': 8.077616032134283e-05, 'velocity_lpf': 0.25, 'process_theta_dot_sigma': 0.0, 'process_alpha_dot_sigma': 0.0}"
2280000,2,randomization_0.10,0.1,"{'level': 0.1, 'physical': {'g': 9.815665174970507, 'c_theta': 0.02647199398518009, 'c_alpha': 0.0012550117808023129, 'k_t': 0.2277964426362948, 'k_b': 0.1885431296448568, 'k_u': 0.047819710800336195, 'R': 4.277948427037299, 'm1': 0.20613089527757592, 'm2': 0.15987736469141303, 'l1cg': 0.07939392907424461, 'l1': 0.15246446732175445, 'l2cg': 0.06544907468341413, 'I1z': 0.00047931188676053415, 'I2x': 0.00036341780317270786, 'I2y': 2.3285790695097685e-05, 'I2z': 0.0003739128633328435}, 'init_theta_std_deg': 5.192632811118161, 'init_alpha_std_deg': 8.759083326616905, 'init_theta_dot_std': 0.048827280305935944, 'init_alpha_dot_std': 0.19089967159986942, 'pwm_limit': 147.59748462106836, 'pwm_gain': 0.999463412829017, 'pwm_bias': -0.31984035798003146, 'pwm_deadzone': 0.6101097954081991, 'pwm_noise_sigma': 0.057859166719559624, 'actuator_tau': 0.0024477363443958467, 'action_delay_steps': 0, 'theta_bias': 0.0001271834396277769, 'alpha_bias': -0.0007404331560237673, 'theta_sigma': 0.0003922318932522715, 'alpha_sigma': 0.0006561576766770616, 'theta_dot_sigma': 0.004081995496476438, 'alpha_dot_sigma': 0.005875854942206808, 'encoder_quantization_rad': 3.731086450827812e-05, 'velocity_lpf': 0.25, 'process_theta_dot_sigma': 0.0, 'process_alpha_dot_sigma': 0.0}"
2282000,2,randomization_0.10,0.1,"{'level': 0.1, 'physical': {'g': 9.784321190668505, 'c_theta': 0.025026630565607846, 'c_alpha': 0.0011667082459277595, 'k_t': 0.23528634849957428, 'k_b': 0.18517216646054982, 'k_u': 0.04724749589664368, 'R': 4.257816244115386, 'm1': 0.208244703471074, 'm2': 0.15881862582286496, 'l1cg': 0.0795699142325966, 'l1': 0.15190716823885045, 'l2cg': 0.06722903492657019, 'I1z': 0.0004750332059526537, 'I2x': 0.00036787341043861393, 'I2y': 2.376491832885213e-05, 'I2z': 0.0003463303016053209}, 'init_theta_std_deg': 5.234610961773635, 'init_alpha_std_deg': 8.66216792180986, 'init_theta_dot_std': 0.0703145188666896, 'init_alpha_dot_std': 0.06999854046650883, 'pwm_limit': 147.65442688858613, 'pwm_gain': 0.9900413790542397, 'pwm_bias': -0.32978313140315285, 'pwm_deadzone': 0.6194750450013207, 'pwm_noise_sigma': 0.018571382423452576, 'actuator_tau': 0.0011727635724839021, 'action_delay_steps': 0, 'theta_bias': -0.00014935364382567085, 'alpha_bias': 0.00029188765311857475, 'theta_sigma': 0.00011248199775086622, 'alpha_sigma': 0.00029413800877959017, 'theta_dot_sigma': 0.013651999875120994, 'alpha_dot_sigma': 0.024699493292469236, 'encoder_quantization_rad': 0.00011796324954102259, 'velocity_lpf': 0.25, 'process_theta_dot_sigma': 0.0, 'process_alpha_dot_sigma': 0.0}"
2284000,2,randomization_0.10,0.1,"{'level': 0.1, 'physical': {'g': 9.78659811843882, 'c_theta': 0.028305331122975036, 'c_alpha': 0.0011966477372361154, 'k_t': 0.22798673208870499, 'k_b': 0.1916829409246756, 'k_u': 0.0466043477960034, 'R': 4.326472684017625, 'm1': 0.20399843875284046, 'm2': 0.1605763429640372, 'l1cg': 0.0802137625167445, 'l1': 0.15139715242694823, 'l2cg': 0.06797848307968571, 'I1z': 0.000495923597237698, 'I2x': 0.00036791829122992647, 'I2y': 2.500547740148957e-05, 'I2z': 0.000350571904816973}, 'init_theta_std_deg': 4.778969330070125, 'init_alpha_std_deg': 8.54806778462509, 'init_theta_dot_std': 0.044209395338599064, 'init_alpha_dot_std': 0.1875208926632982, 'pwm_limit': 147.5262437558862, 'pwm_gain': 1.0092363372290118, 'pwm_bias': -0.06899880889742249, 'pwm_deadzone': 0.5127988154856838, 'pwm_noise_sigma': 0.07359979843329059, 'actuator_tau': 0.0013547510790387243, 'action_delay_steps': 0, 'theta_bias': 0.0006484032884367284, 'alpha_bias': -0.0009412537070078011, 'theta_sigma': 0.0002985173879775906, 'alpha_sigma': 0.0013230697474142271, 'theta_dot_sigma': 0.029066961837945597, 'alpha_dot_sigma': 0.0035661190991044586, 'encoder_quantization_rad': 6.134246266727324e-05, 'velocity_lpf': 0.25, 'process_theta_dot_sigma': 0.0, 'process_alpha_dot_sigma': 0.0}"
2286000,2,randomization_0.10,0.1,"{'level': 0.1, 'physical': {'g': 9.77329996003468, 'c_theta': 0.025599442183017376, 'c_alpha': 0.0010085053881799604, 'k_t': 0.22957189446687215, 'k_b': 0.18473925515411094, 'k_u': 0.04620379226906424, 'R': 4.27445228128928, 'm1': 0.20362528574012353, 'm2': 0.1571335864817141, 'l1cg': 0.07932712245072714, 'l1': 0.15211675599071833, 'l2cg': 0.0657939391895897, 'I1z': 0.0004731252437836183, 'I2x': 0.0003697862011836409, 'I2y': 2.355526837136726e-05, 'I2z': 0.00035638646147886287}, 'init_theta_std_deg': 4.707970747437634, 'init_alpha_std_deg': 8.739277475991987, 'init_theta_dot_std': 0.11970400551985286, 'init_alpha_dot_std': 0.20842403079199073, 'pwm_limit': 150.53978197577757, 'pwm_gain': 1.00002715688183, 'pwm_bias': 0.22242244063395084, 'pwm_deadzone': 0.561361952004641, 'pwm_noise_sigma': 0.12577533441578045, 'actuator_tau': 6.873859691095741e-05, 'action_delay_steps': 0, 'theta_bias': -0.00033776209264438893, 'alpha_bias': -0.00016656918262703108, 'theta_sigma': 0.00020929943738067603, 'alpha_sigma': 0.0010453859330298919, 'theta_dot_sigma': 0.0018779743836547023, 'alpha_dot_sigma': 0.028749221993583145, 'encoder_quantization_rad': 7.04922649334448e-06, 'velocity_lpf': 0.25, 'process_theta_dot_sigma': 0.0, 'process_alpha_dot_sigma': 0.0}"
2288000,2,randomization_0.10,0.1,"{'level': 0.1, 'physical': {'g': 9.770911566988191, 'c_theta': 0.027058341355412893, 'c_alpha': 0.0009475259227286699, 'k_t': 0.23045995669001515, 'k_b': 0.1861451835393858, 'k_u': 0.0477832409148057, 'R': 4.233090318188548, 'm1': 0.21119525022756244, 'm2': 0.15618790205802047, 'l1cg': 0.08089804414581629, 'l1': 0.15210255261392192, 'l2cg': 0.06665780040413373, 'I1z': 0.00047135725001373855, 'I2x': 0.000366334133603443, 'I2y': 2.5305327181666738e-05, 'I2z': 0.00034892814766255143}, 'init_theta_std_deg': 4.917443916453166, 'init_alpha_std_deg': 8.085448289358437, 'init_theta_dot_std': 0.042759600309072936, 'init_alpha_dot_std': 0.15850916455648315, 'pwm_limit': 150.37636216914856, 'pwm_gain': 0.9956810186813488, 'pwm_bias': 0.14222612389911868, 'pwm_deadzone': 0.9909745864350002, 'pwm_noise_sigma': 0.06140702892987646, 'actuator_tau': 0.0021197997295174507, 'action_delay_steps': 0, 'theta_bias': -0.00030454197292977404, 'alpha_bias': 0.0006120326521013246, 'theta_sigma': 0.00045114551080093623, 'alpha_sigma': 0.0007574596116603858, 'theta_dot_sigma': 0.032515530717746814, 'alpha_dot_sigma': 0.05610728743227715, 'encoder_quantization_rad': 0.0001483430101416046, 'velocity_lpf': 0.25, 'process_theta_dot_sigma': 0.0, 'process_alpha_dot_sigma': 0.0}"
2290000,2,randomization_0.10,0.1,"{'level': 0.1, 'physical': {'g': 9.810978048294237, 'c_theta': 0.030385404273895106, 'c_alpha': 0.0009871660477778817, 'k_t': 0.23427396802998302, 'k_b': 0.18333364748855763, 'k_u': 0.04776773636021891, 'R': 4.31222225246837, 'm1': 0.20667597740587845, 'm2': 0.15690622079410066, 'l1cg': 0.08104756674234351, 'l1': 0.1533912197195053, 'l2cg': 0.06664636947499808, 'I1z': 0.0004957815877630518, 'I2x': 0.00037426214367934613, 'I2y': 2.5187316370526366e-05, 'I2z': 0.0003528280598009057}, 'init_theta_std_deg': 5.178235160640306, 'init_alpha_std_deg': 7.8656714738452616, 'init_theta_dot_std': 0.09474777239806964, 'init_alpha_dot_std': 0.24682862970196712, 'pwm_limit': 148.6280405274227, 'pwm_gain': 0.9960300083275554, 'pwm_bias': -0.24304607487617594, 'pwm_deadzone': 0.6132150203729965, 'pwm_noise_sigma': 0.1787623769305725, 'actuator_tau': 0.0019921329409446943, 'action_delay_steps': 0, 'theta_bias': -7.875583790172436e-05, 'alpha_bias': -3.113657759865838e-05, 'theta_sigma': 4.676547134033018e-05, 'alpha_sigma': 0.0009847556914970672, 'theta_dot_sigma': 0.005597048323777391, 'alpha_dot_sigma': 0.011988704103094227, 'encoder_quantization_rad': 3.8768262812567375e-05, 'velocity_lpf': 0.25, 'process_theta_dot_sigma': 0.0, 'process_alpha_dot_sigma': 0.0}"
2292000,2,randomization_0.10,0.1,"{'level': 0.1, 'physical': {'g': 9.836538305657783, 'c_theta': 0.026347832733018522, 'c_alpha': 0.000984264772063628, 'k_t': 0.22744986781914567, 'k_b': 0.18641428290510262, 'k_u': 0.047702812033863, 'R': 4.216029841948124, 'm1': 0.20392698934281345, 'm2': 0.15765262688086432, 'l1cg': 0.07949326517120237, 'l1': 0.1528203024191389, 'l2cg': 0.06620938833044704, 'I1z': 0.0005186205031752049, 'I2x': 0.0003632685741920345, 'I2y': 2.3919622500421794e-05, 'I2z': 0.00038876821806951156}, 'init_theta_std_deg': 5.124965809742343, 'init_alpha_std_deg': 7.682124511175495, 'init_theta_dot_std': 0.07988543455701251, 'init_alpha_dot_std': 0.24975327684275, 'pwm_limit': 147.08955224538565, 'pwm_gain': 0.9946427181245809, 'pwm_bias': -0.3125484761344077, 'pwm_deadzone': 0.6864524557948468, 'pwm_noise_sigma': 0.18901396218563063, 'actuator_tau': 0.0006818083237011372, 'action_delay_steps': 0, 'theta_bias': 0.0009806302793872407, 'alpha_bias': 0.0003490039473413396, 'theta_sigma': 0.00056351724815576, 'alpha_sigma': 0.0007610036186208364, 'theta_dot_sigma': 0.011161286947543175, 'alpha_dot_sigma': 0.04640481398831359, 'encoder_quantization_rad': 1.1357110401309973e-05, 'velocity_lpf': 0.25, 'process_theta_dot_sigma': 0.0, 'process_alpha_dot_sigma': 0.0}"
2294000,2,randomization_0.10,0.1,"{'level': 0.1, 'physical': {'g': 9.843380449089127, 'c_theta': 0.025006329146830958, 'c_alpha': 0.0013062368715932556, 'k_t': 0.22890103695836356, 'k_b': 0.18996218237312917, 'k_u': 0.04830197695121066, 'R': 4.262828159548425, 'm1': 0.20513161394357968, 'm2': 0.15681640810196837, 'l1cg': 0.08055721994174553, 'l1': 0.15326874841794305, 'l2cg': 0.0664956052537341, 'I1z': 0.0004865369260943833, 'I2x': 0.0003652757262879124, 'I2y': 2.378248712903431e-05, 'I2z': 0.000354761554247432}, 'init_theta_std_deg': 4.7036026421006465, 'init_alpha_std_deg': 8.041492098368218, 'init_theta_dot_std': 0.06914393969997683, 'init_alpha_dot_std': 0.07699442691882058, 'pwm_limit': 147.66589442916236, 'pwm_gain': 0.9962506688785683, 'pwm_bias': 0.16958107169187359, 'pwm_deadzone': 0.21574500074787228, 'pwm_noise_sigma': 0.033681605909755774, 'actuator_tau': 0.00038957715180836606, 'action_delay_steps': 0, 'theta_bias': -0.0003615883100349293, 'alpha_bias': -0.0009559805647293395, 'theta_sigma': 0.0004853392370668972, 'alpha_sigma': 0.0016324703961053605, 'theta_dot_sigma': 0.03442346326137249, 'alpha_dot_sigma': 0.04882674951383139, 'encoder_quantization_rad': 4.6888363230549644e-05, 'velocity_lpf': 0.25, 'process_theta_dot_sigma': 0.0, 'process_alpha_dot_sigma': 0.0}"
2296000,2,randomization_0.10,0.1,"{'level': 0.1, 'physical': {'g': 9.79960168910041, 'c_theta': 0.028348610530971426, 'c_alpha': 0.0010685465611218671, 'k_t': 0.23347088580530756, 'k_b': 0.18383039708643734, 'k_u': 0.04775336684212286, 'R': 4.334158906311988, 'm1': 0.2042009597822162, 'm2': 0.15692460917962117, 'l1cg': 0.07922244184110977, 'l1': 0.1507144538781977, 'l2cg': 0.06618089157133411, 'I1z': 0.0005042518148304907, 'I2x': 0.00036451989595101943, 'I2y': 2.3068584834538453e-05, 'I2z': 0.0003839266422543148}, 'init_theta_std_deg': 5.370789084089271, 'init_alpha_std_deg': 8.498271393809802, 'init_theta_dot_std': 0.12299457538388239, 'init_alpha_dot_std': 0.1419576862249459, 'pwm_limit': 148.08304323992903, 'pwm_gain': 0.9908521909041584, 'pwm_bias': 0.37382213971622624, 'pwm_deadzone': 0.5410683565394567, 'pwm_noise_sigma': 0.18119476441711677, 'actuator_tau': 0.0018110451104604874, 'action_delay_steps': 0, 'theta_bias': -0.00017760046185585776, 'alpha_bias': 0.00016179898097414328, 'theta_sigma': 4.4467804225927735e-05, 'alpha_sigma': 0.0019106156183233546, 'theta_dot_sigma': 0.02550605305670359, 'alpha_dot_sigma': 0.00022911691122147191, 'encoder_quantization_rad': 9.369066058104065e-06, 'velocity_lpf': 0.25, 'process_theta_dot_sigma': 0.0, 'process_alpha_dot_sigma': 0.0}"
2298000,2,randomization_0.10,0.1,"{'level': 0.1, 'physical': {'g': 9.845324321706082, 'c_theta': 0.029009835783263466, 'c_alpha': 0.0012002104511607407, 'k_t': 0.23542063127928456, 'k_b': 0.1921503297659541, 'k_u': 0.045863064421095834, 'R': 4.381052311697267, 'm1': 0.20637691646453843, 'm2': 0.15765871791767727, 'l1cg': 0.08138317187838222, 'l1': 0.15133236864328067, 'l2cg': 0.06625819794616777, 'I1z': 0.0005083050492301273, 'I2x': 0.0003750241326083783, 'I2y': 2.4178670853827257e-05, 'I2z': 0.00037975315189507625}, 'init_theta_std_deg': 5.019567355565447, 'init_alpha_std_deg': 8.533156833675093, 'init_theta_dot_std': 0.010750538542803084, 'init_alpha_dot_std': 0.24186071736415565, 'pwm_limit': 149.80543910511742, 'pwm_gain': 1.0021921651595234, 'pwm_bias': -0.03946857957139054, 'pwm_deadzone': 0.2243085685133197, 'pwm_noise_sigma': 0.08440385578838541, 'actuator_tau': 0.0015536974847271592, 'action_delay_steps': 0, 'theta_bias': -0.0008329564298964069, 'alpha_bias': -0.0005574934130697332, 'theta_sigma': 0.00015866547170728, 'alpha_sigma': 0.0018956976308058665, 'theta_dot_sigma': 0.02250217863110975, 'alpha_dot_sigma': 0.05826090468402854, 'encoder_quantization_rad': 0.00013918586021848496, 'velocity_lpf': 0.25, 'process_theta_dot_sigma': 0.0, 'process_alpha_dot_sigma': 0.0}"
2300000,2,randomization_0.10,0.1,"{'level': 0.1, 'physical': {'g': 9.752380559625808, 'c_theta': 0.028712400159577257, 'c_alpha': 0.0011809823040930597, 'k_t': 0.22896070355071868, 'k_b': 0.1861598708089351, 'k_u': 0.04640270991116638, 'R': 4.226629636653367, 'm1': 0.2089078692396925, 'm2': 0.1584894219002784, 'l1cg': 0.08140719983768827, 'l1': 0.15121486733095746, 'l2cg': 0.06812036503116814, 'I1z': 0.0005159802080885047, 'I2x': 0.00036687213252886356, 'I2y': 2.4148133360005225e-05, 'I2z': 0.0003618192285706048}, 'init_theta_std_deg': 5.432816982981621, 'init_alpha_std_deg': 7.691667529153474, 'init_theta_dot_std': 0.07765183872151533, 'init_alpha_dot_std': 0.14175888189833247, 'pwm_limit': 150.30542481336917, 'pwm_gain': 1.0058880284608667, 'pwm_bias': 0.03112212877983769, 'pwm_deadzone': 0.6157528996014561, 'pwm_noise_sigma': 0.1982746771606677, 'actuator_tau': 0.000283160015113479, 'action_delay_steps': 0, 'theta_bias': -0.00015739559029720706, 'alpha_bias': -0.0006020020698854216, 'theta_sigma': 0.00028725694651323086, 'alpha_sigma': 0.00012296768257413594, 'theta_dot_sigma': 0.03196376174214284, 'alpha_dot_sigma': 0.004274472795016932, 'encoder_quantization_rad': 0.00010743555979107895, 'velocity_lpf': 0.25, 'process_theta_dot_sigma': 0.0, 'process_alpha_dot_sigma': 0.0}"
2302000,2,randomization_0.10,0.1,"{'level': 0.1, 'physical': {'g': 9.84080899340974, 'c_theta': 0.02388379960005197, 'c_alpha': 0.0012170059108521816, 'k_t': 0.23246003186781203, 'k_b': 0.18688675143155858, 'k_u': 0.04718191412564049, 'R': 4.326539604743297, 'm1': 0.20567781507506327, 'm2': 0.15817973645581945, 'l1cg': 0.08039351904306496, 'l1': 0.15237777741486444, 'l2cg': 0.06575024103832378, 'I1z': 0.00047731736697769156, 'I2x': 0.00037032821916919924, 'I2y': 2.4274975926512853e-05, 'I2z': 0.00036034411643609196}, 'init_theta_std_deg': 5.20154032227806, 'init_alpha_std_deg': 7.819993996356213, 'init_theta_dot_std': 0.01896842917393184, 'init_alpha_dot_std': 0.03406736704098817, 'pwm_limit': 147.74996342621662, 'pwm_gain': 0.9967239519932715, 'pwm_bias': -0.33896979980758, 'pwm_deadzone': 0.5866820651777, 'pwm_noise_sigma': 0.1566899047636444, 'actuator_tau': 0.0020765034830169983, 'action_delay_steps': 0, 'theta_bias': -0.000902624349237144, 'alpha_bias': 0.00020940010469193925, 'theta_sigma': 0.00041594415691871924, 'alpha_sigma': 0.0003084820015380536, 'theta_dot_sigma': 0.028663106278583334, 'alpha_dot_sigma': 0.008390482191091618, 'encoder_quantization_rad': 6.086034155523531e-05, 'velocity_lpf': 0.25, 'process_theta_dot_sigma': 0.0, 'process_alpha_dot_sigma': 0.0}"
2304000,2,randomization_0.10,0.1,"{'level': 0.1, 'physical': {'g': 9.753408536260652, 'c_theta': 0.028664734832468033, 'c_alpha': 0.0010054948928402434, 'k_t': 0.23121554694620755, 'k_b': 0.19094975479378604, 'k_u': 0.046566272234493306, 'R': 4.3779684297705375, 'm1': 0.2023536631945417, 'm2': 0.1598567211025794, 'l1cg': 0.07947441712118677, 'l1': 0.1507098043216324, 'l2cg': 0.06757649842100427, 'I1z': 0.0005116239645222538, 'I2x': 0.00037056589505849634, 'I2y': 2.4367124893123217e-05, 'I2z': 0.0003662381154608107}, 'init_theta_std_deg': 4.910398434478904, 'init_alpha_std_deg': 7.850172959056848, 'init_theta_dot_std': 0.09783548929806174, 'init_alpha_dot_std': 0.1703104542226347, 'pwm_limit': 148.49128895846383, 'pwm_gain': 0.9936050522010815, 'pwm_bias': 0.31397518983178707, 'pwm_deadzone': 0.9145208387561194, 'pwm_noise_sigma': 0.015719297594239203, 'actuator_tau': 0.0028203302676786503, 'action_delay_steps': 0, 'theta_bias': -0.0002944714287586341, 'alpha_bias': -0.0010181828759439618, 'theta_sigma': 0.0004968798058744892, 'alpha_sigma': 0.0009172855296426661, 'theta_dot_sigma': 0.02519791268634885, 'alpha_dot_sigma': 0.05422282881148759, 'encoder_quantization_rad': 0.00011396824146659843, 'velocity_lpf': 0.24591400328685553, 'process_theta_dot_sigma': 0.0, 'process_alpha_dot_sigma': 0.0}"
2306000,2,randomization_0.10,0.1,"{'level': 0.1, 'physical': {'g': 9.796749428896938, 'c_theta': 0.023878618584681564, 'c_alpha': 0.00118399949218667, 'k_t': 0.23434518314373523, 'k_b': 0.1881861555944862, 'k_u': 0.04712468300723513, 'R': 4.39274835501203, 'm1': 0.20261980222595724, 'm2': 0.15855232877430409, 'l1cg': 0.08139706106777339, 'l1': 0.15062194478117863, 'l2cg': 0.06535640521487207, 'I1z': 0.0005171544003247382, 'I2x': 0.0003755451652392095, 'I2y': 2.421054895932099e-05, 'I2z': 0.0003435198122408361}, 'init_theta_std_deg': 5.421027788612089, 'init_alpha_std_deg': 8.275225692771002, 'init_theta_dot_std': 0.10223576602244618, 'init_alpha_dot_std': 0.20101928950119594, 'pwm_limit': 149.5663869927149, 'pwm_gain': 0.9941262114786694, 'pwm_bias': 0.28669173058403435, 'pwm_deadzone': 0.5883033876216196, 'pwm_noise_sigma': 0.14927513933088996, 'actuator_tau': 0.0029881000239750013, 'action_delay_steps': 0, 'theta_bias': 0.00011502845936907202, 'alpha_bias': -0.000187178569726935, 'theta_sigma': 0.0004198059526152936, 'alpha_sigma': 0.001085207525544626, 'theta_dot_sigma': 0.004589385920693218, 'alpha_dot_sigma': 0.023783308096232546, 'encoder_quantization_rad': 3.096688700809815e-05, 'velocity_lpf': 0.25, 'process_theta_dot_sigma': 0.0, 'process_alpha_dot_sigma': 0.0}"
2308000,2,randomization_0.10,0.1,"{'level': 0.1, 'physical': {'g': 9.83583156574471, 'c_theta': 0.02362174990624935, 'c_alpha': 0.0011587461907581634, 'k_t': 0.2311480183286158, 'k_b': 0.18317633016547302, 'k_u': 0.045703470395090054, 'R': 4.204209153678701, 'm1': 0.20685787858390522, 'm2': 0.15684978931360644, 'l1cg': 0.0813550058216204, 'l1': 0.15087407410385736, 'l2cg': 0.0679153373808453, 'I1z': 0.0005037978061530851, 'I2x': 0.0003694108282309594, 'I2y': 2.478177039205082e-05, 'I2z': 0.00035926952995208634}, 'init_theta_std_deg': 5.497474336404146, 'init_alpha_std_deg': 8.360299286781808, 'init_theta_dot_std': 0.044956856807082834, 'init_alpha_dot_std': 0.02290093059712983, 'pwm_limit': 147.29401087169066, 'pwm_gain': 0.9967918775882861, 'pwm_bias': -0.14057524788898368, 'pwm_deadzone': 0.35151388655207083, 'pwm_noise_sigma': 0.1742067482189105, 'actuator_tau': 0.0009477106779110472, 'action_delay_steps': 0, 'theta_bias': -0.00044727425998840234, 'alpha_bias': -0.0006303773487262004, 'theta_sigma': 0.00013658227493107647, 'alpha_sigma': 0.0018806213714959088, 'theta_dot_sigma': 0.014737040833659624, 'alpha_dot_sigma': 0.0564969523504659, 'encoder_quantization_rad': 1.1472393011610072e-05, 'velocity_lpf': 0.25, 'process_theta_dot_sigma': 0.0, 'process_alpha_dot_sigma': 0.0}"
2310000,2,randomization_0.10,0.1,"{'level': 0.1, 'physical': {'g': 9.781850953090457, 'c_theta': 0.0279381820027872, 'c_alpha': 0.0011276302506655071, 'k_t': 0.23253671060805117, 'k_b': 0.1897089842363742, 'k_u': 0.047046805919171236, 'R': 4.331473233113013, 'm1': 0.20239174497034726, 'm2': 0.15834419836438435, 'l1cg': 0.08009313011546074, 'l1': 0.15115997787136984, 'l2cg': 0.06701752904232751, 'I1z': 0.0004900147734456951, 'I2x': 0.00036343122083208824, 'I2y': 2.3308946329043933e-05, 'I2z': 0.0003542712168273522}, 'init_theta_std_deg': 5.168478934396073, 'init_alpha_std_deg': 8.486017624133453, 'init_theta_dot_std': 0.11240473894622012, 'init_alpha_dot_std': 0.1265672440807642, 'pwm_limit': 148.21417294913587, 'pwm_gain': 0.9985888081239055, 'pwm_bias': -0.3772964035513326, 'pwm_deadzone': 0.9529899634099102, 'pwm_noise_sigma': 0.14406624790787723, 'actuator_tau': 0.0008782816611890847, 'action_delay_steps': 0, 'theta_bias': -0.0008672091127369899, 'alpha_bias': -0.0003306080209732804, 'theta_sigma': 0.00039188321573267444, 'alpha_sigma': 0.001779454415144666, 'theta_dot_sigma': 0.030144354115374996, 'alpha_dot_sigma': 0.034746416343438946, 'encoder_quantization_rad': 0.00013018965890996802, 'velocity_lpf': 0.25, 'process_theta_dot_sigma': 0.0, 'process_alpha_dot_sigma': 0.0}"
2312000,2,randomization_0.10,0.1,"{'level': 0.1, 'physical': {'g': 9.826118746129252, 'c_theta': 0.02429402409192816, 'c_alpha': 0.0011458293949045601, 'k_t': 0.22830482047486128, 'k_b': 0.1910107023236325, 'k_u': 0.04566602410197421, 'R': 4.25990189644841, 'm1': 0.2039071429233872, 'm2': 0.15819478170456402, 'l1cg': 0.08057613437804578, 'l1': 0.15183961490519962, 'l2cg': 0.06772879624514223, 'I1z': 0.0004972718432959619, 'I2x': 0.0003695128198590848, 'I2y': 2.3961073307680838e-05, 'I2z': 0.0003893538221327846}, 'init_theta_std_deg': 5.116411747583518, 'init_alpha_std_deg': 7.703102806036187, 'init_theta_dot_std': 0.1297319678948569, 'init_alpha_dot_std': 0.2051286190169801, 'pwm_limit': 147.7388739380714, 'pwm_gain': 1.0071066899185834, 'pwm_bias': 0.3645186317984263, 'pwm_deadzone': 0.16668998499465904, 'pwm_noise_sigma': 0.00024040318298881316, 'actuator_tau': 0.0003712450745786576, 'action_delay_steps': 0, 'theta_bias': 0.0001923061890900968, 'alpha_bias': 0.0009218446824011392, 'theta_sigma': 5.007894264565467e-05, 'alpha_sigma': 0.0013291467893470326, 'theta_dot_sigma': 0.002468721448703595, 'alpha_dot_sigma': 0.03235307944866632, 'encoder_quantization_rad': 6.1202203503476e-05, 'velocity_lpf': 0.25, 'process_theta_dot_sigma': 0.0, 'process_alpha_dot_sigma': 0.0}"
2314000,2,randomization_0.10,0.1,"{'level': 0.1, 'physical': {'g': 9.809848005551064, 'c_theta': 0.025356986300454715, 'c_alpha': 0.0012518207887639277, 'k_t': 0.2322407445442466, 'k_b': 0.18682320511334358, 'k_u': 0.04597123101097414, 'R': 4.238742210220363, 'm1': 0.20573148891586146, 'm2': 0.15723474924010367, 'l1cg': 0.07991620183755316, 'l1': 0.15169121068340727, 'l2cg': 0.06595334988849456, 'I1z': 0.0004884415377276234, 'I2x': 0.00036829429804267146, 'I2y': 2.545788363224928e-05, 'I2z': 0.00037313375443709867}, 'init_theta_std_deg': 5.346912310136231, 'init_alpha_std_deg': 8.661993439469097, 'init_theta_dot_std': 0.1324163443795882, 'init_alpha_dot_std': 0.16742771683312513, 'pwm_limit': 148.4868549424729, 'pwm_gain': 0.9962274166220549, 'pwm_bias': 0.39733844026440823, 'pwm_deadzone': 0.5181147677066362, 'pwm_noise_sigma': 0.17552422637017656, 'actuator_tau': 0.0018041545368971468, 'action_delay_steps': 0, 'theta_bias': 0.0009559568373505368, 'alpha_bias': 0.00020628314205584265, 'theta_sigma': 0.0004107840760183721, 'alpha_sigma': 0.0002255299709127654, 'theta_dot_sigma': 0.004013806641424877, 'alpha_dot_sigma': 0.01957596097606456, 'encoder_quantization_rad': 7.961657530727195e-05, 'velocity_lpf': 0.25, 'process_theta_dot_sigma': 0.0, 'process_alpha_dot_sigma': 0.0}"
2316000,2,randomization_0.10,0.1,"{'level': 0.1, 'physical': {'g': 9.830727194844485, 'c_theta': 0.028748080255716003, 'c_alpha': 0.0013247372446558055, 'k_t': 0.22844405798631928, 'k_b': 0.18706275895913227, 'k_u': 0.047093892157525685, 'R': 4.351875829690176, 'm1': 0.2110901203180405, 'm2': 0.1586442293817982, 'l1cg': 0.0792318029718443, 'l1': 0.15271426710747615, 'l2cg': 0.06789969205418935, 'I1z': 0.0005211212413528326, 'I2x': 0.0003703840116371527, 'I2y': 2.2991963325510457e-05, 'I2z': 0.00035616230238772633}, 'init_theta_std_deg': 4.966468095321973, 'init_alpha_std_deg': 8.563572773972709, 'init_theta_dot_std': 0.09537581606650168, 'init_alpha_dot_std': 0.1273957781457278, 'pwm_limit': 149.6557878301573, 'pwm_gain': 0.9903586881716171, 'pwm_bias': 0.3059352590978113, 'pwm_deadzone': 0.3187444696880233, 'pwm_noise_sigma': 0.18203439875388336, 'actuator_tau': 0.002701889424390128, 'action_delay_steps': 0, 'theta_bias': 0.0005646881082115239, 'alpha_bias': -0.0009175004788593705, 'theta_sigma': 4.695163572030503e-06, 'alpha_sigma': 0.0005970061243121439, 'theta_dot_sigma': 0.0025472104934269172, 'alpha_dot_sigma': 0.024450411580720414, 'encoder_quantization_rad': 9.359680225235662e-05, 'velocity_lpf': 0.25, 'process_theta_dot_sigma': 0.0, 'process_alpha_dot_sigma': 0.0}"
2318000,2,randomization_0.10,0.1,"{'level': 0.1, 'physical': {'g': 9.757053007471352, 'c_theta': 0.024593549852547907, 'c_alpha': 0.0010060430360329365, 'k_t': 0.23569986643278784, 'k_b': 0.18835267673892586, 'k_u': 0.047502855258490725, 'R': 4.288106006601447, 'm1': 0.20836024804976871, 'm2': 0.15839432356737726, 'l1cg': 0.08076284212310741, 'l1': 0.1509245807625722, 'l2cg': 0.06578130546831715, 'I1z': 0.0004759961304364458, 'I2x': 0.00036724271908768674, 'I2y': 2.278270291698565e-05, 'I2z': 0.0003900330535929929}, 'init_theta_std_deg': 4.986912403698908, 'init_alpha_std_deg': 8.681569709618808, 'init_theta_dot_std': 0.05262240158403267, 'init_alpha_dot_std': 0.23404510016232394, 'pwm_limit': 147.99131146366153, 'pwm_gain': 0.9912218231189504, 'pwm_bias': 0.24935906387376347, 'pwm_deadzone': 0.06091216007238354, 'pwm_noise_sigma': 0.10804059290513568, 'actuator_tau': 0.0010936067445981468, 'action_delay_steps': 0, 'theta_bias': 0.00015191683929983714, 'alpha_bias': -0.0005331385585469402, 'theta_sigma': 0.00034241946780912347, 'alpha_sigma': 0.00034619073973260516, 'theta_dot_sigma': 0.019892305065876543, 'alpha_dot_sigma': 0.017506885650715134, 'encoder_quantization_rad': 0.00014187643326461267, 'velocity_lpf': 0.25, 'process_theta_dot_sigma': 0.0, 'process_alpha_dot_sigma': 0.0}"
2320000,2,randomization_0.10,0.1,"{'level': 0.1, 'physical': {'g': 9.846512410214556, 'c_theta': 0.023404726994063586, 'c_alpha': 0.0011702960706304368, 'k_t': 0.22558682124452167, 'k_b': 0.18697253474167738, 'k_u': 0.04801677428889975, 'R': 4.357561704297282, 'm1': 0.2063628620485504, 'm2': 0.15890092400680897, 'l1cg': 0.0814857809968685, 'l1': 0.15127988909964488, 'l2cg': 0.06724216572743251, 'I1z': 0.0004873632375630953, 'I2x': 0.00036674965846236036, 'I2y': 2.360400348380959e-05, 'I2z': 0.000361638849148963}, 'init_theta_std_deg': 5.4737488091516635, 'init_alpha_std_deg': 8.557534524137104, 'init_theta_dot_std': 0.12785370595441656, 'init_alpha_dot_std': 0.05979384875905056, 'pwm_limit': 150.23546522517685, 'pwm_gain': 0.9916602618006314, 'pwm_bias': 0.35286435921880516, 'pwm_deadzone': 0.18076446397075008, 'pwm_noise_sigma': 0.12801732927916473, 'actuator_tau': 0.001604398737150766, 'action_delay_steps': 0, 'theta_bias': 0.0008204804291391305, 'alpha_bias': -0.0005708417361863119, 'theta_sigma': 0.0002746682321256742, 'alpha_sigma': 0.0016525311857922642, 'theta_dot_sigma': 0.01464162953735093, 'alpha_dot_sigma': 0.01924726994195002, 'encoder_quantization_rad': 2.402492363671566e-05, 'velocity_lpf': 0.25, 'process_theta_dot_sigma': 0.0, 'process_alpha_dot_sigma': 0.0}"
2322000,2,randomization_0.10,0.1,"{'level': 0.1, 'physical': {'g': 9.837991181985593, 'c_theta': 0.026310808450294557, 'c_alpha': 0.0009314633764618811, 'k_t': 0.22961949723265587, 'k_b': 0.19134989201775152, 'k_u': 0.04568175722205005, 'R': 4.388548040495375, 'm1': 0.20388156615257452, 'm2': 0.15646481548349378, 'l1cg': 0.0800485026169185, 'l1': 0.1529325965177565, 'l2cg': 0.06801364846401504, 'I1z': 0.00047792348239330287, 'I2x': 0.00036580595708910445, 'I2y': 2.2648173413281114e-05, 'I2z': 0.0003840261162669035}, 'init_theta_std_deg': 5.156570914391724, 'init_alpha_std_deg': 7.915938295657509, 'init_theta_dot_std': 0.09269476501041787, 'init_alpha_dot_std': 0.15155733417358697, 'pwm_limit': 148.11229928523335, 'pwm_gain': 1.0012492299494122, 'pwm_bias': 0.20587920710039828, 'pwm_deadzone': 0.9502034741588445, 'pwm_noise_sigma': 0.11907490818306939, 'actuator_tau': 0.002299962793310099, 'action_delay_steps': 0, 'theta_bias': 0.0007747939854742976, 'alpha_bias': 0.00046955303531376856, 'theta_sigma': 0.00015969701295362197, 'alpha_sigma': 0.0005712540813875255, 'theta_dot_sigma': 0.03135143446542361, 'alpha_dot_sigma': 0.05095903865705712, 'encoder_quantization_rad': 2.8353518747941132e-05, 'velocity_lpf': 0.25, 'process_theta_dot_sigma': 0.0, 'process_alpha_dot_sigma': 0.0}"
2324000,2,randomization_0.10,0.1,"{'level': 0.1, 'physical': {'g': 9.787625464234807, 'c_theta': 0.026526085912753395, 'c_alpha': 0.0010234166528463166, 'k_t': 0.22825976174605692, 'k_b': 0.18362611029961806, 'k_u': 0.047985620357278894, 'R': 4.335163210911242, 'm1': 0.206707461272715, 'm2': 0.15660381612956972, 'l1cg': 0.08054554959401802, 'l1': 0.15257627012217959, 'l2cg': 0.06666417636876659, 'I1z': 0.0004859267554561899, 'I2x': 0.0003760028707796852, 'I2y': 2.546742208602908e-05, 'I2z': 0.00038138688778624897}, 'init_theta_std_deg': 4.753249803703478, 'init_alpha_std_deg': 7.654143432773852, 'init_theta_dot_std': 0.13041954444616086, 'init_alpha_dot_std': 0.01989705715808765, 'pwm_limit': 149.19889036388943, 'pwm_gain': 0.997716318253899, 'pwm_bias': 0.3055336474077316, 'pwm_deadzone': 0.26866756919457846, 'pwm_noise_sigma': 0.1621711729071277, 'actuator_tau': 0.002814907720047255, 'action_delay_steps': 0, 'theta_bias': 0.0009803395213570827, 'alpha_bias': -9.320254541202316e-05, 'theta_sigma': 0.00026344718201584704, 'alpha_sigma': 0.0004935337871639786, 'theta_dot_sigma': 0.030148450594761587, 'alpha_dot_sigma': 0.01833296484315604, 'encoder_quantization_rad': 8.553133440038536e-05, 'velocity_lpf': 0.25, 'process_theta_dot_sigma': 0.0, 'process_alpha_dot_sigma': 0.0}"
2326000,2,randomization_0.10,0.1,"{'level': 0.1, 'physical': {'g': 9.796531989181402, 'c_theta': 0.030319307121585162, 'c_alpha': 0.001227991864230023, 'k_t': 0.22815647378892845, 'k_b': 0.18622030930521666, 'k_u': 0.04743577221816243, 'R': 4.281087890391728, 'm1': 0.20629861332151925, 'm2': 0.15852544288385742, 'l1cg': 0.07934141686214871, 'l1': 0.153203243361615, 'l2cg': 0.0680055498342627, 'I1z': 0.000521629597681377, 'I2x': 0.0003641292030933167, 'I2y': 2.511851222951009e-05, 'I2z': 0.00038838479292580295}, 'init_theta_std_deg': 5.242400389215338, 'init_alpha_std_deg': 7.781336393103973, 'init_theta_dot_std': 0.0714116371048934, 'init_alpha_dot_std': 0.026939716522549118, 'pwm_limit': 148.8852148102783, 'pwm_gain': 0.9963483390269049, 'pwm_bias': 0.24623073021293448, 'pwm_deadzone': 0.1162983118668991, 'pwm_noise_sigma': 0.01621743251693537, 'actuator_tau': 0.00015025289122445561, 'action_delay_steps': 0, 'theta_bias': 0.0007108918182981734, 'alpha_bias': 0.0009414983511334846, 'theta_sigma': 0.0004399905942145668, 'alpha_sigma': 8.511329874475338e-05, 'theta_dot_sigma': 0.02724095366839138, 'alpha_dot_sigma': 0.03534129631713069, 'encoder_quantization_rad': 8.978759233410205e-05, 'velocity_lpf': 0.25, 'process_theta_dot_sigma': 0.0, 'process_alpha_dot_sigma': 0.0}"
2328000,2,randomization_0.10,0.1,"{'level': 0.1, 'physical': {'g': 9.796672047924245, 'c_theta': 0.025526547450260003, 'c_alpha': 0.0012235164318620262, 'k_t': 0.23157675939204958, 'k_b': 0.18431478809495022, 'k_u': 0.04801445576790341, 'R': 4.262427436605999, 'm1': 0.2057357654989703, 'm2': 0.15687799811258732, 'l1cg': 0.08057048158912226, 'l1': 0.15217003340749666, 'l2cg': 0.06602299058307891, 'I1z': 0.0005096634631136624, 'I2x': 0.00036962534637408664, 'I2y': 2.500974456511022e-05, 'I2z': 0.0003799096161675252}, 'init_theta_std_deg': 5.10486516973167, 'init_alpha_std_deg': 7.601379656104868, 'init_theta_dot_std': 0.12514921347048494, 'init_alpha_dot_std': 0.08712379606205788, 'pwm_limit': 150.36779655192564, 'pwm_gain': 1.0027699083683275, 'pwm_bias': -0.23671784163200948, 'pwm_deadzone': 0.392826957847216, 'pwm_noise_sigma': 0.16942470050097608, 'actuator_tau': 0.00018569855478869058, 'action_delay_steps': 0, 'theta_bias': 0.0007293397371339245, 'alpha_bias': -0.00030944167250584933, 'theta_sigma': 0.0001484522567235468, 'alpha_sigma': 5.185154724352636e-05, 'theta_dot_sigma': 0.0051731996144124, 'alpha_dot_sigma': 0.017828491492398554, 'encoder_quantization_rad': 1.9784489527555755e-05, 'velocity_lpf': 0.25, 'process_theta_dot_sigma': 0.0, 'process_alpha_dot_sigma': 0.0}"
2330000,2,randomization_0.10,0.1,"{'level': 0.1, 'physical': {'g': 9.840330773732196, 'c_theta': 0.027402507028908774, 'c_alpha': 0.0011452668013598732, 'k_t': 0.2310701168759095, 'k_b': 0.1877847611705581, 'k_u': 0.04631677525829802, 'R': 4.34790009544256, 'm1': 0.20259048895783788, 'm2': 0.15719963862019135, 'l1cg': 0.08047133386992793, 'l1': 0.15118485241126275, 'l2cg': 0.06550411052164036, 'I1z': 0.00047999505181711303, 'I2x': 0.00037307426536073684, 'I2y': 2.464057072440127e-05, 'I2z': 0.0003556701607049063}, 'init_theta_std_deg': 5.304073887787031, 'init_alpha_std_deg': 7.7862204620581235, 'init_theta_dot_std': 0.05178083522209401, 'init_alpha_dot_std': 0.13594751683742354, 'pwm_limit': 149.29845232472346, 'pwm_gain': 0.9922063217479542, 'pwm_bias': -0.10967421438548, 'pwm_deadzone': 0.14975145823301506, 'pwm_noise_sigma': 0.1341402656797995, 'actuator_tau': 0.002559257544222004, 'action_delay_steps': 0, 'theta_bias': 0.00032105108926272074, 'alpha_bias': 0.0008816016076059837, 'theta_sigma': 0.00018907028294998915, 'alpha_sigma': 0.0014380118981509773, 'theta_dot_sigma': 0.02046021807232765, 'alpha_dot_sigma': 0.04519880059355985, 'encoder_quantization_rad': 4.670346256804298e-05, 'velocity_lpf': 0.25, 'process_theta_dot_sigma': 0.0, 'process_alpha_dot_sigma': 0.0}"
2332000,2,randomization_0.10,0.1,"{'level': 0.1, 'physical': {'g': 9.790062393229936, 'c_theta': 0.025270200295147843, 'c_alpha': 0.00122393707039222, 'k_t': 0.22542802954235175, 'k_b': 0.1895366665013175, 'k_u': 0.04756022555067879, 'R': 4.351787700217355, 'm1': 0.2086886145153918, 'm2': 0.16040015264208687, 'l1cg': 0.07954070987855993, 'l1': 0.1530666210017993, 'l2cg': 0.0660687651638479, 'I1z': 0.0004906043174100495, 'I2x': 0.000371992006381871, 'I2y': 2.421047163440145e-05, 'I2z': 0.00037596051022780364}, 'init_theta_std_deg': 4.8113658116994475, 'init_alpha_std_deg': 8.529438600722019, 'init_theta_dot_std': 0.1467795818437143, 'init_alpha_dot_std': 0.1595592994338443, 'pwm_limit': 148.84909657723745, 'pwm_gain': 0.9987867399011732, 'pwm_bias': 0.3672040476560283, 'pwm_deadzone': 0.3842117855310532, 'pwm_noise_sigma': 0.10368342984330231, 'actuator_tau': 0.0027570192516509382, 'action_delay_steps': 0, 'theta_bias': 0.0008534548970981511, 'alpha_bias': -0.0007108775822693657, 'theta_sigma': 0.0004204852070601329, 'alpha_sigma': 0.0007481647761678478, 'theta_dot_sigma': 0.0008108346159841889, 'alpha_dot_sigma': 0.03376262310511996, 'encoder_quantization_rad': 0.0001427184701097843, 'velocity_lpf': 0.25, 'process_theta_dot_sigma': 0.0, 'process_alpha_dot_sigma': 0.0}"
2334000,2,randomization_0.10,0.1,"{'level': 0.1, 'physical': {'g': 9.781066037967417, 'c_theta': 0.03083599736757502, 'c_alpha': 0.0010244766440249086, 'k_t': 0.23437397778014615, 'k_b': 0.1914030888920321, 'k_u': 0.04609850404807309, 'R': 4.251250362934114, 'm1': 0.2046300425247411, 'm2': 0.15797270488863757, 'l1cg': 0.0793882839390384, 'l1': 0.1523125651231706, 'l2cg': 0.06719759789657949, 'I1z': 0.0004933289078022263, 'I2x': 0.0003623871831810867, 'I2y': 2.2961224152025797e-05, 'I2z': 0.00035043298199958204}, 'init_theta_std_deg': 5.459111453215509, 'init_alpha_std_deg': 8.044506873499847, 'init_theta_dot_std': 0.10231403209511257, 'init_alpha_dot_std': 0.19305729851427383, 'pwm_limit': 148.71091897686549, 'pwm_gain': 0.9929452485116363, 'pwm_bias': -0.3078801373277125, 'pwm_deadzone': 0.30125505547131204, 'pwm_noise_sigma': 0.1669326178940255, 'actuator_tau': 0.0012760728019921752, 'action_delay_steps': 0, 'theta_bias': 0.0005064022078801647, 'alpha_bias': -0.0003122514945785373, 'theta_sigma': 0.0003721469081413565, 'alpha_sigma': 0.0004582710151480911, 'theta_dot_sigma': 0.012830034725786902, 'alpha_dot_sigma': 0.02456332963380134, 'encoder_quantization_rad': 4.129741746928006e-05, 'velocity_lpf': 0.25, 'process_theta_dot_sigma': 0.0, 'process_alpha_dot_sigma': 0.0}"
2336000,2,randomization_0.10,0.1,"{'level': 0.1, 'physical': {'g': 9.791055689536602, 'c_theta': 0.023976652002530935, 'c_alpha': 0.0010138742071437578, 'k_t': 0.22589616501904583, 'k_b': 0.19053941527077511, 'k_u': 0.048359898757556904, 'R': 4.362222232587641, 'm1': 0.20565576140491876, 'm2': 0.15611266254355854, 'l1cg': 0.08116924889195705, 'l1': 0.15335557102622924, 'l2cg': 0.06581155249327268, 'I1z': 0.0004712047803935293, 'I2x': 0.0003737808672430038, 'I2y': 2.5191031730018484e-05, 'I2z': 0.0003689147581355405}, 'init_theta_std_deg': 5.057157699004089, 'init_alpha_std_deg': 8.556998999075434, 'init_theta_dot_std': 0.13863720879798128, 'init_alpha_dot_std': 0.20706328318139097, 'pwm_limit': 149.8573830723674, 'pwm_gain': 1.0062800875361149, 'pwm_bias': 0.18787097536199848, 'pwm_deadzone': 0.788474601642332, 'pwm_noise_sigma': 0.1155668652684122, 'actuator_tau': 0.0011397543606672291, 'action_delay_steps': 0, 'theta_bias': 0.00030805900458985927, 'alpha_bias': -0.0006476314656220493, 'theta_sigma': 0.0004893822678348316, 'alpha_sigma': 0.0006278245661530658, 'theta_dot_sigma': 0.024313119199090013, 'alpha_dot_sigma': 0.04796806081386535, 'encoder_quantization_rad': 5.7413107999108206e-05, 'velocity_lpf': 0.25, 'process_theta_dot_sigma': 0.0, 'process_alpha_dot_sigma': 0.0}"
2338000,2,randomization_0.10,0.1,"{'level': 0.1, 'physical': {'g': 9.823351331124277, 'c_theta': 0.02389488183013184, 'c_alpha': 0.0011678638666624695, 'k_t': 0.2320032724980054, 'k_b': 0.18987897174366694, 'k_u': 0.04645496658419105, 'R': 4.263429274843885, 'm1': 0.2048466821485566, 'm2': 0.15910515099691172, 'l1cg': 0.07926782145553483, 'l1': 0.1530038929485941, 'l2cg': 0.06507144761918505, 'I1z': 0.0004845529796314933, 'I2x': 0.00036614475235781835, 'I2y': 2.3600786534559347e-05, 'I2z': 0.0003482489064131428}, 'init_theta_std_deg': 5.109494589126897, 'init_alpha_std_deg': 7.784978514275196, 'init_theta_dot_std': 0.0811353245450998, 'init_alpha_dot_std': 0.024401951415962075, 'pwm_limit': 147.0767003348557, 'pwm_gain': 1.0059474014874814, 'pwm_bias': -0.10624572689291707, 'pwm_deadzone': 0.2919139475692546, 'pwm_noise_sigma': 0.10343063984095471, 'actuator_tau': 0.0019969675808766477, 'action_delay_steps': 0, 'theta_bias': 0.00015899028544446358, 'alpha_bias': 0.0004914667485107658, 'theta_sigma': 0.0005771600359334963, 'alpha_sigma': 0.0012170722925048654, 'theta_dot_sigma': 0.0014597707556726974, 'alpha_dot_sigma': 0.041271466298120216, 'encoder_quantization_rad': 9.557039817769399e-05, 'velocity_lpf': 0.25, 'process_theta_dot_sigma': 0.0, 'process_alpha_dot_sigma': 0.0}"
2340000,2,randomization_0.10,0.1,"{'level': 0.1, 'physical': {'g': 9.769764985239956, 'c_theta': 0.02659018780330218, 'c_alpha': 0.0010355625588953188, 'k_t': 0.22700823630296102, 'k_b': 0.1872902035199986, 'k_u': 0.04767057681538122, 'R': 4.298980268300575, 'm1': 0.20683077333460032, 'm2': 0.15623445238971287, 'l1cg': 0.080162884326845, 'l1': 0.15067761037933103, 'l2cg': 0.0680240369779099, 'I1z': 0.0005188992195135128, 'I2x': 0.0003754565387495159, 'I2y': 2.366415052563129e-05, 'I2z': 0.00036512914131791744}, 'init_theta_std_deg': 4.924235560955128, 'init_alpha_std_deg': 7.894821067176496, 'init_theta_dot_std': 0.025500327510615668, 'init_alpha_dot_std': 0.08772438599027675, 'pwm_limit': 147.5673242090276, 'pwm_gain': 0.9902595765303674, 'pwm_bias': -0.262058248776199, 'pwm_deadzone': 0.17627523217628938, 'pwm_noise_sigma': 0.06052800861742365, 'actuator_tau': 0.0020880613306700456, 'action_delay_steps': 0, 'theta_bias': -0.0005497287872279209, 'alpha_bias': -0.0007009125910753485, 'theta_sigma': 0.000357144551985447, 'alpha_sigma': 0.0007791241549183226, 'theta_dot_sigma': 0.005494877913979028, 'alpha_dot_sigma': 0.04954978729510771, 'encoder_quantization_rad': 1.3733015936841238e-05, 'velocity_lpf': 0.25, 'process_theta_dot_sigma': 0.0, 'process_alpha_dot_sigma': 0.0}"
2342000,2,randomization_0.10,0.1,"{'level': 0.1, 'physical': {'g': 9.828592203674082, 'c_theta': 0.023517563248517472, 'c_alpha': 0.0010189827339780275, 'k_t': 0.23175770659189907, 'k_b': 0.1879126126180311, 'k_u': 0.04670498153387502, 'R': 4.250707250288157, 'm1': 0.20650926468515327, 'm2': 0.1589435520794094, 'l1cg': 0.08054684006525399, 'l1': 0.15282329161908315, 'l2cg': 0.06542133649903265, 'I1z': 0.0005236002196379979, 'I2x': 0.0003725621174852398, 'I2y': 2.4937086858349267e-05, 'I2z': 0.00034651304761533497}, 'init_theta_std_deg': 5.110297415418776, 'init_alpha_std_deg': 8.647728311668171, 'init_theta_dot_std': 0.07087103136253287, 'init_alpha_dot_std': 0.12730647744257875, 'pwm_limit': 149.00009636009597, 'pwm_gain': 0.9990317253779825, 'pwm_bias': -0.38693177078250857, 'pwm_deadzone': 0.3188040926473571, 'pwm_noise_sigma': 0.003591619051046791, 'actuator_tau': 0.0028674616808386155, 'action_delay_steps': 0, 'theta_bias': -0.0007076184311857268, 'alpha_bias': -0.0005805444679297091, 'theta_sigma': 0.0005547959650021725, 'alpha_sigma': 0.00031318888586518123, 'theta_dot_sigma': 0.01586151738450284, 'alpha_dot_sigma': 0.04729839605169144, 'encoder_quantization_rad': 0.00011842044294550067, 'velocity_lpf': 0.25, 'process_theta_dot_sigma': 0.0, 'process_alpha_dot_sigma': 0.0}"
2344000,2,randomization_0.10,0.1,"{'level': 0.1, 'physical': {'g': 9.824630230243391, 'c_theta': 0.027322253658853796, 'c_alpha': 0.0012717481743259626, 'k_t': 0.22845639934327008, 'k_b': 0.1910781536989888, 'k_u': 0.048110009530955795, 'R': 4.291110001183684, 'm1': 0.2109284953501542, 'm2': 0.1603458700656827, 'l1cg': 0.08057706028349075, 'l1': 0.15194337304922179, 'l2cg': 0.06629814673594672, 'I1z': 0.0004769290157978814, 'I2x': 0.0003619452327185345, 'I2y': 2.4595267874911798e-05, 'I2z': 0.00037007410237941}, 'init_theta_std_deg': 5.381138855834467, 'init_alpha_std_deg': 8.385438423868132, 'init_theta_dot_std': 0.030812692375506896, 'init_alpha_dot_std': 0.14046068638329287, 'pwm_limit': 147.10735623732543, 'pwm_gain': 1.005681632373709, 'pwm_bias': 0.38861168517969746, 'pwm_deadzone': 0.43131057364467107, 'pwm_noise_sigma': 0.09394585068087813, 'actuator_tau': 0.0016979602606086712, 'action_delay_steps': 0, 'theta_bias': 0.00017184388996662814, 'alpha_bias': -0.0008205224478060379, 'theta_sigma': 0.00030465951180694447, 'alpha_sigma': 0.0016780329978394596, 'theta_dot_sigma': 0.011795770676869833, 'alpha_dot_sigma': 0.022428350841124326, 'encoder_quantization_rad': 8.71745398733603e-05, 'velocity_lpf': 0.25, 'process_theta_dot_sigma': 0.0, 'process_alpha_dot_sigma': 0.0}"
2346000,2,randomization_0.10,0.1,"{'level': 0.1, 'physical': {'g': 9.763368948056183, 'c_theta': 0.025680354864863975, 'c_alpha': 0.0012553599753334288, 'k_t': 0.23310269227199254, 'k_b': 0.18980741559103426, 'k_u': 0.04688767056432264, 'R': 4.349987812710926, 'm1': 0.21010651504300154, 'm2': 0.15941705912910706, 'l1cg': 0.0794779107512807, 'l1': 0.15149738277426525, 'l2cg': 0.0679647966967765, 'I1z': 0.00047070605882897933, 'I2x': 0.0003759089643984082, 'I2y': 2.268629905001954e-05, 'I2z': 0.00038178576722231133}, 'init_theta_std_deg': 4.771795628525917, 'init_alpha_std_deg': 8.239666271230263, 'init_theta_dot_std': 0.09699672400514016, 'init_alpha_dot_std': 0.00908973999263668, 'pwm_limit': 148.5958974145943, 'pwm_gain': 1.0014416148625478, 'pwm_bias': -0.1954503878658799, 'pwm_deadzone': 0.490809158210725, 'pwm_noise_sigma': 0.15430276390188763, 'actuator_tau': 0.0007329961955947098, 'action_delay_steps': 0, 'theta_bias': 0.00042405716304127816, 'alpha_bias': -0.0008784622447587663, 'theta_sigma': 0.0004121844443099507, 'alpha_sigma': 0.001855832709853986, 'theta_dot_sigma': 0.0060313202299326525, 'alpha_dot_sigma': 0.021564122251238462, 'encoder_quantization_rad': 6.83454693785639e-05, 'velocity_lpf': 0.25, 'process_theta_dot_sigma': 0.0, 'process_alpha_dot_sigma': 0.0}"
2348000,2,randomization_0.10,0.1,"{'level': 0.1, 'physical': {'g': 9.836408914121186, 'c_theta': 0.027169365728640024, 'c_alpha': 0.0010044243842261857, 'k_t': 0.22966600547952268, 'k_b': 0.18907100757902806, 'k_u': 0.047974570007721505, 'R': 4.27543301016768, 'm1': 0.20687336792343283, 'm2': 0.16006341701343516, 'l1cg': 0.08096474823063765, 'l1': 0.15243002367624597, 'l2cg': 0.0676278890677945, 'I1z': 0.0004945547185708191, 'I2x': 0.0003631884842204798, 'I2y': 2.459502539620898e-05, 'I2z': 0.00034752772332460554}, 'init_theta_std_deg': 4.765303062545348, 'init_alpha_std_deg': 7.903369277968829, 'init_theta_dot_std': 0.05545417401084823, 'init_alpha_dot_std': 0.17250956072418708, 'pwm_limit': 150.30890401686102, 'pwm_gain': 1.006506758741208, 'pwm_bias': 0.34057519150280025, 'pwm_deadzone': 0.3312653093684931, 'pwm_noise_sigma': 0.023284462417722196, 'actuator_tau': 0.00038337936448015086, 'action_delay_steps': 0, 'theta_bias': -0.00044370575634859624, 'alpha_bias': 0.0009032615984574871, 'theta_sigma': 0.0003693530192628261, 'alpha_sigma': 0.0017121758976209873, 'theta_dot_sigma': 0.03234613453711897, 'alpha_dot_sigma': 0.02532411717622555, 'encoder_quantization_rad': 4.320083276236473e-05, 'velocity_lpf': 0.25, 'process_theta_dot_sigma': 0.0, 'process_alpha_dot_sigma': 0.0}"
2350000,2,randomization_0.10,0.1,"{'level': 0.1, 'physical': {'g': 9.83964910761226, 'c_theta': 0.02872403878368271, 'c_alpha': 0.0009753039871471371, 'k_t': 0.23543947780302177, 'k_b': 0.19153547800701085, 'k_u': 0.046632208680066865, 'R': 4.366978093298063, 'm1': 0.20965630341828753, 'm2': 0.1569745956126509, 'l1cg': 0.0812594029201871, 'l1': 0.1527438224711856, 'l2cg': 0.06794013370983797, 'I1z': 0.00047320174397288137, 'I2x': 0.00036668901747437775, 'I2y': 2.3674860178769576e-05, 'I2z': 0.00034507746617042865}, 'init_theta_std_deg': 4.845279615433639, 'init_alpha_std_deg': 8.340141383182681, 'init_theta_dot_std': 0.11703866201862415, 'init_alpha_dot_std': 0.2129127194679703, 'pwm_limit': 149.73177003218495, 'pwm_gain': 0.9956943586040394, 'pwm_bias': -0.3468731354711773, 'pwm_deadzone': 0.9933308036100025, 'pwm_noise_sigma': 0.13163076123505466, 'actuator_tau': 0.0009106570440497318, 'action_delay_steps': 0, 'theta_bias': 3.81801576867733e-05, 'alpha_bias': -0.0007724856848897057, 'theta_sigma': 0.0005680070099160668, 'alpha_sigma': 0.0009585492811646897, 'theta_dot_sigma': 0.009407753144858848, 'alpha_dot_sigma': 0.005872891664045266, 'encoder_quantization_rad': 1.7902553625497472e-05, 'velocity_lpf': 0.25, 'process_theta_dot_sigma': 0.0, 'process_alpha_dot_sigma': 0.0}"
2352000,2,randomization_0.10,0.1,"{'level': 0.1, 'physical': {'g': 9.758330982761386, 'c_theta': 0.030597967654724053, 'c_alpha': 0.0011638983351978363, 'k_t': 0.230787974389415, 'k_b': 0.182976760201955, 'k_u': 0.04835758002382783, 'R': 4.370786624599675, 'm1': 0.20870067159994174, 'm2': 0.15728628262909716, 'l1cg': 0.07942635596616059, 'l1': 0.1514064825137262, 'l2cg': 0.06712574534177217, 'I1z': 0.0004701321544215657, 'I2x': 0.0003759843913588233, 'I2y': 2.362518317427765e-05, 'I2z': 0.0003870973872207633}, 'init_theta_std_deg': 5.031779563287903, 'init_alpha_std_deg': 8.562010267415047, 'init_theta_dot_std': 0.06247275878668719, 'init_alpha_dot_std': 0.047601265108418334, 'pwm_limit': 147.5962443634125, 'pwm_gain': 0.9902328140713275, 'pwm_bias': 0.1929312040015373, 'pwm_deadzone': 0.3624860096530801, 'pwm_noise_sigma': 0.06049298099008225, 'actuator_tau': 0.0016967195814096732, 'action_delay_steps': 0, 'theta_bias': 0.000287006925657771, 'alpha_bias': 0.001136288103558238, 'theta_sigma': 0.0003107441578595799, 'alpha_sigma': 0.0009960791100997164, 'theta_dot_sigma': 0.00791373240273782, 'alpha_dot_sigma': 0.042039947101458995, 'encoder_quantization_rad': 0.0001024464547251685, 'velocity_lpf': 0.25, 'process_theta_dot_sigma': 0.0, 'process_alpha_dot_sigma': 0.0}"
2354000,2,randomization_0.10,0.1,"{'level': 0.1, 'physical': {'g': 9.834823321773916, 'c_theta': 0.023627643440566115, 'c_alpha': 0.0010582561262194264, 'k_t': 0.2362575436948583, 'k_b': 0.1831246526704543, 'k_u': 0.0483138954745419, 'R': 4.302412670448934, 'm1': 0.2093983157953716, 'm2': 0.1602056027896585, 'l1cg': 0.07991979914204304, 'l1': 0.15158350028605364, 'l2cg': 0.06695729706453411, 'I1z': 0.00047679253141249243, 'I2x': 0.000363001053597736, 'I2y': 2.2857360148677308e-05, 'I2z': 0.0003804447710577962}, 'init_theta_std_deg': 4.751892088289987, 'init_alpha_std_deg': 7.843269198493443, 'init_theta_dot_std': 0.059641574462477934, 'init_alpha_dot_std': 0.2215927762760563, 'pwm_limit': 148.6244533568868, 'pwm_gain': 0.9912667479198857, 'pwm_bias': 0.3641486003827982, 'pwm_deadzone': 0.7303319146404588, 'pwm_noise_sigma': 0.005462290329766906, 'actuator_tau': 0.0029911715409015496, 'action_delay_steps': 0, 'theta_bias': 0.0009358935547129761, 'alpha_bias': 0.0011711557459080427, 'theta_sigma': 0.00024822080255849785, 'alpha_sigma': 0.0013063098736435653, 'theta_dot_sigma': 0.016436995189914518, 'alpha_dot_sigma': 0.00256864960724867, 'encoder_quantization_rad': 0.00012519316163560793, 'velocity_lpf': 0.25, 'process_theta_dot_sigma': 0.0, 'process_alpha_dot_sigma': 0.0}"
2356000,2,randomization_0.10,0.1,"{'level': 0.1, 'physical': {'g': 9.753048376559489, 'c_theta': 0.025567095351142283, 'c_alpha': 0.001073383026623256, 'k_t': 0.22877375002660044, 'k_b': 0.18767772045458547, 'k_u': 0.04748044106605582, 'R': 4.2910812460202985, 'm1': 0.2033713926514396, 'm2': 0.15954840194417225, 'l1cg': 0.07993369457404931, 'l1': 0.15284351031095547, 'l2cg': 0.06630506815510022, 'I1z': 0.0005150245598452027, 'I2x': 0.00036903708819291533, 'I2y': 2.299183909042334e-05, 'I2z': 0.000359981732258856}, 'init_theta_std_deg': 5.476531897572446, 'init_alpha_std_deg': 7.608227962786772, 'init_theta_dot_std': 0.02049495011317422, 'init_alpha_dot_std': 0.10481171542110786, 'pwm_limit': 149.57707527579032, 'pwm_gain': 0.9993497253486925, 'pwm_bias': -0.39869565327290524, 'pwm_deadzone': 0.9250010740482506, 'pwm_noise_sigma': 0.15066482541250445, 'actuator_tau': 0.0007530355147210943, 'action_delay_steps': 0, 'theta_bias': -0.000953052845044402, 'alpha_bias': 0.0002672534750203493, 'theta_sigma': 5.690748056072839e-05, 'alpha_sigma': 0.0008326696213803511, 'theta_dot_sigma': 0.020490639717536323, 'alpha_dot_sigma': 0.05113273253957161, 'encoder_quantization_rad': 0.00014325381248703054, 'velocity_lpf': 0.25, 'process_theta_dot_sigma': 0.0, 'process_alpha_dot_sigma': 0.0}"
2358000,2,randomization_0.10,0.1,"{'level': 0.1, 'physical': {'g': 9.814868616892522, 'c_theta': 0.02468292291378557, 'c_alpha': 0.001336740039253782, 'k_t': 0.22564304205994615, 'k_b': 0.18296967346954668, 'k_u': 0.04835252557670444, 'R': 4.3409302561623795, 'm1': 0.20989585011280737, 'm2': 0.15958449977388595, 'l1cg': 0.07940532581291808, 'l1': 0.1524270270278827, 'l2cg': 0.06626667414956366, 'I1z': 0.000475461573433743, 'I2x': 0.0003686462468959696, 'I2y': 2.4783613749714723e-05, 'I2z': 0.0003799055549314291}, 'init_theta_std_deg': 4.92164328228386, 'init_alpha_std_deg': 7.895622508868801, 'init_theta_dot_std': 0.06586387175574242, 'init_alpha_dot_std': 0.16504626467965633, 'pwm_limit': 150.17233333234506, 'pwm_gain': 0.9910069903194068, 'pwm_bias': -0.26018374224129337, 'pwm_deadzone': 0.04750852541567352, 'pwm_noise_sigma': 0.17305207325788494, 'actuator_tau': 0.0005865353844224209, 'action_delay_steps': 0, 'theta_bias': -0.0001388887575625968, 'alpha_bias': -0.00032752452538239806, 'theta_sigma': 0.0005794983908243963, 'alpha_sigma': 0.0010911616671047688, 'theta_dot_sigma': 0.000608678789048519, 'alpha_dot_sigma': 0.010749999558660909, 'encoder_quantization_rad': 0.00010514438382810002, 'velocity_lpf': 0.25, 'process_theta_dot_sigma': 0.0, 'process_alpha_dot_sigma': 0.0}"
2360000,2,randomization_0.10,0.1,"{'level': 0.1, 'physical': {'g': 9.843200184692806, 'c_theta': 0.025850696020636478, 'c_alpha': 0.0009490506368143732, 'k_t': 0.2288243460045156, 'k_b': 0.19153890171286603, 'k_u': 0.04783766919255913, 'R': 4.360953637566257, 'm1': 0.20691526316998435, 'm2': 0.15661676054982185, 'l1cg': 0.08090104784094998, 'l1': 0.15130082412889045, 'l2cg': 0.06623322123411361, 'I1z': 0.0004922137375526889, 'I2x': 0.0003704711071340037, 'I2y': 2.362124323800174e-05, 'I2z': 0.0003898687903566994}, 'init_theta_std_deg': 5.0568093847405216, 'init_alpha_std_deg': 7.961720021224582, 'init_theta_dot_std': 0.05389275988260292, 'init_alpha_dot_std': 0.14610081514742077, 'pwm_limit': 148.6451385571535, 'pwm_gain': 1.0089031230745031, 'pwm_bias': -0.07655259885147903, 'pwm_deadzone': 0.8857918469223403, 'pwm_noise_sigma': 0.09290297022503345, 'actuator_tau': 0.0006135837406061581, 'action_delay_steps': 0, 'theta_bias': -0.0008258552344300307, 'alpha_bias': 0.0002623249942868597, 'theta_sigma': 0.0001826676748455639, 'alpha_sigma': 0.001988487769928738, 'theta_dot_sigma': 0.025279061341973805, 'alpha_dot_sigma': 0.03849727873771265, 'encoder_quantization_rad': 4.253216396112881e-06, 'velocity_lpf': 0.25, 'process_theta_dot_sigma': 0.0, 'process_alpha_dot_sigma': 0.0}"
2362000,2,randomization_0.10,0.1,"{'level': 0.1, 'physical': {'g': 9.775936576397866, 'c_theta': 0.03010135020861985, 'c_alpha': 0.0011668460828369814, 'k_t': 0.22863310449230195, 'k_b': 0.1849618186511577, 'k_u': 0.048147502948039295, 'R': 4.364502632758526, 'm1': 0.20605652550444303, 'm2': 0.1585533961828168, 'l1cg': 0.08010296168066088, 'l1': 0.1523348838744677, 'l2cg': 0.06531171900320779, 'I1z': 0.00048665513086561973, 'I2x': 0.00036399144098028325, 'I2y': 2.5431845498938638e-05, 'I2z': 0.0003778676885489887}, 'init_theta_std_deg': 5.242066063202582, 'init_alpha_std_deg': 8.30279734472375, 'init_theta_dot_std': 0.004474982753659701, 'init_alpha_dot_std': 0.2400674599553966, 'pwm_limit': 150.2217133536051, 'pwm_gain': 1.0077799294513832, 'pwm_bias': 0.2524564083564636, 'pwm_deadzone': 0.40968377876926965, 'pwm_noise_sigma': 0.051794468996245735, 'actuator_tau': 0.0029101559733897674, 'action_delay_steps': 0, 'theta_bias': -0.0005334389924628508, 'alpha_bias': 0.0008965083162760817, 'theta_sigma': 0.00011057062205751552, 'alpha_sigma': 0.0008580044061617185, 'theta_dot_sigma': 0.03127286362758507, 'alpha_dot_sigma': 0.05057495652605341, 'encoder_quantization_rad': 0.0001390653254457247, 'velocity_lpf': 0.25, 'process_theta_dot_sigma': 0.0, 'process_alpha_dot_sigma': 0.0}"
2364000,2,randomization_0.10,0.1,"{'level': 0.1, 'physical': {'g': 9.831816268753707, 'c_theta': 0.026348579816860264, 'c_alpha': 0.0012433712693368923, 'k_t': 0.2352392838599543, 'k_b': 0.1837079039984319, 'k_u': 0.04625917573592001, 'R': 4.303582622666674, 'm1': 0.20830872619638557, 'm2': 0.156292098374489, 'l1cg': 0.07947747973720713, 'l1': 0.152982035465047, 'l2cg': 0.06517654187638032, 'I1z': 0.00048671565486646014, 'I2x': 0.00037154051394140604, 'I2y': 2.418996148564236e-05, 'I2z': 0.00036017663302685617}, 'init_theta_std_deg': 5.073216369693023, 'init_alpha_std_deg': 7.94621479084866, 'init_theta_dot_std': 0.02369855635028763, 'init_alpha_dot_std': 4.8168822011002144e-05, 'pwm_limit': 150.48247462990915, 'pwm_gain': 0.9910367871115469, 'pwm_bias': 0.39379150177526956, 'pwm_deadzone': 0.5228448808978645, 'pwm_noise_sigma': 0.0913374261946069, 'actuator_tau': 0.002435935873004293, 'action_delay_steps': 0, 'theta_bias': -0.0006262461789690994, 'alpha_bias': -0.0011307065276395256, 'theta_sigma': 0.0005800791927038067, 'alpha_sigma': 0.001563289303605804, 'theta_dot_sigma': 0.0068786457687715, 'alpha_dot_sigma': 0.0011421088614898766, 'encoder_quantization_rad': 0.0001494740900397833, 'velocity_lpf': 0.25, 'process_theta_dot_sigma': 0.0, 'process_alpha_dot_sigma': 0.0}"
2366000,2,randomization_0.10,0.1,"{'level': 0.1, 'physical': {'g': 9.805986005800595, 'c_theta': 0.029110771693290616, 'c_alpha': 0.0009619998187924397, 'k_t': 0.23275701615220554, 'k_b': 0.18883543921822354, 'k_u': 0.046398197204312625, 'R': 4.2289799556416074, 'm1': 0.20925454633028012, 'm2': 0.1591728324000671, 'l1cg': 0.0805182859828163, 'l1': 0.15090528201677744, 'l2cg': 0.06544332194696337, 'I1z': 0.0004912184624973654, 'I2x': 0.0003746063578003018, 'I2y': 2.4714196336340514e-05, 'I2z': 0.0003820633137536059}, 'init_theta_std_deg': 5.421593813343235, 'init_alpha_std_deg': 7.659673078269058, 'init_theta_dot_std': 0.0022836759602806677, 'init_alpha_dot_std': 0.1491886076740613, 'pwm_limit': 148.18013599797922, 'pwm_gain': 0.9954664690566544, 'pwm_bias': -0.2053924820280101, 'pwm_deadzone': 0.3571445961127666, 'pwm_noise_sigma': 0.002756661066183908, 'actuator_tau': 0.0009596311344671856, 'action_delay_steps': 0, 'theta_bias': 0.0003966177446603869, 'alpha_bias': 0.00018120850132850733, 'theta_sigma': 0.00015101899486697016, 'alpha_sigma': 0.0002308613277887366, 'theta_dot_sigma': 0.007981890516217786, 'alpha_dot_sigma': 0.02099615767642738, 'encoder_quantization_rad': 0.00011771847375195576, 'velocity_lpf': 0.25, 'process_theta_dot_sigma': 0.0, 'process_alpha_dot_sigma': 0.0}"
2368000,2,randomization_0.10,0.1,"{'level': 0.1, 'physical': {'g': 9.771937099600178, 'c_theta': 0.030788702341919195, 'c_alpha': 0.0010601769683528399, 'k_t': 0.22679829414758526, 'k_b': 0.18379485556535172, 'k_u': 0.0483356323771709, 'R': 4.243910138733178, 'm1': 0.21065774319669237, 'm2': 0.15647500341300652, 'l1cg': 0.07916426315603044, 'l1': 0.1520392552599344, 'l2cg': 0.06701375675641785, 'I1z': 0.0004979993531111075, 'I2x': 0.00037524080208005135, 'I2y': 2.534018223101507e-05, 'I2z': 0.00034829872661595917}, 'init_theta_std_deg': 5.448680594204529, 'init_alpha_std_deg': 8.577534585482795, 'init_theta_dot_std': 0.08104176969894868, 'init_alpha_dot_std': 0.09160973488396384, 'pwm_limit': 149.69245785316966, 'pwm_gain': 0.9932010894947935, 'pwm_bias': 0.10937943307864462, 'pwm_deadzone': 0.4180682202485122, 'pwm_noise_sigma': 0.13410787175114736, 'actuator_tau': 0.002503950303361642, 'action_delay_steps': 0, 'theta_bias': -0.0008678558099605664, 'alpha_bias': 0.0006776508898374792, 'theta_sigma': 0.0004988571969224215, 'alpha_sigma': 0.0005854229851394348, 'theta_dot_sigma': 0.015478706938728473, 'alpha_dot_sigma': 0.03663155465656356, 'encoder_quantization_rad': 8.146090634170478e-05, 'velocity_lpf': 0.25, 'process_theta_dot_sigma': 0.0, 'process_alpha_dot_sigma': 0.0}"
2370000,2,randomization_0.10,0.1,"{'level': 0.1, 'physical': {'g': 9.765413817622264, 'c_theta': 0.02685411513074439, 'c_alpha': 0.00119579561116397, 'k_t': 0.22575548915058105, 'k_b': 0.18394431485496973, 'k_u': 0.04818973849291471, 'R': 4.233125404980566, 'm1': 0.21085761923225702, 'm2': 0.1607075083072514, 'l1cg': 0.0814178943238696, 'l1': 0.1519040695168484, 'l2cg': 0.06700146939154061, 'I1z': 0.0004720353724536019, 'I2x': 0.0003714265137178245, 'I2y': 2.4685255387223134e-05, 'I2z': 0.0003823374895351031}, 'init_theta_std_deg': 5.044291272464578, 'init_alpha_std_deg': 8.130385602695682, 'init_theta_dot_std': 0.13428983880685832, 'init_alpha_dot_std': 0.0049976263250269826, 'pwm_limit': 149.19938496366854, 'pwm_gain': 1.008496569951535, 'pwm_bias': -0.2809472088209102, 'pwm_deadzone': 0.03268845866359815, 'pwm_noise_sigma': 0.08021441716247364, 'actuator_tau': 0.0028119762557467973, 'action_delay_steps': 0, 'theta_bias': -3.574863629420966e-05, 'alpha_bias': 0.0003046944987536436, 'theta_sigma': 0.0003325365273619499, 'alpha_sigma': 0.0015291538573750736, 'theta_dot_sigma': 0.030259372788559353, 'alpha_dot_sigma': 0.02188437946687934, 'encoder_quantization_rad': 0.00011595700484844337, 'velocity_lpf': 0.25, 'process_theta_dot_sigma': 0.0, 'process_alpha_dot_sigma': 0.0}"
2372000,2,randomization_0.10,0.1,"{'level': 0.1, 'physical': {'g': 9.813217979857013, 'c_theta': 0.025603483473684248, 'c_alpha': 0.0010146451816425246, 'k_t': 0.23100332384157535, 'k_b': 0.18400971991302212, 'k_u': 0.04664054654637073, 'R': 4.269182874509837, 'm1': 0.2098206326179375, 'm2': 0.15935479331586874, 'l1cg': 0.08114986484098266, 'l1': 0.1511078220257395, 'l2cg': 0.06622623787926167, 'I1z': 0.0005013188908145887, 'I2x': 0.00037053024370602643, 'I2y': 2.275994989015277e-05, 'I2z': 0.00035309713711626623}, 'init_theta_std_deg': 4.827981618591371, 'init_alpha_std_deg': 8.255888742549049, 'init_theta_dot_std': 0.10545722391058919, 'init_alpha_dot_std': 0.18317610448311977, 'pwm_limit': 148.03128534369927, 'pwm_gain': 0.996795809277005, 'pwm_bias': -0.24492687400198687, 'pwm_deadzone': 0.1548620445015345, 'pwm_noise_sigma': 0.0007096973128856154, 'actuator_tau': 0.0011988774486295904, 'action_delay_steps': 0, 'theta_bias': -0.0005590292675522699, 'alpha_bias': 0.0008879669742145803, 'theta_sigma': 2.7581090307780225e-06, 'alpha_sigma': 0.0003253345763885256, 'theta_dot_sigma': 0.026789167920729495, 'alpha_dot_sigma': 0.032412762335929324, 'encoder_quantization_rad': 5.664646019308432e-05, 'velocity_lpf': 0.25, 'process_theta_dot_sigma': 0.0, 'process_alpha_dot_sigma': 0.0}"
2374000,2,randomization_0.10,0.1,"{'level': 0.1, 'physical': {'g': 9.801932401873975, 'c_theta': 0.026478399908477418, 'c_alpha': 0.0012948615823231474, 'k_t': 0.2344435325399965, 'k_b': 0.18358917121283724, 'k_u': 0.046578665422383675, 'R': 4.278220145507449, 'm1': 0.20507907228198574, 'm2': 0.16048930408563292, 'l1cg': 0.08104338392811361, 'l1': 0.15199755013793761, 'l2cg': 0.06776098524439886, 'I1z': 0.0005215110517948542, 'I2x': 0.0003692694230976552, 'I2y': 2.5250204382568013e-05, 'I2z': 0.0003730185596404521}, 'init_theta_std_deg': 5.381324312292838, 'init_alpha_std_deg': 8.387341003398356, 'init_theta_dot_std': 0.09198693337232106, 'init_alpha_dot_std': 0.007009846640331635, 'pwm_limit': 149.55275262216875, 'pwm_gain': 1.0078018627216987, 'pwm_bias': -0.0830148305787418, 'pwm_deadzone': 0.8567080034150103, 'pwm_noise_sigma': 0.010259365437834657, 'actuator_tau': 0.0014055885135062266, 'action_delay_steps': 0, 'theta_bias': 6.496410485933946e-05, 'alpha_bias': 0.0005988763960992152, 'theta_sigma': 0.00018797638614447806, 'alpha_sigma': 0.0014809492494295188, 'theta_dot_sigma': 0.024414033985398008, 'alpha_dot_sigma': 0.0071673476307108006, 'encoder_quantization_rad': 0.00010216511370874584, 'velocity_lpf': 0.25, 'process_theta_dot_sigma': 0.0, 'process_alpha_dot_sigma': 0.0}"
2376000,2,randomization_0.10,0.1,"{'level': 0.1, 'physical': {'g': 9.833976746884836, 'c_theta': 0.027533877003004765, 'c_alpha': 0.0012967008823020062, 'k_t': 0.2329689426254389, 'k_b': 0.1859553861538908, 'k_u': 0.04667800197402957, 'R': 4.345361388631375, 'm1': 0.20705289122035486, 'm2': 0.15838866804261725, 'l1cg': 0.08038769175277545, 'l1': 0.15174708244759008, 'l2cg': 0.06778639757828593, 'I1z': 0.0004901558161772085, 'I2x': 0.0003663149818243618, 'I2y': 2.4964873175376855e-05, 'I2z': 0.00035663773830808967}, 'init_theta_std_deg': 4.981862070525734, 'init_alpha_std_deg': 8.305802019341455, 'init_theta_dot_std': 0.0935080642180835, 'init_alpha_dot_std': 0.041588560720381224, 'pwm_limit': 149.2956846669888, 'pwm_gain': 1.0097630468510053, 'pwm_bias': -0.36603342561851876, 'pwm_deadzone': 0.8237701347180866, 'pwm_noise_sigma': 0.09675990532543839, 'actuator_tau': 0.0005211663348104558, 'action_delay_steps': 0, 'theta_bias': 0.0005684313177640293, 'alpha_bias': -0.0008440715454921114, 'theta_sigma': 0.0003750201982109243, 'alpha_sigma': 0.0004958111062691342, 'theta_dot_sigma': 0.016225522677965978, 'alpha_dot_sigma': 0.033618005407265436, 'encoder_quantization_rad': 9.55165137799738e-05, 'velocity_lpf': 0.25, 'process_theta_dot_sigma': 0.0, 'process_alpha_dot_sigma': 0.0}"
2378000,2,randomization_0.10,0.1,"{'level': 0.1, 'physical': {'g': 9.758487189891582, 'c_theta': 0.025233083384610357, 'c_alpha': 0.0012874572645777103, 'k_t': 0.23005525966199522, 'k_b': 0.1917138052155858, 'k_u': 0.046431879123158305, 'R': 4.368689082267203, 'm1': 0.2013261730074963, 'm2': 0.15708880137684264, 'l1cg': 0.0810369837294046, 'l1': 0.1504712050706281, 'l2cg': 0.0656901418435048, 'I1z': 0.0004852628450791013, 'I2x': 0.000372095924268001, 'I2y': 2.3499888684124824e-05, 'I2z': 0.0003443422430262439}, 'init_theta_std_deg': 5.301675790750881, 'init_alpha_std_deg': 8.272545491214766, 'init_theta_dot_std': 0.0879409383773911, 'init_alpha_dot_std': 0.14742292167654195, 'pwm_limit': 147.98601598737946, 'pwm_gain': 1.0023335703914578, 'pwm_bias': -0.2427623629660518, 'pwm_deadzone': 0.9107959394407027, 'pwm_noise_sigma': 0.019924655657901493, 'actuator_tau': 0.00014452153649286282, 'action_delay_steps': 0, 'theta_bias': -0.0002723009440112605, 'alpha_bias': -0.00043840407259563457, 'theta_sigma': 0.0005843878962658152, 'alpha_sigma': 0.0005115032164712922, 'theta_dot_sigma': 0.005742036241152384, 'alpha_dot_sigma': 0.03691224484948567, 'encoder_quantization_rad': 2.750533857743323e-05, 'velocity_lpf': 0.25, 'process_theta_dot_sigma': 0.0, 'process_alpha_dot_sigma': 0.0}"
2380000,2,randomization_0.10,0.1,"{'level': 0.1, 'physical': {'g': 9.839717175773874, 'c_theta': 0.025304749574087262, 'c_alpha': 0.0012418270010988181, 'k_t': 0.22974140803470822, 'k_b': 0.18575731091869122, 'k_u': 0.04572765976805197, 'R': 4.325230972440303, 'm1': 0.2063288827746115, 'm2': 0.15890017212960778, 'l1cg': 0.07990817841868812, 'l1': 0.15255683971389503, 'l2cg': 0.06685840206154538, 'I1z': 0.0004830543995198598, 'I2x': 0.0003755942643308896, 'I2y': 2.490198669789654e-05, 'I2z': 0.0003826659116440871}, 'init_theta_std_deg': 5.25823811744975, 'init_alpha_std_deg': 8.442062324632628, 'init_theta_dot_std': 0.04797604321377198, 'init_alpha_dot_std': 0.0037469716566713718, 'pwm_limit': 147.0822864265922, 'pwm_gain': 0.9930955288013853, 'pwm_bias': -0.10245001326300472, 'pwm_deadzone': 0.6301036103690748, 'pwm_noise_sigma': 0.05959726501246803, 'actuator_tau': 0.0026589832898879953, 'action_delay_steps': 0, 'theta_bias': 0.0005166638686535911, 'alpha_bias': -0.00021160981123540266, 'theta_sigma': 0.00014912125708349254, 'alpha_sigma': 0.0005965785093737215, 'theta_dot_sigma': 0.02885998166465241, 'alpha_dot_sigma': 0.058261121857243865, 'encoder_quantization_rad': 6.819495476824577e-05, 'velocity_lpf': 0.25, 'process_theta_dot_sigma': 0.0, 'process_alpha_dot_sigma': 0.0}"
2382000,2,randomization_0.10,0.1,"{'level': 0.1, 'physical': {'g': 9.773595056897886, 'c_theta': 0.029017075277099087, 'c_alpha': 0.0009621484863062582, 'k_t': 0.22660034470300072, 'k_b': 0.18408035791670996, 'k_u': 0.0471078145630378, 'R': 4.31275116347997, 'm1': 0.20988790222633297, 'm2': 0.1604744229454051, 'l1cg': 0.0800302845850937, 'l1': 0.1503927942618792, 'l2cg': 0.06731861483115796, 'I1z': 0.0004835195943054964, 'I2x': 0.0003629705297543133, 'I2y': 2.3613678444221886e-05, 'I2z': 0.0003735971339764958}, 'init_theta_std_deg': 5.151628426726409, 'init_alpha_std_deg': 7.809640689691321, 'init_theta_dot_std': 0.055250451445625064, 'init_alpha_dot_std': 0.12001840958656429, 'pwm_limit': 150.15611072649602, 'pwm_gain': 0.990319049993713, 'pwm_bias': -0.3550488279786159, 'pwm_deadzone': 0.2729270520878304, 'pwm_noise_sigma': 0.15269652080951732, 'actuator_tau': 0.0012617790034470983, 'action_delay_steps': 0, 'theta_bias': -0.0002445902406887033, 'alpha_bias': 0.000770518387569684, 'theta_sigma': 0.00021005589520193489, 'alpha_sigma': 0.00032525878673302344, 'theta_dot_sigma': 0.009327884278964227, 'alpha_dot_sigma': 0.04897699699964391, 'encoder_quantization_rad': 5.41448620436426e-05, 'velocity_lpf': 0.25, 'process_theta_dot_sigma': 0.0, 'process_alpha_dot_sigma': 0.0}"
2384000,2,randomization_0.10,0.1,"{'level': 0.1, 'physical': {'g': 9.828403056767458, 'c_theta': 0.029804492615775047, 'c_alpha': 0.0009921947056509494, 'k_t': 0.23357746539698185, 'k_b': 0.18593740759391014, 'k_u': 0.046258176870817166, 'R': 4.213747654166483, 'm1': 0.20681448554770546, 'm2': 0.15668379239477945, 'l1cg': 0.0804431423621322, 'l1': 0.1516813927294144, 'l2cg': 0.06527364742304062, 'I1z': 0.0005010872838091785, 'I2x': 0.0003659057819327297, 'I2y': 2.4206256371794225e-05, 'I2z': 0.00038015161116861123}, 'init_theta_std_deg': 4.939723363473451, 'init_alpha_std_deg': 8.003154621030614, 'init_theta_dot_std': 0.08356572822046254, 'init_alpha_dot_std': 0.15973447674970218, 'pwm_limit': 147.75848889794904, 'pwm_gain': 1.0028130010710392, 'pwm_bias': -0.2272316993901253, 'pwm_deadzone': 0.4376559214035307, 'pwm_noise_sigma': 0.0899870362576551, 'actuator_tau': 0.002624979269591139, 'action_delay_steps': 0, 'theta_bias': -0.0002791863839398432, 'alpha_bias': -0.0007298546501431236, 'theta_sigma': 0.00032623691066871924, 'alpha_sigma': 0.0001897387061383633, 'theta_dot_sigma': 0.03288491255963529, 'alpha_dot_sigma': 0.03159758185534767, 'encoder_quantization_rad': 3.8627649856015545e-05, 'velocity_lpf': 0.25, 'process_theta_dot_sigma': 0.0, 'process_alpha_dot_sigma': 0.0}"
2386000,2,randomization_0.10,0.1,"{'level': 0.1, 'physical': {'g': 9.818548963556799, 'c_theta': 0.029537249568472534, 'c_alpha': 0.00100047235230952, 'k_t': 0.22797156753734665, 'k_b': 0.1872093843048716, 'k_u': 0.04586824938284246, 'R': 4.252102719572755, 'm1': 0.20472438380440872, 'm2': 0.15948948616409075, 'l1cg': 0.08039687940223662, 'l1': 0.15255176239263704, 'l2cg': 0.06752074576762568, 'I1z': 0.0004953800615862726, 'I2x': 0.000362437092915473, 'I2y': 2.4545319412100735e-05, 'I2z': 0.0003869652666920994}, 'init_theta_std_deg': 5.061482340698131, 'init_alpha_std_deg': 7.691597170806819, 'init_theta_dot_std': 0.09911125096478854, 'init_alpha_dot_std': 0.10782113259491682, 'pwm_limit': 149.3324406281522, 'pwm_gain': 0.9995153520018925, 'pwm_bias': 0.17926950399696331, 'pwm_deadzone': 0.3763637879354391, 'pwm_noise_sigma': 0.15741031260287452, 'actuator_tau': 0.002173280680659311, 'action_delay_steps': 0, 'theta_bias': 0.0007045950810587258, 'alpha_bias': -0.0002165422375328076, 'theta_sigma': 0.0004377396222745619, 'alpha_sigma': 0.0016195984704534994, 'theta_dot_sigma': 0.02921636673682714, 'alpha_dot_sigma': 0.03988206342634833, 'encoder_quantization_rad': 0.00011311296518684062, 'velocity_lpf': 0.25, 'process_theta_dot_sigma': 0.0, 'process_alpha_dot_sigma': 0.0}"
2388000,2,randomization_0.10,0.1,"{'level': 0.1, 'physical': {'g': 9.764504227568194, 'c_theta': 0.02362008838447443, 'c_alpha': 0.0012933984979619961, 'k_t': 0.23429928418183807, 'k_b': 0.18826904599941918, 'k_u': 0.04614775986753994, 'R': 4.2534657566358725, 'm1': 0.2102365400229054, 'm2': 0.15886952606733934, 'l1cg': 0.08089356932304204, 'l1': 0.15142060865131285, 'l2cg': 0.06717284305008298, 'I1z': 0.0004913591424666078, 'I2x': 0.00037332258761606495, 'I2y': 2.290391188153631e-05, 'I2z': 0.0003771641399526197}, 'init_theta_std_deg': 5.361479359992294, 'init_alpha_std_deg': 8.501056707799362, 'init_theta_dot_std': 0.0433841035432998, 'init_alpha_dot_std': 0.135135710103914, 'pwm_limit': 149.951829684832, 'pwm_gain': 1.0092771703970644, 'pwm_bias': 0.07374962388318958, 'pwm_deadzone': 0.14862012158511695, 'pwm_noise_sigma': 0.04631659580306762, 'actuator_tau': 0.0019231531710790035, 'action_delay_steps': 0, 'theta_bias': 0.0003512191915832246, 'alpha_bias': -0.0009753199872883119, 'theta_sigma': 0.00031356844423698624, 'alpha_sigma': 0.0010614049372411555, 'theta_dot_sigma': 0.03160398451159801, 'alpha_dot_sigma': 0.033778801554567285, 'encoder_quantization_rad': 3.881756390700603e-06, 'velocity_lpf': 0.25, 'process_theta_dot_sigma': 0.0, 'process_alpha_dot_sigma': 0.0}"
2390000,2,randomization_0.10,0.1,"{'level': 0.1, 'physical': {'g': 9.812448443965986, 'c_theta': 0.0311714070734213, 'c_alpha': 0.0009737768140764018, 'k_t': 0.2256092927811429, 'k_b': 0.186858742932462, 'k_u': 0.04795654398518252, 'R': 4.211765802280422, 'm1': 0.2035770883318092, 'm2': 0.15854265389550945, 'l1cg': 0.08105853300030252, 'l1': 0.15053962838189774, 'l2cg': 0.0654630956843092, 'I1z': 0.0005260850993554317, 'I2x': 0.0003709869519616831, 'I2y': 2.39383256606441e-05, 'I2z': 0.0003434431728878274}, 'init_theta_std_deg': 4.733573074606749, 'init_alpha_std_deg': 7.9592925847584475, 'init_theta_dot_std': 0.08422050422126862, 'init_alpha_dot_std': 0.13693993654472966, 'pwm_limit': 148.93752715059696, 'pwm_gain': 0.9970033748657625, 'pwm_bias': -0.04486987882894944, 'pwm_deadzone': 0.9304916694828196, 'pwm_noise_sigma': 0.04490717238161499, 'actuator_tau': 0.001403554446049872, 'action_delay_steps': 0, 'theta_bias': -0.0009412088575089648, 'alpha_bias': -0.0009964555757386161, 'theta_sigma': 0.00010057987011422999, 'alpha_sigma': 0.001921134629547712, 'theta_dot_sigma': 0.0072621460629826474, 'alpha_dot_sigma': 0.00014629379709173884, 'encoder_quantization_rad': 1.8444023408571877e-06, 'velocity_lpf': 0.25, 'process_theta_dot_sigma': 0.0, 'process_alpha_dot_sigma': 0.0}"
2392000,2,randomization_0.10,0.1,"{'level': 0.1, 'physical': {'g': 9.828902275910563, 'c_theta': 0.028790712163601836, 'c_alpha': 0.0011170648073495386, 'k_t': 0.23185678866020523, 'k_b': 0.18921203325951239, 'k_u': 0.046788070784027934, 'R': 4.226440653013547, 'm1': 0.2054393608086505, 'm2': 0.16059676396284012, 'l1cg': 0.08109933540640028, 'l1': 0.15219175701098808, 'l2cg': 0.06728166158542506, 'I1z': 0.0004722690925142403, 'I2x': 0.0003715535246194552, 'I2y': 2.4841566618869908e-05, 'I2z': 0.00037135676604404307}, 'init_theta_std_deg': 5.376395698166314, 'init_alpha_std_deg': 8.788397398288733, 'init_theta_dot_std': 0.051295719024288644, 'init_alpha_dot_std': 0.1511144269313487, 'pwm_limit': 149.9472877789765, 'pwm_gain': 0.996175973138342, 'pwm_bias': -0.24426929643291065, 'pwm_deadzone': 0.6019299759299246, 'pwm_noise_sigma': 0.11952249299894531, 'actuator_tau': 0.0005633792914889796, 'action_delay_steps': 0, 'theta_bias': -0.00010682753324233585, 'alpha_bias': -0.0008186779609022174, 'theta_sigma': 0.000228277733577492, 'alpha_sigma': 0.0013462770721390175, 'theta_dot_sigma': 0.027223988553092764, 'alpha_dot_sigma': 0.003812453673372256, 'encoder_quantization_rad': 0.00013904501570520433, 'velocity_lpf': 0.25, 'process_theta_dot_sigma': 0.0, 'process_alpha_dot_sigma': 0.0}"
2394000,2,randomization_0.10,0.1,"{'level': 0.1, 'physical': {'g': 9.84705882536563, 'c_theta': 0.02904291649716928, 'c_alpha': 0.0012524428212636308, 'k_t': 0.2335843439156736, 'k_b': 0.1919961952834477, 'k_u': 0.04580930925870027, 'R': 4.275635006415903, 'm1': 0.2109396299865956, 'm2': 0.1595211063020407, 'l1cg': 0.07958481978727232, 'l1': 0.1506176044935435, 'l2cg': 0.06602079075836867, 'I1z': 0.0005240881777897313, 'I2x': 0.0003708095567261727, 'I2y': 2.4759547200216675e-05, 'I2z': 0.0003639734943661295}, 'init_theta_std_deg': 4.817573917358257, 'init_alpha_std_deg': 8.731112302442122, 'init_theta_dot_std': 0.004010259576616743, 'init_alpha_dot_std': 0.02710885093026988, 'pwm_limit': 148.5888843956119, 'pwm_gain': 1.0067236894967195, 'pwm_bias': 0.38666228918171375, 'pwm_deadzone': 0.8941605608769521, 'pwm_noise_sigma': 0.03790358300204826, 'actuator_tau': 0.0007353846883830064, 'action_delay_steps': 0, 'theta_bias': 0.00012102568763383781, 'alpha_bias': 3.453933371248104e-05, 'theta_sigma': 0.00015159045462916928, 'alpha_sigma': 0.001739001196884976, 'theta_dot_sigma': 0.03036865657366277, 'alpha_dot_sigma': 0.009230564100938709, 'encoder_quantization_rad': 5.029477315608171e-05, 'velocity_lpf': 0.25, 'process_theta_dot_sigma': 0.0, 'process_alpha_dot_sigma': 0.0}"
2396000,2,randomization_0.10,0.1,"{'level': 0.1, 'physical': {'g': 9.75145352111652, 'c_theta': 0.028135104661092366, 'c_alpha': 0.0012179955319301004, 'k_t': 0.22750769906428708, 'k_b': 0.18996074016614928, 'k_u': 0.04587986175034106, 'R': 4.2965351378168934, 'm1': 0.20932736617321093, 'm2': 0.16077613828926907, 'l1cg': 0.08029284997508146, 'l1': 0.15198918568156294, 'l2cg': 0.06573876207641008, 'I1z': 0.0005121544858561659, 'I2x': 0.000373108242608014, 'I2y': 2.2755017720763802e-05, 'I2z': 0.000343615480267609}, 'init_theta_std_deg': 4.730753620962799, 'init_alpha_std_deg': 7.644973344610656, 'init_theta_dot_std': 0.00651276438394895, 'init_alpha_dot_std': 0.12046990053699713, 'pwm_limit': 148.0072652963813, 'pwm_gain': 1.0035641467129193, 'pwm_bias': -0.31491331014017, 'pwm_deadzone': 0.7612920951579665, 'pwm_noise_sigma': 0.05536655723513717, 'actuator_tau': 0.0023511944137767147, 'action_delay_steps': 0, 'theta_bias': 0.0009157879001761312, 'alpha_bias': -0.0011739937547240557, 'theta_sigma': 0.00010368317095672877, 'alpha_sigma': 0.0009416825311666027, 'theta_dot_sigma': 0.019316455362303954, 'alpha_dot_sigma': 0.041604397172552494, 'encoder_quantization_rad': 7.394349005633109e-05, 'velocity_lpf': 0.25, 'process_theta_dot_sigma': 0.0, 'process_alpha_dot_sigma': 0.0}"
2398000,2,randomization_0.10,0.1,"{'level': 0.1, 'physical': {'g': 9.769466395793472, 'c_theta': 0.02931727354746331, 'c_alpha': 0.0013022761201422134, 'k_t': 0.23607958705512555, 'k_b': 0.18715360570374923, 'k_u': 0.048224030682943855, 'R': 4.3614095379657565, 'm1': 0.20383797457897124, 'm2': 0.15608807237850572, 'l1cg': 0.08135604098201728, 'l1': 0.15147281641000956, 'l2cg': 0.06769742365462852, 'I1z': 0.00048388416605396725, 'I2x': 0.0003696608848182728, 'I2y': 2.4626143910773863e-05, 'I2z': 0.00036350524211551137}, 'init_theta_std_deg': 5.320672780285027, 'init_alpha_std_deg': 8.123519192149836, 'init_theta_dot_std': 0.14612808909612582, 'init_alpha_dot_std': 0.18685489082737108, 'pwm_limit': 147.022658386652, 'pwm_gain': 0.9933775580839281, 'pwm_bias': 0.35444790444947094, 'pwm_deadzone': 0.6843994895088535, 'pwm_noise_sigma': 0.030908616891040297, 'actuator_tau': 0.0010156991084126535, 'action_delay_steps': 0, 'theta_bias': -0.000906063125563946, 'alpha_bias': -0.0007816814024746532, 'theta_sigma': 0.0004693010622598611, 'alpha_sigma': 0.0005056503311472239, 'theta_dot_sigma': 0.033134937210569926, 'alpha_dot_sigma': 0.02502547676288356, 'encoder_quantization_rad': 8.9500726280793e-05, 'velocity_lpf': 0.24781832385096142, 'process_theta_dot_sigma': 0.0, 'process_alpha_dot_sigma': 0.0}"
2400000,2,randomization_0.10,0.1,"{'level': 0.1, 'physical': {'g': 9.841555066527164, 'c_theta': 0.02861749803324768, 'c_alpha': 0.0013113310266322797, 'k_t': 0.22788805134907136, 'k_b': 0.19002686119445986, 'k_u': 0.04824522481925357, 'R': 4.259156265359127, 'm1': 0.2054433962917745, 'm2': 0.16033880021209193, 'l1cg': 0.08071250974546539, 'l1': 0.15092990746114127, 'l2cg': 0.06816267745396094, 'I1z': 0.0005186850869425566, 'I2x': 0.00036209499598857415, 'I2y': 2.4338478876153144e-05, 'I2z': 0.00036577105830860087}, 'init_theta_std_deg': 4.837944964199973, 'init_alpha_std_deg': 8.359328024057328, 'init_theta_dot_std': 0.1225306835635613, 'init_alpha_dot_std': 0.0005741213280986979, 'pwm_limit': 147.95568754554057, 'pwm_gain': 0.9961290434415269, 'pwm_bias': -0.03767351022384853, 'pwm_deadzone': 0.5235029209391917, 'pwm_noise_sigma': 0.013316855564321517, 'actuator_tau': 3.351523834457948e-05, 'action_delay_steps': 0, 'theta_bias': 0.00028146752366721596, 'alpha_bias': -0.0006491330696627057, 'theta_sigma': 0.0002011100962575997, 'alpha_sigma': 0.0010656143861069948, 'theta_dot_sigma': 0.026554262054991517, 'alpha_dot_sigma': 0.03282120239499064, 'encoder_quantization_rad': 7.640569923772875e-05, 'velocity_lpf': 0.25, 'process_theta_dot_sigma': 0.0, 'process_alpha_dot_sigma': 0.0}"
2402000,2,randomization_0.10,0.1,"{'level': 0.1, 'physical': {'g': 9.770106413886971, 'c_theta': 0.024420801977082934, 'c_alpha': 0.0011823849711582114, 'k_t': 0.22623998602562578, 'k_b': 0.19027085541479832, 'k_u': 0.04593449466181039, 'R': 4.2328500381854415, 'm1': 0.20148379866329733, 'm2': 0.15719344851195496, 'l1cg': 0.08023223506267112, 'l1': 0.15168887218681606, 'l2cg': 0.06796065641292683, 'I1z': 0.0005126170185438419, 'I2x': 0.0003665930196699461, 'I2y': 2.3947313596983318e-05, 'I2z': 0.0003778532465685492}, 'init_theta_std_deg': 4.9597752164432265, 'init_alpha_std_deg': 7.646866639367143, 'init_theta_dot_std': 0.12838905562864206, 'init_alpha_dot_std': 0.20732294112910923, 'pwm_limit': 149.4867203042921, 'pwm_gain': 0.9982594715458316, 'pwm_bias': -0.03937832776245678, 'pwm_deadzone': 0.8445354769839348, 'pwm_noise_sigma': 0.04199708275018104, 'actuator_tau': 0.0014907579048176421, 'action_delay_steps': 0, 'theta_bias': -9.660530455224726e-05, 'alpha_bias': 0.0010346722881199616, 'theta_sigma': 0.00039680815220259895, 'alpha_sigma': 0.001656603994132953, 'theta_dot_sigma': 0.029741220908524577, 'alpha_dot_sigma': 0.043685884215385884, 'encoder_quantization_rad': 0.00013753071010271135, 'velocity_lpf': 0.25, 'process_theta_dot_sigma': 0.0, 'process_alpha_dot_sigma': 0.0}"
2404000,2,randomization_0.10,0.1,"{'level': 0.1, 'physical': {'g': 9.841003188783802, 'c_theta': 0.02468722381923008, 'c_alpha': 0.0013275577450396377, 'k_t': 0.2340100881933732, 'k_b': 0.1866842461050479, 'k_u': 0.04693471145677084, 'R': 4.351359262899406, 'm1': 0.2112806658099079, 'm2': 0.16054921679594855, 'l1cg': 0.08019677703307632, 'l1': 0.15264132096406194, 'l2cg': 0.06708395295684513, 'I1z': 0.00048156336117321017, 'I2x': 0.00036870487699880195, 'I2y': 2.3168669077181472e-05, 'I2z': 0.0003887653269266569}, 'init_theta_std_deg': 4.8018836777814435, 'init_alpha_std_deg': 8.459574976303319, 'init_theta_dot_std': 0.00123531984801169, 'init_alpha_dot_std': 0.20172015899094872, 'pwm_limit': 148.8430187032805, 'pwm_gain': 0.9973165981806431, 'pwm_bias': 0.28254916762664817, 'pwm_deadzone': 0.41930100478542487, 'pwm_noise_sigma': 0.17565209814500904, 'actuator_tau': 0.0009347731050457972, 'action_delay_steps': 0, 'theta_bias': -0.0004588161844618277, 'alpha_bias': -0.0003835030692665372, 'theta_sigma': 1.4516928152811848e-05, 'alpha_sigma': 0.00037851616021127986, 'theta_dot_sigma': 0.010633962374945726, 'alpha_dot_sigma': 0.019385006492006487, 'encoder_quantization_rad': 0.00013183273680007247, 'velocity_lpf': 0.25, 'process_theta_dot_sigma': 0.0, 'process_alpha_dot_sigma': 0.0}"
2406000,2,randomization_0.10,0.1,"{'level': 0.1, 'physical': {'g': 9.840060330333397, 'c_theta': 0.025401949541492996, 'c_alpha': 0.001035728773938193, 'k_t': 0.23537412314718278, 'k_b': 0.19161984543144467, 'k_u': 0.04607025069586286, 'R': 4.271806864129738, 'm1': 0.2050026363589018, 'm2': 0.15844325695327613, 'l1cg': 0.07997692315807835, 'l1': 0.15081169575638706, 'l2cg': 0.06593556206391342, 'I1z': 0.0005104208221869131, 'I2x': 0.0003730482392820759, 'I2y': 2.2558525705949577e-05, 'I2z': 0.0003574610181228125}, 'init_theta_std_deg': 4.712154255706257, 'init_alpha_std_deg': 8.520258971028015, 'init_theta_dot_std': 0.037669817404689394, 'init_alpha_dot_std': 0.12085815789257429, 'pwm_limit': 147.6755926993836, 'pwm_gain': 0.9902400838895186, 'pwm_bias': 0.3259691191380129, 'pwm_deadzone': 0.10577004068496487, 'pwm_noise_sigma': 0.1031137021234324, 'actuator_tau': 2.9756170522378777e-05, 'action_delay_steps': 0, 'theta_bias': -0.000906940759830585, 'alpha_bias': -0.0002222760295173374, 'theta_sigma': 0.0003194447689842692, 'alpha_sigma': 0.000621329914618499, 'theta_dot_sigma': 0.028545056457324563, 'alpha_dot_sigma': 0.04612559034807504, 'encoder_quantization_rad': 2.2805062547888905e-05, 'velocity_lpf': 0.25, 'process_theta_dot_sigma': 0.0, 'process_alpha_dot_sigma': 0.0}"
2408000,2,randomization_0.10,0.1,"{'level': 0.1, 'physical': {'g': 9.82066167307057, 'c_theta': 0.028134822200054716, 'c_alpha': 0.00134777033798014, 'k_t': 0.22528209593986115, 'k_b': 0.18489708035186994, 'k_u': 0.046986635364965126, 'R': 4.227243272935172, 'm1': 0.2084044008456733, 'm2': 0.15960220536976144, 'l1cg': 0.07913145429999781, 'l1': 0.15336500624759236, 'l2cg': 0.06687734200016675, 'I1z': 0.0004840371924920075, 'I2x': 0.0003693106932479859, 'I2y': 2.2985574994494002e-05, 'I2z': 0.0003868380918155552}, 'init_theta_std_deg': 4.750074298635391, 'init_alpha_std_deg': 7.9708613945384466, 'init_theta_dot_std': 0.14841751083031526, 'init_alpha_dot_std': 0.13423281694897324, 'pwm_limit': 150.54849460441415, 'pwm_gain': 1.0079779094323376, 'pwm_bias': 0.336389249617585, 'pwm_deadzone': 0.724757381242831, 'pwm_noise_sigma': 0.09822848778173221, 'actuator_tau': 0.0021357334574753223, 'action_delay_steps': 0, 'theta_bias': -0.0003145821793518928, 'alpha_bias': -0.00119577865184342, 'theta_sigma': 0.000349838584844901, 'alpha_sigma': 0.0009790263634451176, 'theta_dot_sigma': 0.026579361544563546, 'alpha_dot_sigma': 0.03565365758186763, 'encoder_quantization_rad': 9.975223716713274e-05, 'velocity_lpf': 0.25, 'process_theta_dot_sigma': 0.0, 'process_alpha_dot_sigma': 0.0}"
2410000,2,randomization_0.10,0.1,"{'level': 0.1, 'physical': {'g': 9.793448038300076, 'c_theta': 0.025577421252295857, 'c_alpha': 0.0012595525994274256, 'k_t': 0.2253469730411871, 'k_b': 0.18830831823943794, 'k_u': 0.04829843531810741, 'R': 4.295059683358083, 'm1': 0.2045848105476674, 'm2': 0.1570442701087328, 'l1cg': 0.081088277458708, 'l1': 0.15229175273801604, 'l2cg': 0.06628163945748508, 'I1z': 0.000473560620716789, 'I2x': 0.00037306506919918073, 'I2y': 2.3911334010021757e-05, 'I2z': 0.0003578272993974953}, 'init_theta_std_deg': 4.7406862187240435, 'init_alpha_std_deg': 7.653042049418901, 'init_theta_dot_std': 0.09152639445267224, 'init_alpha_dot_std': 0.07240549570191057, 'pwm_limit': 150.69596178967493, 'pwm_gain': 0.9905203867033618, 'pwm_bias': -0.2250355967255062, 'pwm_deadzone': 0.5360222333941564, 'pwm_noise_sigma': 0.032341825314760174, 'actuator_tau': 0.0009260879854432714, 'action_delay_steps': 0, 'theta_bias': -0.00031526639715110337, 'alpha_bias': 0.0003269278711010072, 'theta_sigma': 0.0005679778802511275, 'alpha_sigma': 0.0006238523007165649, 'theta_dot_sigma': 0.01793935093435908, 'alpha_dot_sigma': 0.02434849371492579, 'encoder_quantization_rad': 6.210696681021213e-05, 'velocity_lpf': 0.25, 'process_theta_dot_sigma': 0.0, 'process_alpha_dot_sigma': 0.0}"
2412000,2,randomization_0.10,0.1,"{'level': 0.1, 'physical': {'g': 9.781830342616795, 'c_theta': 0.029312055736254707, 'c_alpha': 0.0012102311166098684, 'k_t': 0.22704248345175043, 'k_b': 0.19176189333466548, 'k_u': 0.0472111811659717, 'R': 4.241947887938494, 'm1': 0.2037763434803431, 'm2': 0.15761824269892163, 'l1cg': 0.08103700831398664, 'l1': 0.15321394387978637, 'l2cg': 0.06796946626105056, 'I1z': 0.0004976433346711354, 'I2x': 0.0003620182928832222, 'I2y': 2.531464851240442e-05, 'I2z': 0.00036442344061866027}, 'init_theta_std_deg': 5.169264529054696, 'init_alpha_std_deg': 8.427671852133809, 'init_theta_dot_std': 0.047302983696260785, 'init_alpha_dot_std': 0.14562432023507335, 'pwm_limit': 147.12962417050855, 'pwm_gain': 1.0084407269289724, 'pwm_bias': -0.2795502589102851, 'pwm_deadzone': 0.028551312006818153, 'pwm_noise_sigma': 0.06421557273979624, 'actuator_tau': 0.0011668792431104135, 'action_delay_steps': 0, 'theta_bias': -0.0009527850726915941, 'alpha_bias': -0.0010640649834868458, 'theta_sigma': 0.0001985810302914676, 'alpha_sigma': 2.7137001338080503e-05, 'theta_dot_sigma': 0.0069730094995439475, 'alpha_dot_sigma': 0.005069764809303483, 'encoder_quantization_rad': 4.026047213239346e-05, 'velocity_lpf': 0.25, 'process_theta_dot_sigma': 0.0, 'process_alpha_dot_sigma': 0.0}"
2414000,2,randomization_0.10,0.1,"{'level': 0.1, 'physical': {'g': 9.794791347197279, 'c_theta': 0.026965865139611408, 'c_alpha': 0.0009510883435714214, 'k_t': 0.2335175673812539, 'k_b': 0.19084737299396487, 'k_u': 0.04630341111832462, 'R': 4.272606016813346, 'm1': 0.20832123890302837, 'm2': 0.15797236508269627, 'l1cg': 0.07965037039403575, 'l1': 0.1532640428468263, 'l2cg': 0.06534875059801544, 'I1z': 0.0004890181480132858, 'I2x': 0.00036886795404044364, 'I2y': 2.3381929038969153e-05, 'I2z': 0.00035787849123427077}, 'init_theta_std_deg': 5.097922440645279, 'init_alpha_std_deg': 8.651771270779747, 'init_theta_dot_std': 0.04317082274637076, 'init_alpha_dot_std': 0.13009340855187793, 'pwm_limit': 148.51184066394035, 'pwm_gain': 1.003693260346839, 'pwm_bias': 0.033681018734939276, 'pwm_deadzone': 0.4039663196682066, 'pwm_noise_sigma': 0.012064352087767793, 'actuator_tau': 0.0028590022620327083, 'action_delay_steps': 0, 'theta_bias': 0.0006657783477827344, 'alpha_bias': -0.0009019727258726411, 'theta_sigma': 0.0003366447558310459, 'alpha_sigma': 0.0009996339761625624, 'theta_dot_sigma': 0.01091105794517981, 'alpha_dot_sigma': 0.03416656644281657, 'encoder_quantization_rad': 0.00011128289887241827, 'velocity_lpf': 0.25, 'process_theta_dot_sigma': 0.0, 'process_alpha_dot_sigma': 0.0}"
2416000,2,randomization_0.10,0.1,"{'level': 0.1, 'physical': {'g': 9.76472032280022, 'c_theta': 0.029861533730098973, 'c_alpha': 0.0013269512992494536, 'k_t': 0.2299640216754454, 'k_b': 0.18489777304809238, 'k_u': 0.045883433614089544, 'R': 4.311617860966801, 'm1': 0.20681982137518778, 'm2': 0.1587129096864331, 'l1cg': 0.08014319963068675, 'l1': 0.15319077739141937, 'l2cg': 0.06743807109065036, 'I1z': 0.0005160379072422623, 'I2x': 0.0003742956255432788, 'I2y': 2.4669820037285137e-05, 'I2z': 0.00038224777349007435}, 'init_theta_std_deg': 5.022063768587729, 'init_alpha_std_deg': 8.272870165507555, 'init_theta_dot_std': 0.0946479702188126, 'init_alpha_dot_std': 0.11783661332389748, 'pwm_limit': 147.1697845673543, 'pwm_gain': 0.9900288016022528, 'pwm_bias': 0.2849317485428173, 'pwm_deadzone': 0.389839186712281, 'pwm_noise_sigma': 0.05736965167435862, 'actuator_tau': 0.0019880029352661952, 'action_delay_steps': 0, 'theta_bias': -0.0006037948708459252, 'alpha_bias': 0.0009974054627805956, 'theta_sigma': 0.0005756462690523745, 'alpha_sigma': 0.00019081771241100576, 'theta_dot_sigma': 0.02039966286376972, 'alpha_dot_sigma': 0.009783952923251849, 'encoder_quantization_rad': 0.0001381927511944198, 'velocity_lpf': 0.25, 'process_theta_dot_sigma': 0.0, 'process_alpha_dot_sigma': 0.0}"
2418000,2,randomization_0.10,0.1,"{'level': 0.1, 'physical': {'g': 9.79480678438515, 'c_theta': 0.02840395456572465, 'c_alpha': 0.0010824868507851883, 'k_t': 0.22833061424848575, 'k_b': 0.18982441488950408, 'k_u': 0.04567698642191869, 'R': 4.392774792870262, 'm1': 0.20379238230258206, 'm2': 0.15694024834254208, 'l1cg': 0.08000695655267406, 'l1': 0.15039252064046843, 'l2cg': 0.06592756425377214, 'I1z': 0.00048816222128011646, 'I2x': 0.0003741970034498295, 'I2y': 2.3395821713429615e-05, 'I2z': 0.0003707423166303256}, 'init_theta_std_deg': 5.097699343902005, 'init_alpha_std_deg': 8.624795674663178, 'init_theta_dot_std': 0.08202800550675665, 'init_alpha_dot_std': 0.20463383939951194, 'pwm_limit': 150.21620836246433, 'pwm_gain': 1.0067457954539631, 'pwm_bias': -0.3722666403496061, 'pwm_deadzone': 0.41012206016270103, 'pwm_noise_sigma': 0.030724550717840683, 'actuator_tau': 0.002353104077174912, 'action_delay_steps': 0, 'theta_bias': 0.00040425249850262033, 'alpha_bias': 0.0007725347934743255, 'theta_sigma': 0.0004993644805102046, 'alpha_sigma': 0.0004938374749244699, 'theta_dot_sigma': 0.031729858715482825, 'alpha_dot_sigma': 0.02855076842405833, 'encoder_quantization_rad': 1.6536128226218413e-05, 'velocity_lpf': 0.25, 'process_theta_dot_sigma': 0.0, 'process_alpha_dot_sigma': 0.0}"
2420000,2,randomization_0.10,0.1,"{'level': 0.1, 'physical': {'g': 9.814648531947272, 'c_theta': 0.03082923002223344, 'c_alpha': 0.0013161195669278136, 'k_t': 0.23078933000361362, 'k_b': 0.18538152440020617, 'k_u': 0.046095719088215165, 'R': 4.291842551372811, 'm1': 0.20240881121769927, 'm2': 0.15985647944722928, 'l1cg': 0.08131222064157143, 'l1': 0.15064984847946578, 'l2cg': 0.06624424853362104, 'I1z': 0.00047887731723700755, 'I2x': 0.00036962393341915287, 'I2y': 2.475440065154508e-05, 'I2z': 0.0003644986475603064}, 'init_theta_std_deg': 4.724818966684019, 'init_alpha_std_deg': 8.218990127119417, 'init_theta_dot_std': 0.019075944645980503, 'init_alpha_dot_std': 0.11348519665446555, 'pwm_limit': 149.89876939717004, 'pwm_gain': 0.9946313105241539, 'pwm_bias': -0.27489124925097647, 'pwm_deadzone': 0.7887501324206502, 'pwm_noise_sigma': 0.046719768333536, 'actuator_tau': 0.0009253094247960583, 'action_delay_steps': 0, 'theta_bias': -4.758350302678216e-05, 'alpha_bias': 0.00023028175341913598, 'theta_sigma': 0.0002227964271574382, 'alpha_sigma': 0.001317937722555266, 'theta_dot_sigma': 0.003396153484037763, 'alpha_dot_sigma': 0.006869299363673466, 'encoder_quantization_rad': 5.804856307693481e-05, 'velocity_lpf': 0.25, 'process_theta_dot_sigma': 0.0, 'process_alpha_dot_sigma': 0.0}"
2422000,2,randomization_0.10,0.1,"{'level': 0.1, 'physical': {'g': 9.845761181079558, 'c_theta': 0.027199526402445773, 'c_alpha': 0.0013084419846962876, 'k_t': 0.2302604803137737, 'k_b': 0.19084223722994292, 'k_u': 0.04763100914477088, 'R': 4.338262839436743, 'm1': 0.2099007810172667, 'm2': 0.15807863946542225, 'l1cg': 0.08138298471105322, 'l1': 0.15219973660703867, 'l2cg': 0.0670648792991845, 'I1z': 0.0004954941087760886, 'I2x': 0.00036755819448916607, 'I2y': 2.5319687497059427e-05, 'I2z': 0.0003779184387646857}, 'init_theta_std_deg': 4.91191479119158, 'init_alpha_std_deg': 7.95925736229588, 'init_theta_dot_std': 0.12174209895868215, 'init_alpha_dot_std': 0.24802366626402708, 'pwm_limit': 150.4807129283554, 'pwm_gain': 0.992113613276821, 'pwm_bias': 0.24137065125611734, 'pwm_deadzone': 0.9646251502956059, 'pwm_noise_sigma': 0.17208307937852105, 'actuator_tau': 0.0014547733682744625, 'action_delay_steps': 0, 'theta_bias': -0.0005353807375856039, 'alpha_bias': 0.000764996409527752, 'theta_sigma': 0.0002845353093271025, 'alpha_sigma': 0.000750105561288514, 'theta_dot_sigma': 0.006313029338363715, 'alpha_dot_sigma': 0.008480857049361372, 'encoder_quantization_rad': 8.1120671078062e-05, 'velocity_lpf': 0.25, 'process_theta_dot_sigma': 0.0, 'process_alpha_dot_sigma': 0.0}"
2424000,2,randomization_0.10,0.1,"{'level': 0.1, 'physical': {'g': 9.782718658187438, 'c_theta': 0.02450466782873657, 'c_alpha': 0.0010198295034360603, 'k_t': 0.2285364263376887, 'k_b': 0.19074757467372866, 'k_u': 0.04589776713893345, 'R': 4.2238697053928345, 'm1': 0.20236060313052753, 'm2': 0.15868401131111667, 'l1cg': 0.08014266484603051, 'l1': 0.15283271322376116, 'l2cg': 0.06583110928075911, 'I1z': 0.0004986475572236756, 'I2x': 0.00036300846134057805, 'I2y': 2.27649889030209e-05, 'I2z': 0.00034423146232449446}, 'init_theta_std_deg': 5.436857367574495, 'init_alpha_std_deg': 8.297932216330102, 'init_theta_dot_std': 0.13004752610401815, 'init_alpha_dot_std': 0.06523798263222358, 'pwm_limit': 149.49306743170092, 'pwm_gain': 1.007062026540285, 'pwm_bias': 0.22923726845907597, 'pwm_deadzone': 0.6340758294483771, 'pwm_noise_sigma': 0.016764634206370733, 'actuator_tau': 0.0018086599908564442, 'action_delay_steps': 0, 'theta_bias': -0.0001449185783337248, 'alpha_bias': -0.0010700364695076696, 'theta_sigma': 7.74187252906001e-05, 'alpha_sigma': 0.000299095706304259, 'theta_dot_sigma': 0.024949672948858005, 'alpha_dot_sigma': 0.002587841471160046, 'encoder_quantization_rad': 5.1109079089172895e-05, 'velocity_lpf': 0.25, 'process_theta_dot_sigma': 0.0, 'process_alpha_dot_sigma': 0.0}"
2426000,2,randomization_0.10,0.1,"{'level': 0.1, 'physical': {'g': 9.831765615939629, 'c_theta': 0.02782004739310554, 'c_alpha': 0.001037901091936858, 'k_t': 0.23210816821678623, 'k_b': 0.18695233204973566, 'k_u': 0.047182018348470474, 'R': 4.348227298517137, 'm1': 0.20368256908724772, 'm2': 0.15990393991282345, 'l1cg': 0.08134558311873312, 'l1': 0.15091538593659992, 'l2cg': 0.06832609072862222, 'I1z': 0.00048505384689078135, 'I2x': 0.0003739193502384144, 'I2y': 2.2477352608417425e-05, 'I2z': 0.00034462610585783124}, 'init_theta_std_deg': 4.902975002621279, 'init_alpha_std_deg': 8.64183984150226, 'init_theta_dot_std': 0.1351996356600756, 'init_alpha_dot_std': 0.05389377687606203, 'pwm_limit': 147.85159945813515, 'pwm_gain': 1.0026552813839043, 'pwm_bias': 0.003697174384557656, 'pwm_deadzone': 0.8463470541866086, 'pwm_noise_sigma': 0.047771249440535596, 'actuator_tau': 0.0007677744036074226, 'action_delay_steps': 0, 'theta_bias': -0.00016367694409373445, 'alpha_bias': -0.0006952067937878707, 'theta_sigma': 0.00016102623460552957, 'alpha_sigma': 0.0014802417078538623, 'theta_dot_sigma': 0.002782121373929942, 'alpha_dot_sigma': 0.011649153708677355, 'encoder_quantization_rad': 1.796378832840731e-05, 'velocity_lpf': 0.25, 'process_theta_dot_sigma': 0.0, 'process_alpha_dot_sigma': 0.0}"
2428000,2,randomization_0.10,0.1,"{'level': 0.1, 'physical': {'g': 9.773409642343779, 'c_theta': 0.025256021877872476, 'c_alpha': 0.0011605880433876936, 'k_t': 0.22872893730177546, 'k_b': 0.18483556212539748, 'k_u': 0.04841790990458173, 'R': 4.29049174429275, 'm1': 0.20627874377832, 'm2': 0.16008576006864053, 'l1cg': 0.0807325381810645, 'l1': 0.1505783140207985, 'l2cg': 0.06809976844809426, 'I1z': 0.0004904830573255391, 'I2x': 0.00036860025889407015, 'I2y': 2.5303769694442694e-05, 'I2z': 0.00038797062442886177}, 'init_theta_std_deg': 5.4196760035953435, 'init_alpha_std_deg': 7.656693025922791, 'init_theta_dot_std': 0.013694107553842833, 'init_alpha_dot_std': 0.14526347017487193, 'pwm_limit': 150.01555227845225, 'pwm_gain': 1.005766752666356, 'pwm_bias': 0.2705363374848023, 'pwm_deadzone': 0.5131050979098306, 'pwm_noise_sigma': 0.1070309862503005, 'actuator_tau': 0.0006805452857225259, 'action_delay_steps': 0, 'theta_bias': 0.00018827028713841676, 'alpha_bias': 0.000249424219657636, 'theta_sigma': 0.0004143844323816211, 'alpha_sigma': 0.0008409966379258491, 'theta_dot_sigma': 0.034503983311402295, 'alpha_dot_sigma': 0.02109086578017235, 'encoder_quantization_rad': 2.9992090580853063e-05, 'velocity_lpf': 0.25, 'process_theta_dot_sigma': 0.0, 'process_alpha_dot_sigma': 0.0}"
2430000,2,randomization_0.10,0.1,"{'level': 0.1, 'physical': {'g': 9.785769638546833, 'c_theta': 0.02323032653879322, 'c_alpha': 0.001110418249364841, 'k_t': 0.22796174598518, 'k_b': 0.18800421019387856, 'k_u': 0.047591299123780156, 'R': 4.229614304288267, 'm1': 0.20335746116670197, 'm2': 0.15888396276269073, 'l1cg': 0.08027021545580326, 'l1': 0.15151378087414205, 'l2cg': 0.06593417836509469, 'I1z': 0.0005118137051817985, 'I2x': 0.0003756265104934882, 'I2y': 2.321484945893052e-05, 'I2z': 0.0003846216242117597}, 'init_theta_std_deg': 5.123454470844173, 'init_alpha_std_deg': 8.021096795467663, 'init_theta_dot_std': 0.07856781861635334, 'init_alpha_dot_std': 0.13531774261623852, 'pwm_limit': 150.58347778506166, 'pwm_gain': 0.996061913480948, 'pwm_bias': -0.26737519912103214, 'pwm_deadzone': 0.8840020396573924, 'pwm_noise_sigma': 0.13856508903318437, 'actuator_tau': 0.00019161329836844365, 'action_delay_steps': 0, 'theta_bias': -1.5409504720621303e-05, 'alpha_bias': 0.0005129802647219453, 'theta_sigma': 0.000451914109093694, 'alpha_sigma': 0.00041220194193679837, 'theta_dot_sigma': 0.02509735708779765, 'alpha_dot_sigma': 0.04938913303470514, 'encoder_quantization_rad': 1.047406711886091e-05, 'velocity_lpf': 0.25, 'process_theta_dot_sigma': 0.0, 'process_alpha_dot_sigma': 0.0}"
2432000,2,randomization_0.10,0.1,"{'level': 0.1, 'physical': {'g': 9.804429046615038, 'c_theta': 0.026815499416679663, 'c_alpha': 0.000979059507543458, 'k_t': 0.23496406221238555, 'k_b': 0.18539943660856262, 'k_u': 0.04588224450669649, 'R': 4.297867238025035, 'm1': 0.20709770717758239, 'm2': 0.15778437758770175, 'l1cg': 0.07918294570286559, 'l1': 0.15126111369627182, 'l2cg': 0.0654284032937315, 'I1z': 0.00048888755032356, 'I2x': 0.00037071795098358903, 'I2y': 2.4228389369309797e-05, 'I2z': 0.00037204997855855466}, 'init_theta_std_deg': 5.091596872413748, 'init_alpha_std_deg': 8.340284566841513, 'init_theta_dot_std': 0.10666756175600192, 'init_alpha_dot_std': 0.1955386737262022, 'pwm_limit': 148.28639844381843, 'pwm_gain': 0.9911846096275793, 'pwm_bias': 0.39149916263802026, 'pwm_deadzone': 0.9572243784137777, 'pwm_noise_sigma': 0.06976750069445269, 'actuator_tau': 0.0018332646071500091, 'action_delay_steps': 0, 'theta_bias': -0.000870291088219416, 'alpha_bias': -0.0010616638705822027, 'theta_sigma': 0.0004666301533097267, 'alpha_sigma': 0.00040615437957237325, 'theta_dot_sigma': 0.015583770755333015, 'alpha_dot_sigma': 0.03724350190609244, 'encoder_quantization_rad': 2.4285178591377644e-05, 'velocity_lpf': 0.25, 'process_theta_dot_sigma': 0.0, 'process_alpha_dot_sigma': 0.0}"
2434000,2,randomization_0.10,0.1,"{'level': 0.1, 'physical': {'g': 9.784500380785966, 'c_theta': 0.03031642010437313, 'c_alpha': 0.0012310667227592423, 'k_t': 0.22586582812055933, 'k_b': 0.18942113452180737, 'k_u': 0.04665613094703384, 'R': 4.347185050662622, 'm1': 0.2061966973401115, 'm2': 0.15956245035284272, 'l1cg': 0.08079413057558274, 'l1': 0.153402993719642, 'l2cg': 0.06741609116233208, 'I1z': 0.0004977391923781239, 'I2x': 0.0003619429851484466, 'I2y': 2.3037586606058968e-05, 'I2z': 0.00036581517914501243}, 'init_theta_std_deg': 5.453400665447246, 'init_alpha_std_deg': 8.128754240158315, 'init_theta_dot_std': 0.03998826644387866, 'init_alpha_dot_std': 0.0666236556068304, 'pwm_limit': 147.44584692037247, 'pwm_gain': 1.0096041205039554, 'pwm_bias': 0.1569920734842456, 'pwm_deadzone': 0.3286665646188427, 'pwm_noise_sigma': 0.021121650916499937, 'actuator_tau': 0.0010935385144964869, 'action_delay_steps': 0, 'theta_bias': 0.0001287939535723057, 'alpha_bias': 0.0005919478056901425, 'theta_sigma': 0.00023405189060926896, 'alpha_sigma': 0.0018240474071557706, 'theta_dot_sigma': 0.031184993888257653, 'alpha_dot_sigma': 0.0409708440016272, 'encoder_quantization_rad': 6.76904496636724e-05, 'velocity_lpf': 0.25, 'process_theta_dot_sigma': 0.0, 'process_alpha_dot_sigma': 0.0}"
2436000,2,randomization_0.10,0.1,"{'level': 0.1, 'physical': {'g': 9.800227118699535, 'c_theta': 0.028606070120002516, 'c_alpha': 0.0011860084275511613, 'k_t': 0.2302146996924857, 'k_b': 0.19100469781342477, 'k_u': 0.046659860925356865, 'R': 4.248605562162553, 'm1': 0.2099015192293365, 'm2': 0.15981530257032292, 'l1cg': 0.0799588955026527, 'l1': 0.1518312777669241, 'l2cg': 0.06762417748403708, 'I1z': 0.0004783820330333901, 'I2x': 0.0003678517947683497, 'I2y': 2.2881230861073083e-05, 'I2z': 0.0003514856268466547}, 'init_theta_std_deg': 4.9818250455809165, 'init_alpha_std_deg': 8.188163781581054, 'init_theta_dot_std': 0.1495745611056746, 'init_alpha_dot_std': 0.1861746762688177, 'pwm_limit': 150.37617370523373, 'pwm_gain': 0.993592180220145, 'pwm_bias': 0.24445684679219176, 'pwm_deadzone': 0.4830887630138907, 'pwm_noise_sigma': 0.1292817005527865, 'actuator_tau': 0.002362835929927646, 'action_delay_steps': 0, 'theta_bias': 0.0004501448203589849, 'alpha_bias': 0.0008069421341332132, 'theta_sigma': 0.00030003782109934467, 'alpha_sigma': 0.000892343381786114, 'theta_dot_sigma': 0.02038309720547812, 'alpha_dot_sigma': 0.01837544024909578, 'encoder_quantization_rad': 4.265714010054695e-06, 'velocity_lpf': 0.25, 'process_theta_dot_sigma': 0.0, 'process_alpha_dot_sigma': 0.0}"
2438000,2,randomization_0.10,0.1,"{'level': 0.1, 'physical': {'g': 9.756881160185005, 'c_theta': 0.02701448553852874, 'c_alpha': 0.0010742836006069694, 'k_t': 0.22795336563388435, 'k_b': 0.1867778756186583, 'k_u': 0.046257107773019945, 'R': 4.298827137739927, 'm1': 0.2075231409247633, 'm2': 0.15635649600524823, 'l1cg': 0.08017014478790153, 'l1': 0.1531128138563528, 'l2cg': 0.06674611652230769, 'I1z': 0.0004946455859827629, 'I2x': 0.0003640979633727785, 'I2y': 2.4580296493200565e-05, 'I2z': 0.00036103172254898494}, 'init_theta_std_deg': 5.129031837389286, 'init_alpha_std_deg': 8.536334650349906, 'init_theta_dot_std': 0.07690625313547839, 'init_alpha_dot_std': 0.13846819783892675, 'pwm_limit': 149.99986867521193, 'pwm_gain': 1.0024117970732502, 'pwm_bias': -0.10429421740563526, 'pwm_deadzone': 0.349576453878912, 'pwm_noise_sigma': 0.042355195779176326, 'actuator_tau': 0.0006696501131625478, 'action_delay_steps': 0, 'theta_bias': -0.0009293653757596028, 'alpha_bias': 2.88499174146029e-05, 'theta_sigma': 0.0004877621347611722, 'alpha_sigma': 0.0006046116446629089, 'theta_dot_sigma': 0.028741026668794648, 'alpha_dot_sigma': 0.024445155085985885, 'encoder_quantization_rad': 0.00014551356690289672, 'velocity_lpf': 0.25, 'process_theta_dot_sigma': 0.0, 'process_alpha_dot_sigma': 0.0}"
2440000,2,randomization_0.10,0.1,"{'level': 0.1, 'physical': {'g': 9.793360474578124, 'c_theta': 0.025124788336896783, 'c_alpha': 0.000996076284524655, 'k_t': 0.23199863230922255, 'k_b': 0.18779755169324863, 'k_u': 0.048021376413591776, 'R': 4.292557215671192, 'm1': 0.20883377343265783, 'm2': 0.1596666896440752, 'l1cg': 0.08017382586816445, 'l1': 0.1532579637511253, 'l2cg': 0.06682618297814745, 'I1z': 0.00047630064993279126, 'I2x': 0.0003715529415319932, 'I2y': 2.3684917480416326e-05, 'I2z': 0.0003500696601410982}, 'init_theta_std_deg': 4.778339286367484, 'init_alpha_std_deg': 8.456962732332405, 'init_theta_dot_std': 0.021768440679878077, 'init_alpha_dot_std': 0.19176329304040737, 'pwm_limit': 149.6470860239256, 'pwm_gain': 1.0069256144148027, 'pwm_bias': -0.049043033705694766, 'pwm_deadzone': 0.7263366225560127, 'pwm_noise_sigma': 0.18756993313712372, 'actuator_tau': 0.0023695028763798124, 'action_delay_steps': 0, 'theta_bias': -0.0009236116726410908, 'alpha_bias': 0.0002538376407536948, 'theta_sigma': 0.00025183937860595606, 'alpha_sigma': 0.0013988416998079317, 'theta_dot_sigma': 0.03261669808222119, 'alpha_dot_sigma': 0.05709521277525249, 'encoder_quantization_rad': 0.00012167773284716908, 'velocity_lpf': 0.25, 'process_theta_dot_sigma': 0.0, 'process_alpha_dot_sigma': 0.0}"
2442000,2,randomization_0.10,0.1,"{'level': 0.1, 'physical': {'g': 9.752125749209593, 'c_theta': 0.030109492904881442, 'c_alpha': 0.0010755674371632242, 'k_t': 0.23627184278722424, 'k_b': 0.19033612766984792, 'k_u': 0.04572392593392873, 'R': 4.322781039231578, 'm1': 0.20443497352147996, 'm2': 0.16038308744329902, 'l1cg': 0.08116788558399617, 'l1': 0.15251525044411213, 'l2cg': 0.06760989498187987, 'I1z': 0.0004768602563714273, 'I2x': 0.00037520936959278985, 'I2y': 2.354724367026589e-05, 'I2z': 0.0003577321653844126}, 'init_theta_std_deg': 4.737430969381923, 'init_alpha_std_deg': 8.656721005455886, 'init_theta_dot_std': 0.1277353598494666, 'init_alpha_dot_std': 0.15300074220281235, 'pwm_limit': 147.56396715704355, 'pwm_gain': 1.0058880670227492, 'pwm_bias': -0.30070969241434126, 'pwm_deadzone': 0.6409418577936228, 'pwm_noise_sigma': 0.15650926068677748, 'actuator_tau': 0.0020635557601284744, 'action_delay_steps': 0, 'theta_bias': 0.0007059212901603209, 'alpha_bias': -0.0011204697860074811, 'theta_sigma': 0.0005496209648595291, 'alpha_sigma': 0.0007355286767255642, 'theta_dot_sigma': 0.02561602160718629, 'alpha_dot_sigma': 0.04877099374461426, 'encoder_quantization_rad': 0.0001320788153764273, 'velocity_lpf': 0.25, 'process_theta_dot_sigma': 0.0, 'process_alpha_dot_sigma': 0.0}"
2444000,2,randomization_0.10,0.1,"{'level': 0.1, 'physical': {'g': 9.757794861453016, 'c_theta': 0.02628267355776013, 'c_alpha': 0.0011414964772153624, 'k_t': 0.23527829867037872, 'k_b': 0.18292531990964572, 'k_u': 0.04732695006013398, 'R': 4.267165730316379, 'm1': 0.2068553294259361, 'm2': 0.16039540338111757, 'l1cg': 0.08017762499452762, 'l1': 0.15203402637503333, 'l2cg': 0.06578196554066364, 'I1z': 0.000494024926078737, 'I2x': 0.00037608254745285683, 'I2y': 2.3521982340610244e-05, 'I2z': 0.0003479250837813797}, 'init_theta_std_deg': 5.208225145568985, 'init_alpha_std_deg': 8.634927469796594, 'init_theta_dot_std': 0.13096245794439088, 'init_alpha_dot_std': 0.14898843338490508, 'pwm_limit': 147.4394572421333, 'pwm_gain': 1.001965689577919, 'pwm_bias': -0.1201779392071532, 'pwm_deadzone': 0.401118355886553, 'pwm_noise_sigma': 0.19531630506971018, 'actuator_tau': 0.001300460540721057, 'action_delay_steps': 0, 'theta_bias': 0.0005572095933319832, 'alpha_bias': 0.0001227871948970149, 'theta_sigma': 3.0716286690672526e-05, 'alpha_sigma': 0.00026628867704979166, 'theta_dot_sigma': 0.0223554931752213, 'alpha_dot_sigma': 0.02513315867692742, 'encoder_quantization_rad': 0.00011869984660900324, 'velocity_lpf': 0.25, 'process_theta_dot_sigma': 0.0, 'process_alpha_dot_sigma': 0.0}"
2446000,2,randomization_0.10,0.1,"{'level': 0.1, 'physical': {'g': 9.759973132315356, 'c_theta': 0.03121585434241128, 'c_alpha': 0.001125123130676814, 'k_t': 0.23625288717893536, 'k_b': 0.18626295775547283, 'k_u': 0.046040600563565154, 'R': 4.217181204513337, 'm1': 0.2024776158401592, 'm2': 0.16064396962911182, 'l1cg': 0.07911703352278326, 'l1': 0.15276682893390567, 'l2cg': 0.06523072534544075, 'I1z': 0.0004927541039236197, 'I2x': 0.0003686867346208889, 'I2y': 2.3994518505547015e-05, 'I2z': 0.00038085031363357523}, 'init_theta_std_deg': 5.4493390658306025, 'init_alpha_std_deg': 8.001671708249232, 'init_theta_dot_std': 0.01530019441097515, 'init_alpha_dot_std': 0.04834590275518233, 'pwm_limit': 150.5338497608989, 'pwm_gain': 0.9924613539186635, 'pwm_bias': 0.3658369642187289, 'pwm_deadzone': 0.652388584142767, 'pwm_noise_sigma': 0.07353751155212396, 'actuator_tau': 0.000614069253195823, 'action_delay_steps': 0, 'theta_bias': 0.0006849616198910653, 'alpha_bias': -0.0008141933992164953, 'theta_sigma': 0.00018216510522437004, 'alpha_sigma': 0.0009371939102422353, 'theta_dot_sigma': 0.03035442035711544, 'alpha_dot_sigma': 0.02956031989001507, 'encoder_quantization_rad': 0.0001094939599764692, 'velocity_lpf': 0.25, 'process_theta_dot_sigma': 0.0, 'process_alpha_dot_sigma': 0.0}"
2448000,2,randomization_0.10,0.1,"{'level': 0.1, 'physical': {'g': 9.804521097950309, 'c_theta': 0.029806943254363533, 'c_alpha': 0.0013441313562289395, 'k_t': 0.23175446243588213, 'k_b': 0.1911834844011695, 'k_u': 0.04606567290847595, 'R': 4.333426149710814, 'm1': 0.2018114600678119, 'm2': 0.15739792125239677, 'l1cg': 0.08014720512857028, 'l1': 0.1524020993891801, 'l2cg': 0.06616734140839421, 'I1z': 0.0005061811676657682, 'I2x': 0.00037156763290972913, 'I2y': 2.53342391297118e-05, 'I2z': 0.00038423809613571366}, 'init_theta_std_deg': 4.859723417057697, 'init_alpha_std_deg': 7.752440791119452, 'init_theta_dot_std': 0.12277050954721079, 'init_alpha_dot_std': 0.1337519150768702, 'pwm_limit': 150.22631653856484, 'pwm_gain': 1.003223870362417, 'pwm_bias': -0.2526985980077007, 'pwm_deadzone': 0.9953442515998481, 'pwm_noise_sigma': 0.023876380015459622, 'actuator_tau': 0.0025273843548870517, 'action_delay_steps': 0, 'theta_bias': -0.00046068940613906787, 'alpha_bias': -0.0010906386906604578, 'theta_sigma': 0.00039431893616074067, 'alpha_sigma': 0.00025980430313617055, 'theta_dot_sigma': 0.006072401784861287, 'alpha_dot_sigma': 0.03753368209575117, 'encoder_quantization_rad': 3.492936492841935e-05, 'velocity_lpf': 0.25, 'process_theta_dot_sigma': 0.0, 'process_alpha_dot_sigma': 0.0}"
2450000,2,randomization_0.10,0.1,"{'level': 0.1, 'physical': {'g': 9.843961183852702, 'c_theta': 0.026403419213588943, 'c_alpha': 0.001150191816144242, 'k_t': 0.22548497822039595, 'k_b': 0.18471556016589497, 'k_u': 0.04603162163843985, 'R': 4.233661138550167, 'm1': 0.20166419478167022, 'm2': 0.1563236529275543, 'l1cg': 0.08113862117764035, 'l1': 0.15062541051035555, 'l2cg': 0.06755039724738235, 'I1z': 0.0005090273659355236, 'I2x': 0.0003639320107354645, 'I2y': 2.4347063307901052e-05, 'I2z': 0.00036600590475421396}, 'init_theta_std_deg': 4.757931413290873, 'init_alpha_std_deg': 7.915519311598848, 'init_theta_dot_std': 0.09656903780934539, 'init_alpha_dot_std': 0.03974001497731733, 'pwm_limit': 149.85232124355255, 'pwm_gain': 0.9998631804930853, 'pwm_bias': 0.06567574652216238, 'pwm_deadzone': 0.6124854006773633, 'pwm_noise_sigma': 0.16103574997603876, 'actuator_tau': 0.001281906069065016, 'action_delay_steps': 0, 'theta_bias': 0.00032884283637700485, 'alpha_bias': -0.0006826496546468948, 'theta_sigma': 0.0004253143894213189, 'alpha_sigma': 0.0005585031370690723, 'theta_dot_sigma': 0.02856735702873299, 'alpha_dot_sigma': 0.035758295237102604, 'encoder_quantization_rad': 4.318741125775607e-05, 'velocity_lpf': 0.25, 'process_theta_dot_sigma': 0.0, 'process_alpha_dot_sigma': 0.0}"
2452000,2,randomization_0.10,0.1,"{'level': 0.1, 'physical': {'g': 9.811852572702167, 'c_theta': 0.028474752458170827, 'c_alpha': 0.001031182229330687, 'k_t': 0.23058472416907855, 'k_b': 0.1881717155487176, 'k_u': 0.04617500772715259, 'R': 4.2456350814516615, 'm1': 0.2054911697445262, 'm2': 0.16030003604720366, 'l1cg': 0.08142469381327776, 'l1': 0.15204254879662654, 'l2cg': 0.06661470898850175, 'I1z': 0.0005082512585533466, 'I2x': 0.00037273273494084974, 'I2y': 2.3320405409493814e-05, 'I2z': 0.0003581821082164422}, 'init_theta_std_deg': 4.761885520820134, 'init_alpha_std_deg': 8.772456453202448, 'init_theta_dot_std': 0.09987187885345142, 'init_alpha_dot_std': 0.06363182236084541, 'pwm_limit': 149.91565548831036, 'pwm_gain': 1.0011492600893686, 'pwm_bias': 0.11020082648282586, 'pwm_deadzone': 0.9075455513122812, 'pwm_noise_sigma': 0.07123249854237311, 'actuator_tau': 0.001409695387481228, 'action_delay_steps': 0, 'theta_bias': -0.0004139959991438977, 'alpha_bias': 0.0010583037013036133, 'theta_sigma': 7.078594905076115e-05, 'alpha_sigma': 2.736068719094953e-05, 'theta_dot_sigma': 0.0280273468774845, 'alpha_dot_sigma': 0.01533540319697056, 'encoder_quantization_rad': 3.9104654713710665e-05, 'velocity_lpf': 0.25, 'process_theta_dot_sigma': 0.0, 'process_alpha_dot_sigma': 0.0}"
2454000,2,randomization_0.10,0.1,"{'level': 0.1, 'physical': {'g': 9.804300493214496, 'c_theta': 0.027441590767093172, 'c_alpha': 0.001018827259545363, 'k_t': 0.22572731447067726, 'k_b': 0.19210111592708562, 'k_u': 0.04714421816252358, 'R': 4.330492144407772, 'm1': 0.2055480076737804, 'm2': 0.15948362588465007, 'l1cg': 0.08026694273447389, 'l1': 0.15108381106166718, 'l2cg': 0.06739904257994125, 'I1z': 0.0005065324027295172, 'I2x': 0.0003675626076330854, 'I2y': 2.3097511582635347e-05, 'I2z': 0.00037012655680759035}, 'init_theta_std_deg': 5.499480383554848, 'init_alpha_std_deg': 7.831570996619541, 'init_theta_dot_std': 0.06740242696671482, 'init_alpha_dot_std': 0.06642591192942669, 'pwm_limit': 148.7262678566143, 'pwm_gain': 0.9900427065762885, 'pwm_bias': 0.39286334887911595, 'pwm_deadzone': 0.5585940590595618, 'pwm_noise_sigma': 0.10755678055104936, 'actuator_tau': 0.0002948704216162199, 'action_delay_steps': 0, 'theta_bias': -0.00033423480201901515, 'alpha_bias': -0.0003787800164611069, 'theta_sigma': 0.0002816679211648089, 'alpha_sigma': 0.00039223410036837804, 'theta_dot_sigma': 0.0021143754335677437, 'alpha_dot_sigma': 0.04668753239237335, 'encoder_quantization_rad': 1.8532053290205854e-05, 'velocity_lpf': 0.25, 'process_theta_dot_sigma': 0.0, 'process_alpha_dot_sigma': 0.0}"
2456000,2,randomization_0.10,0.1,"{'level': 0.1, 'physical': {'g': 9.771088188866774, 'c_theta': 0.029918040409924858, 'c_alpha': 0.001325790151535888, 'k_t': 0.23113205901506415, 'k_b': 0.18343089331957563, 'k_u': 0.04776448210388619, 'R': 4.229355655899527, 'm1': 0.2050108807976227, 'm2': 0.15882780975443628, 'l1cg': 0.08107688754754128, 'l1': 0.15259040230797, 'l2cg': 0.06833532243105264, 'I1z': 0.0005179404016924856, 'I2x': 0.00037105053431834884, 'I2y': 2.353053194188656e-05, 'I2z': 0.00038634037352431715}, 'init_theta_std_deg': 5.2805549493295905, 'init_alpha_std_deg': 7.9290749162116, 'init_theta_dot_std': 0.12494719225863267, 'init_alpha_dot_std': 0.02229639052711238, 'pwm_limit': 149.23855216560523, 'pwm_gain': 1.0035730012125992, 'pwm_bias': 0.34562989479977607, 'pwm_deadzone': 0.6372116951460987, 'pwm_noise_sigma': 0.03360771645909018, 'actuator_tau': 0.00019279589366258198, 'action_delay_steps': 0, 'theta_bias': -6.966060234300864e-05, 'alpha_bias': 0.0007870636599497461, 'theta_sigma': 0.00040204184588415207, 'alpha_sigma': 9.311550507327816e-05, 'theta_dot_sigma': 0.028501060866778852, 'alpha_dot_sigma': 0.014476592634226583, 'encoder_quantization_rad': 7.810054691029229e-06, 'velocity_lpf': 0.25, 'process_theta_dot_sigma': 0.0, 'process_alpha_dot_sigma': 0.0}"
2458000,2,randomization_0.10,0.1,"{'level': 0.1, 'physical': {'g': 9.787182341024169, 'c_theta': 0.029592811542278753, 'c_alpha': 0.0012063460763445096, 'k_t': 0.22834505312614428, 'k_b': 0.1841950148988399, 'k_u': 0.04655566904470967, 'R': 4.212110173915866, 'm1': 0.21002648628563864, 'm2': 0.15930670488246157, 'l1cg': 0.07923137673693408, 'l1': 0.15239505993928062, 'l2cg': 0.06839649236173226, 'I1z': 0.0004900584386386379, 'I2x': 0.00036888063176842027, 'I2y': 2.5386792536047823e-05, 'I2z': 0.00036603586781839534}, 'init_theta_std_deg': 5.37024564042487, 'init_alpha_std_deg': 7.802269642865723, 'init_theta_dot_std': 0.022667056958752065, 'init_alpha_dot_std': 0.0572315315939703, 'pwm_limit': 150.35903688263753, 'pwm_gain': 0.9986902290185724, 'pwm_bias': 0.015875857865281517, 'pwm_deadzone': 0.5189606798032704, 'pwm_noise_sigma': 0.03754670686797337, 'actuator_tau': 0.001739813424294242, 'action_delay_steps': 0, 'theta_bias': 4.267077788212248e-05, 'alpha_bias': 0.0008953990556988945, 'theta_sigma': 0.00041146936988747853, 'alpha_sigma': 0.001690365565431186, 'theta_dot_sigma': 0.027134033561015385, 'alpha_dot_sigma': 0.012448293826808638, 'encoder_quantization_rad': 1.803489666074158e-05, 'velocity_lpf': 0.25, 'process_theta_dot_sigma': 0.0, 'process_alpha_dot_sigma': 0.0}"
2460000,2,randomization_0.10,0.1,"{'level': 0.1, 'physical': {'g': 9.777808963307674, 'c_theta': 0.02693248842719676, 'c_alpha': 0.0010062636609229076, 'k_t': 0.22748644219376543, 'k_b': 0.18388740182214652, 'k_u': 0.04686067132717505, 'R': 4.225971919419573, 'm1': 0.2055720617184837, 'm2': 0.16025376670767852, 'l1cg': 0.0799330229866363, 'l1': 0.15261043361751447, 'l2cg': 0.06786365283427674, 'I1z': 0.000501384949793357, 'I2x': 0.0003760813953694865, 'I2y': 2.5254619824537398e-05, 'I2z': 0.0003816294785334236}, 'init_theta_std_deg': 5.162794507236221, 'init_alpha_std_deg': 8.254380675543132, 'init_theta_dot_std': 0.09462168183032411, 'init_alpha_dot_std': 0.1110096286242222, 'pwm_limit': 148.97390071124903, 'pwm_gain': 0.9908492407587518, 'pwm_bias': -0.3979487964329512, 'pwm_deadzone': 0.6971451091531284, 'pwm_noise_sigma': 0.16998535265312067, 'actuator_tau': 0.002091410027123712, 'action_delay_steps': 0, 'theta_bias': -0.0009774962260227778, 'alpha_bias': -0.00028566334536931265, 'theta_sigma': 2.9032671319158746e-05, 'alpha_sigma': 0.0009178773631996871, 'theta_dot_sigma': 0.020472076407916946, 'alpha_dot_sigma': 0.04917215963332255, 'encoder_quantization_rad': 8.312725834255531e-05, 'velocity_lpf': 0.25, 'process_theta_dot_sigma': 0.0, 'process_alpha_dot_sigma': 0.0}"
2462000,2,randomization_0.10,0.1,"{'level': 0.1, 'physical': {'g': 9.761375315972526, 'c_theta': 0.0253652110863741, 'c_alpha': 0.0010171976172633722, 'k_t': 0.2349422449998958, 'k_b': 0.18570825867116234, 'k_u': 0.047980847158816196, 'R': 4.219810029105581, 'm1': 0.20315331028867742, 'm2': 0.1590428531011895, 'l1cg': 0.08110490835825497, 'l1': 0.15336524066366342, 'l2cg': 0.06698411370668085, 'I1z': 0.0005177088609219962, 'I2x': 0.00036994148655412716, 'I2y': 2.3665626145657158e-05, 'I2z': 0.00037731520541670836}, 'init_theta_std_deg': 5.19637516089516, 'init_alpha_std_deg': 7.937883143570102, 'init_theta_dot_std': 0.03474953724204988, 'init_alpha_dot_std': 0.17004366459769857, 'pwm_limit': 149.06533908712265, 'pwm_gain': 0.996959076651024, 'pwm_bias': 0.12629647077287406, 'pwm_deadzone': 0.15561776895039636, 'pwm_noise_sigma': 0.0556055761801501, 'actuator_tau': 0.001233564559412833, 'action_delay_steps': 0, 'theta_bias': -0.0006829510914792628, 'alpha_bias': 0.0007346341691830869, 'theta_sigma': 1.1441258065119354e-05, 'alpha_sigma': 0.00029592536940780144, 'theta_dot_sigma': 0.020954391389525255, 'alpha_dot_sigma': 0.05984905147889927, 'encoder_quantization_rad': 0.00013357635042833535, 'velocity_lpf': 0.25, 'process_theta_dot_sigma': 0.0, 'process_alpha_dot_sigma': 0.0}"
2464000,2,randomization_0.10,0.1,"{'level': 0.1, 'physical': {'g': 9.821831677736483, 'c_theta': 0.029286840454826768, 'c_alpha': 0.0009408607949178192, 'k_t': 0.2320935561850954, 'k_b': 0.18468904246736917, 'k_u': 0.04696403290015202, 'R': 4.22334961664898, 'm1': 0.2011512258645959, 'm2': 0.15679231940702812, 'l1cg': 0.08149188618162416, 'l1': 0.15073143403312292, 'l2cg': 0.06706833130823434, 'I1z': 0.0005237650436793072, 'I2x': 0.000363462386354531, 'I2y': 2.475409042034425e-05, 'I2z': 0.0003687000042371144}, 'init_theta_std_deg': 5.080209533323643, 'init_alpha_std_deg': 8.436357691567556, 'init_theta_dot_std': 0.1171178085936556, 'init_alpha_dot_std': 0.19788416509681267, 'pwm_limit': 150.4102670451594, 'pwm_gain': 0.9910274830203659, 'pwm_bias': -0.35649538936394115, 'pwm_deadzone': 0.26356240147495547, 'pwm_noise_sigma': 0.16857487951092123, 'actuator_tau': 0.0024160685588927597, 'action_delay_steps': 0, 'theta_bias': 0.0008643990722648645, 'alpha_bias': -0.00011957728968411418, 'theta_sigma': 1.189977577799366e-05, 'alpha_sigma': 0.0008029316364671448, 'theta_dot_sigma': 0.0074782963494408146, 'alpha_dot_sigma': 0.0033990863145710623, 'encoder_quantization_rad': 4.474502455816464e-05, 'velocity_lpf': 0.25, 'process_theta_dot_sigma': 0.0, 'process_alpha_dot_sigma': 0.0}"
2466000,2,randomization_0.10,0.1,"{'level': 0.1, 'physical': {'g': 9.847106718310169, 'c_theta': 0.031031372594117076, 'c_alpha': 0.0010668246736382219, 'k_t': 0.22662177689878885, 'k_b': 0.18386958065161157, 'k_u': 0.04637530024603536, 'R': 4.266723379776748, 'm1': 0.2041536579162758, 'm2': 0.15681923210651208, 'l1cg': 0.08060787486465357, 'l1': 0.15084967408615985, 'l2cg': 0.06624106278824368, 'I1z': 0.0004862455703587144, 'I2x': 0.00036712443008826766, 'I2y': 2.4515628316437854e-05, 'I2z': 0.00034347336339897943}, 'init_theta_std_deg': 4.946799051757301, 'init_alpha_std_deg': 8.020043231884461, 'init_theta_dot_std': 0.07203657818357188, 'init_alpha_dot_std': 0.11945875857580385, 'pwm_limit': 147.10550924027993, 'pwm_gain': 0.9994747115623849, 'pwm_bias': 0.010522412161707085, 'pwm_deadzone': 0.6007824166225093, 'pwm_noise_sigma': 0.13350203762595553, 'actuator_tau': 0.0005609158586290315, 'action_delay_steps': 0, 'theta_bias': -0.0005395942331380008, 'alpha_bias': 0.0003819602862590152, 'theta_sigma': 0.00027284946486177123, 'alpha_sigma': 0.00045889627890602315, 'theta_dot_sigma': 0.02629183993518331, 'alpha_dot_sigma': 0.004348920261391571, 'encoder_quantization_rad': 9.584515300064126e-05, 'velocity_lpf': 0.25, 'process_theta_dot_sigma': 0.0, 'process_alpha_dot_sigma': 0.0}"
2468000,2,randomization_0.10,0.1,"{'level': 0.1, 'physical': {'g': 9.762843764201618, 'c_theta': 0.028609879612025203, 'c_alpha': 0.0012945421473953569, 'k_t': 0.2340554459676986, 'k_b': 0.18544228449140132, 'k_u': 0.04750828878525811, 'R': 4.390482125591585, 'm1': 0.2069412661506653, 'm2': 0.15615109776522468, 'l1cg': 0.0814933098991645, 'l1': 0.15303101436946642, 'l2cg': 0.0663810358021548, 'I1z': 0.0004817871647274768, 'I2x': 0.00037283026900934214, 'I2y': 2.4873245713112573e-05, 'I2z': 0.0003899710743829071}, 'init_theta_std_deg': 5.3788740737291185, 'init_alpha_std_deg': 8.351520564140639, 'init_theta_dot_std': 0.10085248899922306, 'init_alpha_dot_std': 0.18963442109380113, 'pwm_limit': 148.15590793259432, 'pwm_gain': 1.008443286326811, 'pwm_bias': 0.051636153772148856, 'pwm_deadzone': 0.6850132728089131, 'pwm_noise_sigma': 0.054852321254331954, 'actuator_tau': 0.0019341606751333246, 'action_delay_steps': 0, 'theta_bias': 0.0009874826422889857, 'alpha_bias': -0.0003721436173004266, 'theta_sigma': 0.0004133965838519348, 'alpha_sigma': 0.0009895775218364308, 'theta_dot_sigma': 0.02165799165834422, 'alpha_dot_sigma': 0.038618087750529786, 'encoder_quantization_rad': 2.0739591531110887e-05, 'velocity_lpf': 0.25, 'process_theta_dot_sigma': 0.0, 'process_alpha_dot_sigma': 0.0}"
2470000,2,randomization_0.10,0.1,"{'level': 0.1, 'physical': {'g': 9.807735168354093, 'c_theta': 0.024156460921302896, 'c_alpha': 0.001110788713246914, 'k_t': 0.2304892036862809, 'k_b': 0.183491023834226, 'k_u': 0.04758066588995864, 'R': 4.358761725736617, 'm1': 0.20609882185407563, 'm2': 0.1605565490630466, 'l1cg': 0.07915687036009567, 'l1': 0.15339759894418278, 'l2cg': 0.06561490714579558, 'I1z': 0.0004885345583220286, 'I2x': 0.0003681382648930964, 'I2y': 2.4450555066903646e-05, 'I2z': 0.00036369078319511695}, 'init_theta_std_deg': 5.274300394165927, 'init_alpha_std_deg': 8.223727280360771, 'init_theta_dot_std': 0.1227874932559736, 'init_alpha_dot_std': 0.18714377117198566, 'pwm_limit': 148.1810173164864, 'pwm_gain': 1.0080509459023148, 'pwm_bias': 0.19593199998127755, 'pwm_deadzone': 0.9021768041427983, 'pwm_noise_sigma': 0.13177924555330253, 'actuator_tau': 0.002904517052325293, 'action_delay_steps': 0, 'theta_bias': -0.00020087289355556393, 'alpha_bias': 9.191363977231789e-05, 'theta_sigma': 2.6746676937265938e-05, 'alpha_sigma': 0.0015553489409933735, 'theta_dot_sigma': 0.006840803791498206, 'alpha_dot_sigma': 0.04956590030856454, 'encoder_quantization_rad': 8.498013432619035e-05, 'velocity_lpf': 0.25, 'process_theta_dot_sigma': 0.0, 'process_alpha_dot_sigma': 0.0}"
2472000,2,randomization_0.10,0.1,"{'level': 0.1, 'physical': {'g': 9.807773940789525, 'c_theta': 0.025019532100744424, 'c_alpha': 0.0011577439328723494, 'k_t': 0.23138110594768638, 'k_b': 0.18620774129053466, 'k_u': 0.04721056204721644, 'R': 4.340860173512979, 'm1': 0.20775106184703312, 'm2': 0.1592718650022219, 'l1cg': 0.08014985955702972, 'l1': 0.15040177141201583, 'l2cg': 0.06530234803310866, 'I1z': 0.0005245916790585025, 'I2x': 0.00037441938630628776, 'I2y': 2.4137352646631002e-05, 'I2z': 0.0003453496094807927}, 'init_theta_std_deg': 5.145474736669176, 'init_alpha_std_deg': 8.399510680335629, 'init_theta_dot_std': 0.037212671955732655, 'init_alpha_dot_std': 0.23896781750994595, 'pwm_limit': 149.62762186185842, 'pwm_gain': 1.0081676563172266, 'pwm_bias': 0.06636177765012326, 'pwm_deadzone': 0.45646493660134124, 'pwm_noise_sigma': 0.09523586699564304, 'actuator_tau': 0.002007307030961015, 'action_delay_steps': 0, 'theta_bias': -0.000698662707190683, 'alpha_bias': -0.0008599776652080883, 'theta_sigma': 0.0004290940580438734, 'alpha_sigma': 0.0017364870422927616, 'theta_dot_sigma': 0.02491063358228983, 'alpha_dot_sigma': 0.02429742186573354, 'encoder_quantization_rad': 0.00013668402018661893, 'velocity_lpf': 0.25, 'process_theta_dot_sigma': 0.0, 'process_alpha_dot_sigma': 0.0}"
2474000,2,randomization_0.10,0.1,"{'level': 0.1, 'physical': {'g': 9.83997593284777, 'c_theta': 0.026234112528274296, 'c_alpha': 0.0011493646469841875, 'k_t': 0.22926000426380655, 'k_b': 0.1883940334837106, 'k_u': 0.04580264237703171, 'R': 4.244556858596823, 'm1': 0.20371839323835275, 'm2': 0.15955967988924188, 'l1cg': 0.08103309005556239, 'l1': 0.15134106398634625, 'l2cg': 0.06634345455935196, 'I1z': 0.0004999379023826151, 'I2x': 0.00037480139184456533, 'I2y': 2.3550019643272706e-05, 'I2z': 0.0003580547578914429}, 'init_theta_std_deg': 5.303749829385541, 'init_alpha_std_deg': 7.975952574325916, 'init_theta_dot_std': 0.0962117417370163, 'init_alpha_dot_std': 0.14931659071324552, 'pwm_limit': 149.79944541572596, 'pwm_gain': 0.9948297541844857, 'pwm_bias': -0.24977191575425062, 'pwm_deadzone': 0.31125676878608344, 'pwm_noise_sigma': 0.08585795947958828, 'actuator_tau': 0.0013154154664305063, 'action_delay_steps': 0, 'theta_bias': -0.00010992065656788341, 'alpha_bias': -0.0009694694415557412, 'theta_sigma': 0.0003056532228954553, 'alpha_sigma': 0.0014583647580867108, 'theta_dot_sigma': 0.034387630601422456, 'alpha_dot_sigma': 0.03492412223909744, 'encoder_quantization_rad': 3.707182591475406e-05, 'velocity_lpf': 0.24582190657843928, 'process_theta_dot_sigma': 0.0, 'process_alpha_dot_sigma': 0.0}"
2476000,2,randomization_0.10,0.1,"{'level': 0.1, 'physical': {'g': 9.782894362056837, 'c_theta': 0.030916897777960924, 'c_alpha': 0.0009977597309671655, 'k_t': 0.23295214428658095, 'k_b': 0.1879220690554568, 'k_u': 0.048467571716888466, 'R': 4.257878614343797, 'm1': 0.2094418236108975, 'm2': 0.1585721457674439, 'l1cg': 0.08133399294501018, 'l1': 0.15303133816674824, 'l2cg': 0.06637443513981062, 'I1z': 0.0004729839396108448, 'I2x': 0.0003617810063534588, 'I2y': 2.3971272754311034e-05, 'I2z': 0.0003641950698803237}, 'init_theta_std_deg': 5.471133369086395, 'init_alpha_std_deg': 7.979969808171751, 'init_theta_dot_std': 0.08655840747154442, 'init_alpha_dot_std': 0.17885824260231376, 'pwm_limit': 148.63529047374664, 'pwm_gain': 0.9900635130927962, 'pwm_bias': 0.21630644764333173, 'pwm_deadzone': 0.4668586924084486, 'pwm_noise_sigma': 0.19132838633027074, 'actuator_tau': 0.001799888466410023, 'action_delay_steps': 0, 'theta_bias': 0.00022361969066343802, 'alpha_bias': 0.001093483546505091, 'theta_sigma': 0.0002728299500665499, 'alpha_sigma': 0.0005788117748173675, 'theta_dot_sigma': 0.033280539735184744, 'alpha_dot_sigma': 0.02939694670339427, 'encoder_quantization_rad': 0.00014082830294847234, 'velocity_lpf': 0.25, 'process_theta_dot_sigma': 0.0, 'process_alpha_dot_sigma': 0.0}"
2478000,2,randomization_0.10,0.1,"{'level': 0.1, 'physical': {'g': 9.79487711023222, 'c_theta': 0.028675724461446134, 'c_alpha': 0.001032814759009009, 'k_t': 0.2298556745285602, 'k_b': 0.18732607765592102, 'k_u': 0.047919672844666285, 'R': 4.334246042428257, 'm1': 0.20151264512216105, 'm2': 0.15958668333488987, 'l1cg': 0.0797390792767059, 'l1': 0.152138588338082, 'l2cg': 0.06698295572305098, 'I1z': 0.0004880977524601827, 'I2x': 0.0003725117878405059, 'I2y': 2.3967994509523683e-05, 'I2z': 0.0003746215069746346}, 'init_theta_std_deg': 5.181554272168962, 'init_alpha_std_deg': 8.48216981657853, 'init_theta_dot_std': 0.02489320781467493, 'init_alpha_dot_std': 0.2079824149356509, 'pwm_limit': 147.085560055488, 'pwm_gain': 1.0038392810295185, 'pwm_bias': -0.25107879765265056, 'pwm_deadzone': 0.08145664319724655, 'pwm_noise_sigma': 0.05549082290219203, 'actuator_tau': 0.000760316661656197, 'action_delay_steps': 0, 'theta_bias': 0.000821636222838672, 'alpha_bias': -0.0007650152157711252, 'theta_sigma': 0.00044984126490139946, 'alpha_sigma': 0.001746994698197457, 'theta_dot_sigma': 0.008044889396449772, 'alpha_dot_sigma': 0.029657032153294762, 'encoder_quantization_rad': 4.22777525441971e-05, 'velocity_lpf': 0.25, 'process_theta_dot_sigma': 0.0, 'process_alpha_dot_sigma': 0.0}"
2480000,2,randomization_0.10,0.1,"{'level': 0.1, 'physical': {'g': 9.805221697870854, 'c_theta': 0.023841751706653935, 'c_alpha': 0.0011727190230515613, 'k_t': 0.2343949316649004, 'k_b': 0.18390288577679886, 'k_u': 0.04671936697907353, 'R': 4.37451274815467, 'm1': 0.2028508350900806, 'm2': 0.1605006015186163, 'l1cg': 0.08006119944875399, 'l1': 0.15097929054559447, 'l2cg': 0.0666280176660007, 'I1z': 0.0005260356428355722, 'I2x': 0.00036291294053737293, 'I2y': 2.2833327812255717e-05, 'I2z': 0.0003543040007453221}, 'init_theta_std_deg': 5.087749369947511, 'init_alpha_std_deg': 8.014048322978848, 'init_theta_dot_std': 0.05348120886272716, 'init_alpha_dot_std': 0.10072607865240889, 'pwm_limit': 148.40764007709285, 'pwm_gain': 1.0038537351271917, 'pwm_bias': -0.11510777389537533, 'pwm_deadzone': 0.2603741272889596, 'pwm_noise_sigma': 0.036180821871110026, 'actuator_tau': 0.0017519490980196033, 'action_delay_steps': 0, 'theta_bias': 0.0008859925700660023, 'alpha_bias': -0.0006906755144872467, 'theta_sigma': 0.0004189005498199776, 'alpha_sigma': 0.0003080530049450312, 'theta_dot_sigma': 0.010679547817498183, 'alpha_dot_sigma': 0.03900934005416965, 'encoder_quantization_rad': 2.2117494417262324e-05, 'velocity_lpf': 0.25, 'process_theta_dot_sigma': 0.0, 'process_alpha_dot_sigma': 0.0}"
2482000,2,randomization_0.10,0.1,"{'level': 0.1, 'physical': {'g': 9.836284455562504, 'c_theta': 0.030309380575322998, 'c_alpha': 0.001083743336139484, 'k_t': 0.22734927718828168, 'k_b': 0.1882066588175193, 'k_u': 0.04622161114157031, 'R': 4.208358719510503, 'm1': 0.2107355627981525, 'm2': 0.15670495973296122, 'l1cg': 0.08107582109973695, 'l1': 0.15277023462289382, 'l2cg': 0.06731360420084674, 'I1z': 0.0004872417313914098, 'I2x': 0.0003683096945780799, 'I2y': 2.259120660822374e-05, 'I2z': 0.00038528386950735115}, 'init_theta_std_deg': 4.956790770393295, 'init_alpha_std_deg': 7.79445472428463, 'init_theta_dot_std': 0.06826377341433652, 'init_alpha_dot_std': 0.1372623078845825, 'pwm_limit': 150.68714411802998, 'pwm_gain': 0.9997324146266543, 'pwm_bias': 0.2499222543221646, 'pwm_deadzone': 0.7007549080581065, 'pwm_noise_sigma': 0.030213321070952315, 'actuator_tau': 0.0008617177662417668, 'action_delay_steps': 0, 'theta_bias': 8.021631154355325e-05, 'alpha_bias': -0.0010925695216553193, 'theta_sigma': 0.0005370993500114058, 'alpha_sigma': 0.0007462830127283915, 'theta_dot_sigma': 0.03317409493193958, 'alpha_dot_sigma': 0.026275792192426914, 'encoder_quantization_rad': 9.554974210068525e-05, 'velocity_lpf': 0.25, 'process_theta_dot_sigma': 0.0, 'process_alpha_dot_sigma': 0.0}"
2484000,2,randomization_0.10,0.1,"{'level': 0.1, 'physical': {'g': 9.771844893370053, 'c_theta': 0.028658290693259775, 'c_alpha': 0.0010929207429563109, 'k_t': 0.2355614262706564, 'k_b': 0.18656109963922274, 'k_u': 0.04694700141242059, 'R': 4.304822668727684, 'm1': 0.20664791238336672, 'm2': 0.1597159595408683, 'l1cg': 0.08036151973589521, 'l1': 0.15057793514029588, 'l2cg': 0.06734179361037879, 'I1z': 0.0005226057799847066, 'I2x': 0.000364296012457944, 'I2y': 2.47899428453914e-05, 'I2z': 0.0003875808122410015}, 'init_theta_std_deg': 4.7730675115673495, 'init_alpha_std_deg': 8.18485046224644, 'init_theta_dot_std': 0.04802298380074834, 'init_alpha_dot_std': 0.035909973119419125, 'pwm_limit': 149.59437955203876, 'pwm_gain': 1.0051170005598673, 'pwm_bias': -0.3360580075871502, 'pwm_deadzone': 0.7151135351817433, 'pwm_noise_sigma': 0.048235685852684035, 'actuator_tau': 0.002796773363322417, 'action_delay_steps': 0, 'theta_bias': -0.0008729193800895345, 'alpha_bias': -0.00021111201270766522, 'theta_sigma': 0.00019778401080581642, 'alpha_sigma': 0.0004436604766397847, 'theta_dot_sigma': 0.008590207028404363, 'alpha_dot_sigma': 0.01574265929898132, 'encoder_quantization_rad': 4.053682722565338e-06, 'velocity_lpf': 0.25, 'process_theta_dot_sigma': 0.0, 'process_alpha_dot_sigma': 0.0}"
2486000,2,randomization_0.10,0.1,"{'level': 0.1, 'physical': {'g': 9.804624497436558, 'c_theta': 0.030347160284253702, 'c_alpha': 0.0009957655218041388, 'k_t': 0.23307668732263093, 'k_b': 0.19143797681760696, 'k_u': 0.048313290138374175, 'R': 4.268500756428086, 'm1': 0.20934878459912257, 'm2': 0.15754260066133977, 'l1cg': 0.08116474985112652, 'l1': 0.15299513234726358, 'l2cg': 0.06675650118039712, 'I1z': 0.00048083960436646534, 'I2x': 0.0003749891529680432, 'I2y': 2.497677039442341e-05, 'I2z': 0.0003515037518053347}, 'init_theta_std_deg': 4.846620595602992, 'init_alpha_std_deg': 7.6185201189823175, 'init_theta_dot_std': 0.13648424049179764, 'init_alpha_dot_std': 0.12171270752327877, 'pwm_limit': 150.18025061046816, 'pwm_gain': 1.0096670077902323, 'pwm_bias': -0.3001791656324262, 'pwm_deadzone': 0.9933146514630034, 'pwm_noise_sigma': 0.18579717838027943, 'actuator_tau': 0.0009349304549118264, 'action_delay_steps': 0, 'theta_bias': -0.0008344380363592891, 'alpha_bias': 0.0006870140218791866, 'theta_sigma': 0.0001649947530082478, 'alpha_sigma': 0.001044096666356393, 'theta_dot_sigma': 0.0003788674808825648, 'alpha_dot_sigma': 0.059581475536086295, 'encoder_quantization_rad': 3.415668585503544e-05, 'velocity_lpf': 0.25, 'process_theta_dot_sigma': 0.0, 'process_alpha_dot_sigma': 0.0}"
2488000,2,randomization_0.10,0.1,"{'level': 0.1, 'physical': {'g': 9.842834999246564, 'c_theta': 0.02842771216660281, 'c_alpha': 0.001318352247793133, 'k_t': 0.22692084674877264, 'k_b': 0.1917620703297808, 'k_u': 0.046786765946897214, 'R': 4.22411660828931, 'm1': 0.20371888720537168, 'm2': 0.16014668389442444, 'l1cg': 0.08041750444148074, 'l1': 0.15310500929038254, 'l2cg': 0.0669589476207642, 'I1z': 0.000519879784664602, 'I2x': 0.0003761089873521128, 'I2y': 2.534651729679554e-05, 'I2z': 0.00038423499028945933}, 'init_theta_std_deg': 5.235183877263724, 'init_alpha_std_deg': 8.750328875461294, 'init_theta_dot_std': 0.011190465496150909, 'init_alpha_dot_std': 0.06836744132865957, 'pwm_limit': 148.32961463640407, 'pwm_gain': 1.009452589818751, 'pwm_bias': 0.0625873318118102, 'pwm_deadzone': 0.03930958416982766, 'pwm_noise_sigma': 0.14986650548173927, 'actuator_tau': 0.0012560874335217946, 'action_delay_steps': 0, 'theta_bias': -8.826618026636957e-05, 'alpha_bias': -0.0005710988386513459, 'theta_sigma': 0.0003396370918740918, 'alpha_sigma': 0.0018350943469096247, 'theta_dot_sigma': 0.02869138669383679, 'alpha_dot_sigma': 0.03724273807964492, 'encoder_quantization_rad': 0.00011622594348810183, 'velocity_lpf': 0.25, 'process_theta_dot_sigma': 0.0, 'process_alpha_dot_sigma': 0.0}"
2490000,2,randomization_0.10,0.1,"{'level': 0.1, 'physical': {'g': 9.837210406957993, 'c_theta': 0.025667006113209156, 'c_alpha': 0.0011864588051460308, 'k_t': 0.23027039078251157, 'k_b': 0.18931977907512776, 'k_u': 0.04793346620093424, 'R': 4.38782782535164, 'm1': 0.20803683927301564, 'm2': 0.1601000879642629, 'l1cg': 0.08115289323277351, 'l1': 0.15137709354235918, 'l2cg': 0.0683475581594871, 'I1z': 0.0005111163843496078, 'I2x': 0.00036849153196019565, 'I2y': 2.5485215195616058e-05, 'I2z': 0.00034853235048972365}, 'init_theta_std_deg': 5.283353432679225, 'init_alpha_std_deg': 8.493409889615148, 'init_theta_dot_std': 0.10980769389689134, 'init_alpha_dot_std': 0.2109330290814486, 'pwm_limit': 150.66089384652682, 'pwm_gain': 0.9997707548597953, 'pwm_bias': 0.3030076052862968, 'pwm_deadzone': 0.8143970904337412, 'pwm_noise_sigma': 0.022389026674833182, 'actuator_tau': 0.0012986767841382083, 'action_delay_steps': 0, 'theta_bias': 0.0001592034832882492, 'alpha_bias': 3.617789149101914e-05, 'theta_sigma': 0.00034962554503776926, 'alpha_sigma': 0.0008041037837429457, 'theta_dot_sigma': 0.025875391891400704, 'alpha_dot_sigma': 0.030073565405972252, 'encoder_quantization_rad': 7.912448937966876e-05, 'velocity_lpf': 0.25, 'process_theta_dot_sigma': 0.0, 'process_alpha_dot_sigma': 0.0}"
2492000,2,randomization_0.10,0.1,"{'level': 0.1, 'physical': {'g': 9.790650895436341, 'c_theta': 0.02892438922934828, 'c_alpha': 0.0010965896884243631, 'k_t': 0.2266297563617741, 'k_b': 0.1868475876566707, 'k_u': 0.04577475854760304, 'R': 4.235867236531708, 'm1': 0.20756460052912898, 'm2': 0.1578783687298892, 'l1cg': 0.07955912184702506, 'l1': 0.15076020153724018, 'l2cg': 0.0658191735499159, 'I1z': 0.0005098312607075477, 'I2x': 0.00036157722963607315, 'I2y': 2.317759634540814e-05, 'I2z': 0.0003530609167266284}, 'init_theta_std_deg': 5.276828663292189, 'init_alpha_std_deg': 8.058036508839564, 'init_theta_dot_std': 0.05238944051590874, 'init_alpha_dot_std': 0.06710857755886578, 'pwm_limit': 147.25727344655226, 'pwm_gain': 1.008972093911911, 'pwm_bias': -0.1935985652705915, 'pwm_deadzone': 0.6856822198908469, 'pwm_noise_sigma': 0.15916809925539543, 'actuator_tau': 0.0019648549783293457, 'action_delay_steps': 0, 'theta_bias': 3.269983418844458e-05, 'alpha_bias': -0.0011085127879962343, 'theta_sigma': 0.0002201184848841659, 'alpha_sigma': 0.0012520513507726246, 'theta_dot_sigma': 0.011633291594329324, 'alpha_dot_sigma': 0.00043021988506946495, 'encoder_quantization_rad': 3.393986619895007e-05, 'velocity_lpf': 0.25, 'process_theta_dot_sigma': 0.0, 'process_alpha_dot_sigma': 0.0}"
2494000,2,randomization_0.10,0.1,"{'level': 0.1, 'physical': {'g': 9.83328534916751, 'c_theta': 0.029931465296743856, 'c_alpha': 0.001258042841972338, 'k_t': 0.22618848611314105, 'k_b': 0.18553508562535154, 'k_u': 0.047338174981948804, 'R': 4.329688451861102, 'm1': 0.2055111917390147, 'm2': 0.1578955851588859, 'l1cg': 0.07950767041709009, 'l1': 0.1528895122972251, 'l2cg': 0.0658161772009703, 'I1z': 0.0005214209258396188, 'I2x': 0.0003726645200042694, 'I2y': 2.4952392856230705e-05, 'I2z': 0.0003802834770896298}, 'init_theta_std_deg': 5.493145682031459, 'init_alpha_std_deg': 8.64784233859364, 'init_theta_dot_std': 0.1230066026086038, 'init_alpha_dot_std': 0.17870406033323022, 'pwm_limit': 149.35582613610248, 'pwm_gain': 0.9957016188136757, 'pwm_bias': -0.35672808463918, 'pwm_deadzone': 0.5798476585987579, 'pwm_noise_sigma': 0.1749700029865176, 'actuator_tau': 0.0013567236520360458, 'action_delay_steps': 0, 'theta_bias': -0.00036459244021197625, 'alpha_bias': -1.3749179092114084e-05, 'theta_sigma': 0.0001824604052801987, 'alpha_sigma': 0.00023799307119317482, 'theta_dot_sigma': 0.01709113551217269, 'alpha_dot_sigma': 0.02504919047244407, 'encoder_quantization_rad': 0.00013987862322190002, 'velocity_lpf': 0.25, 'process_theta_dot_sigma': 0.0, 'process_alpha_dot_sigma': 0.0}"
2496000,2,randomization_0.10,0.1,"{'level': 0.1, 'physical': {'g': 9.783047259264944, 'c_theta': 0.03013726978722538, 'c_alpha': 0.0010789790150707373, 'k_t': 0.2330870674172518, 'k_b': 0.18589666023877238, 'k_u': 0.04570572473395639, 'R': 4.313630674885844, 'm1': 0.20378414433259925, 'm2': 0.15772358858482163, 'l1cg': 0.0791025260042928, 'l1': 0.15246215491026624, 'l2cg': 0.06603874764503181, 'I1z': 0.0005259907395309117, 'I2x': 0.00037127289340451743, 'I2y': 2.3173708342580287e-05, 'I2z': 0.0003583820795415493}, 'init_theta_std_deg': 5.274918640602975, 'init_alpha_std_deg': 7.94284008704841, 'init_theta_dot_std': 0.09377406067894534, 'init_alpha_dot_std': 0.17269693024707022, 'pwm_limit': 148.359383354863, 'pwm_gain': 1.002996607158835, 'pwm_bias': -0.2503220635783034, 'pwm_deadzone': 0.28014099194400977, 'pwm_noise_sigma': 0.10873291293306944, 'actuator_tau': 0.0010347134013256242, 'action_delay_steps': 0, 'theta_bias': 0.0004749430844761868, 'alpha_bias': 0.00010812221190972774, 'theta_sigma': 0.0002897473572256685, 'alpha_sigma': 0.0008652714148101226, 'theta_dot_sigma': 0.00541379988010428, 'alpha_dot_sigma': 0.03894303898400558, 'encoder_quantization_rad': 3.0206764575874192e-05, 'velocity_lpf': 0.25, 'process_theta_dot_sigma': 0.0, 'process_alpha_dot_sigma': 0.0}"
2498000,2,randomization_0.10,0.1,"{'level': 0.1, 'physical': {'g': 9.827054487166135, 'c_theta': 0.024474816950030225, 'c_alpha': 0.001264306655551154, 'k_t': 0.2312446631317147, 'k_b': 0.18697546787742902, 'k_u': 0.04658019722934425, 'R': 4.210865458436394, 'm1': 0.21117905399781503, 'm2': 0.1607054933987865, 'l1cg': 0.08119904848530625, 'l1': 0.1529240289686352, 'l2cg': 0.0676273552096916, 'I1z': 0.0004744159833021486, 'I2x': 0.0003735206806490687, 'I2y': 2.31438475336646e-05, 'I2z': 0.0003807730214569765}, 'init_theta_std_deg': 4.967758005253059, 'init_alpha_std_deg': 8.413193852636562, 'init_theta_dot_std': 0.12148762734325368, 'init_alpha_dot_std': 0.06863127260037608, 'pwm_limit': 149.83306946904395, 'pwm_gain': 0.9943270378503614, 'pwm_bias': -0.25539225282396316, 'pwm_deadzone': 0.36326388495941075, 'pwm_noise_sigma': 0.11838140494157962, 'actuator_tau': 0.0016996699954079965, 'action_delay_steps': 0, 'theta_bias': -0.0008771899256054354, 'alpha_bias': 0.00040038189527170307, 'theta_sigma': 0.00017434624351511392, 'alpha_sigma': 0.0013126541350652304, 'theta_dot_sigma': 0.012469421857541596, 'alpha_dot_sigma': 0.02994644570728136, 'encoder_quantization_rad': 9.430570029317763e-05, 'velocity_lpf': 0.25, 'process_theta_dot_sigma': 0.0, 'process_alpha_dot_sigma': 0.0}"
2500000,2,randomization_0.10,0.1,"{'level': 0.1, 'physical': {'g': 9.776589011969483, 'c_theta': 0.028383030761878605, 'c_alpha': 0.001168230574085298, 'k_t': 0.22968602266294352, 'k_b': 0.1910076454067016, 'k_u': 0.04672455672738977, 'R': 4.224110498802228, 'm1': 0.20392833655763395, 'm2': 0.159057062407515, 'l1cg': 0.08047518767076814, 'l1': 0.1518344623237685, 'l2cg': 0.0680895573201145, 'I1z': 0.0004955898607022233, 'I2x': 0.00037066229415284635, 'I2y': 2.4351787209138785e-05, 'I2z': 0.0003598093230272295}, 'init_theta_std_deg': 5.40847023444473, 'init_alpha_std_deg': 7.903831820474566, 'init_theta_dot_std': 0.0775054209592917, 'init_alpha_dot_std': 0.0035844518269875503, 'pwm_limit': 149.57558224200596, 'pwm_gain': 1.0002669594812497, 'pwm_bias': -0.15220016630588973, 'pwm_deadzone': 0.21971842797278507, 'pwm_noise_sigma': 0.03407387945369984, 'actuator_tau': 0.0024781703454308385, 'action_delay_steps': 0, 'theta_bias': 0.00028257933437750694, 'alpha_bias': -0.0011682664644850486, 'theta_sigma': 0.0005374779353037312, 'alpha_sigma': 0.0006693138873756095, 'theta_dot_sigma': 0.030492075045957624, 'alpha_dot_sigma': 0.03351012464857202, 'encoder_quantization_rad': 3.57162153555907e-05, 'velocity_lpf': 0.25, 'process_theta_dot_sigma': 0.0, 'process_alpha_dot_sigma': 0.0}"
2502000,2,randomization_0.10,0.1,"{'level': 0.1, 'physical': {'g': 9.821710020034708, 'c_theta': 0.029098229099127557, 'c_alpha': 0.0009955323421232678, 'k_t': 0.23630422392757616, 'k_b': 0.1917564363290367, 'k_u': 0.04744271854580901, 'R': 4.2571340301006035, 'm1': 0.2076956185625659, 'm2': 0.15688986814042347, 'l1cg': 0.08042978604679574, 'l1': 0.15303686006194964, 'l2cg': 0.06506849953882407, 'I1z': 0.000490786744191056, 'I2x': 0.0003680409440026679, 'I2y': 2.515103629404328e-05, 'I2z': 0.00035434105408149556}, 'init_theta_std_deg': 5.498163628887415, 'init_alpha_std_deg': 8.267544288880105, 'init_theta_dot_std': 0.12964358701236017, 'init_alpha_dot_std': 0.2304577379217997, 'pwm_limit': 149.0367988750342, 'pwm_gain': 1.000532710368928, 'pwm_bias': -0.15544589434226774, 'pwm_deadzone': 0.05694037425930032, 'pwm_noise_sigma': 0.15661426706466017, 'actuator_tau': 9.416752401520556e-05, 'action_delay_steps': 0, 'theta_bias': -0.0005051057222607296, 'alpha_bias': -0.00031165879961479644, 'theta_sigma': 0.00010601919380859595, 'alpha_sigma': 0.0011331966781545247, 'theta_dot_sigma': 0.007581731989323452, 'alpha_dot_sigma': 0.0032404052145437287, 'encoder_quantization_rad': 3.9914400315282304e-05, 'velocity_lpf': 0.25, 'process_theta_dot_sigma': 0.0, 'process_alpha_dot_sigma': 0.0}"
2504000,2,randomization_0.10,0.1,"{'level': 0.1, 'physical': {'g': 9.826931807771599, 'c_theta': 0.023690130505313253, 'c_alpha': 0.0009643863954120469, 'k_t': 0.22664789277737568, 'k_b': 0.19084944726021918, 'k_u': 0.047189737523033515, 'R': 4.383859517436725, 'm1': 0.21093473167321602, 'm2': 0.15676716242996502, 'l1cg': 0.08016887603035508, 'l1': 0.15150292939856896, 'l2cg': 0.0656747306222351, 'I1z': 0.0005004097104483751, 'I2x': 0.0003630598028588033, 'I2y': 2.4673874298910558e-05, 'I2z': 0.00036402711075220174}, 'init_theta_std_deg': 4.898760589856677, 'init_alpha_std_deg': 7.918631364845853, 'init_theta_dot_std': 0.14893290754168803, 'init_alpha_dot_std': 0.08304237878325788, 'pwm_limit': 149.00106979647555, 'pwm_gain': 1.0090444457644525, 'pwm_bias': -0.14217796933488255, 'pwm_deadzone': 0.8230649398195978, 'pwm_noise_sigma': 0.10105374175246074, 'actuator_tau': 0.0013918981655179183, 'action_delay_steps': 0, 'theta_bias': 0.00044924827640442145, 'alpha_bias': 0.0009821325596453862, 'theta_sigma': 1.7393301304982735e-06, 'alpha_sigma': 9.073176506546376e-05, 'theta_dot_sigma': 0.014000423584349655, 'alpha_dot_sigma': 0.01017807933581215, 'encoder_quantization_rad': 2.9151111360197992e-05, 'velocity_lpf': 0.249433671024809, 'process_theta_dot_sigma': 0.0, 'process_alpha_dot_sigma': 0.0}"
2506000,2,randomization_0.10,0.1,"{'level': 0.1, 'physical': {'g': 9.839955919977179, 'c_theta': 0.030409723582429223, 'c_alpha': 0.001122992066192008, 'k_t': 0.23001107044460178, 'k_b': 0.18573062589699074, 'k_u': 0.04725900708708714, 'R': 4.317540773714175, 'm1': 0.20297851387678548, 'm2': 0.15918881128299864, 'l1cg': 0.08110500521216779, 'l1': 0.15050182331024525, 'l2cg': 0.0660280055404661, 'I1z': 0.0005199199911149576, 'I2x': 0.0003745948218710399, 'I2y': 2.2658884582809836e-05, 'I2z': 0.000349307699595741}, 'init_theta_std_deg': 5.017565159464571, 'init_alpha_std_deg': 7.903978974947909, 'init_theta_dot_std': 0.07844533854597713, 'init_alpha_dot_std': 0.1977940766225439, 'pwm_limit': 147.38793637405587, 'pwm_gain': 0.9926513934408916, 'pwm_bias': 0.37766335976736576, 'pwm_deadzone': 0.3091017154545873, 'pwm_noise_sigma': 0.19991230728611786, 'actuator_tau': 0.0012650878614332624, 'action_delay_steps': 0, 'theta_bias': -0.000896749993535094, 'alpha_bias': -3.639145955564134e-05, 'theta_sigma': 0.0001882321529714454, 'alpha_sigma': 0.0005321016299515524, 'theta_dot_sigma': 0.012247125165338935, 'alpha_dot_sigma': 0.007507906708652252, 'encoder_quantization_rad': 0.00010988893000483169, 'velocity_lpf': 0.25, 'process_theta_dot_sigma': 0.0, 'process_alpha_dot_sigma': 0.0}"
2508000,2,randomization_0.10,0.1,"{'level': 0.1, 'physical': {'g': 9.790777881306479, 'c_theta': 0.026192015165324878, 'c_alpha': 0.0009656069780822456, 'k_t': 0.2299532772325092, 'k_b': 0.18505302175832844, 'k_u': 0.04846960375166843, 'R': 4.2153951425614, 'm1': 0.20516456855444531, 'm2': 0.1587583937046248, 'l1cg': 0.08135792587102608, 'l1': 0.15155700225819999, 'l2cg': 0.06521803489735978, 'I1z': 0.0005265832106060012, 'I2x': 0.00036625779373123464, 'I2y': 2.4986777020820127e-05, 'I2z': 0.00038092682672908186}, 'init_theta_std_deg': 5.083362722301382, 'init_alpha_std_deg': 7.602422349182827, 'init_theta_dot_std': 0.08321025426005653, 'init_alpha_dot_std': 0.07039796502178478, 'pwm_limit': 150.62262514002916, 'pwm_gain': 0.9915244643533834, 'pwm_bias': 0.30641394481099615, 'pwm_deadzone': 0.9338949061039841, 'pwm_noise_sigma': 0.15608476101139968, 'actuator_tau': 0.002738680940899203, 'action_delay_steps': 0, 'theta_bias': 0.0005584369161347172, 'alpha_bias': -0.000586411900061526, 'theta_sigma': 0.0003635980005632917, 'alpha_sigma': 0.0015744634183586733, 'theta_dot_sigma': 0.004530822334160785, 'alpha_dot_sigma': 0.022609556314483272, 'encoder_quantization_rad': 7.735376239515974e-05, 'velocity_lpf': 0.25, 'process_theta_dot_sigma': 0.0, 'process_alpha_dot_sigma': 0.0}"
2510000,2,randomization_0.10,0.1,"{'level': 0.1, 'physical': {'g': 9.811548744104597, 'c_theta': 0.028417004866217524, 'c_alpha': 0.0009901283923966031, 'k_t': 0.2267190036751509, 'k_b': 0.1865698537151721, 'k_u': 0.04805371115233914, 'R': 4.309768891376288, 'm1': 0.2093551132467046, 'm2': 0.15919150268030655, 'l1cg': 0.08066289953268595, 'l1': 0.15324661913972876, 'l2cg': 0.06595944720189932, 'I1z': 0.00048493162742462617, 'I2x': 0.00036326933033707914, 'I2y': 2.479828649512454e-05, 'I2z': 0.00036476252295912975}, 'init_theta_std_deg': 5.376300033201197, 'init_alpha_std_deg': 7.652145890433814, 'init_theta_dot_std': 0.09683981067067082, 'init_alpha_dot_std': 0.15383148463978752, 'pwm_limit': 147.97657369216898, 'pwm_gain': 0.9972889058522678, 'pwm_bias': 0.13796948849227383, 'pwm_deadzone': 0.39108822746777305, 'pwm_noise_sigma': 0.14612936585099126, 'actuator_tau': 0.0019921046783111514, 'action_delay_steps': 0, 'theta_bias': 0.0006711811259397346, 'alpha_bias': 0.00025513961239856, 'theta_sigma': 0.0005787765498410143, 'alpha_sigma': 0.0008242014790467887, 'theta_dot_sigma': 0.03170443888028172, 'alpha_dot_sigma': 0.051153218557404526, 'encoder_quantization_rad': 9.451322504165094e-05, 'velocity_lpf': 0.24701936541244476, 'process_theta_dot_sigma': 0.0, 'process_alpha_dot_sigma': 0.0}"
2512000,2,randomization_0.10,0.1,"{'level': 0.1, 'physical': {'g': 9.819368840960873, 'c_theta': 0.025098899220522303, 'c_alpha': 0.0011341389583471293, 'k_t': 0.22845314479493775, 'k_b': 0.1864755498710755, 'k_u': 0.047278980208160744, 'R': 4.2205483448717676, 'm1': 0.20869918279302152, 'm2': 0.16053878605257366, 'l1cg': 0.08101348443088396, 'l1': 0.15294378622112853, 'l2cg': 0.06744889596408146, 'I1z': 0.0004927190949676617, 'I2x': 0.0003700062347508797, 'I2y': 2.4047259162281718e-05, 'I2z': 0.0003765130913219943}, 'init_theta_std_deg': 5.1874701853651946, 'init_alpha_std_deg': 8.42710761026243, 'init_theta_dot_std': 0.04529872703107494, 'init_alpha_dot_std': 0.11245887981498236, 'pwm_limit': 150.62337626662722, 'pwm_gain': 0.9915601432659387, 'pwm_bias': 0.00998309612633257, 'pwm_deadzone': 0.6715888868302934, 'pwm_noise_sigma': 0.14462977656076664, 'actuator_tau': 0.0017270653963622122, 'action_delay_steps': 0, 'theta_bias': 0.000599487189358348, 'alpha_bias': -0.00027864774483790856, 'theta_sigma': 0.0002969720668985876, 'alpha_sigma': 0.0013643998522459722, 'theta_dot_sigma': 0.03498271384612968, 'alpha_dot_sigma': 0.021945107946625384, 'encoder_quantization_rad': 8.730156552366959e-06, 'velocity_lpf': 0.2540049390232342, 'process_theta_dot_sigma': 0.0, 'process_alpha_dot_sigma': 0.0}"
2514000,2,randomization_0.10,0.1,"{'level': 0.1, 'physical': {'g': 9.771200259499743, 'c_theta': 0.02746167756586155, 'c_alpha': 0.0011736984158633545, 'k_t': 0.22868288390166563, 'k_b': 0.18879145228093758, 'k_u': 0.04591822490074559, 'R': 4.351767929080312, 'm1': 0.20987281149678588, 'm2': 0.15804390065124632, 'l1cg': 0.07932924838626063, 'l1': 0.15086518323694395, 'l2cg': 0.06550539682261364, 'I1z': 0.0005036011476797211, 'I2x': 0.00037323227796314944, 'I2y': 2.313906393437937e-05, 'I2z': 0.00039011595069505655}, 'init_theta_std_deg': 5.076026760568626, 'init_alpha_std_deg': 7.753989421999307, 'init_theta_dot_std': 0.03413384156598879, 'init_alpha_dot_std': 0.045433949043947264, 'pwm_limit': 149.36957836822222, 'pwm_gain': 0.9952250702550846, 'pwm_bias': -0.1622950468771082, 'pwm_deadzone': 0.3874086251077248, 'pwm_noise_sigma': 0.002359788854432443, 'actuator_tau': 0.0003313966342760033, 'action_delay_steps': 0, 'theta_bias': 0.0005135502099634388, 'alpha_bias': 6.962459388198541e-05, 'theta_sigma': 0.0004181353284061061, 'alpha_sigma': 0.0003993764877751953, 'theta_dot_sigma': 0.01534073100393415, 'alpha_dot_sigma': 0.0599448091326879, 'encoder_quantization_rad': 0.0001086492274450453, 'velocity_lpf': 0.25, 'process_theta_dot_sigma': 0.0, 'process_alpha_dot_sigma': 0.0}"
2516000,2,randomization_0.10,0.1,"{'level': 0.1, 'physical': {'g': 9.796871566814922, 'c_theta': 0.030728078033703473, 'c_alpha': 0.0012352433207125178, 'k_t': 0.22861461329997607, 'k_b': 0.19021538586949321, 'k_u': 0.04628209767695807, 'R': 4.283248138968727, 'm1': 0.20119829044104762, 'm2': 0.1589504905576871, 'l1cg': 0.08110971981815394, 'l1': 0.15075993891596165, 'l2cg': 0.06554904228400882, 'I1z': 0.0005221109428707628, 'I2x': 0.00036173438769261044, 'I2y': 2.5104854808457212e-05, 'I2z': 0.00034610498666186567}, 'init_theta_std_deg': 5.040851373453831, 'init_alpha_std_deg': 7.986691033833933, 'init_theta_dot_std': 0.14104212174284864, 'init_alpha_dot_std': 0.23335983269611404, 'pwm_limit': 148.62132676324913, 'pwm_gain': 1.0019939915172291, 'pwm_bias': -0.04127868296698978, 'pwm_deadzone': 0.7634122405223965, 'pwm_noise_sigma': 0.09522370388487067, 'actuator_tau': 0.0011263466591286753, 'action_delay_steps': 0, 'theta_bias': 0.00021544778754724626, 'alpha_bias': 0.0011831031400560852, 'theta_sigma': 0.00046916485988563643, 'alpha_sigma': 0.0011035726571868908, 'theta_dot_sigma': 0.029337283525982322, 'alpha_dot_sigma': 0.0177270795752012, 'encoder_quantization_rad': 0.0001239258223982458, 'velocity_lpf': 0.25, 'process_theta_dot_sigma': 0.0, 'process_alpha_dot_sigma': 0.0}"
2518000,2,randomization_0.10,0.1,"{'level': 0.1, 'physical': {'g': 9.765626046572983, 'c_theta': 0.026670546553582933, 'c_alpha': 0.0010933171653805778, 'k_t': 0.23148030473853015, 'k_b': 0.18824097836002718, 'k_u': 0.046899000023515366, 'R': 4.287942488818126, 'm1': 0.2027093660115382, 'm2': 0.1607223552792833, 'l1cg': 0.08097387575363317, 'l1': 0.1503812507323594, 'l2cg': 0.06772639625182678, 'I1z': 0.000516601541394661, 'I2x': 0.00036947281493459846, 'I2y': 2.5455251610837294e-05, 'I2z': 0.00038202777458903924}, 'init_theta_std_deg': 5.289409078702521, 'init_alpha_std_deg': 8.444100612616959, 'init_theta_dot_std': 0.0742308810688697, 'init_alpha_dot_std': 0.056291283356304934, 'pwm_limit': 150.21605413391984, 'pwm_gain': 0.994073064032233, 'pwm_bias': -0.3839791488676001, 'pwm_deadzone': 0.5936395048958351, 'pwm_noise_sigma': 0.12799466025085893, 'actuator_tau': 0.000960988940525387, 'action_delay_steps': 0, 'theta_bias': -0.0009940088583198484, 'alpha_bias': -0.0001280349919835068, 'theta_sigma': 0.00010308248809277613, 'alpha_sigma': 0.0007121802413972702, 'theta_dot_sigma': 0.019768887771810118, 'alpha_dot_sigma': 0.04580084104964704, 'encoder_quantization_rad': 0.0001055210403963566, 'velocity_lpf': 0.25, 'process_theta_dot_sigma': 0.0, 'process_alpha_dot_sigma': 0.0}"
2520000,2,randomization_0.10,0.1,"{'level': 0.1, 'physical': {'g': 9.79943084896608, 'c_theta': 0.027485079530356966, 'c_alpha': 0.0013089065366560812, 'k_t': 0.23375234713315296, 'k_b': 0.18989490249211116, 'k_u': 0.047522893924286394, 'R': 4.381399779775351, 'm1': 0.20829810120842623, 'm2': 0.15998907761477726, 'l1cg': 0.08003606046675052, 'l1': 0.15136048614763817, 'l2cg': 0.06612242988818139, 'I1z': 0.0004891857862697551, 'I2x': 0.00037339936194001855, 'I2y': 2.308720525897436e-05, 'I2z': 0.00037953684543198227}, 'init_theta_std_deg': 5.485406833410983, 'init_alpha_std_deg': 8.491941534905859, 'init_theta_dot_std': 0.06668486091602491, 'init_alpha_dot_std': 0.24107099558935594, 'pwm_limit': 149.00391832148205, 'pwm_gain': 0.995485486905296, 'pwm_bias': -0.14838585365630683, 'pwm_deadzone': 0.6629145999322067, 'pwm_noise_sigma': 0.046077036957577325, 'actuator_tau': 0.0002196011551925281, 'action_delay_steps': 0, 'theta_bias': 0.0007600856762454591, 'alpha_bias': -0.0006029693193121779, 'theta_sigma': 0.00025373918592212086, 'alpha_sigma': 0.0013821382337893475, 'theta_dot_sigma': 0.0001039048559239808, 'alpha_dot_sigma': 0.04316681118562735, 'encoder_quantization_rad': 2.8629909551460905e-05, 'velocity_lpf': 0.25, 'process_theta_dot_sigma': 0.0, 'process_alpha_dot_sigma': 0.0}"
2522000,2,randomization_0.10,0.1,"{'level': 0.1, 'physical': {'g': 9.757746736628373, 'c_theta': 0.027135976411144586, 'c_alpha': 0.0009389906653013133, 'k_t': 0.22944541679801014, 'k_b': 0.18767038611063175, 'k_u': 0.045949385943364555, 'R': 4.219386827284, 'm1': 0.20244615411574385, 'm2': 0.1594559316227102, 'l1cg': 0.08126147351626437, 'l1': 0.15045742584058003, 'l2cg': 0.06775928663060161, 'I1z': 0.00047971450652524596, 'I2x': 0.0003662223391480603, 'I2y': 2.348660823957875e-05, 'I2z': 0.0003533367087825783}, 'init_theta_std_deg': 4.954049516660184, 'init_alpha_std_deg': 8.77083493109521, 'init_theta_dot_std': 0.03629303814641595, 'init_alpha_dot_std': 0.16575571920518306, 'pwm_limit': 149.16655086772545, 'pwm_gain': 1.0087681525363472, 'pwm_bias': 0.3938811700228576, 'pwm_deadzone': 0.37348128246722445, 'pwm_noise_sigma': 0.18721798584175744, 'actuator_tau': 0.000699652486200578, 'action_delay_steps': 0, 'theta_bias': 0.00012519009168670948, 'alpha_bias': -0.0004268637259138647, 'theta_sigma': 0.00039675125592099217, 'alpha_sigma': 0.0015831692109962573, 'theta_dot_sigma': 0.020016814519412705, 'alpha_dot_sigma': 0.044525948801406624, 'encoder_quantization_rad': 9.829608222039035e-05, 'velocity_lpf': 0.25, 'process_theta_dot_sigma': 0.0, 'process_alpha_dot_sigma': 0.0}"
2523861,2,randomization_0.10,0.1,"{'level': 0.1, 'physical': {'g': 9.820539273656705, 'c_theta': 0.026908075295439704, 'c_alpha': 0.0011270434439018032, 'k_t': 0.22895200567644355, 'k_b': 0.1900658979579245, 'k_u': 0.04650502321175558, 'R': 4.3158569723430205, 'm1': 0.20998158236055994, 'm2': 0.15748608462924693, 'l1cg': 0.08067958760920958, 'l1': 0.15151388510144184, 'l2cg': 0.0660788876254919, 'I1z': 0.00047328814148190463, 'I2x': 0.0003669188711343595, 'I2y': 2.436906033033889e-05, 'I2z': 0.0003778275309855694}, 'init_theta_std_deg': 5.068621452111091, 'init_alpha_std_deg': 8.224348304748062, 'init_theta_dot_std': 0.04884560115622105, 'init_alpha_dot_std': 0.10052262502012524, 'pwm_limit': 149.87032253871652, 'pwm_gain': 0.9902693674620986, 'pwm_bias': 0.10215090943961665, 'pwm_deadzone': 0.5160315293617037, 'pwm_noise_sigma': 0.08124248336217497, 'actuator_tau': 0.0025414829164801876, 'action_delay_steps': 0, 'theta_bias': -0.0005565580351023873, 'alpha_bias': 0.0001948335099283619, 'theta_sigma': 0.00018205740167934797, 'alpha_sigma': 0.0012112890406171843, 'theta_dot_sigma': 0.029735953098537535, 'alpha_dot_sigma': 0.03251119221685533, 'encoder_quantization_rad': 0.0001236825896811926, 'velocity_lpf': 0.25, 'process_theta_dot_sigma': 0.0, 'process_alpha_dot_sigma': 0.0}"
2525861,2,randomization_0.10,0.1,"{'level': 0.1, 'physical': {'g': 9.788609448195434, 'c_theta': 0.025681762935098936, 'c_alpha': 0.0010249465739557947, 'k_t': 0.22778481953109994, 'k_b': 0.18892758357494807, 'k_u': 0.04758860740647937, 'R': 4.231465985441035, 'm1': 0.2103604362863217, 'm2': 0.1582711867483925, 'l1cg': 0.08010908498710166, 'l1': 0.15043847486692558, 'l2cg': 0.0654846511605568, 'I1z': 0.0005196250741227356, 'I2x': 0.00037211516893427706, 'I2y': 2.2490154736252877e-05, 'I2z': 0.00037882331278565103}, 'init_theta_std_deg': 5.09934564440743, 'init_alpha_std_deg': 8.564916690584708, 'init_theta_dot_std': 0.11517421531250259, 'init_alpha_dot_std': 0.15915588252643476, 'pwm_limit': 150.03341545532075, 'pwm_gain': 0.9945067586766844, 'pwm_bias': 0.2831557789426706, 'pwm_deadzone': 0.982765214635852, 'pwm_noise_sigma': 0.18624021015341186, 'actuator_tau': 0.0026909380962846364, 'action_delay_steps': 0, 'theta_bias': -0.0007225316363425825, 'alpha_bias': -0.0006537840363483663, 'theta_sigma': 0.00040208679183933755, 'alpha_sigma': 0.0010361620652750815, 'theta_dot_sigma': 0.02831274744948835, 'alpha_dot_sigma': 0.027224618281677247, 'encoder_quantization_rad': 0.00011275981324111798, 'velocity_lpf': 0.25, 'process_theta_dot_sigma': 0.0, 'process_alpha_dot_sigma': 0.0}"
2527861,2,randomization_0.10,0.1,"{'level': 0.1, 'physical': {'g': 9.765819798828474, 'c_theta': 0.024188615292124745, 'c_alpha': 0.0009794756199694404, 'k_t': 0.2266562110100881, 'k_b': 0.19218537117039539, 'k_u': 0.04785221561439647, 'R': 4.200253329921445, 'm1': 0.2044207113589973, 'm2': 0.15709515026304302, 'l1cg': 0.08143907969185914, 'l1': 0.1520418094966884, 'l2cg': 0.0653124469658842, 'I1z': 0.0005258481668712989, 'I2x': 0.00036948030800870366, 'I2y': 2.4160731794265938e-05, 'I2z': 0.0003844251352397058}, 'init_theta_std_deg': 5.0806831962329, 'init_alpha_std_deg': 8.721269501757227, 'init_theta_dot_std': 0.08079182587966473, 'init_alpha_dot_std': 0.048057401466673866, 'pwm_limit': 147.5547406932996, 'pwm_gain': 0.9912040928068359, 'pwm_bias': -0.2452543908775187, 'pwm_deadzone': 0.10665471850755825, 'pwm_noise_sigma': 0.05892534899795792, 'actuator_tau': 0.0007240128025308403, 'action_delay_steps': 0, 'theta_bias': 4.920511769314384e-05, 'alpha_bias': 0.0009970450217364453, 'theta_sigma': 0.00010986808639008531, 'alpha_sigma': 0.0011498500436173263, 'theta_dot_sigma': 0.02279231962253897, 'alpha_dot_sigma': 0.012395041556090875, 'encoder_quantization_rad': 4.735010491738869e-05, 'velocity_lpf': 0.25, 'process_theta_dot_sigma': 0.0, 'process_alpha_dot_sigma': 0.0}"
2529861,2,randomization_0.10,0.1,"{'level': 0.1, 'physical': {'g': 9.808029374728328, 'c_theta': 0.029032466711252054, 'c_alpha': 0.001277036593594052, 'k_t': 0.22854398162845804, 'k_b': 0.19052127451693762, 'k_u': 0.048106737182394645, 'R': 4.221655852951258, 'm1': 0.20594891559233977, 'm2': 0.1571472545697401, 'l1cg': 0.07953668878941954, 'l1': 0.15069816837040742, 'l2cg': 0.06795773221661043, 'I1z': 0.00048802569676856527, 'I2x': 0.00037378401558620865, 'I2y': 2.495630214975061e-05, 'I2z': 0.0003541220658939583}, 'init_theta_std_deg': 5.157472589237856, 'init_alpha_std_deg': 8.202072404542944, 'init_theta_dot_std': 0.07878066098089824, 'init_alpha_dot_std': 0.10512241201724151, 'pwm_limit': 150.7387208747183, 'pwm_gain': 1.009113617916528, 'pwm_bias': 0.19732554346000272, 'pwm_deadzone': 0.26254132344622017, 'pwm_noise_sigma': 0.18445701549534033, 'actuator_tau': 0.0019047821840120565, 'action_delay_steps': 0, 'theta_bias': 0.0005176501432590228, 'alpha_bias': 0.0008967910827498927, 'theta_sigma': 0.0002610388522212686, 'alpha_sigma': 0.0011422281133625085, 'theta_dot_sigma': 0.027366831962039862, 'alpha_dot_sigma': 0.008253387595484598, 'encoder_quantization_rad': 0.00010134959211360162, 'velocity_lpf': 0.25, 'process_theta_dot_sigma': 0.0, 'process_alpha_dot_sigma': 0.0}"
2531861,2,randomization_0.10,0.1,"{'level': 0.1, 'physical': {'g': 9.759262356730119, 'c_theta': 0.029002430981591228, 'c_alpha': 0.0009596316828358157, 'k_t': 0.2289557662233053, 'k_b': 0.18649101022406783, 'k_u': 0.047029487399616376, 'R': 4.3755898635091866, 'm1': 0.20859242271968795, 'm2': 0.15650916180527424, 'l1cg': 0.08147430413051149, 'l1': 0.1526870402499031, 'l2cg': 0.06514808014886252, 'I1z': 0.0005023112648442046, 'I2x': 0.00036991876897544154, 'I2y': 2.489477901184105e-05, 'I2z': 0.0003891620218536703}, 'init_theta_std_deg': 5.15230109904321, 'init_alpha_std_deg': 8.361495884183343, 'init_theta_dot_std': 0.12386925967592483, 'init_alpha_dot_std': 0.0801573130177074, 'pwm_limit': 150.62490707208613, 'pwm_gain': 1.006955715291667, 'pwm_bias': 0.17342319254240587, 'pwm_deadzone': 0.8230592637152124, 'pwm_noise_sigma': 0.020409042040602367, 'actuator_tau': 0.002406639279224833, 'action_delay_steps': 0, 'theta_bias': 5.835665885775443e-05, 'alpha_bias': -0.0006700136411122231, 'theta_sigma': 5.668965123561152e-05, 'alpha_sigma': 2.997036879166637e-05, 'theta_dot_sigma': 0.006051862777420565, 'alpha_dot_sigma': 0.011075676733103314, 'encoder_quantization_rad': 3.423988180507448e-06, 'velocity_lpf': 0.25, 'process_theta_dot_sigma': 0.0, 'process_alpha_dot_sigma': 0.0}"
2533837,2,randomization_0.10,0.1,"{'level': 0.1, 'physical': {'g': 9.824215272725835, 'c_theta': 0.028047958260370105, 'c_alpha': 0.0012540198021682041, 'k_t': 0.23055196108030315, 'k_b': 0.18780944103637526, 'k_u': 0.047293493592134965, 'R': 4.21667569556239, 'm1': 0.20907008502721283, 'm2': 0.1591564600299299, 'l1cg': 0.07969072007934441, 'l1': 0.1520598004803913, 'l2cg': 0.06587015393523735, 'I1z': 0.0005031181467257427, 'I2x': 0.00037477602333703435, 'I2y': 2.334816678216157e-05, 'I2z': 0.0003519569862974543}, 'init_theta_std_deg': 5.272733829214099, 'init_alpha_std_deg': 7.7797789810826625, 'init_theta_dot_std': 0.0032795192585246104, 'init_alpha_dot_std': 0.24496254019581976, 'pwm_limit': 149.22201721275746, 'pwm_gain': 1.0088878912243455, 'pwm_bias': -0.004590809468027768, 'pwm_deadzone': 0.554680559935647, 'pwm_noise_sigma': 0.13319681852144832, 'actuator_tau': 0.00090069435653215, 'action_delay_steps': 0, 'theta_bias': 0.00017046678987496367, 'alpha_bias': 0.0006059593269852526, 'theta_sigma': 0.0003162605088174437, 'alpha_sigma': 0.0014572366775713883, 'theta_dot_sigma': 0.008606393000893758, 'alpha_dot_sigma': 0.0494123614884487, 'encoder_quantization_rad': 4.441833157846035e-05, 'velocity_lpf': 0.25, 'process_theta_dot_sigma': 0.0, 'process_alpha_dot_sigma': 0.0}"
2535837,2,randomization_0.10,0.1,"{'level': 0.1, 'physical': {'g': 9.841977089176146, 'c_theta': 0.029874585843731025, 'c_alpha': 0.0012014837433166204, 'k_t': 0.23531936589621533, 'k_b': 0.18319663315871948, 'k_u': 0.04776026188981593, 'R': 4.208663399954403, 'm1': 0.20839077432812558, 'm2': 0.15812353845657562, 'l1cg': 0.08147573949931103, 'l1': 0.15208055102112114, 'l2cg': 0.06514888263986204, 'I1z': 0.0005042573549279783, 'I2x': 0.00036557781620608884, 'I2y': 2.4226014627968096e-05, 'I2z': 0.0003464838349819424}, 'init_theta_std_deg': 4.714806752297676, 'init_alpha_std_deg': 7.870633668855661, 'init_theta_dot_std': 0.05308766540688901, 'init_alpha_dot_std': 0.13210540369669677, 'pwm_limit': 147.85155444483553, 'pwm_gain': 0.9928542038817466, 'pwm_bias': 0.28825364739977744, 'pwm_deadzone': 0.9204875510998409, 'pwm_noise_sigma': 0.19841788895340257, 'actuator_tau': 0.0010312259442558534, 'action_delay_steps': 0, 'theta_bias': -0.0006773925536585144, 'alpha_bias': -0.0002844205154283067, 'theta_sigma': 0.0004719246580121194, 'alpha_sigma': 0.0004047824458817595, 'theta_dot_sigma': 0.031034684068152713, 'alpha_dot_sigma': 0.003964794217982983, 'encoder_quantization_rad': 0.0001377039057110352, 'velocity_lpf': 0.25, 'process_theta_dot_sigma': 0.0, 'process_alpha_dot_sigma': 0.0}"
2537837,2,randomization_0.10,0.1,"{'level': 0.1, 'physical': {'g': 9.795398822581008, 'c_theta': 0.028369516794682005, 'c_alpha': 0.0012024516946913802, 'k_t': 0.22899436931830167, 'k_b': 0.1881515180765082, 'k_u': 0.04834959279501742, 'R': 4.266556376671192, 'm1': 0.21123718693924518, 'm2': 0.15948164442927432, 'l1cg': 0.07970072603043275, 'l1': 0.15188744209646005, 'l2cg': 0.06669019199517041, 'I1z': 0.0005043679945931966, 'I2x': 0.0003694129136539727, 'I2y': 2.5255254729942016e-05, 'I2z': 0.00037137516262082345}, 'init_theta_std_deg': 5.249813740863862, 'init_alpha_std_deg': 7.934951764405671, 'init_theta_dot_std': 0.11306182760491477, 'init_alpha_dot_std': 0.23234311707920063, 'pwm_limit': 148.10245432793087, 'pwm_gain': 1.0057383981165655, 'pwm_bias': -0.34462979328489657, 'pwm_deadzone': 0.7819555935505902, 'pwm_noise_sigma': 0.17757038412627746, 'actuator_tau': 0.0010320702965684362, 'action_delay_steps': 0, 'theta_bias': 5.202560128205236e-05, 'alpha_bias': 0.0011441838213806514, 'theta_sigma': 4.8008215405308755e-05, 'alpha_sigma': 0.0015187604952681493, 'theta_dot_sigma': 0.020277264114814574, 'alpha_dot_sigma': 0.00680804824134327, 'encoder_quantization_rad': 3.314892130430423e-05, 'velocity_lpf': 0.25, 'process_theta_dot_sigma': 0.0, 'process_alpha_dot_sigma': 0.0}"
2539837,2,randomization_0.10,0.1,"{'level': 0.1, 'physical': {'g': 9.778579971166963, 'c_theta': 0.030650620328710056, 'c_alpha': 0.0012357629506465006, 'k_t': 0.23285038236745248, 'k_b': 0.18646653910854535, 'k_u': 0.04824305091927432, 'R': 4.220136092029758, 'm1': 0.21131792628513343, 'm2': 0.1589437039973527, 'l1cg': 0.07962096759968897, 'l1': 0.1522671424382676, 'l2cg': 0.06668766845696185, 'I1z': 0.0005233592979084718, 'I2x': 0.00037147018642440135, 'I2y': 2.2920269918025208e-05, 'I2z': 0.0003811492434811781}, 'init_theta_std_deg': 5.381448100763022, 'init_alpha_std_deg': 8.01245043478787, 'init_theta_dot_std': 0.0193221891115152, 'init_alpha_dot_std': 0.23818483191889583, 'pwm_limit': 149.47735961134495, 'pwm_gain': 0.9999775715573767, 'pwm_bias': 0.09731521138035025, 'pwm_deadzone': 0.7820940841729064, 'pwm_noise_sigma': 0.06961419511350264, 'actuator_tau': 0.0029301723545035116, 'action_delay_steps': 0, 'theta_bias': 0.0007321044101311478, 'alpha_bias': -0.0001306709017029461, 'theta_sigma': 0.00029776468589556425, 'alpha_sigma': 0.0007924759342782839, 'theta_dot_sigma': 0.009382374357232501, 'alpha_dot_sigma': 0.0058206463793285, 'encoder_quantization_rad': 2.426727019154546e-05, 'velocity_lpf': 0.25, 'process_theta_dot_sigma': 0.0, 'process_alpha_dot_sigma': 0.0}"
2541837,2,randomization_0.10,0.1,"{'level': 0.1, 'physical': {'g': 9.789602277040395, 'c_theta': 0.024854305994249273, 'c_alpha': 0.001063401998139827, 'k_t': 0.22630226335894088, 'k_b': 0.18769974378764648, 'k_u': 0.04746261930735651, 'R': 4.20058222943924, 'm1': 0.20450734852203467, 'm2': 0.1589321243148472, 'l1cg': 0.07947292867611563, 'l1': 0.15273066789735132, 'l2cg': 0.06568611102276467, 'I1z': 0.0004720579683115245, 'I2x': 0.0003616414134231968, 'I2y': 2.470348584357383e-05, 'I2z': 0.0003500047598337677}, 'init_theta_std_deg': 4.878309233493232, 'init_alpha_std_deg': 8.578960589559378, 'init_theta_dot_std': 0.12120709056734472, 'init_alpha_dot_std': 0.03346417875446009, 'pwm_limit': 150.48844983692396, 'pwm_gain': 0.9902213930798854, 'pwm_bias': 0.2766963164715014, 'pwm_deadzone': 0.45272092320610136, 'pwm_noise_sigma': 0.04859711972005461, 'actuator_tau': 0.0015326425715963185, 'action_delay_steps': 0, 'theta_bias': 0.00046072282314403346, 'alpha_bias': -0.00012627723750432588, 'theta_sigma': 0.00023554521814720127, 'alpha_sigma': 0.0010323365816038998, 'theta_dot_sigma': 0.005284137973208424, 'alpha_dot_sigma': 0.05951469060881404, 'encoder_quantization_rad': 0.0001357817705561757, 'velocity_lpf': 0.25, 'process_theta_dot_sigma': 0.0, 'process_alpha_dot_sigma': 0.0}"
2543837,2,randomization_0.10,0.1,"{'level': 0.1, 'physical': {'g': 9.803023475506851, 'c_theta': 0.023684720444773502, 'c_alpha': 0.0012485460656703996, 'k_t': 0.2338448110849648, 'k_b': 0.18881793499396488, 'k_u': 0.047603929256593465, 'R': 4.307182813588378, 'm1': 0.2093312303829702, 'm2': 0.16015184405166596, 'l1cg': 0.0792224862767909, 'l1': 0.15206404276123064, 'l2cg': 0.06693941488884415, 'I1z': 0.0004836608694615951, 'I2x': 0.0003730814410207005, 'I2y': 2.5375384562843575e-05, 'I2z': 0.000370248054663028}, 'init_theta_std_deg': 4.765263618637871, 'init_alpha_std_deg': 8.550465997986105, 'init_theta_dot_std': 0.05970181411986813, 'init_alpha_dot_std': 0.1667659144106898, 'pwm_limit': 148.36970798133527, 'pwm_gain': 1.0068734652019529, 'pwm_bias': 0.16370741837504443, 'pwm_deadzone': 0.00946240061511805, 'pwm_noise_sigma': 0.06819056712444048, 'actuator_tau': 0.001247551331077208, 'action_delay_steps': 0, 'theta_bias': -0.0006022269069136985, 'alpha_bias': 0.000353348007593234, 'theta_sigma': 0.00038697963674408874, 'alpha_sigma': 0.000757787679013718, 'theta_dot_sigma': 0.009598104012404927, 'alpha_dot_sigma': 0.024288513932427216, 'encoder_quantization_rad': 3.7425377810467104e-05, 'velocity_lpf': 0.25, 'process_theta_dot_sigma': 0.0, 'process_alpha_dot_sigma': 0.0}"
2544603,2,randomization_0.10,0.1,"{'level': 0.1, 'physical': {'g': 9.830570032534995, 'c_theta': 0.023477544340159993, 'c_alpha': 0.0009598708105137626, 'k_t': 0.2283190206880245, 'k_b': 0.1888808503539502, 'k_u': 0.04578326327257549, 'R': 4.375626647090885, 'm1': 0.2044535360212847, 'm2': 0.15741308788460703, 'l1cg': 0.08104411217958046, 'l1': 0.15174821655520845, 'l2cg': 0.06538451688479675, 'I1z': 0.0004820414864457702, 'I2x': 0.00036965338148860487, 'I2y': 2.5200324972994064e-05, 'I2z': 0.00034419289532592646}, 'init_theta_std_deg': 4.769137093773823, 'init_alpha_std_deg': 7.852414270102225, 'init_theta_dot_std': 0.045771544293477635, 'init_alpha_dot_std': 0.16683277712485234, 'pwm_limit': 148.45040193352636, 'pwm_gain': 0.9978842085109996, 'pwm_bias': -0.12533518374707783, 'pwm_deadzone': 0.646736911517117, 'pwm_noise_sigma': 0.12211079922185053, 'actuator_tau': 0.0021916811490398785, 'action_delay_steps': 0, 'theta_bias': -0.0009343671093626635, 'alpha_bias': -0.00014259384314674214, 'theta_sigma': 4.543313678904377e-05, 'alpha_sigma': 0.0007498128662707358, 'theta_dot_sigma': 0.01760122846489553, 'alpha_dot_sigma': 0.02936127409810076, 'encoder_quantization_rad': 4.5636133818863835e-05, 'velocity_lpf': 0.25, 'process_theta_dot_sigma': 0.0, 'process_alpha_dot_sigma': 0.0}"
2546603,2,randomization_0.10,0.1,"{'level': 0.1, 'physical': {'g': 9.84424636643404, 'c_theta': 0.029088122525335783, 'c_alpha': 0.0010775208883265352, 'k_t': 0.22609967781165882, 'k_b': 0.1852088971689333, 'k_u': 0.047658591665223, 'R': 4.283196542721801, 'm1': 0.2069053434284663, 'm2': 0.1572928219278539, 'l1cg': 0.08076042012399201, 'l1': 0.151207329617319, 'l2cg': 0.06712862514424112, 'I1z': 0.0005254345866723183, 'I2x': 0.0003759962961577928, 'I2y': 2.2472384414285764e-05, 'I2z': 0.0003676988108063431}, 'init_theta_std_deg': 5.108302070318854, 'init_alpha_std_deg': 8.020130443366368, 'init_theta_dot_std': 0.1378604277411835, 'init_alpha_dot_std': 0.04202738111638532, 'pwm_limit': 147.5944706421689, 'pwm_gain': 0.9988711135652458, 'pwm_bias': -0.08681848489979133, 'pwm_deadzone': 0.36292109750688983, 'pwm_noise_sigma': 0.15513764278475517, 'actuator_tau': 0.002949563640429607, 'action_delay_steps': 0, 'theta_bias': 0.0009244108245057177, 'alpha_bias': -0.0010858097264710613, 'theta_sigma': 0.0003918036704590932, 'alpha_sigma': 0.0011392154341758258, 'theta_dot_sigma': 0.023946076251474473, 'alpha_dot_sigma': 0.04368188185626011, 'encoder_quantization_rad': 2.7374908949490754e-05, 'velocity_lpf': 0.25, 'process_theta_dot_sigma': 0.0, 'process_alpha_dot_sigma': 0.0}"
2548603,2,randomization_0.10,0.1,"{'level': 0.1, 'physical': {'g': 9.827780252005768, 'c_theta': 0.024072697298926124, 'c_alpha': 0.0012542626841844822, 'k_t': 0.2262920573413658, 'k_b': 0.19128025285573408, 'k_u': 0.04740715432329709, 'R': 4.3468131433832955, 'm1': 0.20306154617810612, 'm2': 0.1587447662616475, 'l1cg': 0.08052476170203565, 'l1': 0.1531438491523386, 'l2cg': 0.06815405537779137, 'I1z': 0.0005151315680767745, 'I2x': 0.000368872921743269, 'I2y': 2.3342692868678712e-05, 'I2z': 0.0003766189751151227}, 'init_theta_std_deg': 4.717116768152762, 'init_alpha_std_deg': 8.75261960528621, 'init_theta_dot_std': 0.01303320097980918, 'init_alpha_dot_std': 0.08319998294818987, 'pwm_limit': 150.06443159348925, 'pwm_gain': 1.00230605453545, 'pwm_bias': 0.31557692654823094, 'pwm_deadzone': 0.2595200395995194, 'pwm_noise_sigma': 0.06163740190264355, 'actuator_tau': 0.0003628991598490076, 'action_delay_steps': 0, 'theta_bias': -0.0002619658502614803, 'alpha_bias': -0.0004505701254330605, 'theta_sigma': 0.0005007993559311299, 'alpha_sigma': 0.0012609645438799218, 'theta_dot_sigma': 0.03466113188792861, 'alpha_dot_sigma': 0.03387841574259488, 'encoder_quantization_rad': 6.16017767917431e-05, 'velocity_lpf': 0.25, 'process_theta_dot_sigma': 0.0, 'process_alpha_dot_sigma': 0.0}"
2550603,2,randomization_0.10,0.1,"{'level': 0.1, 'physical': {'g': 9.821162878736331, 'c_theta': 0.029719722837145243, 'c_alpha': 0.001295076185661268, 'k_t': 0.22900324505298214, 'k_b': 0.18527192160595768, 'k_u': 0.04777646892382261, 'R': 4.289465047535098, 'm1': 0.2073765424279859, 'm2': 0.15804413896772665, 'l1cg': 0.08014610788273002, 'l1': 0.15167565964495658, 'l2cg': 0.06537990594193771, 'I1z': 0.0005136656759352046, 'I2x': 0.0003667949670377252, 'I2y': 2.288951660215023e-05, 'I2z': 0.0003436251119095556}, 'init_theta_std_deg': 5.421097871399056, 'init_alpha_std_deg': 7.687210823325444, 'init_theta_dot_std': 0.006989477948644718, 'init_alpha_dot_std': 0.16452732272720383, 'pwm_limit': 149.09090419263353, 'pwm_gain': 0.9939607527129595, 'pwm_bias': -0.16313327044066225, 'pwm_deadzone': 0.47526114517293894, 'pwm_noise_sigma': 0.07977547823734304, 'actuator_tau': 0.0010327958489488797, 'action_delay_steps': 0, 'theta_bias': -0.00041838168978928337, 'alpha_bias': 0.0006560845117162398, 'theta_sigma': 0.00039851133688971864, 'alpha_sigma': 0.0002378946481575517, 'theta_dot_sigma': 0.003325946152205002, 'alpha_dot_sigma': 0.05772424363995224, 'encoder_quantization_rad': 0.00012951809232583647, 'velocity_lpf': 0.25, 'process_theta_dot_sigma': 0.0, 'process_alpha_dot_sigma': 0.0}"
2552603,2,randomization_0.10,0.1,"{'level': 0.1, 'physical': {'g': 9.754801482820547, 'c_theta': 0.024721341470200553, 'c_alpha': 0.0010319165565804396, 'k_t': 0.2345749069712348, 'k_b': 0.19123325680551734, 'k_u': 0.04586083754628147, 'R': 4.251280361516731, 'm1': 0.20672710508521874, 'm2': 0.15955642259657585, 'l1cg': 0.08093247685113293, 'l1': 0.15242301726726748, 'l2cg': 0.06737432074416722, 'I1z': 0.000479001744117453, 'I2x': 0.0003619046364557596, 'I2y': 2.427348012012036e-05, 'I2z': 0.0003815719631840333}, 'init_theta_std_deg': 4.737222121066605, 'init_alpha_std_deg': 7.996117520890877, 'init_theta_dot_std': 0.12462533834922802, 'init_alpha_dot_std': 0.061244386250142946, 'pwm_limit': 149.9871000814216, 'pwm_gain': 0.9996575494552045, 'pwm_bias': -0.14462996937283643, 'pwm_deadzone': 0.3210505036088832, 'pwm_noise_sigma': 0.0060931793581678224, 'actuator_tau': 0.0016994107897157962, 'action_delay_steps': 0, 'theta_bias': -4.287772024503633e-05, 'alpha_bias': -0.0011062379181765792, 'theta_sigma': 0.00010786103325499509, 'alpha_sigma': 0.001786636849769393, 'theta_dot_sigma': 0.0010768333017333708, 'alpha_dot_sigma': 0.04263705931031424, 'encoder_quantization_rad': 0.00010056954299015541, 'velocity_lpf': 0.25, 'process_theta_dot_sigma': 0.0, 'process_alpha_dot_sigma': 0.0}"
2554603,2,randomization_0.10,0.1,"{'level': 0.1, 'physical': {'g': 9.753523739903233, 'c_theta': 0.028375615956234154, 'c_alpha': 0.0009515766324780826, 'k_t': 0.23085744232722744, 'k_b': 0.18756511497388828, 'k_u': 0.04580708230726561, 'R': 4.249328566571832, 'm1': 0.20508918308750312, 'm2': 0.1600185311846923, 'l1cg': 0.08118276596809453, 'l1': 0.15258786400628824, 'l2cg': 0.06831216261896743, 'I1z': 0.00048231296740437746, 'I2x': 0.0003698430627171953, 'I2y': 2.5006252721914153e-05, 'I2z': 0.0003470103703002176}, 'init_theta_std_deg': 5.213953633456788, 'init_alpha_std_deg': 8.336050290155882, 'init_theta_dot_std': 0.03405840987530533, 'init_alpha_dot_std': 0.03908564750612514, 'pwm_limit': 150.4364381604636, 'pwm_gain': 1.0082087004669524, 'pwm_bias': 0.0754683393358179, 'pwm_deadzone': 0.4180976581763608, 'pwm_noise_sigma': 0.1997347377882668, 'actuator_tau': 0.002783631108740182, 'action_delay_steps': 0, 'theta_bias': 0.0001832605106865757, 'alpha_bias': -0.0002792201124515036, 'theta_sigma': 0.00022205368435946027, 'alpha_sigma': 0.00037508241672407674, 'theta_dot_sigma': 0.006507491207451494, 'alpha_dot_sigma': 0.023923245476106452, 'encoder_quantization_rad': 9.337287402910786e-05, 'velocity_lpf': 0.25, 'process_theta_dot_sigma': 0.0, 'process_alpha_dot_sigma': 0.0}"
2556603,2,randomization_0.10,0.1,"{'level': 0.1, 'physical': {'g': 9.805726122578614, 'c_theta': 0.030013584918746252, 'c_alpha': 0.0011793776837030361, 'k_t': 0.23074757483285674, 'k_b': 0.18889073643691656, 'k_u': 0.047777247395289456, 'R': 4.373156918305822, 'm1': 0.21096503019528687, 'm2': 0.1584618328873562, 'l1cg': 0.07910779566328269, 'l1': 0.1509085749154115, 'l2cg': 0.06510612829289318, 'I1z': 0.00047605234946147774, 'I2x': 0.0003759994449234163, 'I2y': 2.307815544805352e-05, 'I2z': 0.00035778218108829894}, 'init_theta_std_deg': 5.085088065350664, 'init_alpha_std_deg': 8.429290993366115, 'init_theta_dot_std': 0.12384431033942307, 'init_alpha_dot_std': 0.018976061032291353, 'pwm_limit': 150.35052630219874, 'pwm_gain': 0.9926979430544824, 'pwm_bias': -0.1782722634618768, 'pwm_deadzone': 0.2530967397477083, 'pwm_noise_sigma': 0.04886564539518837, 'actuator_tau': 2.353807706069655e-05, 'action_delay_steps': 0, 'theta_bias': -0.0003306663690337424, 'alpha_bias': -0.0005158369568329259, 'theta_sigma': 0.00036281541998962164, 'alpha_sigma': 0.0019494813257892912, 'theta_dot_sigma': 0.02258808632315436, 'alpha_dot_sigma': 0.057107241560556105, 'encoder_quantization_rad': 9.756973500819878e-05, 'velocity_lpf': 0.25, 'process_theta_dot_sigma': 0.0, 'process_alpha_dot_sigma': 0.0}"
2558603,2,randomization_0.10,0.1,"{'level': 0.1, 'physical': {'g': 9.776670644694473, 'c_theta': 0.02914747838049125, 'c_alpha': 0.001124532964733302, 'k_t': 0.2331047591865692, 'k_b': 0.18929786059484638, 'k_u': 0.0479813305604749, 'R': 4.269480748219725, 'm1': 0.2031275388865764, 'm2': 0.15936547801798798, 'l1cg': 0.07939589319510265, 'l1': 0.1518831880139276, 'l2cg': 0.06676540309003265, 'I1z': 0.0005189708059964378, 'I2x': 0.00036854174639294247, 'I2y': 2.3660449013142274e-05, 'I2z': 0.0003656094970342019}, 'init_theta_std_deg': 5.470467905825357, 'init_alpha_std_deg': 8.542373831978244, 'init_theta_dot_std': 0.07447652057738621, 'init_alpha_dot_std': 0.08125503474554865, 'pwm_limit': 147.7371267065735, 'pwm_gain': 0.9933678538331727, 'pwm_bias': 0.3663618863443115, 'pwm_deadzone': 0.519140904851145, 'pwm_noise_sigma': 0.030282664774663504, 'actuator_tau': 0.0015019191626473314, 'action_delay_steps': 0, 'theta_bias': 0.0006864209552097209, 'alpha_bias': -0.00029472048269241544, 'theta_sigma': 6.0533161291789676e-05, 'alpha_sigma': 0.0005865887849491307, 'theta_dot_sigma': 0.01599641270358038, 'alpha_dot_sigma': 0.03592921917775863, 'encoder_quantization_rad': 0.00013914311480146062, 'velocity_lpf': 0.25, 'process_theta_dot_sigma': 0.0, 'process_alpha_dot_sigma': 0.0}"
2560603,2,randomization_0.10,0.1,"{'level': 0.1, 'physical': {'g': 9.842682694015732, 'c_theta': 0.0269732534244048, 'c_alpha': 0.0009435449852974379, 'k_t': 0.22583827507703544, 'k_b': 0.1912404741923525, 'k_u': 0.04654641735511982, 'R': 4.269928643020995, 'm1': 0.2087897878796651, 'm2': 0.15653085452566587, 'l1cg': 0.08100766956656791, 'l1': 0.15185297326757713, 'l2cg': 0.06585629447318503, 'I1z': 0.0005224793211075738, 'I2x': 0.0003720874885236164, 'I2y': 2.511567874495769e-05, 'I2z': 0.00035814449922340916}, 'init_theta_std_deg': 5.484005947223756, 'init_alpha_std_deg': 8.491915210892534, 'init_theta_dot_std': 0.14292591594093682, 'init_alpha_dot_std': 0.1264330654394263, 'pwm_limit': 150.26026226728587, 'pwm_gain': 1.0083075502980858, 'pwm_bias': 0.20020231546308054, 'pwm_deadzone': 0.1911945710596762, 'pwm_noise_sigma': 0.0538013794555416, 'actuator_tau': 0.00021560738203784858, 'action_delay_steps': 0, 'theta_bias': -0.00010584579716968934, 'alpha_bias': -0.0007495964956435836, 'theta_sigma': 0.00042903332391422644, 'alpha_sigma': 0.0013727870483938157, 'theta_dot_sigma': 0.015672367818807507, 'alpha_dot_sigma': 0.047554549133178636, 'encoder_quantization_rad': 0.00011718671928919065, 'velocity_lpf': 0.25, 'process_theta_dot_sigma': 0.0, 'process_alpha_dot_sigma': 0.0}"
2562603,2,randomization_0.10,0.1,"{'level': 0.1, 'physical': {'g': 9.830094189540667, 'c_theta': 0.025355731215806983, 'c_alpha': 0.0012969256010407265, 'k_t': 0.23350684000182984, 'k_b': 0.19192574269903162, 'k_u': 0.04620144353165403, 'R': 4.221268552125414, 'm1': 0.20926363748049503, 'm2': 0.159584180753051, 'l1cg': 0.08041773925754751, 'l1': 0.1522156387503324, 'l2cg': 0.06739592817761066, 'I1z': 0.0005220905513277597, 'I2x': 0.00037387730559018917, 'I2y': 2.3751823263116573e-05, 'I2z': 0.0003496949478710912}, 'init_theta_std_deg': 5.319792922926209, 'init_alpha_std_deg': 8.149973827367106, 'init_theta_dot_std': 0.05577444570068688, 'init_alpha_dot_std': 0.07666239891025678, 'pwm_limit': 147.9152677053802, 'pwm_gain': 0.9979783384384364, 'pwm_bias': -0.0741561629158186, 'pwm_deadzone': 0.21568432506806745, 'pwm_noise_sigma': 0.18363350152157787, 'actuator_tau': 0.002808424124884433, 'action_delay_steps': 0, 'theta_bias': 0.0007539936014813129, 'alpha_bias': 0.000643992304442315, 'theta_sigma': 0.0004696749667761279, 'alpha_sigma': 0.0010176196727019935, 'theta_dot_sigma': 0.01685952433816587, 'alpha_dot_sigma': 0.05475612110319262, 'encoder_quantization_rad': 0.0001487303338283224, 'velocity_lpf': 0.25, 'process_theta_dot_sigma': 0.0, 'process_alpha_dot_sigma': 0.0}"
2564603,2,randomization_0.10,0.1,"{'level': 0.1, 'physical': {'g': 9.811070966211625, 'c_theta': 0.02424520820981972, 'c_alpha': 0.0012891042831463548, 'k_t': 0.22845418191351835, 'k_b': 0.18584700102183432, 'k_u': 0.046941047550433004, 'R': 4.381262141725157, 'm1': 0.2066667464424147, 'm2': 0.15694977079781663, 'l1cg': 0.07943204447150451, 'l1': 0.151214612391891, 'l2cg': 0.06775201154962557, 'I1z': 0.0004704367451275672, 'I2x': 0.0003693394867198092, 'I2y': 2.459571082536846e-05, 'I2z': 0.00034921544338732983}, 'init_theta_std_deg': 4.749668104580018, 'init_alpha_std_deg': 8.099642707528787, 'init_theta_dot_std': 0.10758812496586306, 'init_alpha_dot_std': 0.0981355503715608, 'pwm_limit': 149.83100567673713, 'pwm_gain': 1.001654070177204, 'pwm_bias': -0.28050266690615694, 'pwm_deadzone': 0.7600098295075141, 'pwm_noise_sigma': 0.06687544286556549, 'actuator_tau': 0.0025185323169566037, 'action_delay_steps': 0, 'theta_bias': -0.000932805019191906, 'alpha_bias': 0.0010341996260719464, 'theta_sigma': 0.00026781343044230186, 'alpha_sigma': 0.0015613631032977762, 'theta_dot_sigma': 0.015328741315376657, 'alpha_dot_sigma': 0.019780393298564722, 'encoder_quantization_rad': 4.4908404081397585e-05, 'velocity_lpf': 0.25, 'process_theta_dot_sigma': 0.0, 'process_alpha_dot_sigma': 0.0}"
2566603,2,randomization_0.10,0.1,"{'level': 0.1, 'physical': {'g': 9.775010160155803, 'c_theta': 0.027979115283774426, 'c_alpha': 0.000981374276572368, 'k_t': 0.23646600442873586, 'k_b': 0.18336961268832122, 'k_u': 0.048379585651694604, 'R': 4.355173430214552, 'm1': 0.21094889664523522, 'm2': 0.16080182743054836, 'l1cg': 0.07919832506690909, 'l1': 0.15145444604220565, 'l2cg': 0.06730553033503975, 'I1z': 0.0004919179388095209, 'I2x': 0.0003633833136619865, 'I2y': 2.5178062886054686e-05, 'I2z': 0.0003810580689765253}, 'init_theta_std_deg': 5.4561748006418345, 'init_alpha_std_deg': 8.788768993227361, 'init_theta_dot_std': 0.14749111912062937, 'init_alpha_dot_std': 0.08644315019125795, 'pwm_limit': 147.24711082371047, 'pwm_gain': 0.9953103400135934, 'pwm_bias': 0.24796387319851024, 'pwm_deadzone': 0.9951655140430874, 'pwm_noise_sigma': 0.15382980293943066, 'actuator_tau': 0.0026910006599735847, 'action_delay_steps': 0, 'theta_bias': 0.0005023662285092756, 'alpha_bias': -8.68262860016258e-05, 'theta_sigma': 0.00031271863962936566, 'alpha_sigma': 0.0019828934453588296, 'theta_dot_sigma': 0.006415133608020525, 'alpha_dot_sigma': 0.02340389647273108, 'encoder_quantization_rad': 2.914344254672754e-05, 'velocity_lpf': 0.25, 'process_theta_dot_sigma': 0.0, 'process_alpha_dot_sigma': 0.0}"
2568603,2,randomization_0.10,0.1,"{'level': 0.1, 'physical': {'g': 9.806289695735877, 'c_theta': 0.02979820292538601, 'c_alpha': 0.0010028080293509034, 'k_t': 0.23166463027142836, 'k_b': 0.1889354033646629, 'k_u': 0.047899375589265235, 'R': 4.209744555816454, 'm1': 0.20282641943012164, 'm2': 0.16063097180879837, 'l1cg': 0.07965794445320645, 'l1': 0.15061463581706402, 'l2cg': 0.06588990706155005, 'I1z': 0.0005147320378791948, 'I2x': 0.00037342923870092176, 'I2y': 2.3869929835865078e-05, 'I2z': 0.00035415640440758284}, 'init_theta_std_deg': 5.148916488336791, 'init_alpha_std_deg': 8.273640008616258, 'init_theta_dot_std': 0.14973303516631853, 'init_alpha_dot_std': 0.04951634542852179, 'pwm_limit': 149.98164391183232, 'pwm_gain': 0.9908943101491691, 'pwm_bias': -0.39584613090815374, 'pwm_deadzone': 0.34219061013367436, 'pwm_noise_sigma': 0.12968989242778692, 'actuator_tau': 0.0015310956686189622, 'action_delay_steps': 0, 'theta_bias': 0.00035270810340956425, 'alpha_bias': 0.000609132926757626, 'theta_sigma': 0.0002126320651938975, 'alpha_sigma': 0.0018465048094856574, 'theta_dot_sigma': 0.025672515841476364, 'alpha_dot_sigma': 0.055309329721952245, 'encoder_quantization_rad': 7.933624568837344e-06, 'velocity_lpf': 0.25, 'process_theta_dot_sigma': 0.0, 'process_alpha_dot_sigma': 0.0}"
2570603,2,randomization_0.10,0.1,"{'level': 0.1, 'physical': {'g': 9.791215474540657, 'c_theta': 0.03084384500350731, 'c_alpha': 0.0012838844358880005, 'k_t': 0.2269419756119413, 'k_b': 0.1901401568920178, 'k_u': 0.04745311829968809, 'R': 4.274230198809854, 'm1': 0.20186956877447648, 'm2': 0.16007479192058408, 'l1cg': 0.08011735134999713, 'l1': 0.15113640154669838, 'l2cg': 0.06513357152488645, 'I1z': 0.0004979978985530667, 'I2x': 0.0003624876150919538, 'I2y': 2.4740558314067352e-05, 'I2z': 0.0003759590541234824}, 'init_theta_std_deg': 5.027945092621638, 'init_alpha_std_deg': 7.737844962958759, 'init_theta_dot_std': 0.05586878461857445, 'init_alpha_dot_std': 0.025432880724546608, 'pwm_limit': 148.3606846004078, 'pwm_gain': 1.0067760021777814, 'pwm_bias': -0.14404076327579976, 'pwm_deadzone': 0.694863898136635, 'pwm_noise_sigma': 0.04663572939669008, 'actuator_tau': 0.001818355880470889, 'action_delay_steps': 0, 'theta_bias': 0.0008118669639410535, 'alpha_bias': -7.853768933762338e-05, 'theta_sigma': 0.00014676354424462875, 'alpha_sigma': 0.001216774119987239, 'theta_dot_sigma': 0.0042183830605946986, 'alpha_dot_sigma': 0.02684692825051996, 'encoder_quantization_rad': 0.00011804253880481453, 'velocity_lpf': 0.2546152060433435, 'process_theta_dot_sigma': 0.0, 'process_alpha_dot_sigma': 0.0}"
2572603,2,randomization_0.10,0.1,"{'level': 0.1, 'physical': {'g': 9.777508378950998, 'c_theta': 0.029109954261087742, 'c_alpha': 0.0009551163508438302, 'k_t': 0.23390933394291194, 'k_b': 0.1881835060653396, 'k_u': 0.047361284206375226, 'R': 4.241826875528317, 'm1': 0.20306809872642687, 'm2': 0.16003078008693497, 'l1cg': 0.08110624292253427, 'l1': 0.1513375657823926, 'l2cg': 0.06553155808494561, 'I1z': 0.00051600858383841, 'I2x': 0.0003681562656079411, 'I2y': 2.5070034772126302e-05, 'I2z': 0.0003775512824877663}, 'init_theta_std_deg': 4.8781368217073435, 'init_alpha_std_deg': 7.627502518660586, 'init_theta_dot_std': 0.11796309746580161, 'init_alpha_dot_std': 0.24812159252868501, 'pwm_limit': 147.46980177949376, 'pwm_gain': 0.9946509293485767, 'pwm_bias': 0.2325047452457513, 'pwm_deadzone': 0.8299875664187525, 'pwm_noise_sigma': 0.028089041597226805, 'actuator_tau': 0.0019441835499906703, 'action_delay_steps': 0, 'theta_bias': -0.00029774289242913833, 'alpha_bias': -0.00041608306780256243, 'theta_sigma': 0.0003529547068657052, 'alpha_sigma': 0.00019776760530045955, 'theta_dot_sigma': 0.01056530467801922, 'alpha_dot_sigma': 0.02903642454398189, 'encoder_quantization_rad': 4.639094858667247e-05, 'velocity_lpf': 0.25, 'process_theta_dot_sigma': 0.0, 'process_alpha_dot_sigma': 0.0}"
2574603,2,randomization_0.10,0.1,"{'level': 0.1, 'physical': {'g': 9.802104646779757, 'c_theta': 0.02487607503796457, 'c_alpha': 0.0013055916980921148, 'k_t': 0.2350981007973121, 'k_b': 0.18740034836124647, 'k_u': 0.04801147238198963, 'R': 4.28902684952353, 'm1': 0.21075072596515645, 'm2': 0.15883220944226364, 'l1cg': 0.08041163736567929, 'l1': 0.1518498154408611, 'l2cg': 0.06790511667509702, 'I1z': 0.0004988713201969116, 'I2x': 0.0003630267618454924, 'I2y': 2.377125146616089e-05, 'I2z': 0.00037903211709260163}, 'init_theta_std_deg': 4.912518760060511, 'init_alpha_std_deg': 7.986590884559435, 'init_theta_dot_std': 0.08004724139681653, 'init_alpha_dot_std': 0.14894143153243722, 'pwm_limit': 148.73819629870053, 'pwm_gain': 0.9971355725441817, 'pwm_bias': -0.2495964082035733, 'pwm_deadzone': 0.20721737524512063, 'pwm_noise_sigma': 0.053356802033496624, 'actuator_tau': 0.001194542829722842, 'action_delay_steps': 0, 'theta_bias': 0.0002555010103704047, 'alpha_bias': -0.001150898651400697, 'theta_sigma': 0.0003846865927046364, 'alpha_sigma': 0.000703596274168062, 'theta_dot_sigma': 0.026850062014931116, 'alpha_dot_sigma': 0.05541597478011219, 'encoder_quantization_rad': 6.144198445951035e-05, 'velocity_lpf': 0.25, 'process_theta_dot_sigma': 0.0, 'process_alpha_dot_sigma': 0.0}"
2576603,2,randomization_0.10,0.1,"{'level': 0.1, 'physical': {'g': 9.810637624173497, 'c_theta': 0.026585033273276704, 'c_alpha': 0.0009778099245409029, 'k_t': 0.2283846568707517, 'k_b': 0.1877488309653455, 'k_u': 0.04588207467689085, 'R': 4.241044204538743, 'm1': 0.20792755528775866, 'm2': 0.15647230431634404, 'l1cg': 0.07962580297665292, 'l1': 0.15339749706283085, 'l2cg': 0.06746956517095475, 'I1z': 0.00048797783246019735, 'I2x': 0.00037178582417127774, 'I2y': 2.5497220356154025e-05, 'I2z': 0.0003529767387377993}, 'init_theta_std_deg': 5.290353157936563, 'init_alpha_std_deg': 7.9654973040040575, 'init_theta_dot_std': 0.08891185978612862, 'init_alpha_dot_std': 0.04686055396787589, 'pwm_limit': 149.0283178876928, 'pwm_gain': 0.9902260773546624, 'pwm_bias': 0.19467162027103502, 'pwm_deadzone': 0.015825208621228826, 'pwm_noise_sigma': 0.13921649003372177, 'actuator_tau': 0.0009439385673129852, 'action_delay_steps': 0, 'theta_bias': 0.0003507542604031786, 'alpha_bias': -2.7606496510571257e-05, 'theta_sigma': 3.446337667294606e-05, 'alpha_sigma': 0.0019864289644277583, 'theta_dot_sigma': 0.005143131223416624, 'alpha_dot_sigma': 0.05891409319376551, 'encoder_quantization_rad': 0.00011004967709047614, 'velocity_lpf': 0.25, 'process_theta_dot_sigma': 0.0, 'process_alpha_dot_sigma': 0.0}"
2578603,2,randomization_0.10,0.1,"{'level': 0.1, 'physical': {'g': 9.761105994983431, 'c_theta': 0.0239412654646825, 'c_alpha': 0.0010523367932513343, 'k_t': 0.22933185409313933, 'k_b': 0.1871279785347338, 'k_u': 0.047125468704807376, 'R': 4.386964709177764, 'm1': 0.21138514053633048, 'm2': 0.16007404266220712, 'l1cg': 0.08021893470230523, 'l1': 0.15314117812115596, 'l2cg': 0.0662303027520845, 'I1z': 0.0004890629846658142, 'I2x': 0.00037333492232079424, 'I2y': 2.4416258722666356e-05, 'I2z': 0.0003739157049333697}, 'init_theta_std_deg': 5.298723048675133, 'init_alpha_std_deg': 7.656805763759193, 'init_theta_dot_std': 0.09585121484828792, 'init_alpha_dot_std': 0.244774296787892, 'pwm_limit': 148.97483079297044, 'pwm_gain': 1.0076703561055602, 'pwm_bias': 0.25719357882913096, 'pwm_deadzone': 0.6991235638353794, 'pwm_noise_sigma': 0.055226084667341274, 'actuator_tau': 0.0012647441064866517, 'action_delay_steps': 0, 'theta_bias': 0.0007291995434560081, 'alpha_bias': 0.0008401219001271529, 'theta_sigma': 9.848916170630676e-05, 'alpha_sigma': 0.00194075865237498, 'theta_dot_sigma': 0.013330378754736196, 'alpha_dot_sigma': 0.028456404648926063, 'encoder_quantization_rad': 8.757726598708242e-05, 'velocity_lpf': 0.25, 'process_theta_dot_sigma': 0.0, 'process_alpha_dot_sigma': 0.0}"
2580603,2,randomization_0.10,0.1,"{'level': 0.1, 'physical': {'g': 9.831346202328572, 'c_theta': 0.024727044300323645, 'c_alpha': 0.0010846919133953676, 'k_t': 0.22990112059069842, 'k_b': 0.18947243817993095, 'k_u': 0.04786058198256489, 'R': 4.279966374040578, 'm1': 0.2069048240818455, 'm2': 0.16067637880286312, 'l1cg': 0.08074662354562805, 'l1': 0.15038191223485933, 'l2cg': 0.06786678851463737, 'I1z': 0.0005195327203270651, 'I2x': 0.0003664871881783946, 'I2y': 2.3145962090035805e-05, 'I2z': 0.0003549341746540166}, 'init_theta_std_deg': 4.7065606882631, 'init_alpha_std_deg': 8.499070497006104, 'init_theta_dot_std': 0.14381347701394073, 'init_alpha_dot_std': 0.11528430135521757, 'pwm_limit': 147.03865827466157, 'pwm_gain': 0.992951159147629, 'pwm_bias': -0.34790668205817277, 'pwm_deadzone': 0.35897729917359533, 'pwm_noise_sigma': 0.01526255884815686, 'actuator_tau': 0.0012588795197888106, 'action_delay_steps': 0, 'theta_bias': 0.0009165899983454253, 'alpha_bias': 0.0005560305218602303, 'theta_sigma': 0.0003108844529974004, 'alpha_sigma': 0.000704038179116844, 'theta_dot_sigma': 0.003399130508706803, 'alpha_dot_sigma': 0.0005632312095511227, 'encoder_quantization_rad': 2.1907409846320966e-05, 'velocity_lpf': 0.25, 'process_theta_dot_sigma': 0.0, 'process_alpha_dot_sigma': 0.0}"
2582603,2,randomization_0.10,0.1,"{'level': 0.1, 'physical': {'g': 9.820746976742681, 'c_theta': 0.03066610840392814, 'c_alpha': 0.001259979472725013, 'k_t': 0.2318819994750326, 'k_b': 0.18498191824659665, 'k_u': 0.04686615927040879, 'R': 4.291988260565883, 'm1': 0.20359971638662885, 'm2': 0.15911603766292395, 'l1cg': 0.08020011219773376, 'l1': 0.1519439363995255, 'l2cg': 0.06709840403857162, 'I1z': 0.0004747537236982401, 'I2x': 0.00037478960892745923, 'I2y': 2.318611684771541e-05, 'I2z': 0.0003520641504824297}, 'init_theta_std_deg': 4.7221006635276455, 'init_alpha_std_deg': 8.06205911253684, 'init_theta_dot_std': 0.0773801627329366, 'init_alpha_dot_std': 0.06389591243354141, 'pwm_limit': 150.61611580031413, 'pwm_gain': 1.0024582701220388, 'pwm_bias': -0.3334331993071247, 'pwm_deadzone': 0.22925066035328412, 'pwm_noise_sigma': 0.0902464511231075, 'actuator_tau': 0.002467165439468524, 'action_delay_steps': 0, 'theta_bias': -0.0005211682254661414, 'alpha_bias': 0.00015301156835820893, 'theta_sigma': 0.0005330435976069643, 'alpha_sigma': 0.0006568340392780296, 'theta_dot_sigma': 0.00644755377314755, 'alpha_dot_sigma': 0.010952351659756453, 'encoder_quantization_rad': 9.489646367371868e-05, 'velocity_lpf': 0.25, 'process_theta_dot_sigma': 0.0, 'process_alpha_dot_sigma': 0.0}"
2584603,2,randomization_0.10,0.1,"{'level': 0.1, 'physical': {'g': 9.792163664940048, 'c_theta': 0.029350610043932124, 'c_alpha': 0.0011257136370383333, 'k_t': 0.22811047626152617, 'k_b': 0.1847866696265252, 'k_u': 0.046968408165364774, 'R': 4.331482842530607, 'm1': 0.21111117874402172, 'm2': 0.1591159260112412, 'l1cg': 0.08056320092006185, 'l1': 0.15093263095664916, 'l2cg': 0.06510531965737744, 'I1z': 0.0005032816667586675, 'I2x': 0.0003689184751586417, 'I2y': 2.4539612046971047e-05, 'I2z': 0.00038009053502581226}, 'init_theta_std_deg': 4.824633651690004, 'init_alpha_std_deg': 7.6638732699275804, 'init_theta_dot_std': 0.06401125448652589, 'init_alpha_dot_std': 0.24180534556039543, 'pwm_limit': 149.6106282607428, 'pwm_gain': 1.0031364167943129, 'pwm_bias': 0.16352149901506463, 'pwm_deadzone': 0.9056369013602819, 'pwm_noise_sigma': 0.04025897620812309, 'actuator_tau': 0.0028370424861000705, 'action_delay_steps': 0, 'theta_bias': -0.00017147776678003225, 'alpha_bias': -0.0010334280294397103, 'theta_sigma': 0.000567716856761472, 'alpha_sigma': 0.00036486498254853885, 'theta_dot_sigma': 0.007773555497135414, 'alpha_dot_sigma': 0.047687467945952064, 'encoder_quantization_rad': 0.0001422010380351817, 'velocity_lpf': 0.25, 'process_theta_dot_sigma': 0.0, 'process_alpha_dot_sigma': 0.0}"
2586603,2,randomization_0.10,0.1,"{'level': 0.1, 'physical': {'g': 9.766250792300477, 'c_theta': 0.025075789136230382, 'c_alpha': 0.0009748267292452224, 'k_t': 0.22625593839577182, 'k_b': 0.19187944933146595, 'k_u': 0.04668746923713269, 'R': 4.247442434347727, 'm1': 0.20964673227731592, 'm2': 0.16068493546993226, 'l1cg': 0.08102073015556034, 'l1': 0.15077054388586703, 'l2cg': 0.06554957821920128, 'I1z': 0.0004840256349198918, 'I2x': 0.000369007335441826, 'I2y': 2.4283362713510585e-05, 'I2z': 0.00036765755792416885}, 'init_theta_std_deg': 5.258982777756825, 'init_alpha_std_deg': 8.176017078424334, 'init_theta_dot_std': 0.12146664776358307, 'init_alpha_dot_std': 0.22463881041035424, 'pwm_limit': 149.5115018914805, 'pwm_gain': 0.9918135992440013, 'pwm_bias': 0.2192044509663604, 'pwm_deadzone': 0.33974239078303625, 'pwm_noise_sigma': 0.020740375033723925, 'actuator_tau': 0.0005238381045642712, 'action_delay_steps': 0, 'theta_bias': 0.000394855751424098, 'alpha_bias': 0.00046740330116329203, 'theta_sigma': 6.4280269942488485e-06, 'alpha_sigma': 0.0004064362271603457, 'theta_dot_sigma': 0.017514879569163144, 'alpha_dot_sigma': 0.033069494932089744, 'encoder_quantization_rad': 0.00011836119098674344, 'velocity_lpf': 0.25, 'process_theta_dot_sigma': 0.0, 'process_alpha_dot_sigma': 0.0}"
2588603,2,randomization_0.10,0.1,"{'level': 0.1, 'physical': {'g': 9.810958052159679, 'c_theta': 0.02696859335251277, 'c_alpha': 0.0013499374484121022, 'k_t': 0.2252491193717183, 'k_b': 0.18435385043685032, 'k_u': 0.04744625218560882, 'R': 4.301890654503448, 'm1': 0.20848349879493827, 'm2': 0.160287607419223, 'l1cg': 0.08058891009247154, 'l1': 0.153410885234658, 'l2cg': 0.06562292753731058, 'I1z': 0.00047553291289607864, 'I2x': 0.00037603207636839646, 'I2y': 2.325242355487742e-05, 'I2z': 0.00038710364374288704}, 'init_theta_std_deg': 5.202238420692167, 'init_alpha_std_deg': 8.014839728782185, 'init_theta_dot_std': 0.007107533166247565, 'init_alpha_dot_std': 0.1706748618679428, 'pwm_limit': 150.1306476623283, 'pwm_gain': 0.9946321258745425, 'pwm_bias': 0.023303820407720457, 'pwm_deadzone': 0.6894492103377579, 'pwm_noise_sigma': 0.10514962109068898, 'actuator_tau': 0.002566209307383161, 'action_delay_steps': 0, 'theta_bias': -0.0004112796051810062, 'alpha_bias': -8.004574616368406e-05, 'theta_sigma': 0.00022539985455164807, 'alpha_sigma': 0.0007874115346863906, 'theta_dot_sigma': 0.02399708391972115, 'alpha_dot_sigma': 0.05258363403311761, 'encoder_quantization_rad': 0.0001355505628135469, 'velocity_lpf': 0.25, 'process_theta_dot_sigma': 0.0, 'process_alpha_dot_sigma': 0.0}"
2590603,2,randomization_0.10,0.1,"{'level': 0.1, 'physical': {'g': 9.833531017423972, 'c_theta': 0.02784158972116836, 'c_alpha': 0.0009716415447308138, 'k_t': 0.22744033104972775, 'k_b': 0.18976512611809254, 'k_u': 0.04625150784480209, 'R': 4.243954796600528, 'm1': 0.20410107689751864, 'm2': 0.1574253776207573, 'l1cg': 0.08038785362654674, 'l1': 0.15120076498784532, 'l2cg': 0.06759272773364644, 'I1z': 0.0005001840522994584, 'I2x': 0.0003659652418729185, 'I2y': 2.5359429564948325e-05, 'I2z': 0.0003683288544707463}, 'init_theta_std_deg': 5.287305922504333, 'init_alpha_std_deg': 7.670637886602089, 'init_theta_dot_std': 0.09134983317069188, 'init_alpha_dot_std': 0.09132583855534732, 'pwm_limit': 147.49441769733676, 'pwm_gain': 1.0045138595594219, 'pwm_bias': -0.20182888743891836, 'pwm_deadzone': 0.17903610364433753, 'pwm_noise_sigma': 0.18592209383972857, 'actuator_tau': 0.00217343462083799, 'action_delay_steps': 0, 'theta_bias': 0.00042278726535026557, 'alpha_bias': -0.00011671189601865635, 'theta_sigma': 0.00037097520967665896, 'alpha_sigma': 0.00039820720139615505, 'theta_dot_sigma': 0.01407529926297898, 'alpha_dot_sigma': 0.03699821673129049, 'encoder_quantization_rad': 8.545814247815878e-05, 'velocity_lpf': 0.25, 'process_theta_dot_sigma': 0.0, 'process_alpha_dot_sigma': 0.0}"
2592603,2,randomization_0.10,0.1,"{'level': 0.1, 'physical': {'g': 9.804670350621977, 'c_theta': 0.028419164569384904, 'c_alpha': 0.000987630957520477, 'k_t': 0.2273068861166059, 'k_b': 0.18524812986976202, 'k_u': 0.046701018586930175, 'R': 4.365389175487759, 'm1': 0.20547113889771243, 'm2': 0.1588510224816613, 'l1cg': 0.08095643848483372, 'l1': 0.15277089941454997, 'l2cg': 0.06515940331445712, 'I1z': 0.0004702497080086287, 'I2x': 0.0003702966366475401, 'I2y': 2.4199112831305822e-05, 'I2z': 0.0003863006725335999}, 'init_theta_std_deg': 5.4164360001668905, 'init_alpha_std_deg': 8.552887620948756, 'init_theta_dot_std': 0.14782097472222197, 'init_alpha_dot_std': 0.12789777119285312, 'pwm_limit': 147.31060148210722, 'pwm_gain': 0.9905514228710648, 'pwm_bias': 0.21978920838418523, 'pwm_deadzone': 0.8966486651201847, 'pwm_noise_sigma': 0.04870893428932373, 'actuator_tau': 0.0012998975203356868, 'action_delay_steps': 0, 'theta_bias': -0.0004266485420922053, 'alpha_bias': -2.8827988939165564e-05, 'theta_sigma': 0.0005417029699440068, 'alpha_sigma': 0.0018209884817101875, 'theta_dot_sigma': 0.021555102391775962, 'alpha_dot_sigma': 0.039405587201123554, 'encoder_quantization_rad': 0.00010537396682888134, 'velocity_lpf': 0.25, 'process_theta_dot_sigma': 0.0, 'process_alpha_dot_sigma': 0.0}"
2594603,2,randomization_0.10,0.1,"{'level': 0.1, 'physical': {'g': 9.752745174050396, 'c_theta': 0.026149854654666606, 'c_alpha': 0.0013226568587105312, 'k_t': 0.23008672451036477, 'k_b': 0.1871159030210588, 'k_u': 0.04813956437822103, 'R': 4.339201868205386, 'm1': 0.2048461015232937, 'm2': 0.159960111134585, 'l1cg': 0.0804345869564902, 'l1': 0.15238594792731702, 'l2cg': 0.06717585159280505, 'I1z': 0.000482637468016813, 'I2x': 0.0003749939174170853, 'I2y': 2.5348504856388274e-05, 'I2z': 0.0003609014640177679}, 'init_theta_std_deg': 4.996386971827534, 'init_alpha_std_deg': 8.761294269934265, 'init_theta_dot_std': 0.014067874252139762, 'init_alpha_dot_std': 0.04643168461102881, 'pwm_limit': 148.23116426927896, 'pwm_gain': 1.004107924370957, 'pwm_bias': 0.1910860952869273, 'pwm_deadzone': 0.6429648676573078, 'pwm_noise_sigma': 0.11768681135444703, 'actuator_tau': 0.0021008429937210593, 'action_delay_steps': 0, 'theta_bias': -0.000550912903627365, 'alpha_bias': -5.435515273078613e-05, 'theta_sigma': 0.00013997052037786325, 'alpha_sigma': 0.0018386085020120609, 'theta_dot_sigma': 0.028310655351539125, 'alpha_dot_sigma': 0.046004093584384106, 'encoder_quantization_rad': 1.6668854470781898e-05, 'velocity_lpf': 0.25, 'process_theta_dot_sigma': 0.0, 'process_alpha_dot_sigma': 0.0}"
2596603,2,randomization_0.10,0.1,"{'level': 0.1, 'physical': {'g': 9.830662046863493, 'c_theta': 0.030566057470997235, 'c_alpha': 0.0010527043650937205, 'k_t': 0.22561970491364386, 'k_b': 0.1840189183146239, 'k_u': 0.046021815095207516, 'R': 4.263785011335598, 'm1': 0.20117845836378637, 'm2': 0.1576592444527002, 'l1cg': 0.07924465392701052, 'l1': 0.15069731402033812, 'l2cg': 0.06645269721922696, 'I1z': 0.00048703183619051247, 'I2x': 0.00036162368443773223, 'I2y': 2.4853344938359435e-05, 'I2z': 0.00035813689514793494}, 'init_theta_std_deg': 5.1322937220208935, 'init_alpha_std_deg': 8.772516888364823, 'init_theta_dot_std': 0.11414273359438187, 'init_alpha_dot_std': 0.1789710855465169, 'pwm_limit': 149.75662468563144, 'pwm_gain': 1.0011290958999737, 'pwm_bias': 0.21271063318365507, 'pwm_deadzone': 0.7347845094264123, 'pwm_noise_sigma': 0.07234663461085163, 'actuator_tau': 0.0009757565377133472, 'action_delay_steps': 0, 'theta_bias': -0.0002685064764191165, 'alpha_bias': -0.0006506867395494306, 'theta_sigma': 0.00038581827866879714, 'alpha_sigma': 0.00045045112314784163, 'theta_dot_sigma': 0.007490958902897835, 'alpha_dot_sigma': 0.03584968243384, 'encoder_quantization_rad': 1.8247109573540562e-05, 'velocity_lpf': 0.25, 'process_theta_dot_sigma': 0.0, 'process_alpha_dot_sigma': 0.0}"
2598603,2,randomization_0.10,0.1,"{'level': 0.1, 'physical': {'g': 9.833511798761327, 'c_theta': 0.03019123002937183, 'c_alpha': 0.0009750612089060866, 'k_t': 0.22646032680225095, 'k_b': 0.18988732787028406, 'k_u': 0.045734884965687526, 'R': 4.305722117220324, 'm1': 0.20717053771768904, 'm2': 0.15677723527611617, 'l1cg': 0.07928982507063874, 'l1': 0.15250709398170953, 'l2cg': 0.06786271239464911, 'I1z': 0.0004805379069609591, 'I2x': 0.0003696289256294462, 'I2y': 2.2958224693593595e-05, 'I2z': 0.000368111828572525}, 'init_theta_std_deg': 5.114258634568275, 'init_alpha_std_deg': 8.34859372689135, 'init_theta_dot_std': 0.1248153206586688, 'init_alpha_dot_std': 0.043535353213484396, 'pwm_limit': 147.23825707226698, 'pwm_gain': 0.9927019087348307, 'pwm_bias': 0.12826034236533018, 'pwm_deadzone': 0.255240316001206, 'pwm_noise_sigma': 0.10529491578532185, 'actuator_tau': 0.0012517203465739696, 'action_delay_steps': 0, 'theta_bias': -8.604076314764742e-05, 'alpha_bias': 0.0006456752405385709, 'theta_sigma': 0.00020203319311433128, 'alpha_sigma': 0.0013643549210206108, 'theta_dot_sigma': 0.021364988139070094, 'alpha_dot_sigma': 0.023481771185583998, 'encoder_quantization_rad': 0.00014987186769120398, 'velocity_lpf': 0.25, 'process_theta_dot_sigma': 0.0, 'process_alpha_dot_sigma': 0.0}"
2600603,2,randomization_0.10,0.1,"{'level': 0.1, 'physical': {'g': 9.825088932350374, 'c_theta': 0.027091020055138155, 'c_alpha': 0.0012286389408301165, 'k_t': 0.23353807720619135, 'k_b': 0.1863435202834432, 'k_u': 0.04598414026163452, 'R': 4.381418843706117, 'm1': 0.2068278832649984, 'm2': 0.15958143655065452, 'l1cg': 0.0800843144445877, 'l1': 0.1525153383305191, 'l2cg': 0.06698645005677832, 'I1z': 0.0005024765302234889, 'I2x': 0.00037052612316748314, 'I2y': 2.2490548427023633e-05, 'I2z': 0.0003832592749400187}, 'init_theta_std_deg': 4.963194101933434, 'init_alpha_std_deg': 7.797131093752879, 'init_theta_dot_std': 0.09164720069014089, 'init_alpha_dot_std': 0.14387795841033976, 'pwm_limit': 150.49115396835148, 'pwm_gain': 0.9949412696339103, 'pwm_bias': 0.269247036677491, 'pwm_deadzone': 0.04484050238109416, 'pwm_noise_sigma': 0.021763988871821384, 'actuator_tau': 0.0023967505832027825, 'action_delay_steps': 0, 'theta_bias': -0.0009270825146486275, 'alpha_bias': -0.0005458304465614386, 'theta_sigma': 0.00043730756716109804, 'alpha_sigma': 0.0017789514449200444, 'theta_dot_sigma': 0.034221819897804394, 'alpha_dot_sigma': 0.03960814777249952, 'encoder_quantization_rad': 1.2027979090218023e-05, 'velocity_lpf': 0.25, 'process_theta_dot_sigma': 0.0, 'process_alpha_dot_sigma': 0.0}"
2602603,2,randomization_0.10,0.1,"{'level': 0.1, 'physical': {'g': 9.766299867853611, 'c_theta': 0.02381844867212682, 'c_alpha': 0.0011686824800565365, 'k_t': 0.23601159623811332, 'k_b': 0.19084214686053813, 'k_u': 0.04835414093386446, 'R': 4.260969535442567, 'm1': 0.20342496420903128, 'm2': 0.1595899564348217, 'l1cg': 0.08004034934591274, 'l1': 0.15159379290610295, 'l2cg': 0.0669860506477353, 'I1z': 0.0005090962084974562, 'I2x': 0.00036532475981054097, 'I2y': 2.3265060804517032e-05, 'I2z': 0.00034490708957023365}, 'init_theta_std_deg': 4.8199053711201785, 'init_alpha_std_deg': 8.373572261349471, 'init_theta_dot_std': 0.054078794656868205, 'init_alpha_dot_std': 0.11640175277490349, 'pwm_limit': 149.70154658822221, 'pwm_gain': 0.9949544088049617, 'pwm_bias': 0.09151168209609822, 'pwm_deadzone': 0.45792450789630224, 'pwm_noise_sigma': 0.13264138502658337, 'actuator_tau': 0.0006021953465298151, 'action_delay_steps': 0, 'theta_bias': 0.00041742299400370154, 'alpha_bias': 5.6149587338186896e-05, 'theta_sigma': 0.00011834858329281613, 'alpha_sigma': 0.0009007437438222174, 'theta_dot_sigma': 0.02692713211345543, 'alpha_dot_sigma': 0.021376024488446346, 'encoder_quantization_rad': 6.369750642215173e-05, 'velocity_lpf': 0.25, 'process_theta_dot_sigma': 0.0, 'process_alpha_dot_sigma': 0.0}"
2604603,2,randomization_0.10,0.1,"{'level': 0.1, 'physical': {'g': 9.790381252726354, 'c_theta': 0.023249955945586973, 'c_alpha': 0.001233675854790958, 'k_t': 0.23067311709711025, 'k_b': 0.18768847744031283, 'k_u': 0.047052614476781315, 'R': 4.284171775400314, 'm1': 0.2113178392609333, 'm2': 0.15995777694210672, 'l1cg': 0.07927596893080746, 'l1': 0.1518155771273681, 'l2cg': 0.06697026391712556, 'I1z': 0.0005234527661798266, 'I2x': 0.0003666417447111351, 'I2y': 2.258801758762696e-05, 'I2z': 0.00036454557881190056}, 'init_theta_std_deg': 5.000952765548504, 'init_alpha_std_deg': 8.507738419495457, 'init_theta_dot_std': 0.03309280097070751, 'init_alpha_dot_std': 0.21134923689813814, 'pwm_limit': 147.5802009683533, 'pwm_gain': 1.009046422579529, 'pwm_bias': -0.21925969957102992, 'pwm_deadzone': 0.877262669471175, 'pwm_noise_sigma': 0.04665514364287167, 'actuator_tau': 0.0021053142821983897, 'action_delay_steps': 0, 'theta_bias': 8.892751071305316e-05, 'alpha_bias': 0.0006636101664256384, 'theta_sigma': 0.00017865788682101274, 'alpha_sigma': 0.00029031377853094956, 'theta_dot_sigma': 0.005016973731613534, 'alpha_dot_sigma': 0.028032909711633726, 'encoder_quantization_rad': 4.145400866232165e-05, 'velocity_lpf': 0.25, 'process_theta_dot_sigma': 0.0, 'process_alpha_dot_sigma': 0.0}"
2606603,2,randomization_0.10,0.1,"{'level': 0.1, 'physical': {'g': 9.77359978135699, 'c_theta': 0.02817276611079263, 'c_alpha': 0.0009462815584212718, 'k_t': 0.23507927955398086, 'k_b': 0.1891623246422875, 'k_u': 0.04634598411053903, 'R': 4.322197270974472, 'm1': 0.2022677295351227, 'm2': 0.1596860926929506, 'l1cg': 0.07928253489135045, 'l1': 0.1530068330659947, 'l2cg': 0.06776412277753767, 'I1z': 0.00047723380451438955, 'I2x': 0.0003672770985564419, 'I2y': 2.274582576905892e-05, 'I2z': 0.0003897457505238598}, 'init_theta_std_deg': 5.12018356246927, 'init_alpha_std_deg': 7.960325490155592, 'init_theta_dot_std': 0.10385567199807269, 'init_alpha_dot_std': 0.06933983042928377, 'pwm_limit': 149.68861542133746, 'pwm_gain': 1.0020438733275066, 'pwm_bias': -0.01699592697483938, 'pwm_deadzone': 0.08648955684417681, 'pwm_noise_sigma': 0.09952143159641501, 'actuator_tau': 0.0012564495558257858, 'action_delay_steps': 0, 'theta_bias': -0.0001232671570413557, 'alpha_bias': -0.00020216973890415952, 'theta_sigma': 0.000344127119326224, 'alpha_sigma': 0.0016646103819278671, 'theta_dot_sigma': 0.009232985641606063, 'alpha_dot_sigma': 0.026327326931945498, 'encoder_quantization_rad': 0.00011629076090127486, 'velocity_lpf': 0.25, 'process_theta_dot_sigma': 0.0, 'process_alpha_dot_sigma': 0.0}"
2608603,2,randomization_0.10,0.1,"{'level': 0.1, 'physical': {'g': 9.80947816536116, 'c_theta': 0.023351155746705755, 'c_alpha': 0.0011661232054674465, 'k_t': 0.23311501720432423, 'k_b': 0.18537832389691195, 'k_u': 0.04572856076365491, 'R': 4.389173722416605, 'm1': 0.20391135941200994, 'm2': 0.15838796138285735, 'l1cg': 0.07965226266874785, 'l1': 0.15264168802502465, 'l2cg': 0.06839207422328217, 'I1z': 0.0005175110208975344, 'I2x': 0.00036948568527471384, 'I2y': 2.4738657452598564e-05, 'I2z': 0.0003753240806182639}, 'init_theta_std_deg': 4.860279518816235, 'init_alpha_std_deg': 7.746680563241944, 'init_theta_dot_std': 0.04806661334382919, 'init_alpha_dot_std': 0.14758915894674082, 'pwm_limit': 147.9707927729317, 'pwm_gain': 0.9921919728710267, 'pwm_bias': -0.2591561034597409, 'pwm_deadzone': 0.9074871366993287, 'pwm_noise_sigma': 0.041257825982194476, 'actuator_tau': 0.002671804130116702, 'action_delay_steps': 0, 'theta_bias': 2.39119250710218e-05, 'alpha_bias': 0.00015763746231965518, 'theta_sigma': 0.00037784880136578836, 'alpha_sigma': 0.0003749856394153668, 'theta_dot_sigma': 0.016270524435788192, 'alpha_dot_sigma': 0.01212126174005837, 'encoder_quantization_rad': 3.2538018051176276e-05, 'velocity_lpf': 0.25, 'process_theta_dot_sigma': 0.0, 'process_alpha_dot_sigma': 0.0}"
2610603,2,randomization_0.10,0.1,"{'level': 0.1, 'physical': {'g': 9.828796925620964, 'c_theta': 0.030071300194794415, 'c_alpha': 0.0011943714821743665, 'k_t': 0.23491432746412266, 'k_b': 0.18698404978487498, 'k_u': 0.04709703007893259, 'R': 4.334758855168389, 'm1': 0.20241953222137268, 'm2': 0.16062281612522875, 'l1cg': 0.0800135545946725, 'l1': 0.15325780450296267, 'l2cg': 0.0674682418278141, 'I1z': 0.0005202031833622814, 'I2x': 0.0003700137716241494, 'I2y': 2.437171620595671e-05, 'I2z': 0.00035732472705558426}, 'init_theta_std_deg': 5.334389343648585, 'init_alpha_std_deg': 8.735431019311111, 'init_theta_dot_std': 0.01861724462582506, 'init_alpha_dot_std': 0.13734941883435733, 'pwm_limit': 149.8300152147118, 'pwm_gain': 0.9962440432509894, 'pwm_bias': 0.12693513152519617, 'pwm_deadzone': 0.29677227497236314, 'pwm_noise_sigma': 0.17802666897101332, 'actuator_tau': 0.002681175370036861, 'action_delay_steps': 0, 'theta_bias': 0.00027068885669213704, 'alpha_bias': -0.0011894652548890179, 'theta_sigma': 0.0004610049752515892, 'alpha_sigma': 0.00036476373643333916, 'theta_dot_sigma': 0.0280750089713424, 'alpha_dot_sigma': 0.0027643532988729457, 'encoder_quantization_rad': 2.043501454863163e-05, 'velocity_lpf': 0.25, 'process_theta_dot_sigma': 0.0, 'process_alpha_dot_sigma': 0.0}"
2612603,2,randomization_0.10,0.1,"{'level': 0.1, 'physical': {'g': 9.760432891100201, 'c_theta': 0.02436395414294889, 'c_alpha': 0.0010135744206069839, 'k_t': 0.23437575196987556, 'k_b': 0.18946234783434818, 'k_u': 0.046123060222634946, 'R': 4.304261707323093, 'm1': 0.20617880636264374, 'm2': 0.15758877317997877, 'l1cg': 0.08045903954721176, 'l1': 0.15312851593244087, 'l2cg': 0.06577608684826151, 'I1z': 0.0005168776744565204, 'I2x': 0.0003635667746321104, 'I2y': 2.3340869269663886e-05, 'I2z': 0.00038473725974913}, 'init_theta_std_deg': 5.2809017992778395, 'init_alpha_std_deg': 7.715646297618437, 'init_theta_dot_std': 0.03364886904759227, 'init_alpha_dot_std': 0.06376535143795098, 'pwm_limit': 148.68471596574804, 'pwm_gain': 0.9951418015529846, 'pwm_bias': -0.1182757530488475, 'pwm_deadzone': 0.6125737031126639, 'pwm_noise_sigma': 0.018904399773194025, 'actuator_tau': 0.002197865612997001, 'action_delay_steps': 0, 'theta_bias': 3.963565717684725e-05, 'alpha_bias': 0.0007812509153037252, 'theta_sigma': 0.0002081327018129286, 'alpha_sigma': 0.0007174708832527741, 'theta_dot_sigma': 0.002170661415038701, 'alpha_dot_sigma': 0.022837492286577638, 'encoder_quantization_rad': 0.00010608022816576532, 'velocity_lpf': 0.25, 'process_theta_dot_sigma': 0.0, 'process_alpha_dot_sigma': 0.0}"
2614603,2,randomization_0.10,0.1,"{'level': 0.1, 'physical': {'g': 9.778385924262624, 'c_theta': 0.029440501202500927, 'c_alpha': 0.001093413166694587, 'k_t': 0.23434454417157827, 'k_b': 0.19114729674101089, 'k_u': 0.04637608241148681, 'R': 4.227172580225297, 'm1': 0.20547717796079426, 'm2': 0.16070149602493544, 'l1cg': 0.08113982358482912, 'l1': 0.15135063917100275, 'l2cg': 0.06598523847926968, 'I1z': 0.000502385481276195, 'I2x': 0.00037502521959181535, 'I2y': 2.460318994485599e-05, 'I2z': 0.0003564697238249951}, 'init_theta_std_deg': 5.436444021639461, 'init_alpha_std_deg': 7.836084510735708, 'init_theta_dot_std': 0.1359534880294184, 'init_alpha_dot_std': 0.02243338993459071, 'pwm_limit': 149.4324284867308, 'pwm_gain': 1.0027140610936396, 'pwm_bias': 0.01877861608140039, 'pwm_deadzone': 0.23980857762031116, 'pwm_noise_sigma': 0.19301858252073448, 'actuator_tau': 0.002055747859140618, 'action_delay_steps': 0, 'theta_bias': 0.00036377337348233785, 'alpha_bias': -5.874329680787876e-05, 'theta_sigma': 0.0005946614975919593, 'alpha_sigma': 0.0013356238208183141, 'theta_dot_sigma': 0.02957394581826872, 'alpha_dot_sigma': 0.05175370673804985, 'encoder_quantization_rad': 0.00010490844077852575, 'velocity_lpf': 0.25, 'process_theta_dot_sigma': 0.0, 'process_alpha_dot_sigma': 0.0}"
2616603,2,randomization_0.10,0.1,"{'level': 0.1, 'physical': {'g': 9.806426430797012, 'c_theta': 0.02941016372618099, 'c_alpha': 0.0012588672329466464, 'k_t': 0.22918679660738475, 'k_b': 0.19043719536201537, 'k_u': 0.0480024074753114, 'R': 4.331059947488161, 'm1': 0.20488729903429728, 'm2': 0.16049521183960366, 'l1cg': 0.07960498779483142, 'l1': 0.15056326543935453, 'l2cg': 0.06612932717075791, 'I1z': 0.0005141198240896031, 'I2x': 0.0003623291167501521, 'I2y': 2.4560015280207694e-05, 'I2z': 0.00037971384326464615}, 'init_theta_std_deg': 5.287121686673658, 'init_alpha_std_deg': 7.918007649632611, 'init_theta_dot_std': 0.09562230929055503, 'init_alpha_dot_std': 0.15347614241935614, 'pwm_limit': 148.24141714072124, 'pwm_gain': 0.9906456438105082, 'pwm_bias': 0.30057231118359246, 'pwm_deadzone': 0.7135327301225161, 'pwm_noise_sigma': 0.17888144161488287, 'actuator_tau': 0.0012596909367482997, 'action_delay_steps': 0, 'theta_bias': -1.5340363919413846e-06, 'alpha_bias': 0.0004123752267478673, 'theta_sigma': 6.915202007442046e-05, 'alpha_sigma': 0.0007181301672367881, 'theta_dot_sigma': 0.029510104506934164, 'alpha_dot_sigma': 0.016937278587965968, 'encoder_quantization_rad': 4.424584280102866e-05, 'velocity_lpf': 0.25, 'process_theta_dot_sigma': 0.0, 'process_alpha_dot_sigma': 0.0}"
2618603,2,randomization_0.10,0.1,"{'level': 0.1, 'physical': {'g': 9.803622346937008, 'c_theta': 0.029880752964207547, 'c_alpha': 0.0012724767116724478, 'k_t': 0.2331931532641533, 'k_b': 0.1914249131209042, 'k_u': 0.04643533134632875, 'R': 4.337059303025962, 'm1': 0.20794492679032242, 'm2': 0.1570321460931777, 'l1cg': 0.08017758775994366, 'l1': 0.1531466872840054, 'l2cg': 0.06732714949885535, 'I1z': 0.000525367863465934, 'I2x': 0.00036161820223676316, 'I2y': 2.3000384306827433e-05, 'I2z': 0.00038587553647094844}, 'init_theta_std_deg': 5.165112686641077, 'init_alpha_std_deg': 8.622577923603872, 'init_theta_dot_std': 0.14689845313875854, 'init_alpha_dot_std': 0.035434485464996085, 'pwm_limit': 150.67311390260312, 'pwm_gain': 0.9901473755282267, 'pwm_bias': 0.3049483225573757, 'pwm_deadzone': 0.6812004670321608, 'pwm_noise_sigma': 0.1362145980082214, 'actuator_tau': 9.338229656598696e-06, 'action_delay_steps': 0, 'theta_bias': 0.0006377299217406098, 'alpha_bias': 0.0005692491249171001, 'theta_sigma': 0.0003515575643504065, 'alpha_sigma': 0.0015181335904677431, 'theta_dot_sigma': 0.019637629805288232, 'alpha_dot_sigma': 0.043396022196413156, 'encoder_quantization_rad': 2.0118435210441388e-05, 'velocity_lpf': 0.25, 'process_theta_dot_sigma': 0.0, 'process_alpha_dot_sigma': 0.0}"
2620603,2,randomization_0.10,0.1,"{'level': 0.1, 'physical': {'g': 9.814606191724055, 'c_theta': 0.02394540902100612, 'c_alpha': 0.0012801211184299344, 'k_t': 0.23227728117465837, 'k_b': 0.1833182122114595, 'k_u': 0.04583831489243406, 'R': 4.32496348867278, 'm1': 0.2042195449323241, 'm2': 0.15838906988522883, 'l1cg': 0.08008461417847296, 'l1': 0.15137910863125842, 'l2cg': 0.06766519458078113, 'I1z': 0.0004709187149051375, 'I2x': 0.0003762728671731169, 'I2y': 2.5501375730819215e-05, 'I2z': 0.0003848216371775413}, 'init_theta_std_deg': 5.093328450952363, 'init_alpha_std_deg': 8.189722065209015, 'init_theta_dot_std': 0.07232231993638241, 'init_alpha_dot_std': 0.11289782662666031, 'pwm_limit': 148.30230346698897, 'pwm_gain': 1.0084489112634283, 'pwm_bias': 0.3981225018471949, 'pwm_deadzone': 0.7934786985285023, 'pwm_noise_sigma': 0.05475397170558141, 'actuator_tau': 0.0020774677484700892, 'action_delay_steps': 0, 'theta_bias': 6.586165927440812e-05, 'alpha_bias': 0.0006441805674754704, 'theta_sigma': 0.00044517514847770546, 'alpha_sigma': 0.0004011478108318563, 'theta_dot_sigma': 0.02826579654631515, 'alpha_dot_sigma': 0.02834108631092186, 'encoder_quantization_rad': 7.746212721655207e-05, 'velocity_lpf': 0.25, 'process_theta_dot_sigma': 0.0, 'process_alpha_dot_sigma': 0.0}"
2622603,2,randomization_0.10,0.1,"{'level': 0.1, 'physical': {'g': 9.800242989582667, 'c_theta': 0.02347086475507093, 'c_alpha': 0.0009653643841207901, 'k_t': 0.23298227268316443, 'k_b': 0.18590517694624573, 'k_u': 0.04568809819599483, 'R': 4.244545060276351, 'm1': 0.2015877826450974, 'm2': 0.1594764600620432, 'l1cg': 0.07954498176383686, 'l1': 0.15265723174563264, 'l2cg': 0.06654314591758267, 'I1z': 0.0005216231505572004, 'I2x': 0.00036337545455354805, 'I2y': 2.2541681046855555e-05, 'I2z': 0.0003488781062461804}, 'init_theta_std_deg': 4.740183099914254, 'init_alpha_std_deg': 7.861348258870268, 'init_theta_dot_std': 0.03641091171632481, 'init_alpha_dot_std': 0.1885706254323244, 'pwm_limit': 148.2950129915618, 'pwm_gain': 1.005092861996852, 'pwm_bias': 0.3406837879064106, 'pwm_deadzone': 0.7478321787197257, 'pwm_noise_sigma': 0.17566185672353726, 'actuator_tau': 0.00024200732852320528, 'action_delay_steps': 0, 'theta_bias': 0.0003875646549967624, 'alpha_bias': 0.0008744963624876781, 'theta_sigma': 0.0001533419481750285, 'alpha_sigma': 0.00016797624621562048, 'theta_dot_sigma': 0.014908781379571407, 'alpha_dot_sigma': 0.03194285065059601, 'encoder_quantization_rad': 3.4635789129814915e-05, 'velocity_lpf': 0.25, 'process_theta_dot_sigma': 0.0, 'process_alpha_dot_sigma': 0.0}"
2624603,2,randomization_0.10,0.1,"{'level': 0.1, 'physical': {'g': 9.762666273849904, 'c_theta': 0.027467513828975904, 'c_alpha': 0.0012941883469564036, 'k_t': 0.23604487958137205, 'k_b': 0.19097563800873354, 'k_u': 0.04634887826108045, 'R': 4.375991501537536, 'm1': 0.20366899371013275, 'm2': 0.15715117858740454, 'l1cg': 0.08019251149223051, 'l1': 0.1507591645159521, 'l2cg': 0.06562271648165251, 'I1z': 0.0004701575724052974, 'I2x': 0.00037107675558386064, 'I2y': 2.449404300260835e-05, 'I2z': 0.00037737569052269577}, 'init_theta_std_deg': 5.325847170056773, 'init_alpha_std_deg': 8.159340612459916, 'init_theta_dot_std': 0.04661145926626975, 'init_alpha_dot_std': 0.11487482497130302, 'pwm_limit': 147.29639562267863, 'pwm_gain': 0.995231307202098, 'pwm_bias': 0.3875442397150541, 'pwm_deadzone': 0.4289507248186665, 'pwm_noise_sigma': 0.17136223219214808, 'actuator_tau': 0.001996837250628766, 'action_delay_steps': 0, 'theta_bias': 0.0001288680360130754, 'alpha_bias': 0.0002575775956106324, 'theta_sigma': 0.00023202641994574333, 'alpha_sigma': 8.362094477192783e-05, 'theta_dot_sigma': 0.016211848239682115, 'alpha_dot_sigma': 0.007674978793517384, 'encoder_quantization_rad': 1.4015488692969532e-05, 'velocity_lpf': 0.25, 'process_theta_dot_sigma': 0.0, 'process_alpha_dot_sigma': 0.0}"
2626603,2,randomization_0.10,0.1,"{'level': 0.1, 'physical': {'g': 9.758875084152246, 'c_theta': 0.023554043840220588, 'c_alpha': 0.0011948537462726993, 'k_t': 0.2288872278153163, 'k_b': 0.18870543618080313, 'k_u': 0.04651977370754424, 'R': 4.372005040679181, 'm1': 0.2097707574336857, 'm2': 0.15904540569625494, 'l1cg': 0.08019938972077306, 'l1': 0.151905371015748, 'l2cg': 0.0659636919673237, 'I1z': 0.0005160536228101, 'I2x': 0.00037481516101861567, 'I2y': 2.5313939958954848e-05, 'I2z': 0.0003574372479574421}, 'init_theta_std_deg': 4.978009584789101, 'init_alpha_std_deg': 8.087843862333395, 'init_theta_dot_std': 0.1443843249327235, 'init_alpha_dot_std': 0.07528364101932519, 'pwm_limit': 149.06622043533102, 'pwm_gain': 0.9952256617622136, 'pwm_bias': -0.18216747168632452, 'pwm_deadzone': 0.9756680652657904, 'pwm_noise_sigma': 0.1791194643899124, 'actuator_tau': 0.0016609768244258013, 'action_delay_steps': 0, 'theta_bias': -0.0007171000493313134, 'alpha_bias': 0.00048556395707662943, 'theta_sigma': 0.00033752805301952223, 'alpha_sigma': 0.0014977767237610642, 'theta_dot_sigma': 0.03278280540837873, 'alpha_dot_sigma': 0.049415078496884784, 'encoder_quantization_rad': 5.553720765759055e-05, 'velocity_lpf': 0.25, 'process_theta_dot_sigma': 0.0, 'process_alpha_dot_sigma': 0.0}"
2628603,2,randomization_0.10,0.1,"{'level': 0.1, 'physical': {'g': 9.772983879605414, 'c_theta': 0.023382463869958504, 'c_alpha': 0.001031196528034485, 'k_t': 0.2366957648609328, 'k_b': 0.1916123094852887, 'k_u': 0.04841508386049247, 'R': 4.365653080516797, 'm1': 0.20378604418227741, 'm2': 0.15641806045114495, 'l1cg': 0.08044747299021247, 'l1': 0.15253596735421263, 'l2cg': 0.0656550178261421, 'I1z': 0.00048064730833804944, 'I2x': 0.00036294834079994743, 'I2y': 2.2576123094536333e-05, 'I2z': 0.00036328916719740456}, 'init_theta_std_deg': 4.784851174779051, 'init_alpha_std_deg': 7.75733837863142, 'init_theta_dot_std': 0.053624056752003504, 'init_alpha_dot_std': 0.03343918303007226, 'pwm_limit': 148.83306565778858, 'pwm_gain': 0.9961625912909052, 'pwm_bias': 0.3147541963251561, 'pwm_deadzone': 0.43423110057582504, 'pwm_noise_sigma': 0.17764546723065303, 'actuator_tau': 0.0013290144708035746, 'action_delay_steps': 0, 'theta_bias': 2.4046713882924786e-05, 'alpha_bias': -0.0008758557968047828, 'theta_sigma': 0.00030515499706675026, 'alpha_sigma': 0.00029375687232967664, 'theta_dot_sigma': 0.01619813277537984, 'alpha_dot_sigma': 0.011673488847675086, 'encoder_quantization_rad': 6.759547467339588e-05, 'velocity_lpf': 0.25, 'process_theta_dot_sigma': 0.0, 'process_alpha_dot_sigma': 0.0}"
2630603,2,randomization_0.10,0.1,"{'level': 0.1, 'physical': {'g': 9.823484088451888, 'c_theta': 0.026540847415066744, 'c_alpha': 0.0009625893987716813, 'k_t': 0.2268297046786695, 'k_b': 0.1908555685496091, 'k_u': 0.04785701995675537, 'R': 4.362501252522189, 'm1': 0.2036892390028848, 'm2': 0.15869200117151258, 'l1cg': 0.07936776997377147, 'l1': 0.15218434540820794, 'l2cg': 0.06525653098338492, 'I1z': 0.0005251639973227044, 'I2x': 0.0003742570802437134, 'I2y': 2.3366248621710523e-05, 'I2z': 0.00037373419074837534}, 'init_theta_std_deg': 5.437387616214144, 'init_alpha_std_deg': 8.588705947915527, 'init_theta_dot_std': 0.031801307052944254, 'init_alpha_dot_std': 0.034456062412840105, 'pwm_limit': 148.84950931972722, 'pwm_gain': 1.0039483186545148, 'pwm_bias': -0.2051312199070676, 'pwm_deadzone': 0.9926281435175597, 'pwm_noise_sigma': 0.119961867642431, 'actuator_tau': 0.0009698626699981514, 'action_delay_steps': 0, 'theta_bias': -0.0007643633626369182, 'alpha_bias': 0.0005918332996022915, 'theta_sigma': 0.00039055914240946927, 'alpha_sigma': 0.0013344218938681398, 'theta_dot_sigma': 0.00129535953220698, 'alpha_dot_sigma': 0.00954010001670925, 'encoder_quantization_rad': 2.6709792943552437e-05, 'velocity_lpf': 0.25, 'process_theta_dot_sigma': 0.0, 'process_alpha_dot_sigma': 0.0}"
2632603,2,randomization_0.10,0.1,"{'level': 0.1, 'physical': {'g': 9.770443452693117, 'c_theta': 0.026861526687899897, 'c_alpha': 0.0009304759589267936, 'k_t': 0.2343635340631779, 'k_b': 0.18554919688884003, 'k_u': 0.047802732068700705, 'R': 4.382155866043952, 'm1': 0.2037369305626722, 'm2': 0.16028472872990063, 'l1cg': 0.08144320804211645, 'l1': 0.15235639717956947, 'l2cg': 0.06618640246395169, 'I1z': 0.0004976929296608711, 'I2x': 0.00037194886444214594, 'I2y': 2.477022113214959e-05, 'I2z': 0.0003509585085906137}, 'init_theta_std_deg': 4.913343233238906, 'init_alpha_std_deg': 8.081514391296706, 'init_theta_dot_std': 0.14600962581599286, 'init_alpha_dot_std': 0.17897139975692655, 'pwm_limit': 147.95244949820224, 'pwm_gain': 1.0085152237095023, 'pwm_bias': -0.11452702183569247, 'pwm_deadzone': 0.5951050409362598, 'pwm_noise_sigma': 0.1837757365635626, 'actuator_tau': 0.0025331650821359105, 'action_delay_steps': 0, 'theta_bias': 0.0009129435103645704, 'alpha_bias': -0.00023211227231838649, 'theta_sigma': 0.000361814622275092, 'alpha_sigma': 0.0017772191874961209, 'theta_dot_sigma': 0.017262059249803893, 'alpha_dot_sigma': 0.024981674305316396, 'encoder_quantization_rad': 3.918997685564335e-06, 'velocity_lpf': 0.2500194667489495, 'process_theta_dot_sigma': 0.0, 'process_alpha_dot_sigma': 0.0}"
2634603,2,randomization_0.10,0.1,"{'level': 0.1, 'physical': {'g': 9.839831357716758, 'c_theta': 0.026956948635889568, 'c_alpha': 0.0012680377119666509, 'k_t': 0.23309701925926415, 'k_b': 0.1900064220300064, 'k_u': 0.047894404085627285, 'R': 4.2717817832724165, 'm1': 0.2011307485610773, 'm2': 0.15743122601720427, 'l1cg': 0.08085653156926019, 'l1': 0.15205480123566878, 'l2cg': 0.06526524477298494, 'I1z': 0.0005183281968527949, 'I2x': 0.0003701541747165944, 'I2y': 2.4184818990395732e-05, 'I2z': 0.00038493145335678194}, 'init_theta_std_deg': 5.254945694985647, 'init_alpha_std_deg': 8.69082225138995, 'init_theta_dot_std': 0.1253288808925713, 'init_alpha_dot_std': 0.04077390196253136, 'pwm_limit': 149.70898457064612, 'pwm_gain': 1.0026259452048294, 'pwm_bias': -0.16907261084661684, 'pwm_deadzone': 0.5741754525700152, 'pwm_noise_sigma': 0.07892682407216015, 'actuator_tau': 0.000916167368197054, 'action_delay_steps': 0, 'theta_bias': 0.00031243604620997847, 'alpha_bias': 0.0001564807652721122, 'theta_sigma': 0.0004550438808769325, 'alpha_sigma': 0.00161825818059186, 'theta_dot_sigma': 0.033597711568189685, 'alpha_dot_sigma': 0.05006228251842588, 'encoder_quantization_rad': 0.00013137064596920988, 'velocity_lpf': 0.25, 'process_theta_dot_sigma': 0.0, 'process_alpha_dot_sigma': 0.0}"
2636603,2,randomization_0.10,0.1,"{'level': 0.1, 'physical': {'g': 9.82047596037955, 'c_theta': 0.029066875677943506, 'c_alpha': 0.0010795340270089938, 'k_t': 0.23603920043017698, 'k_b': 0.18378049222972911, 'k_u': 0.04666737142082886, 'R': 4.244037576606676, 'm1': 0.20310285651514917, 'm2': 0.16049572762559464, 'l1cg': 0.0812290060238549, 'l1': 0.1512772185639062, 'l2cg': 0.06633070287658496, 'I1z': 0.0005172443902208493, 'I2x': 0.0003731945721864203, 'I2y': 2.5186769523533808e-05, 'I2z': 0.00035387669244304625}, 'init_theta_std_deg': 4.949147909210112, 'init_alpha_std_deg': 8.732509448323606, 'init_theta_dot_std': 0.14949645833066155, 'init_alpha_dot_std': 0.051366937933354874, 'pwm_limit': 149.62188523768447, 'pwm_gain': 1.0099472415840156, 'pwm_bias': -0.24908959873109104, 'pwm_deadzone': 0.8187155394414265, 'pwm_noise_sigma': 0.17108839061453207, 'actuator_tau': 0.00039269954180312563, 'action_delay_steps': 0, 'theta_bias': -4.236174285614625e-05, 'alpha_bias': 1.8521232487398366e-05, 'theta_sigma': 2.765951762291015e-05, 'alpha_sigma': 0.0007853680280915463, 'theta_dot_sigma': 0.006842718064987541, 'alpha_dot_sigma': 0.003203670051939473, 'encoder_quantization_rad': 0.0001096166921504934, 'velocity_lpf': 0.25, 'process_theta_dot_sigma': 0.0, 'process_alpha_dot_sigma': 0.0}"
2638603,2,randomization_0.10,0.1,"{'level': 0.1, 'physical': {'g': 9.817553802431227, 'c_theta': 0.02844490693074544, 'c_alpha': 0.0012785561640906078, 'k_t': 0.2289219717075777, 'k_b': 0.18362716100218968, 'k_u': 0.046407973396977185, 'R': 4.247383701787817, 'm1': 0.20778138726882003, 'm2': 0.1568441809684685, 'l1cg': 0.08054431780580885, 'l1': 0.1512143517508028, 'l2cg': 0.06602709051317626, 'I1z': 0.0005120387479905918, 'I2x': 0.0003711167810215526, 'I2y': 2.547188231866262e-05, 'I2z': 0.00038163133521660627}, 'init_theta_std_deg': 4.833210769317771, 'init_alpha_std_deg': 8.559569859861268, 'init_theta_dot_std': 0.04570458609289834, 'init_alpha_dot_std': 0.0951031330342236, 'pwm_limit': 148.97873626491972, 'pwm_gain': 1.0036569113330696, 'pwm_bias': 0.05313735016897186, 'pwm_deadzone': 0.4071770137699898, 'pwm_noise_sigma': 0.14241056974591326, 'actuator_tau': 0.00048631969598438317, 'action_delay_steps': 0, 'theta_bias': -0.0009573858691447021, 'alpha_bias': -0.0011328652574223459, 'theta_sigma': 0.00036331565486902024, 'alpha_sigma': 0.001093456186442826, 'theta_dot_sigma': 0.01319618648491923, 'alpha_dot_sigma': 0.05201090031879193, 'encoder_quantization_rad': 3.767385610745658e-05, 'velocity_lpf': 0.25, 'process_theta_dot_sigma': 0.0, 'process_alpha_dot_sigma': 0.0}"
2640603,2,randomization_0.10,0.1,"{'level': 0.1, 'physical': {'g': 9.761387598249685, 'c_theta': 0.026448272697671638, 'c_alpha': 0.001128329572112982, 'k_t': 0.2302265616028061, 'k_b': 0.18470392728214502, 'k_u': 0.04759069033836352, 'R': 4.27508613952935, 'm1': 0.20849971100807022, 'm2': 0.157722657316663, 'l1cg': 0.08063471522497731, 'l1': 0.1522192128170899, 'l2cg': 0.06834017713516065, 'I1z': 0.0004899570933789201, 'I2x': 0.00036688458031733145, 'I2y': 2.2503145122778016e-05, 'I2z': 0.00035352357152803926}, 'init_theta_std_deg': 4.967715694272735, 'init_alpha_std_deg': 8.371302189459074, 'init_theta_dot_std': 0.14538431796944074, 'init_alpha_dot_std': 0.2101312430362553, 'pwm_limit': 147.0104820658159, 'pwm_gain': 0.9901113208752729, 'pwm_bias': -0.146030483362458, 'pwm_deadzone': 0.8484885923588882, 'pwm_noise_sigma': 0.16214534655105511, 'actuator_tau': 0.0028079250480163597, 'action_delay_steps': 0, 'theta_bias': 0.00032792749960409463, 'alpha_bias': -0.0009466060302748904, 'theta_sigma': 0.0003852202033555788, 'alpha_sigma': 0.0012296796346391182, 'theta_dot_sigma': 0.0015179590146797172, 'alpha_dot_sigma': 0.03980221559498805, 'encoder_quantization_rad': 8.124106196821778e-05, 'velocity_lpf': 0.25, 'process_theta_dot_sigma': 0.0, 'process_alpha_dot_sigma': 0.0}"
2642603,2,randomization_0.10,0.1,"{'level': 0.1, 'physical': {'g': 9.755682886425085, 'c_theta': 0.026000063922313594, 'c_alpha': 0.000981911086050333, 'k_t': 0.2259626273102323, 'k_b': 0.19072036827703892, 'k_u': 0.04591989641796653, 'R': 4.262636978455656, 'm1': 0.2049068403295474, 'm2': 0.15852139845965715, 'l1cg': 0.07917941570891068, 'l1': 0.15208903131765525, 'l2cg': 0.06703570202829717, 'I1z': 0.00047057813638845113, 'I2x': 0.0003640321767116627, 'I2y': 2.2476682940258768e-05, 'I2z': 0.00037359208839555114}, 'init_theta_std_deg': 5.209990247353481, 'init_alpha_std_deg': 8.790878476963194, 'init_theta_dot_std': 0.14327573083621262, 'init_alpha_dot_std': 0.17437361638528734, 'pwm_limit': 149.0927291839296, 'pwm_gain': 1.0036740753405609, 'pwm_bias': 0.011437359267221404, 'pwm_deadzone': 0.9059479532918873, 'pwm_noise_sigma': 0.15931283223244516, 'actuator_tau': 0.00287929876496824, 'action_delay_steps': 0, 'theta_bias': 0.0002952593215069337, 'alpha_bias': -0.00036725057040668175, 'theta_sigma': 0.0003225481885229356, 'alpha_sigma': 0.0012767529435282054, 'theta_dot_sigma': 0.003301742019090168, 'alpha_dot_sigma': 0.05406486212691123, 'encoder_quantization_rad': 3.525728416000116e-05, 'velocity_lpf': 0.25, 'process_theta_dot_sigma': 0.0, 'process_alpha_dot_sigma': 0.0}"
2644603,2,randomization_0.10,0.1,"{'level': 0.1, 'physical': {'g': 9.801646368440116, 'c_theta': 0.03024419832112283, 'c_alpha': 0.00108829099640387, 'k_t': 0.23058289712416605, 'k_b': 0.19169746071652155, 'k_u': 0.04779263165356315, 'R': 4.35581178771511, 'm1': 0.2103259059221488, 'm2': 0.1597139436868939, 'l1cg': 0.07942642662998955, 'l1': 0.1520037486890933, 'l2cg': 0.06687137297523252, 'I1z': 0.00048806113292032137, 'I2x': 0.0003708335822330023, 'I2y': 2.3037108107748546e-05, 'I2z': 0.00035102512742703223}, 'init_theta_std_deg': 4.729559651982527, 'init_alpha_std_deg': 8.690321016383711, 'init_theta_dot_std': 0.03291589222306099, 'init_alpha_dot_std': 0.08384491837784519, 'pwm_limit': 147.31932805997062, 'pwm_gain': 0.9920168965674795, 'pwm_bias': -0.23529243167239466, 'pwm_deadzone': 0.7045057474362328, 'pwm_noise_sigma': 0.0963928396851746, 'actuator_tau': 0.0018286146590509437, 'action_delay_steps': 0, 'theta_bias': 0.00022600363042907246, 'alpha_bias': -0.0007368595502235744, 'theta_sigma': 0.0002733514902016054, 'alpha_sigma': 0.0003768652266203052, 'theta_dot_sigma': 0.0005238767944454447, 'alpha_dot_sigma': 0.05417771731029481, 'encoder_quantization_rad': 0.00014785443026697043, 'velocity_lpf': 0.25, 'process_theta_dot_sigma': 0.0, 'process_alpha_dot_sigma': 0.0}"
2646603,2,randomization_0.10,0.1,"{'level': 0.1, 'physical': {'g': 9.791867522602196, 'c_theta': 0.030124759936064168, 'c_alpha': 0.0009863452659736518, 'k_t': 0.23454186342174535, 'k_b': 0.189085892323997, 'k_u': 0.048127862753023165, 'R': 4.314798281444543, 'm1': 0.2020208978816343, 'm2': 0.16032141799484453, 'l1cg': 0.07935503842138639, 'l1': 0.1516938674859878, 'l2cg': 0.06819995741811041, 'I1z': 0.00048132345578430616, 'I2x': 0.0003705582324843191, 'I2y': 2.476015838853039e-05, 'I2z': 0.0003730416605337503}, 'init_theta_std_deg': 5.445671776996842, 'init_alpha_std_deg': 8.547069888953345, 'init_theta_dot_std': 0.1268093518077142, 'init_alpha_dot_std': 0.1603901562077471, 'pwm_limit': 147.97422124605558, 'pwm_gain': 0.9981369480434735, 'pwm_bias': 0.29955985665887763, 'pwm_deadzone': 0.5797896032649094, 'pwm_noise_sigma': 0.1592108673907883, 'actuator_tau': 0.0008002611868501536, 'action_delay_steps': 0, 'theta_bias': 0.0009068650189121959, 'alpha_bias': -0.0005245918692276192, 'theta_sigma': 0.00019213696001843948, 'alpha_sigma': 0.00037502138570736477, 'theta_dot_sigma': 0.0036864602816173994, 'alpha_dot_sigma': 0.052397060189589804, 'encoder_quantization_rad': 8.219198483363166e-05, 'velocity_lpf': 0.25, 'process_theta_dot_sigma': 0.0, 'process_alpha_dot_sigma': 0.0}"
2648603,2,randomization_0.10,0.1,"{'level': 0.1, 'physical': {'g': 9.840578630374507, 'c_theta': 0.02454663725138737, 'c_alpha': 0.0010698555813240447, 'k_t': 0.2279784875363742, 'k_b': 0.18836056775250198, 'k_u': 0.04828695030469466, 'R': 4.222599466172273, 'm1': 0.20758592526037234, 'm2': 0.1591168093670483, 'l1cg': 0.08091812760246721, 'l1': 0.15200008109691976, 'l2cg': 0.06648558035859331, 'I1z': 0.0005181911711485205, 'I2x': 0.00037488837440625413, 'I2y': 2.5353886596122686e-05, 'I2z': 0.00037075422220898493}, 'init_theta_std_deg': 4.996224713880123, 'init_alpha_std_deg': 8.08169079664196, 'init_theta_dot_std': 0.1495850071545513, 'init_alpha_dot_std': 0.10869071446430185, 'pwm_limit': 148.17664816417042, 'pwm_gain': 0.9961746343254501, 'pwm_bias': 0.2385621557140251, 'pwm_deadzone': 0.599372714794376, 'pwm_noise_sigma': 0.10439977763127505, 'actuator_tau': 0.0011865429914718127, 'action_delay_steps': 0, 'theta_bias': 0.0004251073787204416, 'alpha_bias': -0.0009294118921246171, 'theta_sigma': 0.00027491094266043746, 'alpha_sigma': 0.0018439918747355031, 'theta_dot_sigma': 0.030945004450318416, 'alpha_dot_sigma': 0.05314104136906128, 'encoder_quantization_rad': 8.975940330252634e-05, 'velocity_lpf': 0.25, 'process_theta_dot_sigma': 0.0, 'process_alpha_dot_sigma': 0.0}"
2650603,2,randomization_0.10,0.1,"{'level': 0.1, 'physical': {'g': 9.778338825546701, 'c_theta': 0.027992242268703074, 'c_alpha': 0.0012917113210839065, 'k_t': 0.23103559529741166, 'k_b': 0.1912323331797864, 'k_u': 0.048105396907325376, 'R': 4.256976568910785, 'm1': 0.20123513984819283, 'm2': 0.16034176006598502, 'l1cg': 0.08143564248171797, 'l1': 0.15164990264760575, 'l2cg': 0.06620521366138366, 'I1z': 0.0005135725956390274, 'I2x': 0.00036710030313818077, 'I2y': 2.251989230426633e-05, 'I2z': 0.00038334719538198606}, 'init_theta_std_deg': 5.349424540030021, 'init_alpha_std_deg': 8.514952066066083, 'init_theta_dot_std': 0.06304681207627563, 'init_alpha_dot_std': 0.0014947942872279574, 'pwm_limit': 147.98065685745163, 'pwm_gain': 0.998399259093115, 'pwm_bias': -0.2166554201537707, 'pwm_deadzone': 0.4780860680951329, 'pwm_noise_sigma': 0.0800313963169515, 'actuator_tau': 0.00011560181564531136, 'action_delay_steps': 0, 'theta_bias': 0.00037670907391812604, 'alpha_bias': 0.00015334311698966908, 'theta_sigma': 0.0005165369844472715, 'alpha_sigma': 0.0016783335775872553, 'theta_dot_sigma': 0.003747963479703567, 'alpha_dot_sigma': 0.0366874995960638, 'encoder_quantization_rad': 6.93168295985965e-05, 'velocity_lpf': 0.25, 'process_theta_dot_sigma': 0.0, 'process_alpha_dot_sigma': 0.0}"
2652603,2,randomization_0.10,0.1,"{'level': 0.1, 'physical': {'g': 9.801405257414782, 'c_theta': 0.030353393553895054, 'c_alpha': 0.001232688191144231, 'k_t': 0.22747720921943898, 'k_b': 0.18571321819569103, 'k_u': 0.04746868152980904, 'R': 4.2051643611974, 'm1': 0.20881591180340092, 'm2': 0.15911301884108428, 'l1cg': 0.08118917645143335, 'l1': 0.15058451961982988, 'l2cg': 0.06628457503368443, 'I1z': 0.0005091961243476599, 'I2x': 0.00037052857437756137, 'I2y': 2.273186283530382e-05, 'I2z': 0.00037182841615256975}, 'init_theta_std_deg': 4.900512089384737, 'init_alpha_std_deg': 7.8162628291494824, 'init_theta_dot_std': 0.022567886160572398, 'init_alpha_dot_std': 0.11403217565708693, 'pwm_limit': 147.0575784112099, 'pwm_gain': 0.9944063726364972, 'pwm_bias': 0.02247828314270981, 'pwm_deadzone': 0.971042143022389, 'pwm_noise_sigma': 0.08454518185905265, 'actuator_tau': 0.0021523905807007237, 'action_delay_steps': 0, 'theta_bias': -0.00043532733615605525, 'alpha_bias': -0.0008512394028935739, 'theta_sigma': 0.00020046279785431156, 'alpha_sigma': 0.0003713991432711037, 'theta_dot_sigma': 0.002488658598621857, 'alpha_dot_sigma': 0.01565893673818729, 'encoder_quantization_rad': 6.291024160170778e-06, 'velocity_lpf': 0.25, 'process_theta_dot_sigma': 0.0, 'process_alpha_dot_sigma': 0.0}"
2654603,2,randomization_0.10,0.1,"{'level': 0.1, 'physical': {'g': 9.837172942641805, 'c_theta': 0.0233050086309905, 'c_alpha': 0.0011440152706308757, 'k_t': 0.22882360347128172, 'k_b': 0.18474250876197845, 'k_u': 0.04660137453576427, 'R': 4.338787832720683, 'm1': 0.2111509493727036, 'm2': 0.15700892407880704, 'l1cg': 0.0809478153847122, 'l1': 0.15039111537230043, 'l2cg': 0.06636548475945103, 'I1z': 0.0005109115811467049, 'I2x': 0.00037513035056815854, 'I2y': 2.2978778766540915e-05, 'I2z': 0.00037654679279553984}, 'init_theta_std_deg': 4.795878756380182, 'init_alpha_std_deg': 8.206220863009111, 'init_theta_dot_std': 0.13993657600343035, 'init_alpha_dot_std': 0.24055805909951633, 'pwm_limit': 150.17822231494898, 'pwm_gain': 1.0063540363068473, 'pwm_bias': 0.20968728378394585, 'pwm_deadzone': 0.13343904735950607, 'pwm_noise_sigma': 0.002472384137257744, 'actuator_tau': 0.000274347643326194, 'action_delay_steps': 0, 'theta_bias': 0.0005786004999298042, 'alpha_bias': 0.0011026882774856854, 'theta_sigma': 0.0003943351027053588, 'alpha_sigma': 0.0010220437296386007, 'theta_dot_sigma': 0.01194455675275523, 'alpha_dot_sigma': 0.00654446307998952, 'encoder_quantization_rad': 0.00011823181144434406, 'velocity_lpf': 0.25, 'process_theta_dot_sigma': 0.0, 'process_alpha_dot_sigma': 0.0}"
2656603,2,randomization_0.10,0.1,"{'level': 0.1, 'physical': {'g': 9.764460230926224, 'c_theta': 0.025575108367175303, 'c_alpha': 0.00099161305647642, 'k_t': 0.23591826864651963, 'k_b': 0.1889460612696483, 'k_u': 0.04600658000758955, 'R': 4.309149885294857, 'm1': 0.20372562524689716, 'm2': 0.15986842966717893, 'l1cg': 0.07953336516407496, 'l1': 0.15051177155556253, 'l2cg': 0.06547981486753221, 'I1z': 0.0004939975951773597, 'I2x': 0.00036522837426219626, 'I2y': 2.2563674818263678e-05, 'I2z': 0.00036390724835232136}, 'init_theta_std_deg': 5.145489137941212, 'init_alpha_std_deg': 8.368252928514448, 'init_theta_dot_std': 0.029034854980163727, 'init_alpha_dot_std': 0.0004993308679825115, 'pwm_limit': 148.44618114776597, 'pwm_gain': 0.9996926543417811, 'pwm_bias': -0.04444755094776447, 'pwm_deadzone': 0.5016249679022985, 'pwm_noise_sigma': 0.10383126309695925, 'actuator_tau': 0.0007531235968486747, 'action_delay_steps': 0, 'theta_bias': -9.25486410707983e-05, 'alpha_bias': -0.0008612680768280119, 'theta_sigma': 0.0005013247957220849, 'alpha_sigma': 0.0013436904706622876, 'theta_dot_sigma': 0.031578021820727616, 'alpha_dot_sigma': 0.020376894458527407, 'encoder_quantization_rad': 0.00012905878603801184, 'velocity_lpf': 0.25, 'process_theta_dot_sigma': 0.0, 'process_alpha_dot_sigma': 0.0}"
2658603,2,randomization_0.10,0.1,"{'level': 0.1, 'physical': {'g': 9.775056605953967, 'c_theta': 0.023736348409062028, 'c_alpha': 0.00112747292974739, 'k_t': 0.2257089464020835, 'k_b': 0.18593159099724615, 'k_u': 0.046042748638993936, 'R': 4.294055310055553, 'm1': 0.20576201969181623, 'm2': 0.15882095860212006, 'l1cg': 0.08103190566493573, 'l1': 0.1512407120127397, 'l2cg': 0.06542062395864555, 'I1z': 0.0004783791072864345, 'I2x': 0.00037213858618975813, 'I2y': 2.447956024949414e-05, 'I2z': 0.0003517678716906947}, 'init_theta_std_deg': 4.716890379728377, 'init_alpha_std_deg': 8.487337362932166, 'init_theta_dot_std': 0.09118287557569509, 'init_alpha_dot_std': 0.05203189939745806, 'pwm_limit': 150.4713568067319, 'pwm_gain': 1.005967256165125, 'pwm_bias': 0.03281883020346115, 'pwm_deadzone': 0.9436701506765112, 'pwm_noise_sigma': 0.012679302089955692, 'actuator_tau': 0.0009144040691467238, 'action_delay_steps': 0, 'theta_bias': -0.0001309281352231153, 'alpha_bias': 0.000143775964832044, 'theta_sigma': 0.00041929872602361, 'alpha_sigma': 0.0008268427842389015, 'theta_dot_sigma': 0.024841783829641008, 'alpha_dot_sigma': 0.013847097099072456, 'encoder_quantization_rad': 3.149704054587395e-05, 'velocity_lpf': 0.25, 'process_theta_dot_sigma': 0.0, 'process_alpha_dot_sigma': 0.0}"
2660603,2,randomization_0.10,0.1,"{'level': 0.1, 'physical': {'g': 9.82605237215574, 'c_theta': 0.027824684691919413, 'c_alpha': 0.0009837219343225242, 'k_t': 0.22572710355167216, 'k_b': 0.19161154876925157, 'k_u': 0.04583880166476619, 'R': 4.2563163807585855, 'm1': 0.2062007987848072, 'm2': 0.15646477751731377, 'l1cg': 0.08120111115686678, 'l1': 0.15125781405850885, 'l2cg': 0.06609800467412995, 'I1z': 0.0004703396167600654, 'I2x': 0.0003739935137239332, 'I2y': 2.4504457444637584e-05, 'I2z': 0.00035747316261802335}, 'init_theta_std_deg': 5.433060297424607, 'init_alpha_std_deg': 8.57815480146967, 'init_theta_dot_std': 0.11512148441256623, 'init_alpha_dot_std': 0.06005586633735405, 'pwm_limit': 148.42011422536783, 'pwm_gain': 0.9983799860871412, 'pwm_bias': -0.14006072919782797, 'pwm_deadzone': 0.3076906257629246, 'pwm_noise_sigma': 0.11961749042306175, 'actuator_tau': 0.0021298531683777507, 'action_delay_steps': 0, 'theta_bias': -9.375032078833101e-05, 'alpha_bias': -0.00017553803478268632, 'theta_sigma': 4.945855661573831e-05, 'alpha_sigma': 0.0003393150875139344, 'theta_dot_sigma': 0.01862831302425126, 'alpha_dot_sigma': 0.025948983659363635, 'encoder_quantization_rad': 0.00011545394617971342, 'velocity_lpf': 0.25, 'process_theta_dot_sigma': 0.0, 'process_alpha_dot_sigma': 0.0}"
2662603,2,randomization_0.10,0.1,"{'level': 0.1, 'physical': {'g': 9.793050381980851, 'c_theta': 0.025699935126143506, 'c_alpha': 0.001084856949285335, 'k_t': 0.23470364743301964, 'k_b': 0.18657145625199933, 'k_u': 0.04669586608348086, 'R': 4.334932446875365, 'm1': 0.20414694599520994, 'm2': 0.15687651909020967, 'l1cg': 0.07997514328389828, 'l1': 0.1522992186328222, 'l2cg': 0.06622778789113065, 'I1z': 0.000496899080416845, 'I2x': 0.0003656179008693981, 'I2y': 2.4123424647810557e-05, 'I2z': 0.0003697667194032866}, 'init_theta_std_deg': 4.900662650466464, 'init_alpha_std_deg': 7.935817828157754, 'init_theta_dot_std': 0.13118137538819238, 'init_alpha_dot_std': 0.13142578198167845, 'pwm_limit': 148.21430902249244, 'pwm_gain': 1.0006582724906752, 'pwm_bias': -0.10842729502177671, 'pwm_deadzone': 0.5421467410566705, 'pwm_noise_sigma': 0.1828392248010139, 'actuator_tau': 0.00014572118956614766, 'action_delay_steps': 0, 'theta_bias': 0.000560706293721238, 'alpha_bias': -0.0009740066243920695, 'theta_sigma': 0.00032672460212683225, 'alpha_sigma': 0.0011732871975352202, 'theta_dot_sigma': 0.020765940734093047, 'alpha_dot_sigma': 0.005596797654971444, 'encoder_quantization_rad': 0.00010605897654702698, 'velocity_lpf': 0.25, 'process_theta_dot_sigma': 0.0, 'process_alpha_dot_sigma': 0.0}"
2664603,2,randomization_0.10,0.1,"{'level': 0.1, 'physical': {'g': 9.765826237200258, 'c_theta': 0.026987280554557836, 'c_alpha': 0.0013298349044521315, 'k_t': 0.22775922337154397, 'k_b': 0.19123980463511492, 'k_u': 0.046265604755759214, 'R': 4.2184348672134195, 'm1': 0.20551095806864442, 'm2': 0.15712711641977564, 'l1cg': 0.08027844265034573, 'l1': 0.15175808988064945, 'l2cg': 0.06571221835046552, 'I1z': 0.0004818416777904057, 'I2x': 0.0003656810977557337, 'I2y': 2.4023396200991564e-05, 'I2z': 0.0003639588355176614}, 'init_theta_std_deg': 5.160469228411925, 'init_alpha_std_deg': 8.369624029291202, 'init_theta_dot_std': 0.1397852531905692, 'init_alpha_dot_std': 0.01028377570064895, 'pwm_limit': 148.80027146635507, 'pwm_gain': 0.9996617616901434, 'pwm_bias': 0.1251083989563928, 'pwm_deadzone': 0.9013493186947381, 'pwm_noise_sigma': 0.05573736937747889, 'actuator_tau': 0.0012477196571052417, 'action_delay_steps': 0, 'theta_bias': -0.000970482465508687, 'alpha_bias': -0.001169533946235865, 'theta_sigma': 0.00022762613377913548, 'alpha_sigma': 0.0012284329888961642, 'theta_dot_sigma': 0.009017562691657096, 'alpha_dot_sigma': 0.007427163169944537, 'encoder_quantization_rad': 4.233236789202036e-05, 'velocity_lpf': 0.25, 'process_theta_dot_sigma': 0.0, 'process_alpha_dot_sigma': 0.0}"
2666603,2,randomization_0.10,0.1,"{'level': 0.1, 'physical': {'g': 9.767564812009638, 'c_theta': 0.029898901351149518, 'c_alpha': 0.001325277081318125, 'k_t': 0.2329238284934281, 'k_b': 0.18911090079789808, 'k_u': 0.04679255911626774, 'R': 4.275455095970855, 'm1': 0.2030608411620029, 'm2': 0.1567406552930493, 'l1cg': 0.08011890297133151, 'l1': 0.15199813734527282, 'l2cg': 0.0666769671230842, 'I1z': 0.0004705019517375471, 'I2x': 0.00037465435005442624, 'I2y': 2.3822979782542316e-05, 'I2z': 0.0003836348567556672}, 'init_theta_std_deg': 4.968908473706934, 'init_alpha_std_deg': 7.941234160285348, 'init_theta_dot_std': 0.1423194766985014, 'init_alpha_dot_std': 0.014614491999202034, 'pwm_limit': 149.5733094635231, 'pwm_gain': 1.0067177516729737, 'pwm_bias': 0.01768407636087126, 'pwm_deadzone': 0.2838915175036888, 'pwm_noise_sigma': 0.04892062483751676, 'actuator_tau': 0.002407058109657628, 'action_delay_steps': 0, 'theta_bias': 0.0008975213643034255, 'alpha_bias': 0.0009072513576229623, 'theta_sigma': 0.00014769766041906874, 'alpha_sigma': 0.0007674558865340513, 'theta_dot_sigma': 0.03156406130460695, 'alpha_dot_sigma': 0.024779363551269935, 'encoder_quantization_rad': 8.779409736841816e-05, 'velocity_lpf': 0.25, 'process_theta_dot_sigma': 0.0, 'process_alpha_dot_sigma': 0.0}"
2668603,2,randomization_0.10,0.1,"{'level': 0.1, 'physical': {'g': 9.786045296337727, 'c_theta': 0.02398984741268923, 'c_alpha': 0.0009265097656889704, 'k_t': 0.22880228629866534, 'k_b': 0.18332367763031657, 'k_u': 0.04756074344973496, 'R': 4.382094929857618, 'm1': 0.21077199114807027, 'm2': 0.15743673836335653, 'l1cg': 0.08092187442062358, 'l1': 0.1505213332338235, 'l2cg': 0.0682260495670611, 'I1z': 0.0005163953177355223, 'I2x': 0.0003645908719988052, 'I2y': 2.5292208597456875e-05, 'I2z': 0.0003893193572666458}, 'init_theta_std_deg': 5.482014628107124, 'init_alpha_std_deg': 7.752410874649003, 'init_theta_dot_std': 0.11211077006985704, 'init_alpha_dot_std': 0.18128849891592763, 'pwm_limit': 149.8263365833115, 'pwm_gain': 0.9990014797857881, 'pwm_bias': -0.042743829471655476, 'pwm_deadzone': 0.2911503433038568, 'pwm_noise_sigma': 0.07062396079998949, 'actuator_tau': 0.0010918330244142902, 'action_delay_steps': 0, 'theta_bias': -0.0006619379224274349, 'alpha_bias': 3.30379686214017e-05, 'theta_sigma': 9.15251692986757e-05, 'alpha_sigma': 0.0016842724460187065, 'theta_dot_sigma': 0.000793120251069953, 'alpha_dot_sigma': 0.013716323274931951, 'encoder_quantization_rad': 0.0001414415821650897, 'velocity_lpf': 0.25, 'process_theta_dot_sigma': 0.0, 'process_alpha_dot_sigma': 0.0}"
2670603,2,randomization_0.10,0.1,"{'level': 0.1, 'physical': {'g': 9.76227166274853, 'c_theta': 0.024012281590854043, 'c_alpha': 0.0009871465984900064, 'k_t': 0.22949082879833477, 'k_b': 0.18683625163374015, 'k_u': 0.04766400438348344, 'R': 4.259056709813985, 'm1': 0.21060333692768288, 'm2': 0.15740171650613932, 'l1cg': 0.08028377735383498, 'l1': 0.1518073684273382, 'l2cg': 0.06744957858067396, 'I1z': 0.0005040246811575349, 'I2x': 0.00036899254720686885, 'I2y': 2.5333681541891218e-05, 'I2z': 0.0003478016976250996}, 'init_theta_std_deg': 4.973467065062873, 'init_alpha_std_deg': 8.493206592587725, 'init_theta_dot_std': 0.00708707081856213, 'init_alpha_dot_std': 0.07632971238273181, 'pwm_limit': 149.56529916121792, 'pwm_gain': 0.9928665679597978, 'pwm_bias': 0.11487996957530688, 'pwm_deadzone': 0.5307388101568967, 'pwm_noise_sigma': 0.1760875194128059, 'actuator_tau': 0.0018703985961271655, 'action_delay_steps': 0, 'theta_bias': 0.00038402913637502144, 'alpha_bias': 0.0010297280729960375, 'theta_sigma': 0.0003376431600547045, 'alpha_sigma': 0.0002366544337145624, 'theta_dot_sigma': 0.02737617864206697, 'alpha_dot_sigma': 0.04286028792838092, 'encoder_quantization_rad': 5.508345854326042e-05, 'velocity_lpf': 0.25, 'process_theta_dot_sigma': 0.0, 'process_alpha_dot_sigma': 0.0}"
2672603,2,randomization_0.10,0.1,"{'level': 0.1, 'physical': {'g': 9.761948694310325, 'c_theta': 0.03123499297413341, 'c_alpha': 0.0009573189707492469, 'k_t': 0.2255203890225007, 'k_b': 0.1874334016595152, 'k_u': 0.04692033518411607, 'R': 4.34144381553254, 'm1': 0.20654053226642902, 'm2': 0.16013515363890482, 'l1cg': 0.079165284053156, 'l1': 0.1515741556885126, 'l2cg': 0.06546125905158698, 'I1z': 0.0005117906387370973, 'I2x': 0.0003737715777522039, 'I2y': 2.4144752110753347e-05, 'I2z': 0.00034661026771191065}, 'init_theta_std_deg': 4.956024579472329, 'init_alpha_std_deg': 8.657357870085004, 'init_theta_dot_std': 0.06818413076718528, 'init_alpha_dot_std': 0.04193503896835371, 'pwm_limit': 148.34793058855362, 'pwm_gain': 0.99522637955725, 'pwm_bias': -0.2376536542641958, 'pwm_deadzone': 0.6628129738784289, 'pwm_noise_sigma': 0.14608079966989382, 'actuator_tau': 0.0012001178682724775, 'action_delay_steps': 0, 'theta_bias': -0.0007758807439744948, 'alpha_bias': 0.0002122860129499378, 'theta_sigma': 0.00021642461254359443, 'alpha_sigma': 0.0011566073036522505, 'theta_dot_sigma': 0.0034232868594236765, 'alpha_dot_sigma': 0.05720666727652079, 'encoder_quantization_rad': 0.0001293554550604988, 'velocity_lpf': 0.25, 'process_theta_dot_sigma': 0.0, 'process_alpha_dot_sigma': 0.0}"
2674603,2,randomization_0.10,0.1,"{'level': 0.1, 'physical': {'g': 9.825457701232287, 'c_theta': 0.031107053584424352, 'c_alpha': 0.0011419675885099918, 'k_t': 0.23376679842755616, 'k_b': 0.19113648933982158, 'k_u': 0.04707105342171283, 'R': 4.2243345780389125, 'm1': 0.20404967697426407, 'm2': 0.1597467018527869, 'l1cg': 0.07918904656762815, 'l1': 0.15166645650938754, 'l2cg': 0.0652530302420019, 'I1z': 0.0004981763893893382, 'I2x': 0.00037468503566001876, 'I2y': 2.3304926675992152e-05, 'I2z': 0.00037758892680575014}, 'init_theta_std_deg': 4.849099801507852, 'init_alpha_std_deg': 8.10587937282608, 'init_theta_dot_std': 0.07885166628807799, 'init_alpha_dot_std': 0.13105426505063744, 'pwm_limit': 148.76986563140525, 'pwm_gain': 1.0038504407982638, 'pwm_bias': 0.16220048447122012, 'pwm_deadzone': 0.9468262876883012, 'pwm_noise_sigma': 0.04326228396172249, 'actuator_tau': 0.0018210041114730866, 'action_delay_steps': 0, 'theta_bias': -0.0001446985977398263, 'alpha_bias': -0.00020117186370117716, 'theta_sigma': 0.0005049512949074291, 'alpha_sigma': 0.0016631461631833554, 'theta_dot_sigma': 0.03390465482360509, 'alpha_dot_sigma': 0.011499921767519877, 'encoder_quantization_rad': 5.922272267508435e-05, 'velocity_lpf': 0.25, 'process_theta_dot_sigma': 0.0, 'process_alpha_dot_sigma': 0.0}"
2676603,2,randomization_0.10,0.1,"{'level': 0.1, 'physical': {'g': 9.752283050919294, 'c_theta': 0.02381800911422395, 'c_alpha': 0.0010292144732253902, 'k_t': 0.23453660828113929, 'k_b': 0.18913374077426748, 'k_u': 0.047996336288744466, 'R': 4.300862127237289, 'm1': 0.20596088443475488, 'm2': 0.16035481386079695, 'l1cg': 0.07923647091181982, 'l1': 0.15334003136258947, 'l2cg': 0.06605776349450017, 'I1z': 0.00047219889625713763, 'I2x': 0.00037258849838238867, 'I2y': 2.4391030579540535e-05, 'I2z': 0.00037910073450356474}, 'init_theta_std_deg': 5.357944963333937, 'init_alpha_std_deg': 8.137142309340586, 'init_theta_dot_std': 0.05369515451892229, 'init_alpha_dot_std': 0.05767734395202467, 'pwm_limit': 150.60259673493255, 'pwm_gain': 1.0042495768219788, 'pwm_bias': 0.1797083891384717, 'pwm_deadzone': 0.7030347585667509, 'pwm_noise_sigma': 0.08795128790784533, 'actuator_tau': 0.0022004153716794882, 'action_delay_steps': 0, 'theta_bias': -8.331926427124925e-05, 'alpha_bias': 0.0011930745261378892, 'theta_sigma': 0.0001972366459018793, 'alpha_sigma': 0.000631368080678932, 'theta_dot_sigma': 0.0017992662208201403, 'alpha_dot_sigma': 0.006101832531417199, 'encoder_quantization_rad': 7.764941498768944e-05, 'velocity_lpf': 0.25, 'process_theta_dot_sigma': 0.0, 'process_alpha_dot_sigma': 0.0}"
2678603,2,randomization_0.10,0.1,"{'level': 0.1, 'physical': {'g': 9.801868394591015, 'c_theta': 0.025502142870247407, 'c_alpha': 0.0012440608729868345, 'k_t': 0.22946264649962406, 'k_b': 0.18980547384887075, 'k_u': 0.04831114777383738, 'R': 4.358226743837635, 'm1': 0.20921886644368828, 'm2': 0.15987668475008415, 'l1cg': 0.08122579716772735, 'l1': 0.1507133011444262, 'l2cg': 0.06569163995639252, 'I1z': 0.0004874045198026868, 'I2x': 0.00037217267796505, 'I2y': 2.4567763041249753e-05, 'I2z': 0.0003674427597501908}, 'init_theta_std_deg': 5.383989657981484, 'init_alpha_std_deg': 8.795233183777869, 'init_theta_dot_std': 0.13634314723196117, 'init_alpha_dot_std': 0.0017902617827304512, 'pwm_limit': 148.05254740575998, 'pwm_gain': 0.9920283483644281, 'pwm_bias': -0.08182025401946191, 'pwm_deadzone': 0.20642551300216405, 'pwm_noise_sigma': 0.024680696740287857, 'actuator_tau': 0.0018680308342856242, 'action_delay_steps': 0, 'theta_bias': 0.0009696520602206527, 'alpha_bias': 0.00037479308994913365, 'theta_sigma': 0.00020055646797056904, 'alpha_sigma': 0.0013380854481809961, 'theta_dot_sigma': 0.015177415084351008, 'alpha_dot_sigma': 0.04541724079135814, 'encoder_quantization_rad': 2.9932860228349837e-05, 'velocity_lpf': 0.25, 'process_theta_dot_sigma': 0.0, 'process_alpha_dot_sigma': 0.0}"
2680603,2,randomization_0.10,0.1,"{'level': 0.1, 'physical': {'g': 9.813838968537317, 'c_theta': 0.025755892953585588, 'c_alpha': 0.001232225804691627, 'k_t': 0.22541818224618054, 'k_b': 0.1861442288337545, 'k_u': 0.04828588319184367, 'R': 4.207982149119472, 'm1': 0.20984039472239918, 'm2': 0.16036476677407321, 'l1cg': 0.08119566798896967, 'l1': 0.1526327394812858, 'l2cg': 0.06806824016545616, 'I1z': 0.0005047536584094503, 'I2x': 0.00036918841495689215, 'I2y': 2.4363575854773395e-05, 'I2z': 0.0003754790828007354}, 'init_theta_std_deg': 4.709700058381604, 'init_alpha_std_deg': 8.00033903484004, 'init_theta_dot_std': 0.023888622136226657, 'init_alpha_dot_std': 0.10087536070789363, 'pwm_limit': 150.33659692636078, 'pwm_gain': 0.9928435200555844, 'pwm_bias': -0.1291658011195053, 'pwm_deadzone': 0.2901910172569431, 'pwm_noise_sigma': 0.1970576248760891, 'actuator_tau': 0.0005671383319750836, 'action_delay_steps': 0, 'theta_bias': 0.00019854259527198414, 'alpha_bias': -0.0006184510982532602, 'theta_sigma': 0.00018359037283606608, 'alpha_sigma': 0.00019239091009299613, 'theta_dot_sigma': 0.01716210935205059, 'alpha_dot_sigma': 0.05299194043816488, 'encoder_quantization_rad': 0.0001459469223266103, 'velocity_lpf': 0.25, 'process_theta_dot_sigma': 0.0, 'process_alpha_dot_sigma': 0.0}"
2682603,2,randomization_0.10,0.1,"{'level': 0.1, 'physical': {'g': 9.846484910832896, 'c_theta': 0.030839158762382846, 'c_alpha': 0.0012138132768408892, 'k_t': 0.2254716722893109, 'k_b': 0.1846556454538514, 'k_u': 0.04824935412050764, 'R': 4.3921756064424775, 'm1': 0.2109562345031505, 'm2': 0.1596973640677514, 'l1cg': 0.08003934417222144, 'l1': 0.15266266494157746, 'l2cg': 0.06627198105096005, 'I1z': 0.000519313157516116, 'I2x': 0.00036436345183262154, 'I2y': 2.3731451810275364e-05, 'I2z': 0.00038224964872487545}, 'init_theta_std_deg': 5.264818474627733, 'init_alpha_std_deg': 8.214666898748767, 'init_theta_dot_std': 0.09132232192761919, 'init_alpha_dot_std': 0.07784739774663446, 'pwm_limit': 147.87981766039616, 'pwm_gain': 0.9973369854823819, 'pwm_bias': 0.3738771150491951, 'pwm_deadzone': 0.5285704004405432, 'pwm_noise_sigma': 0.04955197638426032, 'actuator_tau': 0.0013110830811710113, 'action_delay_steps': 0, 'theta_bias': 0.00025466019593041846, 'alpha_bias': -0.00022596060708783618, 'theta_sigma': 0.00012184696074445361, 'alpha_sigma': 5.9523818047483525e-05, 'theta_dot_sigma': 0.013161250846322189, 'alpha_dot_sigma': 0.028515123914341644, 'encoder_quantization_rad': 8.374575974804886e-05, 'velocity_lpf': 0.25, 'process_theta_dot_sigma': 0.0, 'process_alpha_dot_sigma': 0.0}"
2684603,2,randomization_0.10,0.1,"{'level': 0.1, 'physical': {'g': 9.816121226312278, 'c_theta': 0.03109090727444458, 'c_alpha': 0.0012005911981495517, 'k_t': 0.22986488171187383, 'k_b': 0.18307167649041453, 'k_u': 0.04823018314352723, 'R': 4.275868835233008, 'm1': 0.20838028717758733, 'm2': 0.15926141268709404, 'l1cg': 0.07952208267851375, 'l1': 0.15183724638289073, 'l2cg': 0.06524234598612444, 'I1z': 0.0004883730487201951, 'I2x': 0.00036513986993368705, 'I2y': 2.4887075630595063e-05, 'I2z': 0.00034882156379692475}, 'init_theta_std_deg': 5.294695766858114, 'init_alpha_std_deg': 8.666493094539872, 'init_theta_dot_std': 0.07744525440261048, 'init_alpha_dot_std': 0.23644430264616287, 'pwm_limit': 150.15872708716324, 'pwm_gain': 0.9998974615971419, 'pwm_bias': 0.10717574929096774, 'pwm_deadzone': 0.6608216193423929, 'pwm_noise_sigma': 0.07285930028163064, 'actuator_tau': 0.0021508424227858767, 'action_delay_steps': 0, 'theta_bias': -0.0009902583955057123, 'alpha_bias': -0.0003150705456784354, 'theta_sigma': 0.0002855334184764877, 'alpha_sigma': 0.0003469602992361691, 'theta_dot_sigma': 0.023901600026055226, 'alpha_dot_sigma': 0.025659443619970967, 'encoder_quantization_rad': 0.00010155752166881535, 'velocity_lpf': 0.25, 'process_theta_dot_sigma': 0.0, 'process_alpha_dot_sigma': 0.0}"
2686603,2,randomization_0.10,0.1,"{'level': 0.1, 'physical': {'g': 9.773375531558772, 'c_theta': 0.028739686621833127, 'c_alpha': 0.0012679062067196861, 'k_t': 0.2293832327253168, 'k_b': 0.1907634883099268, 'k_u': 0.04839216497379423, 'R': 4.375236356974755, 'm1': 0.2023225358201131, 'm2': 0.15625083345206414, 'l1cg': 0.08034973908818534, 'l1': 0.15062691518467267, 'l2cg': 0.06589302739447574, 'I1z': 0.00047769180619547586, 'I2x': 0.0003683989963587733, 'I2y': 2.4313214504319298e-05, 'I2z': 0.00037390914523564964}, 'init_theta_std_deg': 4.799312085518929, 'init_alpha_std_deg': 8.535786068276707, 'init_theta_dot_std': 0.07146358684056085, 'init_alpha_dot_std': 0.20696797793219127, 'pwm_limit': 150.59315267567314, 'pwm_gain': 1.003077559671617, 'pwm_bias': 0.04500685553741146, 'pwm_deadzone': 0.20096860932684246, 'pwm_noise_sigma': 0.11286617572674512, 'actuator_tau': 0.0016783694234841781, 'action_delay_steps': 0, 'theta_bias': -0.00014350880878206973, 'alpha_bias': -0.0005137357516469662, 'theta_sigma': 0.00020288832457518663, 'alpha_sigma': 0.0019884969688160566, 'theta_dot_sigma': 0.01738793092169968, 'alpha_dot_sigma': 0.024154352725476523, 'encoder_quantization_rad': 9.10370073711621e-05, 'velocity_lpf': 0.25, 'process_theta_dot_sigma': 0.0, 'process_alpha_dot_sigma': 0.0}"
2688603,2,randomization_0.10,0.1,"{'level': 0.1, 'physical': {'g': 9.774430916831566, 'c_theta': 0.02980273974253035, 'c_alpha': 0.0009377522140731286, 'k_t': 0.23550932006875383, 'k_b': 0.18317554484187437, 'k_u': 0.04757088042837314, 'R': 4.242404458446737, 'm1': 0.2059398442248727, 'm2': 0.15676291705296913, 'l1cg': 0.08056058855558783, 'l1': 0.1524156829123461, 'l2cg': 0.06817544273974865, 'I1z': 0.00047025180256488503, 'I2x': 0.0003712203442626769, 'I2y': 2.4922686318332088e-05, 'I2z': 0.0003612549643820463}, 'init_theta_std_deg': 5.308453581108736, 'init_alpha_std_deg': 8.709873969691872, 'init_theta_dot_std': 0.1474470510889968, 'init_alpha_dot_std': 0.13678962808878406, 'pwm_limit': 147.7351842605123, 'pwm_gain': 0.9939000314310358, 'pwm_bias': 0.09467399224058735, 'pwm_deadzone': 0.2005670156052436, 'pwm_noise_sigma': 0.009361039565327234, 'actuator_tau': 0.0029557643474245423, 'action_delay_steps': 0, 'theta_bias': -0.0007094914054297896, 'alpha_bias': -0.0003780208171653326, 'theta_sigma': 0.0005533880992002757, 'alpha_sigma': 0.00055962003924252, 'theta_dot_sigma': 0.013949082645563195, 'alpha_dot_sigma': 0.030208420571659515, 'encoder_quantization_rad': 5.4043225273222545e-05, 'velocity_lpf': 0.25, 'process_theta_dot_sigma': 0.0, 'process_alpha_dot_sigma': 0.0}"
2690603,2,randomization_0.10,0.1,"{'level': 0.1, 'physical': {'g': 9.821511364513935, 'c_theta': 0.024174141923183012, 'c_alpha': 0.0010547294887357035, 'k_t': 0.2286940069398407, 'k_b': 0.18905494460943667, 'k_u': 0.04599896122194637, 'R': 4.293131751217315, 'm1': 0.206687701655266, 'm2': 0.16055324868722162, 'l1cg': 0.07945777024198773, 'l1': 0.15149385936001936, 'l2cg': 0.06763062212850769, 'I1z': 0.0004988830155788622, 'I2x': 0.0003718560409435425, 'I2y': 2.3814599074265556e-05, 'I2z': 0.0003579681741888247}, 'init_theta_std_deg': 4.990208251355813, 'init_alpha_std_deg': 8.789663631236031, 'init_theta_dot_std': 0.0063990945141001844, 'init_alpha_dot_std': 0.2018713722203298, 'pwm_limit': 147.00546906679483, 'pwm_gain': 1.000407665670747, 'pwm_bias': -0.14016278041626018, 'pwm_deadzone': 0.3870654304897918, 'pwm_noise_sigma': 0.09256376248650906, 'actuator_tau': 5.156814833209378e-05, 'action_delay_steps': 0, 'theta_bias': 0.0009080675890768557, 'alpha_bias': -0.0004864569351303687, 'theta_sigma': 0.00043317484116342557, 'alpha_sigma': 4.76258489375021e-05, 'theta_dot_sigma': 0.006733289330359138, 'alpha_dot_sigma': 0.0059345901414606115, 'encoder_quantization_rad': 0.00012145951804259958, 'velocity_lpf': 0.25, 'process_theta_dot_sigma': 0.0, 'process_alpha_dot_sigma': 0.0}"
2692603,2,randomization_0.10,0.1,"{'level': 0.1, 'physical': {'g': 9.79634864509879, 'c_theta': 0.027392934764512263, 'c_alpha': 0.0009745833003970782, 'k_t': 0.22816779408552304, 'k_b': 0.18716852389089877, 'k_u': 0.046986336270214736, 'R': 4.295821856280496, 'm1': 0.2066143113168543, 'm2': 0.15726728315353494, 'l1cg': 0.0797237479534933, 'l1': 0.15059014004558857, 'l2cg': 0.06774926390014371, 'I1z': 0.000512037748317205, 'I2x': 0.00036956877901317376, 'I2y': 2.4397433635380408e-05, 'I2z': 0.00035427497156259103}, 'init_theta_std_deg': 5.184759072336239, 'init_alpha_std_deg': 8.188518151772046, 'init_theta_dot_std': 0.0729540361145679, 'init_alpha_dot_std': 0.05883961170045454, 'pwm_limit': 149.31214916194997, 'pwm_gain': 0.9909178126269236, 'pwm_bias': 0.36679165343703357, 'pwm_deadzone': 0.8241438370780121, 'pwm_noise_sigma': 0.13498694304194145, 'actuator_tau': 0.00257085561959238, 'action_delay_steps': 0, 'theta_bias': 0.0003535510062944589, 'alpha_bias': -0.00031029615489230596, 'theta_sigma': 0.0001386949194004305, 'alpha_sigma': 0.0017472564446404523, 'theta_dot_sigma': 0.016740822392536932, 'alpha_dot_sigma': 0.050230902304316, 'encoder_quantization_rad': 8.455512777667025e-05, 'velocity_lpf': 0.25, 'process_theta_dot_sigma': 0.0, 'process_alpha_dot_sigma': 0.0}"
2694603,2,randomization_0.10,0.1,"{'level': 0.1, 'physical': {'g': 9.837443598593318, 'c_theta': 0.025033623689357628, 'c_alpha': 0.0010310538712715771, 'k_t': 0.23262332644974865, 'k_b': 0.19035172098858372, 'k_u': 0.04652531860392482, 'R': 4.32272025799849, 'm1': 0.204118845882698, 'm2': 0.1585326432062079, 'l1cg': 0.08019855361642239, 'l1': 0.15092918336012784, 'l2cg': 0.06706219614546499, 'I1z': 0.000502081236962396, 'I2x': 0.00037275393450605156, 'I2y': 2.3436701443249683e-05, 'I2z': 0.00036999025830503833}, 'init_theta_std_deg': 5.058918056349213, 'init_alpha_std_deg': 8.411317024869653, 'init_theta_dot_std': 0.09531105208065266, 'init_alpha_dot_std': 0.1528080367742181, 'pwm_limit': 150.5265634366308, 'pwm_gain': 0.99841044652938, 'pwm_bias': 0.2574132813991716, 'pwm_deadzone': 0.02963555997215972, 'pwm_noise_sigma': 0.16285677086614475, 'actuator_tau': 0.002546866610023369, 'action_delay_steps': 0, 'theta_bias': -0.0009433583118999852, 'alpha_bias': 0.0002366180043918519, 'theta_sigma': 0.0004092055563808804, 'alpha_sigma': 0.0003010938393369718, 'theta_dot_sigma': 0.021841212679377078, 'alpha_dot_sigma': 0.0461936097955333, 'encoder_quantization_rad': 0.0001320610099465475, 'velocity_lpf': 0.25153744141961687, 'process_theta_dot_sigma': 0.0, 'process_alpha_dot_sigma': 0.0}"
2696603,2,randomization_0.10,0.1,"{'level': 0.1, 'physical': {'g': 9.84426728925525, 'c_theta': 0.02950420128431824, 'c_alpha': 0.0011031336924844212, 'k_t': 0.23674457119128992, 'k_b': 0.18552367634302164, 'k_u': 0.04794754358524884, 'R': 4.3759066361469765, 'm1': 0.2015353024312802, 'm2': 0.15951515814513367, 'l1cg': 0.08028826663022368, 'l1': 0.15039486000184427, 'l2cg': 0.06816562206870036, 'I1z': 0.0004908130694121862, 'I2x': 0.0003697275727542236, 'I2y': 2.441686020204948e-05, 'I2z': 0.0003816547562305478}, 'init_theta_std_deg': 5.144533375827181, 'init_alpha_std_deg': 7.808419913285502, 'init_theta_dot_std': 0.0892709109058111, 'init_alpha_dot_std': 0.07819299128076954, 'pwm_limit': 147.5773754178049, 'pwm_gain': 0.9957038491853473, 'pwm_bias': 0.28174354353205766, 'pwm_deadzone': 0.5869533932317339, 'pwm_noise_sigma': 0.0034318576611652944, 'actuator_tau': 0.0016619713441515705, 'action_delay_steps': 0, 'theta_bias': 0.00017349355164280868, 'alpha_bias': 0.0011532702344736114, 'theta_sigma': 0.0005573487721859851, 'alpha_sigma': 0.0008729882940298279, 'theta_dot_sigma': 0.009151764726097439, 'alpha_dot_sigma': 0.05855443461151505, 'encoder_quantization_rad': 3.732741335858247e-05, 'velocity_lpf': 0.25, 'process_theta_dot_sigma': 0.0, 'process_alpha_dot_sigma': 0.0}"
2698603,2,randomization_0.10,0.1,"{'level': 0.1, 'physical': {'g': 9.767948543544891, 'c_theta': 0.031150502807870042, 'c_alpha': 0.0011856266842608788, 'k_t': 0.2282608061722279, 'k_b': 0.19145600293404696, 'k_u': 0.047061424336296814, 'R': 4.384367195440718, 'm1': 0.20250778403267733, 'm2': 0.16071726282780263, 'l1cg': 0.07976307065828589, 'l1': 0.1518258970282687, 'l2cg': 0.06790036730115039, 'I1z': 0.0004957740351305514, 'I2x': 0.0003683978874869323, 'I2y': 2.406038364271497e-05, 'I2z': 0.000357634100028232}, 'init_theta_std_deg': 5.414796239197339, 'init_alpha_std_deg': 7.6078053408238215, 'init_theta_dot_std': 0.01851225362242963, 'init_alpha_dot_std': 0.2142409190624334, 'pwm_limit': 150.4546991305458, 'pwm_gain': 0.9948625520187512, 'pwm_bias': -0.08794084314096402, 'pwm_deadzone': 0.8231879700969451, 'pwm_noise_sigma': 0.12521783031521241, 'actuator_tau': 0.00257262470079766, 'action_delay_steps': 0, 'theta_bias': 0.0009354987131754344, 'alpha_bias': 0.0005557944713162048, 'theta_sigma': 0.0001130599287451304, 'alpha_sigma': 0.0012725687495720144, 'theta_dot_sigma': 0.0323340422728824, 'alpha_dot_sigma': 0.03147436036496248, 'encoder_quantization_rad': 5.839934210844106e-05, 'velocity_lpf': 0.25, 'process_theta_dot_sigma': 0.0, 'process_alpha_dot_sigma': 0.0}"
2700603,2,randomization_0.10,0.1,"{'level': 0.1, 'physical': {'g': 9.82578361922095, 'c_theta': 0.02870628404433359, 'c_alpha': 0.0010819454870315977, 'k_t': 0.2253176884415957, 'k_b': 0.1845860210764396, 'k_u': 0.048450839764703706, 'R': 4.320530254810868, 'm1': 0.20274473665680057, 'm2': 0.15615132678850627, 'l1cg': 0.08001707512169155, 'l1': 0.1512436850030559, 'l2cg': 0.06829433830566892, 'I1z': 0.0005136069207851413, 'I2x': 0.0003631891120854392, 'I2y': 2.4709081679158767e-05, 'I2z': 0.0003875120769710678}, 'init_theta_std_deg': 5.297182567482777, 'init_alpha_std_deg': 8.516345079887241, 'init_theta_dot_std': 0.04428732559926524, 'init_alpha_dot_std': 0.13786819963708893, 'pwm_limit': 149.65912214192892, 'pwm_gain': 1.0054627092466046, 'pwm_bias': 0.2767833131464057, 'pwm_deadzone': 0.7023164747399716, 'pwm_noise_sigma': 0.10189788715081832, 'actuator_tau': 0.0005648996000078673, 'action_delay_steps': 0, 'theta_bias': -0.000527987045168263, 'alpha_bias': -0.0009509849795785915, 'theta_sigma': 0.00017818027982916175, 'alpha_sigma': 0.0008155793054528205, 'theta_dot_sigma': 0.012510399679042838, 'alpha_dot_sigma': 0.006873925866550743, 'encoder_quantization_rad': 0.00013790118864007964, 'velocity_lpf': 0.25, 'process_theta_dot_sigma': 0.0, 'process_alpha_dot_sigma': 0.0}"
2702603,2,randomization_0.10,0.1,"{'level': 0.1, 'physical': {'g': 9.792067686738385, 'c_theta': 0.030570642270941823, 'c_alpha': 0.0010338596706739528, 'k_t': 0.23626721576352885, 'k_b': 0.19011178838260911, 'k_u': 0.047231053393651426, 'R': 4.282616803927519, 'm1': 0.2033064693464795, 'm2': 0.15625564580486845, 'l1cg': 0.08091635030723364, 'l1': 0.15143239149806478, 'l2cg': 0.06732419739919042, 'I1z': 0.0004885642135778176, 'I2x': 0.00036709865528160404, 'I2y': 2.5082169707885357e-05, 'I2z': 0.00036560379736885567}, 'init_theta_std_deg': 5.319396556448448, 'init_alpha_std_deg': 8.212673057184508, 'init_theta_dot_std': 0.08545027887937283, 'init_alpha_dot_std': 0.11969368966052203, 'pwm_limit': 147.98250491664598, 'pwm_gain': 0.9924301719004587, 'pwm_bias': -0.21879141232484633, 'pwm_deadzone': 0.7231740409941616, 'pwm_noise_sigma': 0.08835631171674017, 'actuator_tau': 0.00046980301355679265, 'action_delay_steps': 0, 'theta_bias': 0.0007400546354656874, 'alpha_bias': -0.0008820741946216112, 'theta_sigma': 4.081859992238879e-05, 'alpha_sigma': 0.0003800278941434654, 'theta_dot_sigma': 0.012783406769262193, 'alpha_dot_sigma': 0.055222856318744774, 'encoder_quantization_rad': 0.0001029999433270462, 'velocity_lpf': 0.24861923007474682, 'process_theta_dot_sigma': 0.0, 'process_alpha_dot_sigma': 0.0}"
2704603,2,randomization_0.10,0.1,"{'level': 0.1, 'physical': {'g': 9.831932711862816, 'c_theta': 0.023590270287648103, 'c_alpha': 0.0013130551561356155, 'k_t': 0.22996582701822818, 'k_b': 0.19118825955197305, 'k_u': 0.04833553357846733, 'R': 4.241868169620905, 'm1': 0.20533354796152453, 'm2': 0.15791465883274997, 'l1cg': 0.07939597380040317, 'l1': 0.15275452826993627, 'l2cg': 0.06618305915324506, 'I1z': 0.0004883202284113752, 'I2x': 0.00037409389395434554, 'I2y': 2.375547476376699e-05, 'I2z': 0.00038309680838903413}, 'init_theta_std_deg': 5.186170157001921, 'init_alpha_std_deg': 7.622766908531488, 'init_theta_dot_std': 0.10483758484094341, 'init_alpha_dot_std': 0.05332961754457242, 'pwm_limit': 149.91168461535173, 'pwm_gain': 1.0085443222272965, 'pwm_bias': 0.19454427481187997, 'pwm_deadzone': 0.6243652708144793, 'pwm_noise_sigma': 0.1774976993885088, 'actuator_tau': 0.00166775020947675, 'action_delay_steps': 0, 'theta_bias': -0.0008676371864359322, 'alpha_bias': 0.0010731042356347809, 'theta_sigma': 0.00016976451090496914, 'alpha_sigma': 0.0017130946617498134, 'theta_dot_sigma': 0.0010544961666552547, 'alpha_dot_sigma': 0.05745830359182916, 'encoder_quantization_rad': 8.298263252766994e-05, 'velocity_lpf': 0.25, 'process_theta_dot_sigma': 0.0, 'process_alpha_dot_sigma': 0.0}"
2706140,2,randomization_0.10,0.1,"{'level': 0.1, 'physical': {'g': 9.808735798410106, 'c_theta': 0.030918471792152798, 'c_alpha': 0.0011836186378134453, 'k_t': 0.22639268034134147, 'k_b': 0.19191371887441075, 'k_u': 0.04585837771395535, 'R': 4.328464535721867, 'm1': 0.20780146497235683, 'm2': 0.16035849722779033, 'l1cg': 0.0810715377642821, 'l1': 0.1533474198673596, 'l2cg': 0.06736095208854255, 'I1z': 0.0005230222344433316, 'I2x': 0.0003625713685836965, 'I2y': 2.2793437605877215e-05, 'I2z': 0.0003448448926536384}, 'init_theta_std_deg': 4.804274266429436, 'init_alpha_std_deg': 8.286597672708591, 'init_theta_dot_std': 0.07398308794300192, 'init_alpha_dot_std': 0.04377975940056317, 'pwm_limit': 149.0988461491354, 'pwm_gain': 0.9956638440326797, 'pwm_bias': 0.08037539416921176, 'pwm_deadzone': 0.5000146823007046, 'pwm_noise_sigma': 0.11842766241346042, 'actuator_tau': 0.002724963657669289, 'action_delay_steps': 0, 'theta_bias': -0.0006747878498592419, 'alpha_bias': 0.0011682470227428337, 'theta_sigma': 0.0004110984890940098, 'alpha_sigma': 0.0010783404985744529, 'theta_dot_sigma': 0.02960245521786536, 'alpha_dot_sigma': 0.021150808649097446, 'encoder_quantization_rad': 3.6834929650349737e-05, 'velocity_lpf': 0.2528003531071451, 'process_theta_dot_sigma': 0.0, 'process_alpha_dot_sigma': 0.0}"
2708140,2,randomization_0.10,0.1,"{'level': 0.1, 'physical': {'g': 9.771057033257362, 'c_theta': 0.028375664849742945, 'c_alpha': 0.0010274544700410412, 'k_t': 0.22990098358986397, 'k_b': 0.1847679466718447, 'k_u': 0.04628466993453887, 'R': 4.252206714272504, 'm1': 0.2086678359661329, 'm2': 0.15847710750447366, 'l1cg': 0.07958998734834233, 'l1': 0.1529189205556887, 'l2cg': 0.06671030540252279, 'I1z': 0.0004980798516356401, 'I2x': 0.00036531984717218957, 'I2y': 2.2810418605680365e-05, 'I2z': 0.00036758450332053646}, 'init_theta_std_deg': 5.060652232536602, 'init_alpha_std_deg': 8.509266403540552, 'init_theta_dot_std': 0.12608864024927285, 'init_alpha_dot_std': 0.14566475785667912, 'pwm_limit': 148.164429052654, 'pwm_gain': 1.0024229087247694, 'pwm_bias': 0.2012735262440769, 'pwm_deadzone': 0.873422997613768, 'pwm_noise_sigma': 0.16215635057544625, 'actuator_tau': 0.00045151408425543285, 'action_delay_steps': 0, 'theta_bias': -0.0005706646836963976, 'alpha_bias': 0.0004150092733728231, 'theta_sigma': 0.0005772547783948413, 'alpha_sigma': 0.0013745698699804468, 'theta_dot_sigma': 0.014845726811961639, 'alpha_dot_sigma': 0.059286457018206576, 'encoder_quantization_rad': 0.00014220809129576606, 'velocity_lpf': 0.25, 'process_theta_dot_sigma': 0.0, 'process_alpha_dot_sigma': 0.0}"
2710140,2,randomization_0.10,0.1,"{'level': 0.1, 'physical': {'g': 9.789751304373224, 'c_theta': 0.026055488840811804, 'c_alpha': 0.0010854250120003594, 'k_t': 0.22963206956904772, 'k_b': 0.18609181027303795, 'k_u': 0.04614266243804998, 'R': 4.262045206677029, 'm1': 0.20672433282311364, 'm2': 0.15849791297777477, 'l1cg': 0.07960893119767419, 'l1': 0.15241080243186467, 'l2cg': 0.06722291281471839, 'I1z': 0.0005056371123372872, 'I2x': 0.00037464703445225825, 'I2y': 2.3777623713073494e-05, 'I2z': 0.00036574914178767124}, 'init_theta_std_deg': 5.479122222930404, 'init_alpha_std_deg': 8.754310623058755, 'init_theta_dot_std': 0.11592083420375072, 'init_alpha_dot_std': 0.04529452404358361, 'pwm_limit': 147.9742312603621, 'pwm_gain': 0.9908736789942977, 'pwm_bias': -0.38994594552051826, 'pwm_deadzone': 0.18854649288011005, 'pwm_noise_sigma': 0.09884621671426475, 'actuator_tau': 0.0007192266855590869, 'action_delay_steps': 0, 'theta_bias': 2.326260890461085e-05, 'alpha_bias': 0.0006359092054261296, 'theta_sigma': 0.00021898673683930822, 'alpha_sigma': 0.0010929186667195164, 'theta_dot_sigma': 0.013368150401670068, 'alpha_dot_sigma': 0.045151530833136604, 'encoder_quantization_rad': 0.00014625148470407686, 'velocity_lpf': 0.25, 'process_theta_dot_sigma': 0.0, 'process_alpha_dot_sigma': 0.0}"
2711560,2,randomization_0.10,0.1,"{'level': 0.1, 'physical': {'g': 9.834561919088372, 'c_theta': 0.024725691225721755, 'c_alpha': 0.0012659576858338906, 'k_t': 0.23067800409613448, 'k_b': 0.18541721507690137, 'k_u': 0.0456894149946591, 'R': 4.37096863732291, 'm1': 0.2042294368832077, 'm2': 0.15662162651944603, 'l1cg': 0.07947947045616491, 'l1': 0.1533337364730598, 'l2cg': 0.06760268698237798, 'I1z': 0.0004900660266550809, 'I2x': 0.00036313351629448955, 'I2y': 2.5302430318052753e-05, 'I2z': 0.00036203689001633595}, 'init_theta_std_deg': 5.263507536006665, 'init_alpha_std_deg': 8.569173462216439, 'init_theta_dot_std': 0.08982789139689543, 'init_alpha_dot_std': 0.1667941448939741, 'pwm_limit': 147.15407449536434, 'pwm_gain': 0.9926020139655111, 'pwm_bias': -0.35585492056034873, 'pwm_deadzone': 0.40693900949807604, 'pwm_noise_sigma': 0.1617518936943797, 'actuator_tau': 0.0024103542092976833, 'action_delay_steps': 0, 'theta_bias': 0.000771400245798189, 'alpha_bias': -0.0002501256395092654, 'theta_sigma': 0.0002648096480718845, 'alpha_sigma': 0.0013584495463081717, 'theta_dot_sigma': 0.033242778787511154, 'alpha_dot_sigma': 0.03826900426183633, 'encoder_quantization_rad': 9.572968614148723e-05, 'velocity_lpf': 0.25, 'process_theta_dot_sigma': 0.0, 'process_alpha_dot_sigma': 0.0}"
2713560,2,randomization_0.10,0.1,"{'level': 0.1, 'physical': {'g': 9.848554221168264, 'c_theta': 0.03037505468224029, 'c_alpha': 0.001121181593750602, 'k_t': 0.23472309194897778, 'k_b': 0.19164047623173777, 'k_u': 0.04600698797351203, 'R': 4.233000251267299, 'm1': 0.210654829190041, 'm2': 0.16054298748731502, 'l1cg': 0.0792987763408562, 'l1': 0.15254904014163473, 'l2cg': 0.06648373558646224, 'I1z': 0.0005015482806627082, 'I2x': 0.0003623236870272656, 'I2y': 2.267698311556802e-05, 'I2z': 0.00036796673591987474}, 'init_theta_std_deg': 4.975549336487528, 'init_alpha_std_deg': 8.159211425178519, 'init_theta_dot_std': 0.1370661984159061, 'init_alpha_dot_std': 0.2198466313732982, 'pwm_limit': 148.8914474139622, 'pwm_gain': 0.9968750660945941, 'pwm_bias': -0.1812400024800895, 'pwm_deadzone': 0.6088646986390196, 'pwm_noise_sigma': 0.027461548309415763, 'actuator_tau': 0.0024616607817301373, 'action_delay_steps': 0, 'theta_bias': -0.00045740633249524113, 'alpha_bias': 0.00023166663798582682, 'theta_sigma': 0.0005170469378433395, 'alpha_sigma': 0.0004406489221999752, 'theta_dot_sigma': 0.004835604358478596, 'alpha_dot_sigma': 0.04564461381985478, 'encoder_quantization_rad': 0.00014259647152374641, 'velocity_lpf': 0.25, 'process_theta_dot_sigma': 0.0, 'process_alpha_dot_sigma': 0.0}"
2715560,2,randomization_0.10,0.1,"{'level': 0.1, 'physical': {'g': 9.778252208414704, 'c_theta': 0.02331114770984455, 'c_alpha': 0.0012570698530281156, 'k_t': 0.2337037608905369, 'k_b': 0.18562214613081962, 'k_u': 0.04785950542093177, 'R': 4.343739828146101, 'm1': 0.20603091112423472, 'm2': 0.15679172185556053, 'l1cg': 0.08032703640320833, 'l1': 0.15124789360750987, 'l2cg': 0.06764673135337781, 'I1z': 0.0004893643541036594, 'I2x': 0.0003728841966128884, 'I2y': 2.3976445819149364e-05, 'I2z': 0.0003831067046228509}, 'init_theta_std_deg': 5.012369276509083, 'init_alpha_std_deg': 7.9127677319797005, 'init_theta_dot_std': 0.02222195830978567, 'init_alpha_dot_std': 0.14801975700388323, 'pwm_limit': 148.7303482474175, 'pwm_gain': 0.9913065809787652, 'pwm_bias': 0.1340661246731905, 'pwm_deadzone': 0.07044014140896748, 'pwm_noise_sigma': 0.1041024080390875, 'actuator_tau': 0.002910129277290969, 'action_delay_steps': 0, 'theta_bias': -0.0005031774793829615, 'alpha_bias': 0.00019950397555651336, 'theta_sigma': 0.00016701924916243894, 'alpha_sigma': 0.00039594100317548686, 'theta_dot_sigma': 0.031056248146270924, 'alpha_dot_sigma': 0.058096373590437865, 'encoder_quantization_rad': 5.6193594569401914e-05, 'velocity_lpf': 0.25, 'process_theta_dot_sigma': 0.0, 'process_alpha_dot_sigma': 0.0}"
2717560,2,randomization_0.10,0.1,"{'level': 0.1, 'physical': {'g': 9.821306472136273, 'c_theta': 0.029088786336706102, 'c_alpha': 0.0009813545440020659, 'k_t': 0.22780502471532288, 'k_b': 0.18977652434794107, 'k_u': 0.04587563578506408, 'R': 4.225918590848181, 'm1': 0.20501919875167585, 'm2': 0.15968712227076942, 'l1cg': 0.08088770246194525, 'l1': 0.15076498092523763, 'l2cg': 0.06609782652959423, 'I1z': 0.0005094849569854006, 'I2x': 0.0003640795739858469, 'I2y': 2.4340101439499295e-05, 'I2z': 0.00035964348676174727}, 'init_theta_std_deg': 4.710843395162909, 'init_alpha_std_deg': 8.605752984625209, 'init_theta_dot_std': 0.1339270947275702, 'init_alpha_dot_std': 0.0951827483947571, 'pwm_limit': 147.4015525799928, 'pwm_gain': 0.9926055178412619, 'pwm_bias': 0.22308794231854476, 'pwm_deadzone': 0.18345868252533515, 'pwm_noise_sigma': 0.025674113476550266, 'actuator_tau': 0.0028132434051916055, 'action_delay_steps': 0, 'theta_bias': -0.00022899044762166355, 'alpha_bias': -0.0007834329328303469, 'theta_sigma': 0.00026371685059495774, 'alpha_sigma': 0.0016039523838517129, 'theta_dot_sigma': 0.024274100956549385, 'alpha_dot_sigma': 0.0037893935653465416, 'encoder_quantization_rad': 0.00010068501848667354, 'velocity_lpf': 0.25, 'process_theta_dot_sigma': 0.0, 'process_alpha_dot_sigma': 0.0}"
2719560,2,randomization_0.10,0.1,"{'level': 0.1, 'physical': {'g': 9.77810678882461, 'c_theta': 0.028992409276191684, 'c_alpha': 0.0010660028403793106, 'k_t': 0.22828672299422045, 'k_b': 0.18615246984252137, 'k_u': 0.04738469822704804, 'R': 4.23275916058132, 'm1': 0.2031191839627813, 'm2': 0.1603962906699887, 'l1cg': 0.08074234318187752, 'l1': 0.1523802645369888, 'l2cg': 0.06622139009594706, 'I1z': 0.0004896778679362295, 'I2x': 0.00037543178564926306, 'I2y': 2.424042235740857e-05, 'I2z': 0.0003887917180696351}, 'init_theta_std_deg': 4.745243585560701, 'init_alpha_std_deg': 8.712758623420779, 'init_theta_dot_std': 0.13700635112632062, 'init_alpha_dot_std': 0.2478031982396961, 'pwm_limit': 149.5679347885952, 'pwm_gain': 0.994102632323749, 'pwm_bias': -0.023109448188881745, 'pwm_deadzone': 0.7309788159576014, 'pwm_noise_sigma': 0.1665202483122593, 'actuator_tau': 0.0028447204108982467, 'action_delay_steps': 0, 'theta_bias': 0.00016965227658143411, 'alpha_bias': -0.0001807674861989968, 'theta_sigma': 0.00021750338831815809, 'alpha_sigma': 0.0005184240963698514, 'theta_dot_sigma': 0.01957498626488404, 'alpha_dot_sigma': 0.04507231101664436, 'encoder_quantization_rad': 3.5241272390209913e-06, 'velocity_lpf': 0.25, 'process_theta_dot_sigma': 0.0, 'process_alpha_dot_sigma': 0.0}"
2721560,2,randomization_0.10,0.1,"{'level': 0.1, 'physical': {'g': 9.796101985136678, 'c_theta': 0.030002119302199867, 'c_alpha': 0.0009531532573356397, 'k_t': 0.2253721459693479, 'k_b': 0.18492032343929315, 'k_u': 0.045928786643045436, 'R': 4.266422553235467, 'm1': 0.20280372518458775, 'm2': 0.15990709696720154, 'l1cg': 0.080343056596039, 'l1': 0.15310512223348305, 'l2cg': 0.06671091177918662, 'I1z': 0.0005124557171946203, 'I2x': 0.0003631394566350673, 'I2y': 2.3192582249121615e-05, 'I2z': 0.00034907258145993757}, 'init_theta_std_deg': 5.09469316393331, 'init_alpha_std_deg': 7.847945428706334, 'init_theta_dot_std': 0.137529522767688, 'init_alpha_dot_std': 0.0779965853665388, 'pwm_limit': 147.526568439184, 'pwm_gain': 0.9948973323499107, 'pwm_bias': -0.00037684489478877485, 'pwm_deadzone': 0.1284304259945973, 'pwm_noise_sigma': 0.08996759516214575, 'actuator_tau': 0.002194355943934411, 'action_delay_steps': 0, 'theta_bias': 0.00012060910027875105, 'alpha_bias': 0.0011822285865397447, 'theta_sigma': 0.0001734336072264593, 'alpha_sigma': 0.0017090233853954086, 'theta_dot_sigma': 0.03160592506541817, 'alpha_dot_sigma': 0.020336096941674806, 'encoder_quantization_rad': 0.00013950887064188914, 'velocity_lpf': 0.25, 'process_theta_dot_sigma': 0.0, 'process_alpha_dot_sigma': 0.0}"
2723560,2,randomization_0.10,0.1,"{'level': 0.1, 'physical': {'g': 9.812876619536755, 'c_theta': 0.030820934077610607, 'c_alpha': 0.0012628412069703625, 'k_t': 0.23139146894920593, 'k_b': 0.18669519478595067, 'k_u': 0.0474583038374082, 'R': 4.291630242717595, 'm1': 0.20242441088821778, 'm2': 0.15779080405870669, 'l1cg': 0.08016809734665967, 'l1': 0.15197744482927947, 'l2cg': 0.0655079211990068, 'I1z': 0.000519135329921866, 'I2x': 0.0003737127831531645, 'I2y': 2.3492216121785085e-05, 'I2z': 0.0003558212089370709}, 'init_theta_std_deg': 5.176726019966595, 'init_alpha_std_deg': 8.204791837285027, 'init_theta_dot_std': 0.008715557005640685, 'init_alpha_dot_std': 0.23928842298592148, 'pwm_limit': 147.26807420718768, 'pwm_gain': 1.0060440082155242, 'pwm_bias': -0.1822330245669618, 'pwm_deadzone': 0.39918294060706705, 'pwm_noise_sigma': 0.029677530682987265, 'actuator_tau': 0.0005693203940477638, 'action_delay_steps': 0, 'theta_bias': -0.00017501976856819357, 'alpha_bias': -0.0005919895399079146, 'theta_sigma': 6.712098658994988e-05, 'alpha_sigma': 0.001883627836353831, 'theta_dot_sigma': 0.006098654361636178, 'alpha_dot_sigma': 0.007309941722770352, 'encoder_quantization_rad': 0.00014493046985849403, 'velocity_lpf': 0.25, 'process_theta_dot_sigma': 0.0, 'process_alpha_dot_sigma': 0.0}"
2725560,2,randomization_0.10,0.1,"{'level': 0.1, 'physical': {'g': 9.812229324194075, 'c_theta': 0.03030126644343454, 'c_alpha': 0.001223241465643913, 'k_t': 0.23555807885074911, 'k_b': 0.18563642792835078, 'k_u': 0.047653811180865084, 'R': 4.280060999218709, 'm1': 0.20186977420123448, 'm2': 0.15745217488254948, 'l1cg': 0.08149638533678656, 'l1': 0.1511571243237365, 'l2cg': 0.06570512072084748, 'I1z': 0.0005141272118145337, 'I2x': 0.00037005422144877797, 'I2y': 2.3883181675026526e-05, 'I2z': 0.00034770610732440206}, 'init_theta_std_deg': 5.468261571185559, 'init_alpha_std_deg': 8.421861535927313, 'init_theta_dot_std': 0.08573935049104651, 'init_alpha_dot_std': 0.13671458577562254, 'pwm_limit': 147.64806501839922, 'pwm_gain': 0.9999906659037526, 'pwm_bias': 0.33087464437951386, 'pwm_deadzone': 0.7834281659321166, 'pwm_noise_sigma': 0.15661569253776306, 'actuator_tau': 0.0016723896552939066, 'action_delay_steps': 0, 'theta_bias': 0.0009844380068625598, 'alpha_bias': 3.008142485724408e-05, 'theta_sigma': 0.0003591218278829828, 'alpha_sigma': 0.0009721302161849528, 'theta_dot_sigma': 0.032873963099899865, 'alpha_dot_sigma': 0.008663534238210062, 'encoder_quantization_rad': 3.842361485878331e-05, 'velocity_lpf': 0.25, 'process_theta_dot_sigma': 0.0, 'process_alpha_dot_sigma': 0.0}"
2727560,2,randomization_0.10,0.1,"{'level': 0.1, 'physical': {'g': 9.767993634732223, 'c_theta': 0.023293461392299385, 'c_alpha': 0.0010517678953459238, 'k_t': 0.23659858699897024, 'k_b': 0.18516422730708718, 'k_u': 0.04587666904573682, 'R': 4.244872407073125, 'm1': 0.20528279044768188, 'm2': 0.15668647317969825, 'l1cg': 0.08119856954594323, 'l1': 0.15305886497865617, 'l2cg': 0.06577105901309034, 'I1z': 0.0005074557943804316, 'I2x': 0.000373489681342038, 'I2y': 2.3919860137674237e-05, 'I2z': 0.0003844022253282525}, 'init_theta_std_deg': 5.011631268290366, 'init_alpha_std_deg': 7.952172311247089, 'init_theta_dot_std': 0.08792707746931944, 'init_alpha_dot_std': 0.05468989878700501, 'pwm_limit': 147.07709287346717, 'pwm_gain': 1.0038213668083171, 'pwm_bias': -0.36642030014055815, 'pwm_deadzone': 0.6334303097258236, 'pwm_noise_sigma': 0.19997938005242977, 'actuator_tau': 0.002626322547844904, 'action_delay_steps': 0, 'theta_bias': 0.00036481645575806845, 'alpha_bias': 2.8760243565117442e-05, 'theta_sigma': 0.0005721616418233062, 'alpha_sigma': 0.00042824617906028826, 'theta_dot_sigma': 0.01928490506433567, 'alpha_dot_sigma': 0.005711274030757616, 'encoder_quantization_rad': 0.0001054381076609445, 'velocity_lpf': 0.25, 'process_theta_dot_sigma': 0.0, 'process_alpha_dot_sigma': 0.0}"
2729560,2,randomization_0.10,0.1,"{'level': 0.1, 'physical': {'g': 9.793717444671296, 'c_theta': 0.031082304669345497, 'c_alpha': 0.0009298547163524835, 'k_t': 0.2349013302424532, 'k_b': 0.19019248916136333, 'k_u': 0.04587286380683227, 'R': 4.385549348518342, 'm1': 0.20234646126634237, 'm2': 0.15806188922133446, 'l1cg': 0.07937122042282581, 'l1': 0.15058440243187962, 'l2cg': 0.06511897705852535, 'I1z': 0.0005177963670158844, 'I2x': 0.0003707862608502695, 'I2y': 2.4468199015796756e-05, 'I2z': 0.0003563291397931366}, 'init_theta_std_deg': 5.172771835216116, 'init_alpha_std_deg': 8.338516442015665, 'init_theta_dot_std': 0.017066771990242507, 'init_alpha_dot_std': 0.15476810513503717, 'pwm_limit': 149.8051169218324, 'pwm_gain': 0.996381702598743, 'pwm_bias': 0.0573144245535711, 'pwm_deadzone': 0.011742769548374943, 'pwm_noise_sigma': 0.06631652990399776, 'actuator_tau': 0.000861449447881673, 'action_delay_steps': 0, 'theta_bias': 0.00016501545535215924, 'alpha_bias': -0.0005410588271196568, 'theta_sigma': 0.00047193464645008386, 'alpha_sigma': 0.0012866221588619924, 'theta_dot_sigma': 0.005016469020508678, 'alpha_dot_sigma': 0.05938193454479777, 'encoder_quantization_rad': 4.920832148204577e-05, 'velocity_lpf': 0.25, 'process_theta_dot_sigma': 0.0, 'process_alpha_dot_sigma': 0.0}"
2731560,2,randomization_0.10,0.1,"{'level': 0.1, 'physical': {'g': 9.78185391182315, 'c_theta': 0.025129992665915785, 'c_alpha': 0.0012669923935286112, 'k_t': 0.22869954339390652, 'k_b': 0.18433913013046596, 'k_u': 0.04756670245501251, 'R': 4.299263635639973, 'm1': 0.20917614047360283, 'm2': 0.15774321400502642, 'l1cg': 0.08013989425803399, 'l1': 0.15165674010382238, 'l2cg': 0.06647739158508648, 'I1z': 0.0005046730284836953, 'I2x': 0.0003719013259959555, 'I2y': 2.4402154341724467e-05, 'I2z': 0.0003879364476816258}, 'init_theta_std_deg': 5.1171507602012785, 'init_alpha_std_deg': 8.78941047168534, 'init_theta_dot_std': 0.1215138298324042, 'init_alpha_dot_std': 0.10825760168625381, 'pwm_limit': 150.12038731960916, 'pwm_gain': 0.9962559567003133, 'pwm_bias': -0.35461564315452754, 'pwm_deadzone': 0.6847169507353336, 'pwm_noise_sigma': 0.04994491677909956, 'actuator_tau': 0.0013571720502435962, 'action_delay_steps': 0, 'theta_bias': 0.00020660575571340313, 'alpha_bias': 0.001108447904849402, 'theta_sigma': 0.0001381545908515962, 'alpha_sigma': 0.00018229547273945502, 'theta_dot_sigma': 0.003908924647368656, 'alpha_dot_sigma': 0.052091059841227576, 'encoder_quantization_rad': 0.00014874681843547104, 'velocity_lpf': 0.24608890072621367, 'process_theta_dot_sigma': 0.0, 'process_alpha_dot_sigma': 0.0}"
2733560,2,randomization_0.10,0.1,"{'level': 0.1, 'physical': {'g': 9.832923559312675, 'c_theta': 0.03093683775048059, 'c_alpha': 0.0010863841612321578, 'k_t': 0.22879433491912365, 'k_b': 0.19131271265547728, 'k_u': 0.04737753912847333, 'R': 4.235446426366652, 'm1': 0.20396842666464007, 'm2': 0.1590439698809889, 'l1cg': 0.08024347812252226, 'l1': 0.15117302864552312, 'l2cg': 0.06818747833596463, 'I1z': 0.0005049484598320564, 'I2x': 0.0003742392569309443, 'I2y': 2.524915657249803e-05, 'I2z': 0.00035734741383224326}, 'init_theta_std_deg': 4.9521133545420355, 'init_alpha_std_deg': 8.363207058568115, 'init_theta_dot_std': 0.1284960403609814, 'init_alpha_dot_std': 0.08755235330432012, 'pwm_limit': 149.8524319247534, 'pwm_gain': 0.9963959958649959, 'pwm_bias': 0.23457692709115108, 'pwm_deadzone': 0.8115819998618573, 'pwm_noise_sigma': 0.13379257314753246, 'actuator_tau': 0.002036242093505315, 'action_delay_steps': 0, 'theta_bias': 0.0009680887225366559, 'alpha_bias': -0.0005796565733253352, 'theta_sigma': 0.0004405306714424939, 'alpha_sigma': 0.0007624000005751453, 'theta_dot_sigma': 0.02655580723854067, 'alpha_dot_sigma': 0.05455402978221305, 'encoder_quantization_rad': 3.5236749800032636e-05, 'velocity_lpf': 0.25, 'process_theta_dot_sigma': 0.0, 'process_alpha_dot_sigma': 0.0}"
2735560,2,randomization_0.10,0.1,"{'level': 0.1, 'physical': {'g': 9.767516824403462, 'c_theta': 0.030209478503435368, 'c_alpha': 0.0013423969358857325, 'k_t': 0.23385070431862773, 'k_b': 0.19164123955316018, 'k_u': 0.04723527676339017, 'R': 4.254602658443303, 'm1': 0.20820309547826005, 'm2': 0.15700725783506048, 'l1cg': 0.07935636044012354, 'l1': 0.15239140532368822, 'l2cg': 0.06579359879922257, 'I1z': 0.0005154642571028297, 'I2x': 0.00036805283547009226, 'I2y': 2.5182086023847005e-05, 'I2z': 0.00035559327887313343}, 'init_theta_std_deg': 4.844737391605202, 'init_alpha_std_deg': 7.662099237899556, 'init_theta_dot_std': 0.08054181894451973, 'init_alpha_dot_std': 0.09822292198692717, 'pwm_limit': 150.3273115387485, 'pwm_gain': 0.9936634726361953, 'pwm_bias': 0.004990137648793702, 'pwm_deadzone': 0.8257848165359992, 'pwm_noise_sigma': 0.13962288666013975, 'actuator_tau': 0.0021870333308975027, 'action_delay_steps': 0, 'theta_bias': 0.0003520155794848472, 'alpha_bias': 0.0004888245158467823, 'theta_sigma': 0.0005785561513516074, 'alpha_sigma': 0.0011160408176727516, 'theta_dot_sigma': 0.03370485919525199, 'alpha_dot_sigma': 0.01738098245294935, 'encoder_quantization_rad': 0.00012322206591087185, 'velocity_lpf': 0.25, 'process_theta_dot_sigma': 0.0, 'process_alpha_dot_sigma': 0.0}"
2737560,2,randomization_0.10,0.1,"{'level': 0.1, 'physical': {'g': 9.753358121414896, 'c_theta': 0.027391685203612622, 'c_alpha': 0.0012975001918561354, 'k_t': 0.22838102816100125, 'k_b': 0.19032786759546685, 'k_u': 0.048231268022577656, 'R': 4.22516549428296, 'm1': 0.20327421419934086, 'm2': 0.15785447336205694, 'l1cg': 0.07926756415464212, 'l1': 0.150519834959214, 'l2cg': 0.06838697238546178, 'I1z': 0.0005187681714782834, 'I2x': 0.00036305732269709644, 'I2y': 2.5221513275099728e-05, 'I2z': 0.00038191077729694806}, 'init_theta_std_deg': 4.721850836533509, 'init_alpha_std_deg': 8.233784358971095, 'init_theta_dot_std': 0.04754121090830832, 'init_alpha_dot_std': 0.23821498464185145, 'pwm_limit': 150.06038865598651, 'pwm_gain': 0.9956649910293692, 'pwm_bias': -0.39218934573002806, 'pwm_deadzone': 0.7601666017513599, 'pwm_noise_sigma': 0.019440609019685386, 'actuator_tau': 0.001832812859277144, 'action_delay_steps': 0, 'theta_bias': 0.0001253329103604959, 'alpha_bias': 0.0008440534841744467, 'theta_sigma': 0.000279716591908615, 'alpha_sigma': 2.3061982036112207e-06, 'theta_dot_sigma': 0.019709880164589282, 'alpha_dot_sigma': 0.04241996525949889, 'encoder_quantization_rad': 7.688806395593935e-05, 'velocity_lpf': 0.25, 'process_theta_dot_sigma': 0.0, 'process_alpha_dot_sigma': 0.0}"
2739560,2,randomization_0.10,0.1,"{'level': 0.1, 'physical': {'g': 9.815960341444695, 'c_theta': 0.025758934711421978, 'c_alpha': 0.0013145070945269164, 'k_t': 0.23027899410443414, 'k_b': 0.18702831316597107, 'k_u': 0.04576588179211326, 'R': 4.34370460020082, 'm1': 0.20332403902388962, 'm2': 0.1587255153652857, 'l1cg': 0.07975904756641317, 'l1': 0.1523777208126637, 'l2cg': 0.06671571695063055, 'I1z': 0.0005140087813256843, 'I2x': 0.0003704512475220999, 'I2y': 2.5260869319468836e-05, 'I2z': 0.0003725776946637951}, 'init_theta_std_deg': 5.301112030392393, 'init_alpha_std_deg': 8.508055836992586, 'init_theta_dot_std': 0.01873076466175217, 'init_alpha_dot_std': 0.18983582560983625, 'pwm_limit': 148.8358613961191, 'pwm_gain': 0.9964561676482095, 'pwm_bias': -0.31368824204535345, 'pwm_deadzone': 0.051633095748733426, 'pwm_noise_sigma': 0.030597708431477223, 'actuator_tau': 0.002232233370011885, 'action_delay_steps': 0, 'theta_bias': -0.00023559933616982276, 'alpha_bias': -0.0011901557288089778, 'theta_sigma': 7.714838032442784e-05, 'alpha_sigma': 0.00040886343923602, 'theta_dot_sigma': 0.0015314037132889723, 'alpha_dot_sigma': 0.01830294748347762, 'encoder_quantization_rad': 9.930618618322426e-05, 'velocity_lpf': 0.25, 'process_theta_dot_sigma': 0.0, 'process_alpha_dot_sigma': 0.0}"
2741560,2,randomization_0.10,0.1,"{'level': 0.1, 'physical': {'g': 9.80752714084187, 'c_theta': 0.028844387575052883, 'c_alpha': 0.001085112566441007, 'k_t': 0.23575314602396708, 'k_b': 0.18841497856563594, 'k_u': 0.04722786301435182, 'R': 4.373456924094271, 'm1': 0.20491370663675126, 'm2': 0.16068311028581025, 'l1cg': 0.0792661099169507, 'l1': 0.15145698461998003, 'l2cg': 0.0651609356579818, 'I1z': 0.0004771202189275156, 'I2x': 0.0003699838308740289, 'I2y': 2.314204141241687e-05, 'I2z': 0.0003724923356858534}, 'init_theta_std_deg': 5.194622105253854, 'init_alpha_std_deg': 8.0853649403538, 'init_theta_dot_std': 0.0712999663805365, 'init_alpha_dot_std': 0.12550714738864643, 'pwm_limit': 149.5333734352578, 'pwm_gain': 1.009570110805033, 'pwm_bias': -0.1804471323044914, 'pwm_deadzone': 0.8388750388674824, 'pwm_noise_sigma': 0.1748177319846688, 'actuator_tau': 0.0022404252571545436, 'action_delay_steps': 0, 'theta_bias': -0.00042212754475751325, 'alpha_bias': 0.0001983169652478771, 'theta_sigma': 5.0040783198269526e-05, 'alpha_sigma': 0.0007509139295070293, 'theta_dot_sigma': 0.0032543897080703167, 'alpha_dot_sigma': 0.021110760729512297, 'encoder_quantization_rad': 1.1176765016098163e-05, 'velocity_lpf': 0.25, 'process_theta_dot_sigma': 0.0, 'process_alpha_dot_sigma': 0.0}"
2743560,2,randomization_0.10,0.1,"{'level': 0.1, 'physical': {'g': 9.847327113794266, 'c_theta': 0.029858408661526323, 'c_alpha': 0.001255176898586689, 'k_t': 0.22600083779408886, 'k_b': 0.1853074099864926, 'k_u': 0.047352740592767804, 'R': 4.307685719500703, 'm1': 0.20790047429543657, 'm2': 0.15694949624242613, 'l1cg': 0.08005819012479472, 'l1': 0.15079804071399025, 'l2cg': 0.06575243433350011, 'I1z': 0.00047832550791351055, 'I2x': 0.0003704248968470163, 'I2y': 2.3085675050467226e-05, 'I2z': 0.00036417399739565145}, 'init_theta_std_deg': 5.294032867597694, 'init_alpha_std_deg': 7.878547672856538, 'init_theta_dot_std': 0.0195129070894522, 'init_alpha_dot_std': 0.04796842677750629, 'pwm_limit': 148.17597090028013, 'pwm_gain': 1.0049132304241168, 'pwm_bias': 0.23521764252932942, 'pwm_deadzone': 0.8966563986095242, 'pwm_noise_sigma': 0.14868316778829033, 'actuator_tau': 0.0018211389299207306, 'action_delay_steps': 0, 'theta_bias': 0.0005978906944778533, 'alpha_bias': 0.0009821206405975238, 'theta_sigma': 0.00026703519555719245, 'alpha_sigma': 0.001484011191962146, 'theta_dot_sigma': 0.01675377766728839, 'alpha_dot_sigma': 0.037718563519430114, 'encoder_quantization_rad': 2.0421142331306597e-06, 'velocity_lpf': 0.25, 'process_theta_dot_sigma': 0.0, 'process_alpha_dot_sigma': 0.0}"
2745560,2,randomization_0.10,0.1,"{'level': 0.1, 'physical': {'g': 9.76550737970938, 'c_theta': 0.023807512574027044, 'c_alpha': 0.0012849370176580643, 'k_t': 0.2281302704883034, 'k_b': 0.19097512876182737, 'k_u': 0.04583231779144464, 'R': 4.3288248906254, 'm1': 0.20888998797139927, 'm2': 0.15818248310879432, 'l1cg': 0.08067972106232191, 'l1': 0.1516253380462157, 'l2cg': 0.06674910664357707, 'I1z': 0.0005021700029923763, 'I2x': 0.0003719234786096705, 'I2y': 2.266721231187685e-05, 'I2z': 0.000345953919940825}, 'init_theta_std_deg': 5.190478162658503, 'init_alpha_std_deg': 8.59032722403007, 'init_theta_dot_std': 0.14287513482705327, 'init_alpha_dot_std': 0.18876043519578523, 'pwm_limit': 148.3880407613511, 'pwm_gain': 0.9917083508101604, 'pwm_bias': 0.11386313196024354, 'pwm_deadzone': 0.7420764382341548, 'pwm_noise_sigma': 0.027701817610375625, 'actuator_tau': 0.002093442737137172, 'action_delay_steps': 0, 'theta_bias': -0.0005622596746042718, 'alpha_bias': 0.00018211912060103936, 'theta_sigma': 0.00013298655553798554, 'alpha_sigma': 0.001108928101539445, 'theta_dot_sigma': 0.02499631646851322, 'alpha_dot_sigma': 0.05218040583738871, 'encoder_quantization_rad': 6.328450812267406e-07, 'velocity_lpf': 0.25, 'process_theta_dot_sigma': 0.0, 'process_alpha_dot_sigma': 0.0}"
2747560,2,randomization_0.10,0.1,"{'level': 0.1, 'physical': {'g': 9.830916399006478, 'c_theta': 0.02579974438058166, 'c_alpha': 0.0010960156835245936, 'k_t': 0.23171411801882047, 'k_b': 0.189889008531747, 'k_u': 0.04672204222142914, 'R': 4.220452092248328, 'm1': 0.20591730917013168, 'm2': 0.15891546156343567, 'l1cg': 0.07979954374783894, 'l1': 0.15059638759765423, 'l2cg': 0.06569179755452609, 'I1z': 0.00047747648537398006, 'I2x': 0.0003622486837301551, 'I2y': 2.282235188780737e-05, 'I2z': 0.0003902967878178895}, 'init_theta_std_deg': 5.274639400474238, 'init_alpha_std_deg': 8.751493791094644, 'init_theta_dot_std': 0.0290742215518971, 'init_alpha_dot_std': 0.2297189789266192, 'pwm_limit': 149.69687621171678, 'pwm_gain': 0.9951952741236821, 'pwm_bias': 0.3754258161240156, 'pwm_deadzone': 0.7282436568949426, 'pwm_noise_sigma': 0.08444681120936681, 'actuator_tau': 0.0019956287770779096, 'action_delay_steps': 0, 'theta_bias': 0.0009761317873652553, 'alpha_bias': 0.0010727245655193951, 'theta_sigma': 0.0002985461268651382, 'alpha_sigma': 0.0013758514256069741, 'theta_dot_sigma': 0.006621723447048676, 'alpha_dot_sigma': 0.023699906860272596, 'encoder_quantization_rad': 1.49876384901686e-05, 'velocity_lpf': 0.25, 'process_theta_dot_sigma': 0.0, 'process_alpha_dot_sigma': 0.0}"
2749560,2,randomization_0.10,0.1,"{'level': 0.1, 'physical': {'g': 9.810943694197533, 'c_theta': 0.028820667470797725, 'c_alpha': 0.0013481610382660774, 'k_t': 0.23073192610645754, 'k_b': 0.19060488320067925, 'k_u': 0.04635184427763768, 'R': 4.2211824280516, 'm1': 0.2071972856910175, 'm2': 0.15998133102644566, 'l1cg': 0.08013366667916662, 'l1': 0.15242241254633965, 'l2cg': 0.06643343978027352, 'I1z': 0.00047893661924702357, 'I2x': 0.00037179531959729455, 'I2y': 2.533798553757011e-05, 'I2z': 0.0003874519681487778}, 'init_theta_std_deg': 4.837734254491954, 'init_alpha_std_deg': 8.311528265602233, 'init_theta_dot_std': 0.021284529965776677, 'init_alpha_dot_std': 0.24786779123837116, 'pwm_limit': 148.6523490777649, 'pwm_gain': 1.0005521995225115, 'pwm_bias': -0.11753169680474738, 'pwm_deadzone': 0.9443500969162488, 'pwm_noise_sigma': 0.07305977210592185, 'actuator_tau': 0.001532325722643558, 'action_delay_steps': 0, 'theta_bias': -0.0005103470153690968, 'alpha_bias': -0.00025065181700639836, 'theta_sigma': 1.6961033796895954e-06, 'alpha_sigma': 0.0014314814551887652, 'theta_dot_sigma': 0.007285257363379713, 'alpha_dot_sigma': 0.052662222415995864, 'encoder_quantization_rad': 5.517457517160374e-05, 'velocity_lpf': 0.25, 'process_theta_dot_sigma': 0.0, 'process_alpha_dot_sigma': 0.0}"
2751560,2,randomization_0.10,0.1,"{'level': 0.1, 'physical': {'g': 9.789144319599464, 'c_theta': 0.023946505093650185, 'c_alpha': 0.0010882018809689794, 'k_t': 0.23316793321193133, 'k_b': 0.18601751329502345, 'k_u': 0.04644624407472974, 'R': 4.317071449297393, 'm1': 0.2068594183560125, 'm2': 0.15720728896657485, 'l1cg': 0.08128027046245419, 'l1': 0.15188570333725807, 'l2cg': 0.06525454296010605, 'I1z': 0.0005063991806001548, 'I2x': 0.000368837910470914, 'I2y': 2.380022953267093e-05, 'I2z': 0.0003673929059081206}, 'init_theta_std_deg': 4.982350861713511, 'init_alpha_std_deg': 7.632011604672386, 'init_theta_dot_std': 0.12039711438537332, 'init_alpha_dot_std': 0.012615951482556953, 'pwm_limit': 149.30554122031748, 'pwm_gain': 1.0062698853576848, 'pwm_bias': 0.13189427859002398, 'pwm_deadzone': 0.015264682805707142, 'pwm_noise_sigma': 0.03311922667207184, 'actuator_tau': 0.002387534980324184, 'action_delay_steps': 0, 'theta_bias': 3.97946522815209e-05, 'alpha_bias': 0.00048188611358073125, 'theta_sigma': 7.017275734648215e-05, 'alpha_sigma': 0.0014737010056827913, 'theta_dot_sigma': 0.028777510897828883, 'alpha_dot_sigma': 0.05012738501600456, 'encoder_quantization_rad': 6.21735845682875e-05, 'velocity_lpf': 0.2540681048085819, 'process_theta_dot_sigma': 0.0, 'process_alpha_dot_sigma': 0.0}"
2753560,2,randomization_0.10,0.1,"{'level': 0.1, 'physical': {'g': 9.77375075905572, 'c_theta': 0.027741443902681663, 'c_alpha': 0.001210323550629452, 'k_t': 0.23212834660298995, 'k_b': 0.18414192516230654, 'k_u': 0.0461049955254864, 'R': 4.210252380751483, 'm1': 0.20945046459753322, 'm2': 0.1568700637040828, 'l1cg': 0.08141167778251492, 'l1': 0.15176880727934516, 'l2cg': 0.0651844123150725, 'I1z': 0.0004713285790674473, 'I2x': 0.0003658192137518091, 'I2y': 2.4104756060366178e-05, 'I2z': 0.00037285502127474917}, 'init_theta_std_deg': 4.70266066161024, 'init_alpha_std_deg': 7.600790211333237, 'init_theta_dot_std': 0.11529689598222018, 'init_alpha_dot_std': 0.05766852909217866, 'pwm_limit': 147.05475371429657, 'pwm_gain': 1.0038581424597337, 'pwm_bias': 0.14410608857415116, 'pwm_deadzone': 0.07042993508938589, 'pwm_noise_sigma': 0.04950806057926287, 'actuator_tau': 0.002536793535920301, 'action_delay_steps': 0, 'theta_bias': 7.425140381597739e-05, 'alpha_bias': -0.00024067076235627046, 'theta_sigma': 0.000499697457140017, 'alpha_sigma': 0.0010127583002197203, 'theta_dot_sigma': 0.009332519918600367, 'alpha_dot_sigma': 0.013627447474432045, 'encoder_quantization_rad': 0.0001403588256433715, 'velocity_lpf': 0.25, 'process_theta_dot_sigma': 0.0, 'process_alpha_dot_sigma': 0.0}"
2755560,2,randomization_0.10,0.1,"{'level': 0.1, 'physical': {'g': 9.80602060557003, 'c_theta': 0.025100092661126103, 'c_alpha': 0.0009590175641003583, 'k_t': 0.23389544645822788, 'k_b': 0.1832863185453041, 'k_u': 0.04736895403063447, 'R': 4.362979376449541, 'm1': 0.2091872069571087, 'm2': 0.15682502208147478, 'l1cg': 0.08040801529598941, 'l1': 0.15141922457003695, 'l2cg': 0.06629414582828368, 'I1z': 0.0005232305279688543, 'I2x': 0.00037586904168542847, 'I2y': 2.3690864065182657e-05, 'I2z': 0.00036190189607242734}, 'init_theta_std_deg': 5.438550522417281, 'init_alpha_std_deg': 8.589456528721009, 'init_theta_dot_std': 0.07942773735508006, 'init_alpha_dot_std': 0.08281029309156462, 'pwm_limit': 148.73795919262534, 'pwm_gain': 1.001683158496706, 'pwm_bias': -0.37563926375775036, 'pwm_deadzone': 0.36838203586768936, 'pwm_noise_sigma': 0.007946696558259058, 'actuator_tau': 0.00024164933388357568, 'action_delay_steps': 0, 'theta_bias': -0.00023202362845414437, 'alpha_bias': 0.0010186757519985872, 'theta_sigma': 5.832606121233868e-05, 'alpha_sigma': 5.076819070714489e-05, 'theta_dot_sigma': 0.0061555799638796215, 'alpha_dot_sigma': 0.011410911733303903, 'encoder_quantization_rad': 5.2572589674887225e-05, 'velocity_lpf': 0.25, 'process_theta_dot_sigma': 0.0, 'process_alpha_dot_sigma': 0.0}"
2757560,2,randomization_0.10,0.1,"{'level': 0.1, 'physical': {'g': 9.815618561094327, 'c_theta': 0.02408499812891337, 'c_alpha': 0.0011597723212654995, 'k_t': 0.23053661520596413, 'k_b': 0.18475034459408102, 'k_u': 0.04664377222875375, 'R': 4.342491964336364, 'm1': 0.209834697588157, 'm2': 0.16023031341228036, 'l1cg': 0.08055666839022461, 'l1': 0.15228142549090223, 'l2cg': 0.0666586663973115, 'I1z': 0.0005229186879876893, 'I2x': 0.00036955195348870257, 'I2y': 2.543177905665892e-05, 'I2z': 0.00035196198015213385}, 'init_theta_std_deg': 5.42466082960748, 'init_alpha_std_deg': 8.689505415351428, 'init_theta_dot_std': 0.13878390099452537, 'init_alpha_dot_std': 0.24269197063450296, 'pwm_limit': 149.54186958894627, 'pwm_gain': 1.0028246107902317, 'pwm_bias': 0.23547104837466054, 'pwm_deadzone': 0.3442794000211029, 'pwm_noise_sigma': 0.1781310183199484, 'actuator_tau': 0.0018870877002250212, 'action_delay_steps': 0, 'theta_bias': 0.0008443321989425634, 'alpha_bias': 0.0008661412183590923, 'theta_sigma': 0.00019873374057983732, 'alpha_sigma': 0.0014112486691471343, 'theta_dot_sigma': 0.025645854518207688, 'alpha_dot_sigma': 0.02064443301717249, 'encoder_quantization_rad': 1.1470038242693265e-05, 'velocity_lpf': 0.25, 'process_theta_dot_sigma': 0.0, 'process_alpha_dot_sigma': 0.0}"
2759560,2,randomization_0.10,0.1,"{'level': 0.1, 'physical': {'g': 9.847217685919777, 'c_theta': 0.029984808254774137, 'c_alpha': 0.0009316254999682463, 'k_t': 0.22617500649693575, 'k_b': 0.18408608591959214, 'k_u': 0.04584277423856488, 'R': 4.316997126570876, 'm1': 0.20351387453625044, 'm2': 0.1564471234406959, 'l1cg': 0.07971626525051327, 'l1': 0.1520377780128033, 'l2cg': 0.06711215785043508, 'I1z': 0.00047795544570495326, 'I2x': 0.00036328889339873495, 'I2y': 2.415580718281813e-05, 'I2z': 0.00038095069979106317}, 'init_theta_std_deg': 4.9724501319493255, 'init_alpha_std_deg': 8.529515598300218, 'init_theta_dot_std': 0.03487273623242909, 'init_alpha_dot_std': 0.02136034280328511, 'pwm_limit': 150.33604331034394, 'pwm_gain': 1.0025733076849652, 'pwm_bias': -0.1851910950727537, 'pwm_deadzone': 0.6380271701155693, 'pwm_noise_sigma': 0.14699607470981654, 'actuator_tau': 0.0018766787085461776, 'action_delay_steps': 0, 'theta_bias': 0.0008581735200369949, 'alpha_bias': 0.00020462440922580102, 'theta_sigma': 0.00018653926989803618, 'alpha_sigma': 0.00012610968097817853, 'theta_dot_sigma': 0.015186275677110391, 'alpha_dot_sigma': 0.03640737788662864, 'encoder_quantization_rad': 0.00011836042424114362, 'velocity_lpf': 0.24625040250032826, 'process_theta_dot_sigma': 0.0, 'process_alpha_dot_sigma': 0.0}"
2761560,2,randomization_0.10,0.1,"{'level': 0.1, 'physical': {'g': 9.80095418640548, 'c_theta': 0.027131517485435616, 'c_alpha': 0.0009336919224250687, 'k_t': 0.23281814511817053, 'k_b': 0.18451603303788666, 'k_u': 0.047063476507194814, 'R': 4.335157624055057, 'm1': 0.2045324185184621, 'm2': 0.15632306289973025, 'l1cg': 0.0793257942575821, 'l1': 0.15200780035786846, 'l2cg': 0.06796216915550148, 'I1z': 0.0004703089904855748, 'I2x': 0.00037309883920931926, 'I2y': 2.304011621807341e-05, 'I2z': 0.00035230898820412954}, 'init_theta_std_deg': 4.943127128255603, 'init_alpha_std_deg': 8.561246708725347, 'init_theta_dot_std': 0.05014517621194912, 'init_alpha_dot_std': 0.01864097190853986, 'pwm_limit': 150.40421038091307, 'pwm_gain': 0.9905433806098631, 'pwm_bias': -0.3518400925611689, 'pwm_deadzone': 0.0390646516301254, 'pwm_noise_sigma': 0.05949605377521168, 'actuator_tau': 0.0011366766804674694, 'action_delay_steps': 0, 'theta_bias': -0.0007753809514160933, 'alpha_bias': -0.00034707908136038834, 'theta_sigma': 0.0004532286708036804, 'alpha_sigma': 0.0010773844053798473, 'theta_dot_sigma': 0.007741523399890207, 'alpha_dot_sigma': 0.01202073230937213, 'encoder_quantization_rad': 0.00011981152228065127, 'velocity_lpf': 0.25, 'process_theta_dot_sigma': 0.0, 'process_alpha_dot_sigma': 0.0}"
2763560,2,randomization_0.10,0.1,"{'level': 0.1, 'physical': {'g': 9.816552915938198, 'c_theta': 0.02667034887063632, 'c_alpha': 0.0010186833341020885, 'k_t': 0.2343387344198453, 'k_b': 0.18401396543799098, 'k_u': 0.047106407624698435, 'R': 4.306677559635374, 'm1': 0.2080555804123391, 'm2': 0.15677936751688315, 'l1cg': 0.08123543049902879, 'l1': 0.15093134125796548, 'l2cg': 0.06801078102818488, 'I1z': 0.000508469349307557, 'I2x': 0.00036907972614835355, 'I2y': 2.2921705529618075e-05, 'I2z': 0.0003645897919694686}, 'init_theta_std_deg': 5.340198843745953, 'init_alpha_std_deg': 8.217037536162337, 'init_theta_dot_std': 0.05495285936310079, 'init_alpha_dot_std': 0.15537752917948622, 'pwm_limit': 150.56718857039883, 'pwm_gain': 1.002793603926835, 'pwm_bias': 0.2843529927524805, 'pwm_deadzone': 0.4775211529455392, 'pwm_noise_sigma': 0.17311609115945537, 'actuator_tau': 0.0014201444331283083, 'action_delay_steps': 0, 'theta_bias': -0.000866741146865835, 'alpha_bias': 0.0011853470641136517, 'theta_sigma': 0.0004940668146786703, 'alpha_sigma': 0.0011566677861813016, 'theta_dot_sigma': 0.009047481736107041, 'alpha_dot_sigma': 0.02043906663386066, 'encoder_quantization_rad': 8.752883745373123e-05, 'velocity_lpf': 0.25, 'process_theta_dot_sigma': 0.0, 'process_alpha_dot_sigma': 0.0}"
2765560,2,randomization_0.10,0.1,"{'level': 0.1, 'physical': {'g': 9.835185334973028, 'c_theta': 0.028342697587922978, 'c_alpha': 0.001288214167905279, 'k_t': 0.23376745972882004, 'k_b': 0.18637504110368014, 'k_u': 0.04733840120775497, 'R': 4.3075859578474756, 'm1': 0.2074741370435218, 'm2': 0.16020523639816875, 'l1cg': 0.08078969147233427, 'l1': 0.15235220840799743, 'l2cg': 0.06636637635571933, 'I1z': 0.00047096985344052323, 'I2x': 0.00037103259114048794, 'I2y': 2.4507543389302864e-05, 'I2z': 0.00036449439703208043}, 'init_theta_std_deg': 5.199138230810046, 'init_alpha_std_deg': 7.931547151064337, 'init_theta_dot_std': 0.018102333061843872, 'init_alpha_dot_std': 0.09381207447626763, 'pwm_limit': 147.61404441515452, 'pwm_gain': 0.9936096233212233, 'pwm_bias': 0.2487758970993398, 'pwm_deadzone': 0.4397435790865536, 'pwm_noise_sigma': 0.13812912684271444, 'actuator_tau': 0.0029745198738266804, 'action_delay_steps': 0, 'theta_bias': -0.0009676109027035974, 'alpha_bias': -0.0001620490009399185, 'theta_sigma': 0.0005537864906052655, 'alpha_sigma': 0.0017156529817703664, 'theta_dot_sigma': 0.03462723935083836, 'alpha_dot_sigma': 0.05969747891202828, 'encoder_quantization_rad': 0.00014118423251716783, 'velocity_lpf': 0.25366382613047, 'process_theta_dot_sigma': 0.0, 'process_alpha_dot_sigma': 0.0}"
2767560,2,randomization_0.10,0.1,"{'level': 0.1, 'physical': {'g': 9.820848210471711, 'c_theta': 0.0306835068427413, 'c_alpha': 0.0011328531163185018, 'k_t': 0.23458662730538665, 'k_b': 0.18592070207948047, 'k_u': 0.045975101967909306, 'R': 4.247279281301852, 'm1': 0.2082812473789279, 'm2': 0.15920047594588896, 'l1cg': 0.07954728926411325, 'l1': 0.15077996749882305, 'l2cg': 0.06715013272529902, 'I1z': 0.0005222980953601568, 'I2x': 0.00036870703630428403, 'I2y': 2.2476367629307015e-05, 'I2z': 0.0003682998250711541}, 'init_theta_std_deg': 5.09712974147336, 'init_alpha_std_deg': 7.898375542890059, 'init_theta_dot_std': 0.14435613251187124, 'init_alpha_dot_std': 0.02146534755737814, 'pwm_limit': 149.1253670416973, 'pwm_gain': 1.0094952892039328, 'pwm_bias': 0.16426511625308474, 'pwm_deadzone': 0.5546863961898654, 'pwm_noise_sigma': 0.06874511082272912, 'actuator_tau': 0.0020380288145050492, 'action_delay_steps': 0, 'theta_bias': 0.00042908223712442254, 'alpha_bias': -0.0008018623403944719, 'theta_sigma': 0.0005362164419155717, 'alpha_sigma': 0.0008782966374558951, 'theta_dot_sigma': 0.013236602078494933, 'alpha_dot_sigma': 0.010563227465422527, 'encoder_quantization_rad': 0.00014676435014696797, 'velocity_lpf': 0.25, 'process_theta_dot_sigma': 0.0, 'process_alpha_dot_sigma': 0.0}"
2769560,2,randomization_0.10,0.1,"{'level': 0.1, 'physical': {'g': 9.762582744193558, 'c_theta': 0.025636055859204865, 'c_alpha': 0.0010864041681363128, 'k_t': 0.23470461859061006, 'k_b': 0.1839248763009088, 'k_u': 0.04583977416230355, 'R': 4.2895298639731605, 'm1': 0.20309479151635346, 'm2': 0.1569622808872339, 'l1cg': 0.08035988518068807, 'l1': 0.15047511949645312, 'l2cg': 0.06592387960852605, 'I1z': 0.0004701439659514398, 'I2x': 0.0003668885749868038, 'I2y': 2.3607465832325858e-05, 'I2z': 0.00037984992381200153}, 'init_theta_std_deg': 4.845701271201369, 'init_alpha_std_deg': 7.737837816442904, 'init_theta_dot_std': 0.14903574447564225, 'init_alpha_dot_std': 0.031191007158805406, 'pwm_limit': 147.59482425689424, 'pwm_gain': 0.9920292382939572, 'pwm_bias': 0.016937479938612564, 'pwm_deadzone': 0.8251775220207576, 'pwm_noise_sigma': 0.1176096606467762, 'actuator_tau': 0.002144013379239609, 'action_delay_steps': 0, 'theta_bias': 0.0002679788780829815, 'alpha_bias': -0.0002732355927163007, 'theta_sigma': 0.00048713441129249503, 'alpha_sigma': 0.000828009923286874, 'theta_dot_sigma': 0.01378810146015022, 'alpha_dot_sigma': 0.033158727562457635, 'encoder_quantization_rad': 8.775389640693028e-05, 'velocity_lpf': 0.25, 'process_theta_dot_sigma': 0.0, 'process_alpha_dot_sigma': 0.0}"
2771560,2,randomization_0.10,0.1,"{'level': 0.1, 'physical': {'g': 9.83830853934994, 'c_theta': 0.025399902829486527, 'c_alpha': 0.0012442023496417364, 'k_t': 0.23384841527694017, 'k_b': 0.1852571237418123, 'k_u': 0.04786065029976523, 'R': 4.301157564766092, 'm1': 0.20512703239569013, 'm2': 0.15926601099947588, 'l1cg': 0.0803821598747385, 'l1': 0.15130757370283004, 'l2cg': 0.06756422854522717, 'I1z': 0.000515818515683885, 'I2x': 0.0003654445893112881, 'I2y': 2.2474154613941467e-05, 'I2z': 0.00036392383847378426}, 'init_theta_std_deg': 5.285190887854054, 'init_alpha_std_deg': 8.552214021468403, 'init_theta_dot_std': 0.11722078659436751, 'init_alpha_dot_std': 0.050883078736843196, 'pwm_limit': 147.2694280404451, 'pwm_gain': 0.9982258799309788, 'pwm_bias': -0.208598853718771, 'pwm_deadzone': 0.6428074906286699, 'pwm_noise_sigma': 0.05959093183451594, 'actuator_tau': 0.0015473958098711183, 'action_delay_steps': 0, 'theta_bias': -0.000508565819352389, 'alpha_bias': 0.0007708458915327154, 'theta_sigma': 0.00015382386037204277, 'alpha_sigma': 0.00197369911564968, 'theta_dot_sigma': 0.024470851344241235, 'alpha_dot_sigma': 0.05812949148330206, 'encoder_quantization_rad': 0.00010432180125560152, 'velocity_lpf': 0.25, 'process_theta_dot_sigma': 0.0, 'process_alpha_dot_sigma': 0.0}"
2773560,2,randomization_0.10,0.1,"{'level': 0.1, 'physical': {'g': 9.821250336728392, 'c_theta': 0.025853082621757718, 'c_alpha': 0.0010128452913106937, 'k_t': 0.23506729140592092, 'k_b': 0.1892921927312401, 'k_u': 0.046014967984866276, 'R': 4.313489508107942, 'm1': 0.20950397359815318, 'm2': 0.15641494891944077, 'l1cg': 0.07946984540120565, 'l1': 0.1507680334364945, 'l2cg': 0.06789957922803633, 'I1z': 0.000491043302176801, 'I2x': 0.0003642930934303651, 'I2y': 2.5021131729286817e-05, 'I2z': 0.0003627161635206187}, 'init_theta_std_deg': 5.457494538030711, 'init_alpha_std_deg': 7.625570355923625, 'init_theta_dot_std': 0.008506711709612846, 'init_alpha_dot_std': 0.003940953113180851, 'pwm_limit': 148.79835253890255, 'pwm_gain': 1.002325887558666, 'pwm_bias': -0.21508602094691806, 'pwm_deadzone': 0.31701975159502727, 'pwm_noise_sigma': 0.18763002066494663, 'actuator_tau': 0.0007037867931982655, 'action_delay_steps': 0, 'theta_bias': 0.0004661299918988029, 'alpha_bias': 0.0011344092637801469, 'theta_sigma': 0.00028183362508432084, 'alpha_sigma': 0.0016057351255662536, 'theta_dot_sigma': 0.012782215582590588, 'alpha_dot_sigma': 0.03871989568252866, 'encoder_quantization_rad': 0.00013866778689464098, 'velocity_lpf': 0.25, 'process_theta_dot_sigma': 0.0, 'process_alpha_dot_sigma': 0.0}"
2775560,2,randomization_0.10,0.1,"{'level': 0.1, 'physical': {'g': 9.795937322479247, 'c_theta': 0.025286599214114736, 'c_alpha': 0.0010077815382674921, 'k_t': 0.2267039407035681, 'k_b': 0.19190703311771182, 'k_u': 0.04806833677113796, 'R': 4.387845973945368, 'm1': 0.20807807578653603, 'm2': 0.15982864654249485, 'l1cg': 0.08064289075050295, 'l1': 0.15090801852474212, 'l2cg': 0.06742709364805781, 'I1z': 0.0005091796017787196, 'I2x': 0.0003706826734191923, 'I2y': 2.30415212102565e-05, 'I2z': 0.0003543005293223222}, 'init_theta_std_deg': 4.974351783379296, 'init_alpha_std_deg': 8.298044064272906, 'init_theta_dot_std': 0.05401380924403696, 'init_alpha_dot_std': 0.23017106073580917, 'pwm_limit': 150.29966867363498, 'pwm_gain': 0.9917832232804065, 'pwm_bias': 0.08064630859056302, 'pwm_deadzone': 0.28849093761220834, 'pwm_noise_sigma': 0.020751362429948374, 'actuator_tau': 4.052143961599075e-05, 'action_delay_steps': 0, 'theta_bias': -0.0009193774871076121, 'alpha_bias': 0.0010214798570408392, 'theta_sigma': 0.00010849211756995065, 'alpha_sigma': 0.0002839389237010792, 'theta_dot_sigma': 0.015175644334407086, 'alpha_dot_sigma': 0.035746221644621864, 'encoder_quantization_rad': 5.593281303896189e-05, 'velocity_lpf': 0.25, 'process_theta_dot_sigma': 0.0, 'process_alpha_dot_sigma': 0.0}"
2777560,2,randomization_0.10,0.1,"{'level': 0.1, 'physical': {'g': 9.811174293561484, 'c_theta': 0.028371414648027428, 'c_alpha': 0.0012216793386585368, 'k_t': 0.23232463965723632, 'k_b': 0.18595214380283315, 'k_u': 0.046650196399482924, 'R': 4.349228223037751, 'm1': 0.20280290563396272, 'm2': 0.15694524750103564, 'l1cg': 0.07992003319553215, 'l1': 0.1531846687626172, 'l2cg': 0.06736730784958617, 'I1z': 0.00051164037811877, 'I2x': 0.0003655345893773678, 'I2y': 2.34082541354909e-05, 'I2z': 0.00036503900743547774}, 'init_theta_std_deg': 4.906462655477668, 'init_alpha_std_deg': 8.499173692297523, 'init_theta_dot_std': 0.14564627641558986, 'init_alpha_dot_std': 0.14170083856330565, 'pwm_limit': 149.54828551657263, 'pwm_gain': 1.0006723579316286, 'pwm_bias': 0.35384655658042763, 'pwm_deadzone': 0.21389121272200518, 'pwm_noise_sigma': 0.13536430577329994, 'actuator_tau': 0.0012849801340504697, 'action_delay_steps': 0, 'theta_bias': -0.00013813002255080753, 'alpha_bias': 0.00020004494530718572, 'theta_sigma': 0.00041318240485619534, 'alpha_sigma': 0.0010456473221443705, 'theta_dot_sigma': 0.022224595869816566, 'alpha_dot_sigma': 0.0243686451543711, 'encoder_quantization_rad': 1.0936116765354254e-05, 'velocity_lpf': 0.25, 'process_theta_dot_sigma': 0.0, 'process_alpha_dot_sigma': 0.0}"
2779560,2,randomization_0.10,0.1,"{'level': 0.1, 'physical': {'g': 9.75879488524483, 'c_theta': 0.02333360320801535, 'c_alpha': 0.0010972945751866977, 'k_t': 0.23523371732474097, 'k_b': 0.18581594406105814, 'k_u': 0.04690597291976049, 'R': 4.318386135747669, 'm1': 0.20677919598651548, 'm2': 0.15934106238930618, 'l1cg': 0.08124465163043378, 'l1': 0.15238765942002203, 'l2cg': 0.06615437056146936, 'I1z': 0.0004884365073441263, 'I2x': 0.00036905230866979993, 'I2y': 2.5526074696954086e-05, 'I2z': 0.0003611334228262655}, 'init_theta_std_deg': 5.336825037698478, 'init_alpha_std_deg': 8.109454218875381, 'init_theta_dot_std': 0.03640668698661289, 'init_alpha_dot_std': 0.1991449613918841, 'pwm_limit': 150.74554965941215, 'pwm_gain': 1.008482508364423, 'pwm_bias': 0.29921263016616745, 'pwm_deadzone': 0.24465253837130163, 'pwm_noise_sigma': 0.1235471060453603, 'actuator_tau': 0.0024369116697764465, 'action_delay_steps': 0, 'theta_bias': 0.0008328167274251801, 'alpha_bias': -0.0006603852020403704, 'theta_sigma': 0.00032577240364582905, 'alpha_sigma': 0.0010662011189783737, 'theta_dot_sigma': 0.004553364886416241, 'alpha_dot_sigma': 0.0008050086312094318, 'encoder_quantization_rad': 4.9325973139585197e-05, 'velocity_lpf': 0.25, 'process_theta_dot_sigma': 0.0, 'process_alpha_dot_sigma': 0.0}"
2781560,2,randomization_0.10,0.1,"{'level': 0.1, 'physical': {'g': 9.75361905937312, 'c_theta': 0.030754210327192874, 'c_alpha': 0.0009615384790731255, 'k_t': 0.23226857460342135, 'k_b': 0.18882893194530448, 'k_u': 0.04617484991286139, 'R': 4.30085674774914, 'm1': 0.20777778100816535, 'm2': 0.1580253626969021, 'l1cg': 0.08135365944791476, 'l1': 0.15073283315118208, 'l2cg': 0.06658636942422867, 'I1z': 0.00047349754150379766, 'I2x': 0.00037039114352796965, 'I2y': 2.543282250630424e-05, 'I2z': 0.0003624439200208054}, 'init_theta_std_deg': 5.253894058119167, 'init_alpha_std_deg': 7.666056220847244, 'init_theta_dot_std': 0.04630600121734338, 'init_alpha_dot_std': 0.08877545558325871, 'pwm_limit': 147.67801966767055, 'pwm_gain': 1.006049060262003, 'pwm_bias': 0.1183735165673773, 'pwm_deadzone': 0.62679676691946, 'pwm_noise_sigma': 0.1592945371445261, 'actuator_tau': 0.0008314695113318315, 'action_delay_steps': 0, 'theta_bias': 0.0009402617525085231, 'alpha_bias': -0.00010561671641252418, 'theta_sigma': 0.00013692581861246322, 'alpha_sigma': 0.00022966143963833608, 'theta_dot_sigma': 0.03186952896823298, 'alpha_dot_sigma': 0.009974878351671889, 'encoder_quantization_rad': 6.77047179076999e-05, 'velocity_lpf': 0.25, 'process_theta_dot_sigma': 0.0, 'process_alpha_dot_sigma': 0.0}"
2783560,2,randomization_0.10,0.1,"{'level': 0.1, 'physical': {'g': 9.798188702446861, 'c_theta': 0.02696820429807566, 'c_alpha': 0.0012130886431276444, 'k_t': 0.2279644651570106, 'k_b': 0.19112178679405378, 'k_u': 0.04578743577561034, 'R': 4.3494300837664355, 'm1': 0.204719572543515, 'm2': 0.15986093517614458, 'l1cg': 0.07970236593990698, 'l1': 0.15150162419953492, 'l2cg': 0.06794597226547525, 'I1z': 0.0005136162293788596, 'I2x': 0.00036987542734550716, 'I2y': 2.2519636936319018e-05, 'I2z': 0.0003813475200134733}, 'init_theta_std_deg': 4.783582287473963, 'init_alpha_std_deg': 8.623533295410677, 'init_theta_dot_std': 0.013634511466534799, 'init_alpha_dot_std': 0.0668497481664908, 'pwm_limit': 147.36462548122728, 'pwm_gain': 0.9991283390458435, 'pwm_bias': -0.02178268971694175, 'pwm_deadzone': 0.8985581001670275, 'pwm_noise_sigma': 0.09518085811765445, 'actuator_tau': 0.00211048851554076, 'action_delay_steps': 0, 'theta_bias': 0.0006292073123554145, 'alpha_bias': -0.00020257420688532773, 'theta_sigma': 0.00044801939354145, 'alpha_sigma': 0.0010202985440693913, 'theta_dot_sigma': 0.0030009184812567536, 'alpha_dot_sigma': 0.04805956623238234, 'encoder_quantization_rad': 6.872239836894804e-05, 'velocity_lpf': 0.25, 'process_theta_dot_sigma': 0.0, 'process_alpha_dot_sigma': 0.0}"
2785560,2,randomization_0.10,0.1,"{'level': 0.1, 'physical': {'g': 9.771061265275758, 'c_theta': 0.03051822376659514, 'c_alpha': 0.0009789374510992396, 'k_t': 0.23337460919040126, 'k_b': 0.18812219378510314, 'k_u': 0.047216367411547285, 'R': 4.309702725782582, 'm1': 0.20526664947170348, 'm2': 0.15750218896570503, 'l1cg': 0.0808874308888473, 'l1': 0.15169030420673207, 'l2cg': 0.06595048823321266, 'I1z': 0.0005097073604140217, 'I2x': 0.00037015388762707657, 'I2y': 2.5278747370448217e-05, 'I2z': 0.00038152139955278616}, 'init_theta_std_deg': 4.966377641846203, 'init_alpha_std_deg': 8.068143529050705, 'init_theta_dot_std': 0.06234245838853796, 'init_alpha_dot_std': 0.08793983233573209, 'pwm_limit': 148.96854412969316, 'pwm_gain': 1.003733928386204, 'pwm_bias': -0.31618417086323086, 'pwm_deadzone': 0.16955378569118862, 'pwm_noise_sigma': 0.12887523890725863, 'actuator_tau': 0.0012000307521164155, 'action_delay_steps': 0, 'theta_bias': 0.00013568375431109427, 'alpha_bias': 0.0007769801008442254, 'theta_sigma': 7.984474761807308e-05, 'alpha_sigma': 0.0016107622066960576, 'theta_dot_sigma': 0.0021448432862706825, 'alpha_dot_sigma': 0.020813831728423594, 'encoder_quantization_rad': 3.745491033201054e-05, 'velocity_lpf': 0.25, 'process_theta_dot_sigma': 0.0, 'process_alpha_dot_sigma': 0.0}"
2787560,2,randomization_0.10,0.1,"{'level': 0.1, 'physical': {'g': 9.844956854393667, 'c_theta': 0.03059587596646429, 'c_alpha': 0.00110892337263538, 'k_t': 0.22761744471707243, 'k_b': 0.1855377232461583, 'k_u': 0.04759574003472173, 'R': 4.386743246664867, 'm1': 0.20363159820051133, 'm2': 0.1577646011811709, 'l1cg': 0.07981873688300146, 'l1': 0.15251408086138363, 'l2cg': 0.0653428664586743, 'I1z': 0.0004842308208517757, 'I2x': 0.00036514905251449595, 'I2y': 2.3105881377161054e-05, 'I2z': 0.00035610240430569625}, 'init_theta_std_deg': 5.43009348633088, 'init_alpha_std_deg': 7.671962058270364, 'init_theta_dot_std': 0.1438764721488001, 'init_alpha_dot_std': 0.24262354982352718, 'pwm_limit': 150.60836263868765, 'pwm_gain': 0.9911957614254875, 'pwm_bias': 0.15133455787986688, 'pwm_deadzone': 0.11029487040432051, 'pwm_noise_sigma': 0.09182190327531288, 'actuator_tau': 0.002174687835375466, 'action_delay_steps': 0, 'theta_bias': 0.00022131554974604107, 'alpha_bias': -0.000645132355069259, 'theta_sigma': 0.000502600605514575, 'alpha_sigma': 0.001763818444691062, 'theta_dot_sigma': 0.0008056667857303483, 'alpha_dot_sigma': 0.05798065864077591, 'encoder_quantization_rad': 8.900313314195543e-05, 'velocity_lpf': 0.25, 'process_theta_dot_sigma': 0.0, 'process_alpha_dot_sigma': 0.0}"
2789560,2,randomization_0.10,0.1,"{'level': 0.1, 'physical': {'g': 9.77015526753724, 'c_theta': 0.026489936971856688, 'c_alpha': 0.001249848275315439, 'k_t': 0.2287987669267658, 'k_b': 0.18377636918431062, 'k_u': 0.04725865623806433, 'R': 4.392470803247577, 'm1': 0.2030379054295016, 'm2': 0.15780557121863173, 'l1cg': 0.08075875054165602, 'l1': 0.15276776337742876, 'l2cg': 0.06739444820527671, 'I1z': 0.0005050767105750938, 'I2x': 0.00037262434459344054, 'I2y': 2.520515309608228e-05, 'I2z': 0.00038222833394371597}, 'init_theta_std_deg': 5.146155786414194, 'init_alpha_std_deg': 7.89469164030723, 'init_theta_dot_std': 0.06323395868012656, 'init_alpha_dot_std': 0.06486625936479651, 'pwm_limit': 148.961271002353, 'pwm_gain': 1.006609845868985, 'pwm_bias': -0.1807041694979059, 'pwm_deadzone': 0.5371881986015644, 'pwm_noise_sigma': 0.19212896116586167, 'actuator_tau': 0.0005495382564962787, 'action_delay_steps': 0, 'theta_bias': 0.00033715317743466524, 'alpha_bias': -0.0007263847622718781, 'theta_sigma': 0.00043166437798963515, 'alpha_sigma': 0.0019482814231471532, 'theta_dot_sigma': 0.015462108375444148, 'alpha_dot_sigma': 0.05687863346688067, 'encoder_quantization_rad': 0.00013763381311474225, 'velocity_lpf': 0.25, 'process_theta_dot_sigma': 0.0, 'process_alpha_dot_sigma': 0.0}"
2791560,2,randomization_0.10,0.1,"{'level': 0.1, 'physical': {'g': 9.770071081333535, 'c_theta': 0.028993094878361894, 'c_alpha': 0.001046830625534805, 'k_t': 0.2359466619449972, 'k_b': 0.18918805250579976, 'k_u': 0.04822922133923834, 'R': 4.380856473275596, 'm1': 0.20193299109930224, 'm2': 0.15789379738436682, 'l1cg': 0.07930632276548806, 'l1': 0.15215723979215773, 'l2cg': 0.06538054128572025, 'I1z': 0.0004888950215069454, 'I2x': 0.0003748929124899883, 'I2y': 2.3291079674280077e-05, 'I2z': 0.0003558343656251549}, 'init_theta_std_deg': 4.746539909619166, 'init_alpha_std_deg': 8.279968170654845, 'init_theta_dot_std': 0.10066332519861013, 'init_alpha_dot_std': 0.009448679119935799, 'pwm_limit': 148.66625899495764, 'pwm_gain': 0.9958564441204241, 'pwm_bias': 0.013128678050850962, 'pwm_deadzone': 0.5898106195059766, 'pwm_noise_sigma': 0.1052854154611028, 'actuator_tau': 0.0021089187111548555, 'action_delay_steps': 0, 'theta_bias': 0.00023154208527027698, 'alpha_bias': 0.00013772313124498598, 'theta_sigma': 0.00024695395517224805, 'alpha_sigma': 0.0001542725197098045, 'theta_dot_sigma': 0.029391919640340797, 'alpha_dot_sigma': 0.023925078525672147, 'encoder_quantization_rad': 0.00011340212302367207, 'velocity_lpf': 0.25, 'process_theta_dot_sigma': 0.0, 'process_alpha_dot_sigma': 0.0}"
2793560,2,randomization_0.10,0.1,"{'level': 0.1, 'physical': {'g': 9.827706619500718, 'c_theta': 0.025764099612320603, 'c_alpha': 0.0012731626889131897, 'k_t': 0.2277532207143863, 'k_b': 0.18776647964505716, 'k_u': 0.04680289155217142, 'R': 4.248200144910346, 'm1': 0.20150701450987324, 'm2': 0.15861468486978939, 'l1cg': 0.07968270320491841, 'l1': 0.15236080768545787, 'l2cg': 0.06638428609069458, 'I1z': 0.00048360451351674806, 'I2x': 0.0003665615569748639, 'I2y': 2.2733422373662654e-05, 'I2z': 0.00036954957130277846}, 'init_theta_std_deg': 5.067979213123567, 'init_alpha_std_deg': 8.500063358557862, 'init_theta_dot_std': 0.03995699178513226, 'init_alpha_dot_std': 0.15174113124152044, 'pwm_limit': 148.93463414394577, 'pwm_gain': 0.9972466987730869, 'pwm_bias': -0.22233135493166067, 'pwm_deadzone': 0.42815923375077636, 'pwm_noise_sigma': 0.16024934169246594, 'actuator_tau': 0.002451141668123211, 'action_delay_steps': 0, 'theta_bias': 6.039401186973992e-05, 'alpha_bias': 0.0011559628167025146, 'theta_sigma': 0.0005249751346760548, 'alpha_sigma': 0.0005966576480200691, 'theta_dot_sigma': 0.019139108005337364, 'alpha_dot_sigma': 0.0415009179361548, 'encoder_quantization_rad': 7.023120412001256e-05, 'velocity_lpf': 0.25, 'process_theta_dot_sigma': 0.0, 'process_alpha_dot_sigma': 0.0}"
2795560,2,randomization_0.10,0.1,"{'level': 0.1, 'physical': {'g': 9.81361649143357, 'c_theta': 0.02738914489172355, 'c_alpha': 0.001257328204731357, 'k_t': 0.23233422947278012, 'k_b': 0.18430178078040738, 'k_u': 0.04627049253697339, 'R': 4.343280808745082, 'm1': 0.20958939239128432, 'm2': 0.15971722113933826, 'l1cg': 0.08090907547345685, 'l1': 0.15058962161735828, 'l2cg': 0.06621852274309108, 'I1z': 0.0004952935543927349, 'I2x': 0.0003669441114391805, 'I2y': 2.33344103250324e-05, 'I2z': 0.00036546648341925314}, 'init_theta_std_deg': 5.186844140163576, 'init_alpha_std_deg': 7.978008586652107, 'init_theta_dot_std': 0.03452959023662278, 'init_alpha_dot_std': 0.23073261380183527, 'pwm_limit': 147.92862002562907, 'pwm_gain': 1.004127454286737, 'pwm_bias': -0.02648806241536894, 'pwm_deadzone': 0.004154354947837335, 'pwm_noise_sigma': 0.09677013706587223, 'actuator_tau': 0.002776975838953272, 'action_delay_steps': 0, 'theta_bias': -0.0005862452835515945, 'alpha_bias': -0.00035159294575510186, 'theta_sigma': 0.00018571973212540445, 'alpha_sigma': 0.0007066159753711368, 'theta_dot_sigma': 0.007749032976798819, 'alpha_dot_sigma': 0.04737764248535746, 'encoder_quantization_rad': 0.000119421718829311, 'velocity_lpf': 0.25, 'process_theta_dot_sigma': 0.0, 'process_alpha_dot_sigma': 0.0}"
2797560,2,randomization_0.10,0.1,"{'level': 0.1, 'physical': {'g': 9.80415485430725, 'c_theta': 0.02763668813803445, 'c_alpha': 0.001343857131514898, 'k_t': 0.2349825383102722, 'k_b': 0.18579605911336322, 'k_u': 0.04706934357265937, 'R': 4.302830804318977, 'm1': 0.210115828530451, 'm2': 0.15623896340941454, 'l1cg': 0.07994464884002236, 'l1': 0.15198787802711253, 'l2cg': 0.06698382213491616, 'I1z': 0.0004960596570583621, 'I2x': 0.0003683060309684352, 'I2y': 2.528603209386807e-05, 'I2z': 0.00036200968518870845}, 'init_theta_std_deg': 5.4298394842692925, 'init_alpha_std_deg': 7.932626769595317, 'init_theta_dot_std': 0.04156285346108382, 'init_alpha_dot_std': 0.13003880115124675, 'pwm_limit': 149.30610961957638, 'pwm_gain': 0.9959423383287593, 'pwm_bias': 0.17036294768057997, 'pwm_deadzone': 0.7424210799939956, 'pwm_noise_sigma': 0.06580641383735704, 'actuator_tau': 0.0023825793673717247, 'action_delay_steps': 0, 'theta_bias': 0.0008348508872596519, 'alpha_bias': 0.0009750896943574302, 'theta_sigma': 0.000569696522770928, 'alpha_sigma': 9.962034524206143e-05, 'theta_dot_sigma': 0.031002853914440444, 'alpha_dot_sigma': 0.025228139957130837, 'encoder_quantization_rad': 5.284296535547862e-06, 'velocity_lpf': 0.25, 'process_theta_dot_sigma': 0.0, 'process_alpha_dot_sigma': 0.0}"
2799560,2,randomization_0.10,0.1,"{'level': 0.1, 'physical': {'g': 9.847545858237359, 'c_theta': 0.02685466496541174, 'c_alpha': 0.0013023530503254277, 'k_t': 0.2360793710558382, 'k_b': 0.18436748117320198, 'k_u': 0.0467638350839277, 'R': 4.273623019416733, 'm1': 0.20651236701806744, 'm2': 0.1579080922811805, 'l1cg': 0.07910122593815248, 'l1': 0.15317733321296037, 'l2cg': 0.06666449487279794, 'I1z': 0.0004969261426316818, 'I2x': 0.00036733694137572, 'I2y': 2.405784198161433e-05, 'I2z': 0.0003807361462418833}, 'init_theta_std_deg': 4.703256662173127, 'init_alpha_std_deg': 7.874342042760969, 'init_theta_dot_std': 0.1390720794594437, 'init_alpha_dot_std': 0.07147396170317842, 'pwm_limit': 148.11558467431337, 'pwm_gain': 1.002335187951737, 'pwm_bias': 0.37221367745358225, 'pwm_deadzone': 0.6946335434237362, 'pwm_noise_sigma': 0.027650433583425983, 'actuator_tau': 0.00041918273892882973, 'action_delay_steps': 0, 'theta_bias': 0.000938339215461481, 'alpha_bias': 0.0005453696376143761, 'theta_sigma': 0.00022209715352160774, 'alpha_sigma': 0.0013394084830295366, 'theta_dot_sigma': 0.030447711605173882, 'alpha_dot_sigma': 0.010283359230401586, 'encoder_quantization_rad': 1.3898563380154766e-05, 'velocity_lpf': 0.25, 'process_theta_dot_sigma': 0.0, 'process_alpha_dot_sigma': 0.0}"
2801560,2,randomization_0.10,0.1,"{'level': 0.1, 'physical': {'g': 9.846829091918861, 'c_theta': 0.030110668653102968, 'c_alpha': 0.0011488766715695114, 'k_t': 0.23227131373755908, 'k_b': 0.18966072244068433, 'k_u': 0.045934522973293895, 'R': 4.364003748416359, 'm1': 0.20197376612593448, 'm2': 0.16012731101343136, 'l1cg': 0.08024553138882311, 'l1': 0.1506322198377322, 'l2cg': 0.06578461952240484, 'I1z': 0.0004947120068149401, 'I2x': 0.0003650337504568033, 'I2y': 2.3779803380403534e-05, 'I2z': 0.00035676971791584054}, 'init_theta_std_deg': 5.44944827537503, 'init_alpha_std_deg': 8.1060593245515, 'init_theta_dot_std': 0.10731800198884794, 'init_alpha_dot_std': 0.1259674427976621, 'pwm_limit': 147.296410622666, 'pwm_gain': 1.0090759607730915, 'pwm_bias': -0.1190260676766469, 'pwm_deadzone': 0.7732490018384456, 'pwm_noise_sigma': 0.05712057294358974, 'actuator_tau': 0.002405037546397199, 'action_delay_steps': 0, 'theta_bias': -0.0005268950548912008, 'alpha_bias': 0.0004305729544858537, 'theta_sigma': 0.00042020679010415615, 'alpha_sigma': 0.0013856231995793675, 'theta_dot_sigma': 0.028170298332458488, 'alpha_dot_sigma': 0.049175971637604045, 'encoder_quantization_rad': 9.637963789899782e-05, 'velocity_lpf': 0.25, 'process_theta_dot_sigma': 0.0, 'process_alpha_dot_sigma': 0.0}"
2803560,2,randomization_0.10,0.1,"{'level': 0.1, 'physical': {'g': 9.82848008290511, 'c_theta': 0.027719579657373414, 'c_alpha': 0.001024869835464485, 'k_t': 0.2320682128812869, 'k_b': 0.18410002072083095, 'k_u': 0.048465699685404984, 'R': 4.214216261375102, 'm1': 0.2087663209109801, 'm2': 0.15947081062219298, 'l1cg': 0.08095316120363995, 'l1': 0.15045587712402939, 'l2cg': 0.0678512702808313, 'I1z': 0.0004780622392853594, 'I2x': 0.00037575695913793784, 'I2y': 2.5218311955095265e-05, 'I2z': 0.00038375044121708726}, 'init_theta_std_deg': 5.471269801211406, 'init_alpha_std_deg': 8.177902769822476, 'init_theta_dot_std': 0.11454791387463836, 'init_alpha_dot_std': 0.14123295237924802, 'pwm_limit': 147.1785733385101, 'pwm_gain': 0.9960507677026388, 'pwm_bias': 0.06078938447388316, 'pwm_deadzone': 0.4007282602293275, 'pwm_noise_sigma': 0.022438881975621383, 'actuator_tau': 0.002445602275943356, 'action_delay_steps': 0, 'theta_bias': -0.0009204842941444031, 'alpha_bias': -0.0005876821813846719, 'theta_sigma': 0.0002916803328615282, 'alpha_sigma': 0.0004408801212969331, 'theta_dot_sigma': 0.015500085645945419, 'alpha_dot_sigma': 0.015075167577224415, 'encoder_quantization_rad': 0.00010456324054322303, 'velocity_lpf': 0.25, 'process_theta_dot_sigma': 0.0, 'process_alpha_dot_sigma': 0.0}"
2805560,2,randomization_0.10,0.1,"{'level': 0.1, 'physical': {'g': 9.783502071146719, 'c_theta': 0.027898973365980587, 'c_alpha': 0.0010543565007505495, 'k_t': 0.23555267495211815, 'k_b': 0.1885083603856033, 'k_u': 0.0458453432205393, 'R': 4.20992678610802, 'm1': 0.20801155189973392, 'm2': 0.158748008564122, 'l1cg': 0.08048399013146139, 'l1': 0.152363649710362, 'l2cg': 0.0681948523704094, 'I1z': 0.0005124550136602932, 'I2x': 0.00036770453691555656, 'I2y': 2.2673886372702416e-05, 'I2z': 0.0003802674357161033}, 'init_theta_std_deg': 5.19315229942152, 'init_alpha_std_deg': 7.656067498204575, 'init_theta_dot_std': 0.019256728907708145, 'init_alpha_dot_std': 0.1828011008223931, 'pwm_limit': 147.93845426713182, 'pwm_gain': 0.9960150317737584, 'pwm_bias': -0.3613256004858533, 'pwm_deadzone': 0.4256361628181251, 'pwm_noise_sigma': 0.1410428412618467, 'actuator_tau': 0.0014627648821426494, 'action_delay_steps': 0, 'theta_bias': -0.0006177575683320942, 'alpha_bias': 0.0001038076947187598, 'theta_sigma': 0.0003416096567744849, 'alpha_sigma': 0.0010247401069503146, 'theta_dot_sigma': 0.024636006720182648, 'alpha_dot_sigma': 0.05846655544172463, 'encoder_quantization_rad': 0.00013781118038045385, 'velocity_lpf': 0.25, 'process_theta_dot_sigma': 0.0, 'process_alpha_dot_sigma': 0.0}"
2807560,2,randomization_0.10,0.1,"{'level': 0.1, 'physical': {'g': 9.79288772672776, 'c_theta': 0.026920639946658803, 'c_alpha': 0.0009584107776222031, 'k_t': 0.23603889170923045, 'k_b': 0.18993520920857887, 'k_u': 0.04633190401041931, 'R': 4.390379700830824, 'm1': 0.20365083831827216, 'm2': 0.16059187109087975, 'l1cg': 0.08058860908525842, 'l1': 0.15308594717325633, 'l2cg': 0.0652382526868543, 'I1z': 0.0004848132071897489, 'I2x': 0.00036569693421999557, 'I2y': 2.2493372435743578e-05, 'I2z': 0.00037989999442482005}, 'init_theta_std_deg': 5.135958206268818, 'init_alpha_std_deg': 7.691775302536424, 'init_theta_dot_std': 0.10521486827727317, 'init_alpha_dot_std': 0.1177980538300333, 'pwm_limit': 147.7773100339241, 'pwm_gain': 1.0026654163204942, 'pwm_bias': 0.07735061918192719, 'pwm_deadzone': 0.16283316620860544, 'pwm_noise_sigma': 0.04294339907602101, 'actuator_tau': 0.0015415142779142215, 'action_delay_steps': 0, 'theta_bias': 0.0008548048737676089, 'alpha_bias': 0.0002319000376506753, 'theta_sigma': 3.013714207863918e-05, 'alpha_sigma': 0.0006281928661352026, 'theta_dot_sigma': 0.012364947501074705, 'alpha_dot_sigma': 0.05181911881977827, 'encoder_quantization_rad': 0.00012027684439516604, 'velocity_lpf': 0.25, 'process_theta_dot_sigma': 0.0, 'process_alpha_dot_sigma': 0.0}"
2809560,2,randomization_0.10,0.1,"{'level': 0.1, 'physical': {'g': 9.797035748371057, 'c_theta': 0.025331407856887412, 'c_alpha': 0.0009474934591260614, 'k_t': 0.22774051497451792, 'k_b': 0.1840774979461174, 'k_u': 0.04628807608949527, 'R': 4.327250824858524, 'm1': 0.20210087096164991, 'm2': 0.15917452447252986, 'l1cg': 0.08102980374063369, 'l1': 0.15168193115025608, 'l2cg': 0.0661401495924993, 'I1z': 0.0005016178106171143, 'I2x': 0.0003637532929826897, 'I2y': 2.3317028581308036e-05, 'I2z': 0.0003640102978831567}, 'init_theta_std_deg': 5.132536223066457, 'init_alpha_std_deg': 8.528581736029844, 'init_theta_dot_std': 0.14139474475346622, 'init_alpha_dot_std': 0.04414994595643712, 'pwm_limit': 148.8076152261613, 'pwm_gain': 1.0080019488367515, 'pwm_bias': -0.2874041460434099, 'pwm_deadzone': 0.0475792073936937, 'pwm_noise_sigma': 0.11521991286659912, 'actuator_tau': 0.002487307552241222, 'action_delay_steps': 0, 'theta_bias': 0.00022097365673723202, 'alpha_bias': 0.0008787955533468866, 'theta_sigma': 0.000157315057623431, 'alpha_sigma': 4.70048817199964e-05, 'theta_dot_sigma': 0.026579717298574314, 'alpha_dot_sigma': 0.010508345296213136, 'encoder_quantization_rad': 4.920689808343164e-05, 'velocity_lpf': 0.25, 'process_theta_dot_sigma': 0.0, 'process_alpha_dot_sigma': 0.0}"
2811560,2,randomization_0.10,0.1,"{'level': 0.1, 'physical': {'g': 9.776473084587623, 'c_theta': 0.026936002163449227, 'c_alpha': 0.0012555140071652117, 'k_t': 0.23052800640093277, 'k_b': 0.19034714953463935, 'k_u': 0.04623610980071025, 'R': 4.303522321770024, 'm1': 0.20561041638325936, 'm2': 0.16005115071449172, 'l1cg': 0.07913229514116535, 'l1': 0.15270063009849016, 'l2cg': 0.06517733060871243, 'I1z': 0.000478445717624167, 'I2x': 0.0003746269080680183, 'I2y': 2.3910517029061234e-05, 'I2z': 0.0003457473236005517}, 'init_theta_std_deg': 5.021281750887526, 'init_alpha_std_deg': 8.233531142930909, 'init_theta_dot_std': 0.1260838514961375, 'init_alpha_dot_std': 0.0056505592253832115, 'pwm_limit': 147.4980217636128, 'pwm_gain': 1.008093227537281, 'pwm_bias': -0.15352090153981968, 'pwm_deadzone': 0.7014360881046138, 'pwm_noise_sigma': 0.17312682103861193, 'actuator_tau': 0.0015815950686490974, 'action_delay_steps': 0, 'theta_bias': -0.0002242641137493855, 'alpha_bias': -0.000170119441014117, 'theta_sigma': 7.195298313373545e-05, 'alpha_sigma': 0.0018291854534834924, 'theta_dot_sigma': 0.020776055595622817, 'alpha_dot_sigma': 0.03675649271125104, 'encoder_quantization_rad': 5.084917203378371e-05, 'velocity_lpf': 0.25, 'process_theta_dot_sigma': 0.0, 'process_alpha_dot_sigma': 0.0}"
2813560,2,randomization_0.10,0.1,"{'level': 0.1, 'physical': {'g': 9.817491589363257, 'c_theta': 0.024147091480410707, 'c_alpha': 0.0012505636693937797, 'k_t': 0.22808525594721124, 'k_b': 0.18617797286202803, 'k_u': 0.0459559650832036, 'R': 4.355876741513684, 'm1': 0.20995137757022506, 'm2': 0.1597846314146049, 'l1cg': 0.08136039969557979, 'l1': 0.15305096486088282, 'l2cg': 0.06589425448604125, 'I1z': 0.0005014221864526699, 'I2x': 0.00036295927141806683, 'I2y': 2.446502876213358e-05, 'I2z': 0.0003777081001261246}, 'init_theta_std_deg': 5.3859545854431685, 'init_alpha_std_deg': 7.927606486775231, 'init_theta_dot_std': 0.010496576496090683, 'init_alpha_dot_std': 0.03691853130109876, 'pwm_limit': 149.02536055752415, 'pwm_gain': 0.9946959684612895, 'pwm_bias': 0.3714148162498915, 'pwm_deadzone': 0.9293993399346521, 'pwm_noise_sigma': 0.07624555850432882, 'actuator_tau': 0.0001494812752873318, 'action_delay_steps': 0, 'theta_bias': -0.00023518916609320417, 'alpha_bias': 0.0008514739504013378, 'theta_sigma': 0.0004602955164367115, 'alpha_sigma': 0.0013533173367382635, 'theta_dot_sigma': 0.013700086429478462, 'alpha_dot_sigma': 0.013241484087181834, 'encoder_quantization_rad': 1.9042521119589197e-05, 'velocity_lpf': 0.25, 'process_theta_dot_sigma': 0.0, 'process_alpha_dot_sigma': 0.0}"
2815560,2,randomization_0.10,0.1,"{'level': 0.1, 'physical': {'g': 9.78328288977243, 'c_theta': 0.023767999459631477, 'c_alpha': 0.0011864238057960423, 'k_t': 0.22961774416845046, 'k_b': 0.19007052190252222, 'k_u': 0.04814216957206243, 'R': 4.2334183782409704, 'm1': 0.2104867977571499, 'm2': 0.1584021251708381, 'l1cg': 0.08090099624313078, 'l1': 0.15074077032971694, 'l2cg': 0.06528093947855254, 'I1z': 0.00047249269516375325, 'I2x': 0.0003616061352070376, 'I2y': 2.2735870397463487e-05, 'I2z': 0.00035532127520060744}, 'init_theta_std_deg': 5.309617646631055, 'init_alpha_std_deg': 8.32277199025534, 'init_theta_dot_std': 0.145204243610541, 'init_alpha_dot_std': 0.13649693704217356, 'pwm_limit': 147.6135051001319, 'pwm_gain': 0.9953608235461214, 'pwm_bias': -0.2726655818586897, 'pwm_deadzone': 0.8755798719207365, 'pwm_noise_sigma': 0.04779240740774824, 'actuator_tau': 0.00032515653892143314, 'action_delay_steps': 0, 'theta_bias': -0.0005547612204242922, 'alpha_bias': -0.0005609285268941015, 'theta_sigma': 0.00018153562332909892, 'alpha_sigma': 0.0014783068304523356, 'theta_dot_sigma': 0.03150209014400802, 'alpha_dot_sigma': 0.01611958665794853, 'encoder_quantization_rad': 5.842236136194952e-05, 'velocity_lpf': 0.25, 'process_theta_dot_sigma': 0.0, 'process_alpha_dot_sigma': 0.0}"
2817560,2,randomization_0.10,0.1,"{'level': 0.1, 'physical': {'g': 9.847193431402054, 'c_theta': 0.029333082125580626, 'c_alpha': 0.0013227549426126613, 'k_t': 0.23323870435718275, 'k_b': 0.1844208098826405, 'k_u': 0.04828989701132079, 'R': 4.215230263108112, 'm1': 0.2038049283720362, 'm2': 0.15800362526018588, 'l1cg': 0.07923253735345075, 'l1': 0.15269345100020015, 'l2cg': 0.0653207452904781, 'I1z': 0.0005211142774764519, 'I2x': 0.00037143748248749214, 'I2y': 2.3421359013363277e-05, 'I2z': 0.0003716331206373597}, 'init_theta_std_deg': 4.7285693900955525, 'init_alpha_std_deg': 8.24591763958967, 'init_theta_dot_std': 0.11640980590523152, 'init_alpha_dot_std': 0.027418776381871207, 'pwm_limit': 148.02541329756065, 'pwm_gain': 0.9941340379276795, 'pwm_bias': -0.3396556523837346, 'pwm_deadzone': 0.8134385316445619, 'pwm_noise_sigma': 0.14508907583930994, 'actuator_tau': 0.002137895248286569, 'action_delay_steps': 0, 'theta_bias': -0.0003058325977938556, 'alpha_bias': -4.4798115535823164e-05, 'theta_sigma': 1.2681248751280517e-05, 'alpha_sigma': 0.0008756025735818056, 'theta_dot_sigma': 0.0015541341693491482, 'alpha_dot_sigma': 0.037162123276787466, 'encoder_quantization_rad': 9.343516546949278e-05, 'velocity_lpf': 0.25, 'process_theta_dot_sigma': 0.0, 'process_alpha_dot_sigma': 0.0}"
2819409,2,randomization_0.10,0.1,"{'level': 0.1, 'physical': {'g': 9.781798602853696, 'c_theta': 0.025676321084538885, 'c_alpha': 0.0009456192170663483, 'k_t': 0.23378051666381844, 'k_b': 0.1914752918494988, 'k_u': 0.04692155119050969, 'R': 4.257962547977537, 'm1': 0.20908870504671345, 'm2': 0.15834195424114164, 'l1cg': 0.07944261434781033, 'l1': 0.15150499378934654, 'l2cg': 0.06736982071283458, 'I1z': 0.0004807786583602916, 'I2x': 0.0003643399574714505, 'I2y': 2.3068420374969877e-05, 'I2z': 0.00035259890289325764}, 'init_theta_std_deg': 4.909824995615098, 'init_alpha_std_deg': 8.695614145804413, 'init_theta_dot_std': 0.1274387760305203, 'init_alpha_dot_std': 0.016073200827566275, 'pwm_limit': 149.48073750256424, 'pwm_gain': 1.0012192818402208, 'pwm_bias': -0.09202712489666842, 'pwm_deadzone': 0.15238363572325098, 'pwm_noise_sigma': 0.19713572033791535, 'actuator_tau': 0.0012259451839440492, 'action_delay_steps': 0, 'theta_bias': 0.0006215111158361424, 'alpha_bias': -0.0005263110127056171, 'theta_sigma': 1.7824757348821386e-05, 'alpha_sigma': 0.0002603904834712496, 'theta_dot_sigma': 0.0060378114964426246, 'alpha_dot_sigma': 0.054395837230366464, 'encoder_quantization_rad': 3.975231567657866e-05, 'velocity_lpf': 0.25, 'process_theta_dot_sigma': 0.0, 'process_alpha_dot_sigma': 0.0}"
2821243,2,randomization_0.10,0.1,"{'level': 0.1, 'physical': {'g': 9.835919756604893, 'c_theta': 0.024333983788950058, 'c_alpha': 0.0010713283349356082, 'k_t': 0.23582349964996244, 'k_b': 0.19068710479433681, 'k_u': 0.047485795537633574, 'R': 4.275783374725, 'm1': 0.20977280946763271, 'm2': 0.15879900233911093, 'l1cg': 0.08012078602985104, 'l1': 0.15109005928250963, 'l2cg': 0.06646121018053745, 'I1z': 0.00047876240548203156, 'I2x': 0.000370611540349563, 'I2y': 2.383654502073908e-05, 'I2z': 0.0003472940963709799}, 'init_theta_std_deg': 4.850751928114748, 'init_alpha_std_deg': 7.822180844167321, 'init_theta_dot_std': 0.098419116668913, 'init_alpha_dot_std': 0.0901484218855099, 'pwm_limit': 149.80112004043548, 'pwm_gain': 1.0097418857144986, 'pwm_bias': -0.0694678771556279, 'pwm_deadzone': 0.5217086625397807, 'pwm_noise_sigma': 0.14813564761412834, 'actuator_tau': 0.0001296900352325825, 'action_delay_steps': 0, 'theta_bias': -0.0009845401605608815, 'alpha_bias': 0.0007734627343493291, 'theta_sigma': 0.00014451023709942563, 'alpha_sigma': 9.248115700169768e-05, 'theta_dot_sigma': 0.028434550665586478, 'alpha_dot_sigma': 0.0508241057604142, 'encoder_quantization_rad': 5.274801684974335e-06, 'velocity_lpf': 0.25, 'process_theta_dot_sigma': 0.0, 'process_alpha_dot_sigma': 0.0}"
2823243,2,randomization_0.10,0.1,"{'level': 0.1, 'physical': {'g': 9.820180264587588, 'c_theta': 0.023326164246549812, 'c_alpha': 0.0012437466077749623, 'k_t': 0.22731827735252846, 'k_b': 0.18383324755417757, 'k_u': 0.04686195911048451, 'R': 4.25811995859892, 'm1': 0.20880955147629224, 'm2': 0.1603640630316663, 'l1cg': 0.0808514955376033, 'l1': 0.15237385066886805, 'l2cg': 0.06695401957252771, 'I1z': 0.0005135987578744673, 'I2x': 0.00036702681145218627, 'I2y': 2.4367250857095386e-05, 'I2z': 0.0003601454039508493}, 'init_theta_std_deg': 5.467902474319592, 'init_alpha_std_deg': 8.740073446876613, 'init_theta_dot_std': 0.015783529960306204, 'init_alpha_dot_std': 0.026676203267108872, 'pwm_limit': 150.55477954859182, 'pwm_gain': 0.9922778707830999, 'pwm_bias': 0.09576522440597222, 'pwm_deadzone': 0.6870787180897834, 'pwm_noise_sigma': 0.1244079441983693, 'actuator_tau': 0.001987929546708828, 'action_delay_steps': 0, 'theta_bias': -0.0008414125802680148, 'alpha_bias': 0.00024409106959124956, 'theta_sigma': 0.0001301519614508013, 'alpha_sigma': 0.0006632534037493872, 'theta_dot_sigma': 0.02959766463427569, 'alpha_dot_sigma': 0.028715200789223534, 'encoder_quantization_rad': 1.2094087772702483e-05, 'velocity_lpf': 0.25, 'process_theta_dot_sigma': 0.0, 'process_alpha_dot_sigma': 0.0}"
2825243,2,randomization_0.10,0.1,"{'level': 0.1, 'physical': {'g': 9.823954838008696, 'c_theta': 0.026988071039424372, 'c_alpha': 0.0012057619430101856, 'k_t': 0.2353552712067609, 'k_b': 0.18909221643972823, 'k_u': 0.04592004584803398, 'R': 4.378628789196923, 'm1': 0.20851437970444534, 'm2': 0.1564793533137393, 'l1cg': 0.08125033166099611, 'l1': 0.15256813990967533, 'l2cg': 0.06530384552092994, 'I1z': 0.000506619045712188, 'I2x': 0.00036763325234025516, 'I2y': 2.320991059868443e-05, 'I2z': 0.00037858894633976264}, 'init_theta_std_deg': 5.131246273191603, 'init_alpha_std_deg': 8.603147459341642, 'init_theta_dot_std': 0.05805233222703139, 'init_alpha_dot_std': 0.0481010542955882, 'pwm_limit': 147.11118068295175, 'pwm_gain': 0.9935733462272786, 'pwm_bias': 0.24281215006446102, 'pwm_deadzone': 0.6866511845258728, 'pwm_noise_sigma': 0.14593174777609433, 'actuator_tau': 0.001617870145755372, 'action_delay_steps': 0, 'theta_bias': -0.0006771089992414487, 'alpha_bias': 0.001188782884240048, 'theta_sigma': 0.0005439263984144246, 'alpha_sigma': 0.001491683554265552, 'theta_dot_sigma': 0.029003965760730346, 'alpha_dot_sigma': 0.020779102237623963, 'encoder_quantization_rad': 0.00013764753557084686, 'velocity_lpf': 0.25, 'process_theta_dot_sigma': 0.0, 'process_alpha_dot_sigma': 0.0}"
2827243,2,randomization_0.10,0.1,"{'level': 0.1, 'physical': {'g': 9.839919432933526, 'c_theta': 0.025512642741483384, 'c_alpha': 0.0012404597748017065, 'k_t': 0.23078519604579198, 'k_b': 0.18298880745055193, 'k_u': 0.04745122305713979, 'R': 4.235898645402016, 'm1': 0.2013964022617202, 'm2': 0.1579482714627591, 'l1cg': 0.08002276315222384, 'l1': 0.1517840878349358, 'l2cg': 0.06578598874983417, 'I1z': 0.0004792053674705032, 'I2x': 0.0003623428940791323, 'I2y': 2.4336606418384114e-05, 'I2z': 0.00037900960327556273}, 'init_theta_std_deg': 5.486551129776568, 'init_alpha_std_deg': 8.72821019583666, 'init_theta_dot_std': 0.11305756906512972, 'init_alpha_dot_std': 0.1948697189424509, 'pwm_limit': 150.56591918380013, 'pwm_gain': 1.0083932967543165, 'pwm_bias': 0.0719924773179609, 'pwm_deadzone': 0.18075823621333764, 'pwm_noise_sigma': 0.03276222207524802, 'actuator_tau': 0.002031413511953532, 'action_delay_steps': 0, 'theta_bias': 0.0007938700525911524, 'alpha_bias': 0.0003973768773687889, 'theta_sigma': 0.00015184027123789923, 'alpha_sigma': 0.0009663904038671519, 'theta_dot_sigma': 0.015863106950425098, 'alpha_dot_sigma': 0.013300281313081263, 'encoder_quantization_rad': 0.00011260978267281293, 'velocity_lpf': 0.25, 'process_theta_dot_sigma': 0.0, 'process_alpha_dot_sigma': 0.0}"
2829243,2,randomization_0.10,0.1,"{'level': 0.1, 'physical': {'g': 9.787823625814498, 'c_theta': 0.028771779583955315, 'c_alpha': 0.0010956728244578516, 'k_t': 0.23647694273429595, 'k_b': 0.187758290619719, 'k_u': 0.0471631277585445, 'R': 4.355832426105853, 'm1': 0.20767716176975187, 'm2': 0.1570734729640804, 'l1cg': 0.08021393662816151, 'l1': 0.15067687228055865, 'l2cg': 0.06633019720356038, 'I1z': 0.00047893653495561443, 'I2x': 0.00036531798711664237, 'I2y': 2.440717441266191e-05, 'I2z': 0.0003691214944651643}, 'init_theta_std_deg': 5.065324358848523, 'init_alpha_std_deg': 7.743411183067126, 'init_theta_dot_std': 0.12223648375851737, 'init_alpha_dot_std': 0.07188623470801708, 'pwm_limit': 150.19911185464318, 'pwm_gain': 1.0017172212240504, 'pwm_bias': 0.3155570020420158, 'pwm_deadzone': 0.12919299332769885, 'pwm_noise_sigma': 0.09495302624378169, 'actuator_tau': 0.0028564112820786192, 'action_delay_steps': 0, 'theta_bias': 0.000438340975417703, 'alpha_bias': 0.0011447135154100758, 'theta_sigma': 0.00020961247877733364, 'alpha_sigma': 0.0004577954674810807, 'theta_dot_sigma': 0.016097913290942865, 'alpha_dot_sigma': 0.012360278097869576, 'encoder_quantization_rad': 6.551116103520774e-05, 'velocity_lpf': 0.25, 'process_theta_dot_sigma': 0.0, 'process_alpha_dot_sigma': 0.0}"
2831243,2,randomization_0.10,0.1,"{'level': 0.1, 'physical': {'g': 9.83348161225482, 'c_theta': 0.023129404501586556, 'c_alpha': 0.0009703623266496327, 'k_t': 0.2276652316219672, 'k_b': 0.18443787407522744, 'k_u': 0.04817449098938498, 'R': 4.354499424640214, 'm1': 0.20309290237585462, 'm2': 0.15808798382168615, 'l1cg': 0.08016832469279359, 'l1': 0.15198856258968135, 'l2cg': 0.06737380170451554, 'I1z': 0.0005050167694336111, 'I2x': 0.00037514559647549385, 'I2y': 2.5498157794323695e-05, 'I2z': 0.00035504382285587066}, 'init_theta_std_deg': 4.797293588346039, 'init_alpha_std_deg': 8.495453681719079, 'init_theta_dot_std': 0.07489889304786992, 'init_alpha_dot_std': 0.21379989396049243, 'pwm_limit': 148.6307737476621, 'pwm_gain': 0.9993715039136507, 'pwm_bias': 0.31371990151767576, 'pwm_deadzone': 0.047261514980874275, 'pwm_noise_sigma': 0.12129968178515788, 'actuator_tau': 0.0011728441247357909, 'action_delay_steps': 0, 'theta_bias': -0.00010059916035543437, 'alpha_bias': 0.0010974229842773183, 'theta_sigma': 0.0003564190817930998, 'alpha_sigma': 0.0004658414742803556, 'theta_dot_sigma': 0.020828579310876272, 'alpha_dot_sigma': 0.05584926912035603, 'encoder_quantization_rad': 3.7222897877780607e-05, 'velocity_lpf': 0.25, 'process_theta_dot_sigma': 0.0, 'process_alpha_dot_sigma': 0.0}"
2833243,2,randomization_0.10,0.1,"{'level': 0.1, 'physical': {'g': 9.754381148065029, 'c_theta': 0.024238606310682982, 'c_alpha': 0.0010279733935757308, 'k_t': 0.22741424217687523, 'k_b': 0.1864065251339449, 'k_u': 0.04720284447748325, 'R': 4.349890799453046, 'm1': 0.20944587696261258, 'm2': 0.15843407930706993, 'l1cg': 0.08000998804359186, 'l1': 0.15307374759534592, 'l2cg': 0.06654699933667689, 'I1z': 0.0005156207454288825, 'I2x': 0.00037066755681153745, 'I2y': 2.4116777714568812e-05, 'I2z': 0.00038038076203236287}, 'init_theta_std_deg': 4.953796285093958, 'init_alpha_std_deg': 8.165035898899475, 'init_theta_dot_std': 0.054759053290915544, 'init_alpha_dot_std': 0.00044719069519494337, 'pwm_limit': 150.18076494815796, 'pwm_gain': 1.0047353083964297, 'pwm_bias': 0.005885220915235134, 'pwm_deadzone': 0.6434243778970655, 'pwm_noise_sigma': 0.10345357838195374, 'actuator_tau': 0.0017385030240345757, 'action_delay_steps': 0, 'theta_bias': 0.0009845197994123303, 'alpha_bias': 0.0003101966685569292, 'theta_sigma': 0.0001450510938801846, 'alpha_sigma': 0.000966069138052769, 'theta_dot_sigma': 0.017567720914317984, 'alpha_dot_sigma': 0.048891982685466795, 'encoder_quantization_rad': 2.851599066083201e-05, 'velocity_lpf': 0.25, 'process_theta_dot_sigma': 0.0, 'process_alpha_dot_sigma': 0.0}"
2835243,2,randomization_0.10,0.1,"{'level': 0.1, 'physical': {'g': 9.79037525204348, 'c_theta': 0.025046701932095995, 'c_alpha': 0.0012485699826224829, 'k_t': 0.2270424455582907, 'k_b': 0.19197136629918693, 'k_u': 0.04758000969348796, 'R': 4.288923405736656, 'm1': 0.20698786130423297, 'm2': 0.15703831271322394, 'l1cg': 0.07935815125872299, 'l1': 0.15040016179616764, 'l2cg': 0.06837209047192574, 'I1z': 0.0005148844193482642, 'I2x': 0.00036945648334601826, 'I2y': 2.54319710153411e-05, 'I2z': 0.00036709660941439625}, 'init_theta_std_deg': 5.077239141945297, 'init_alpha_std_deg': 8.606187177001665, 'init_theta_dot_std': 0.028146449126995633, 'init_alpha_dot_std': 0.15635680389417406, 'pwm_limit': 149.024934936749, 'pwm_gain': 1.0047296047225331, 'pwm_bias': 0.031978602101837963, 'pwm_deadzone': 0.756840812204925, 'pwm_noise_sigma': 0.18896572355453836, 'actuator_tau': 0.0008303927160602305, 'action_delay_steps': 0, 'theta_bias': -0.0006711888982282743, 'alpha_bias': -2.2656345413437064e-05, 'theta_sigma': 0.0005843149336974646, 'alpha_sigma': 0.0007212350458001289, 'theta_dot_sigma': 0.005280737009210401, 'alpha_dot_sigma': 0.014883735374776339, 'encoder_quantization_rad': 5.2049736802245026e-05, 'velocity_lpf': 0.25, 'process_theta_dot_sigma': 0.0, 'process_alpha_dot_sigma': 0.0}"
2837243,2,randomization_0.10,0.1,"{'level': 0.1, 'physical': {'g': 9.765239100359093, 'c_theta': 0.030543723155111047, 'c_alpha': 0.0010272915080703831, 'k_t': 0.22572502993004975, 'k_b': 0.18820651948078387, 'k_u': 0.047861756873485144, 'R': 4.26988993052813, 'm1': 0.20343166515735722, 'm2': 0.15895046653621792, 'l1cg': 0.08028982640696616, 'l1': 0.15253264880234935, 'l2cg': 0.06568937434861008, 'I1z': 0.0005033372857391799, 'I2x': 0.00037225772326614427, 'I2y': 2.2497863029294166e-05, 'I2z': 0.0003721779911520122}, 'init_theta_std_deg': 5.3502495927347775, 'init_alpha_std_deg': 8.22055219659519, 'init_theta_dot_std': 0.10539965301402346, 'init_alpha_dot_std': 0.04643396262619037, 'pwm_limit': 149.62049335860524, 'pwm_gain': 0.9913110632938423, 'pwm_bias': -0.19193142292757515, 'pwm_deadzone': 0.5423177468787188, 'pwm_noise_sigma': 0.09860576340324556, 'actuator_tau': 0.00037052902556525047, 'action_delay_steps': 0, 'theta_bias': 0.0009794789904010183, 'alpha_bias': 0.0005972373419939009, 'theta_sigma': 0.00015519356867962558, 'alpha_sigma': 0.0007547996008061599, 'theta_dot_sigma': 0.008584499783486976, 'alpha_dot_sigma': 0.05037032142797237, 'encoder_quantization_rad': 1.5309926932608976e-05, 'velocity_lpf': 0.25, 'process_theta_dot_sigma': 0.0, 'process_alpha_dot_sigma': 0.0}"
2839243,2,randomization_0.10,0.1,"{'level': 0.1, 'physical': {'g': 9.811812193790288, 'c_theta': 0.02833569043377515, 'c_alpha': 0.001177099938003687, 'k_t': 0.22541987651723522, 'k_b': 0.18881948887601702, 'k_u': 0.04811346210343805, 'R': 4.226394991832814, 'm1': 0.2105770026905945, 'm2': 0.15968017309439417, 'l1cg': 0.08105643105361687, 'l1': 0.15235773350063803, 'l2cg': 0.06760247673474434, 'I1z': 0.0005137599932936747, 'I2x': 0.0003652612537869185, 'I2y': 2.2718958325269778e-05, 'I2z': 0.00037102970076379144}, 'init_theta_std_deg': 5.244713592627165, 'init_alpha_std_deg': 8.626855646664177, 'init_theta_dot_std': 0.04201931125278193, 'init_alpha_dot_std': 0.1819256513639629, 'pwm_limit': 148.4422401643124, 'pwm_gain': 1.008050035513637, 'pwm_bias': 0.1783144201750666, 'pwm_deadzone': 0.06708234296673776, 'pwm_noise_sigma': 0.014652355176983623, 'actuator_tau': 0.0015958521363902897, 'action_delay_steps': 0, 'theta_bias': 0.00025560288121636486, 'alpha_bias': -3.6491943165868793e-06, 'theta_sigma': 0.0004970103084412309, 'alpha_sigma': 0.0019224216158685275, 'theta_dot_sigma': 0.031133662819006078, 'alpha_dot_sigma': 0.0392822586825497, 'encoder_quantization_rad': 0.00011952232464737463, 'velocity_lpf': 0.2531273236870373, 'process_theta_dot_sigma': 0.0, 'process_alpha_dot_sigma': 0.0}"
2841243,2,randomization_0.10,0.1,"{'level': 0.1, 'physical': {'g': 9.807534436149377, 'c_theta': 0.02803078817321667, 'c_alpha': 0.0012303450253994047, 'k_t': 0.23652517040124718, 'k_b': 0.18578611787010196, 'k_u': 0.04823289739508761, 'R': 4.351258665943159, 'm1': 0.20736845110414548, 'm2': 0.16081457455552892, 'l1cg': 0.08144392245836146, 'l1': 0.1512287991142865, 'l2cg': 0.067990194688279, 'I1z': 0.0004790893940513903, 'I2x': 0.000368749792792282, 'I2y': 2.4327731730545106e-05, 'I2z': 0.0003749090804322235}, 'init_theta_std_deg': 5.201613612704994, 'init_alpha_std_deg': 8.564971339866485, 'init_theta_dot_std': 0.14131438255641435, 'init_alpha_dot_std': 0.17610817588456207, 'pwm_limit': 150.00003102418708, 'pwm_gain': 1.0071750538099908, 'pwm_bias': 0.05687905790803116, 'pwm_deadzone': 0.024830822675509956, 'pwm_noise_sigma': 0.030634223712599808, 'actuator_tau': 0.002116101146051885, 'action_delay_steps': 0, 'theta_bias': -0.0004235490243433375, 'alpha_bias': 0.0004674400360366097, 'theta_sigma': 0.00043577165283600487, 'alpha_sigma': 0.0009210040001034641, 'theta_dot_sigma': 0.030632823261634624, 'alpha_dot_sigma': 0.027271913538684498, 'encoder_quantization_rad': 9.774684260539626e-05, 'velocity_lpf': 0.25, 'process_theta_dot_sigma': 0.0, 'process_alpha_dot_sigma': 0.0}"
2842029,2,randomization_0.10,0.1,"{'level': 0.1, 'physical': {'g': 9.764732573626212, 'c_theta': 0.027205163973932602, 'c_alpha': 0.0011430826904953195, 'k_t': 0.22859520062455507, 'k_b': 0.19046247393028082, 'k_u': 0.04783748371767514, 'R': 4.339837430365184, 'm1': 0.20222307619223504, 'm2': 0.15993241431873464, 'l1cg': 0.08127889086540693, 'l1': 0.1517997915841587, 'l2cg': 0.06588710413584445, 'I1z': 0.0005072003636912084, 'I2x': 0.0003732304949071133, 'I2y': 2.2560902932775628e-05, 'I2z': 0.0003855848682409161}, 'init_theta_std_deg': 4.737687092449186, 'init_alpha_std_deg': 8.402575976399127, 'init_theta_dot_std': 0.1054612130007848, 'init_alpha_dot_std': 0.0743485794488392, 'pwm_limit': 147.54904888519087, 'pwm_gain': 1.0007021713634692, 'pwm_bias': -0.07794737270821805, 'pwm_deadzone': 0.6260760909699169, 'pwm_noise_sigma': 0.18082136921519815, 'actuator_tau': 0.0008732791151405735, 'action_delay_steps': 0, 'theta_bias': 0.0008146797418533443, 'alpha_bias': -0.0007216645143431722, 'theta_sigma': 0.00028366396399045855, 'alpha_sigma': 0.001440931116099831, 'theta_dot_sigma': 0.01582574624969844, 'alpha_dot_sigma': 0.0531775630295098, 'encoder_quantization_rad': 3.899419557353627e-05, 'velocity_lpf': 0.25, 'process_theta_dot_sigma': 0.0, 'process_alpha_dot_sigma': 0.0}"
2844029,2,randomization_0.10,0.1,"{'level': 0.1, 'physical': {'g': 9.789089297285134, 'c_theta': 0.028456543639774547, 'c_alpha': 0.0011413827681993746, 'k_t': 0.22847235581855405, 'k_b': 0.18584788870674515, 'k_u': 0.04842870972724515, 'R': 4.213815497342607, 'm1': 0.2043312226103448, 'm2': 0.15799833034284133, 'l1cg': 0.07990355440624129, 'l1': 0.15297063240825343, 'l2cg': 0.06546600742404932, 'I1z': 0.000499083023389125, 'I2x': 0.00036851849233231643, 'I2y': 2.3285750334085153e-05, 'I2z': 0.0003534659717840127}, 'init_theta_std_deg': 5.029904491069018, 'init_alpha_std_deg': 8.167751148104085, 'init_theta_dot_std': 0.0974492692539732, 'init_alpha_dot_std': 0.09601025377433473, 'pwm_limit': 149.7486366032576, 'pwm_gain': 0.9965399708693601, 'pwm_bias': 0.05682872748507961, 'pwm_deadzone': 0.13805955230288813, 'pwm_noise_sigma': 0.15842777212248416, 'actuator_tau': 0.0026370919866256096, 'action_delay_steps': 0, 'theta_bias': -0.0009925227123992798, 'alpha_bias': 0.00039788749109251397, 'theta_sigma': 0.00043635395949494194, 'alpha_sigma': 0.0008138845304573545, 'theta_dot_sigma': 0.01741130424485166, 'alpha_dot_sigma': 0.041367305620029104, 'encoder_quantization_rad': 0.000146135853046867, 'velocity_lpf': 0.25, 'process_theta_dot_sigma': 0.0, 'process_alpha_dot_sigma': 0.0}"
2846029,2,randomization_0.10,0.1,"{'level': 0.1, 'physical': {'g': 9.826837277954807, 'c_theta': 0.025423074078687297, 'c_alpha': 0.000927048859806158, 'k_t': 0.22669053723016203, 'k_b': 0.19036109903494003, 'k_u': 0.04760425710655378, 'R': 4.335405660392052, 'm1': 0.21087007217478648, 'm2': 0.15731232411640145, 'l1cg': 0.0793635498456347, 'l1': 0.15129753993189743, 'l2cg': 0.06794685682158455, 'I1z': 0.00048145553167791897, 'I2x': 0.00036250043917022154, 'I2y': 2.337880885159231e-05, 'I2z': 0.00037653113597274293}, 'init_theta_std_deg': 4.848807757405805, 'init_alpha_std_deg': 8.573918875803878, 'init_theta_dot_std': 0.14786841557487437, 'init_alpha_dot_std': 0.07678766814910934, 'pwm_limit': 147.87405413451685, 'pwm_gain': 1.002677757919761, 'pwm_bias': -0.34321229588989066, 'pwm_deadzone': 0.6648703683874082, 'pwm_noise_sigma': 0.16136099318684008, 'actuator_tau': 0.0022940830450321314, 'action_delay_steps': 0, 'theta_bias': 0.0008123272919135134, 'alpha_bias': 0.0005273075258101086, 'theta_sigma': 0.0003685433544784528, 'alpha_sigma': 0.00031309526061853554, 'theta_dot_sigma': 0.01374518350274595, 'alpha_dot_sigma': 0.037206044733493905, 'encoder_quantization_rad': 0.00010778324078743805, 'velocity_lpf': 0.25, 'process_theta_dot_sigma': 0.0, 'process_alpha_dot_sigma': 0.0}"
2847992,2,randomization_0.10,0.1,"{'level': 0.1, 'physical': {'g': 9.829613153663463, 'c_theta': 0.028731471459461623, 'c_alpha': 0.0011065664273431325, 'k_t': 0.2267148345227779, 'k_b': 0.187397832242207, 'k_u': 0.04755289767894936, 'R': 4.27209016925841, 'm1': 0.20332734232359242, 'm2': 0.1561640964660734, 'l1cg': 0.08114110622502507, 'l1': 0.1508503679712092, 'l2cg': 0.06711891327582196, 'I1z': 0.0004891224492548126, 'I2x': 0.00037375657298936233, 'I2y': 2.5447791987466923e-05, 'I2z': 0.00038037042789905814}, 'init_theta_std_deg': 5.1321298045655555, 'init_alpha_std_deg': 8.446276475199456, 'init_theta_dot_std': 0.12470918177897683, 'init_alpha_dot_std': 0.23519244344023754, 'pwm_limit': 147.27304425557932, 'pwm_gain': 1.0028651881876196, 'pwm_bias': -0.250709970008122, 'pwm_deadzone': 0.847741519786214, 'pwm_noise_sigma': 0.06948080508121982, 'actuator_tau': 0.0006134098623777578, 'action_delay_steps': 0, 'theta_bias': 0.0005700018241858093, 'alpha_bias': -0.00010595467321987134, 'theta_sigma': 0.0005573735237775819, 'alpha_sigma': 0.0014368939787553431, 'theta_dot_sigma': 0.015935312996138033, 'alpha_dot_sigma': 0.0030861139072045685, 'encoder_quantization_rad': 7.759397186240491e-05, 'velocity_lpf': 0.25, 'process_theta_dot_sigma': 0.0, 'process_alpha_dot_sigma': 0.0}"
2849992,2,randomization_0.10,0.1,"{'level': 0.1, 'physical': {'g': 9.824222016725306, 'c_theta': 0.024186062494727795, 'c_alpha': 0.0012709802635605385, 'k_t': 0.23040781980753322, 'k_b': 0.18875938987782948, 'k_u': 0.04638646577651148, 'R': 4.347779829069273, 'm1': 0.2045331510245031, 'm2': 0.15795823312047083, 'l1cg': 0.08091317103807989, 'l1': 0.1533458477590018, 'l2cg': 0.06733324629021589, 'I1z': 0.0004824185619958101, 'I2x': 0.00036277060148521927, 'I2y': 2.2511668398652925e-05, 'I2z': 0.00034408836352777433}, 'init_theta_std_deg': 5.481543726012015, 'init_alpha_std_deg': 7.991833447041146, 'init_theta_dot_std': 0.021176450732933484, 'init_alpha_dot_std': 0.17549959476476673, 'pwm_limit': 148.2061353250776, 'pwm_gain': 0.9945143299344531, 'pwm_bias': -0.3215480923598615, 'pwm_deadzone': 0.3223169941101196, 'pwm_noise_sigma': 0.055539857446802815, 'actuator_tau': 0.0012192194331371025, 'action_delay_steps': 0, 'theta_bias': -0.0009247481099012603, 'alpha_bias': -0.0005113003082120144, 'theta_sigma': 0.00013492942631666716, 'alpha_sigma': 0.0007048513577572407, 'theta_dot_sigma': 0.025690612039731203, 'alpha_dot_sigma': 0.03234685148563704, 'encoder_quantization_rad': 6.28146464992538e-05, 'velocity_lpf': 0.25, 'process_theta_dot_sigma': 0.0, 'process_alpha_dot_sigma': 0.0}"
2851992,2,randomization_0.10,0.1,"{'level': 0.1, 'physical': {'g': 9.810565929786138, 'c_theta': 0.027206916390860647, 'c_alpha': 0.0009852916071122467, 'k_t': 0.22656662008195724, 'k_b': 0.18875182351105546, 'k_u': 0.04687925419914356, 'R': 4.328957769249511, 'm1': 0.20383552865811408, 'm2': 0.16036371018601633, 'l1cg': 0.08042016594279888, 'l1': 0.15182232198841197, 'l2cg': 0.06833007651580188, 'I1z': 0.0004935025941658768, 'I2x': 0.0003630083513353673, 'I2y': 2.4981211105952553e-05, 'I2z': 0.00036854694925893885}, 'init_theta_std_deg': 5.424709903467803, 'init_alpha_std_deg': 8.250727528066909, 'init_theta_dot_std': 0.12419076144883366, 'init_alpha_dot_std': 0.11431914857462513, 'pwm_limit': 148.55405532005813, 'pwm_gain': 1.0024469846067372, 'pwm_bias': -0.23559428583954906, 'pwm_deadzone': 0.7285633670077959, 'pwm_noise_sigma': 0.03630944115566028, 'actuator_tau': 0.0019912021624632972, 'action_delay_steps': 0, 'theta_bias': -0.00024148749458191988, 'alpha_bias': 0.0007815713840672817, 'theta_sigma': 0.0005749025026537451, 'alpha_sigma': 0.0016634437887173726, 'theta_dot_sigma': 0.005009917101867669, 'alpha_dot_sigma': 0.04186498031055143, 'encoder_quantization_rad': 2.3595667590702053e-05, 'velocity_lpf': 0.25, 'process_theta_dot_sigma': 0.0, 'process_alpha_dot_sigma': 0.0}"
2853992,2,randomization_0.10,0.1,"{'level': 0.1, 'physical': {'g': 9.836907611839829, 'c_theta': 0.02965330997958006, 'c_alpha': 0.00097602686336101, 'k_t': 0.23372598887327303, 'k_b': 0.18608368552382618, 'k_u': 0.047780847518615825, 'R': 4.349238724904493, 'm1': 0.2038580507985728, 'm2': 0.1602232338983405, 'l1cg': 0.07948949836973099, 'l1': 0.15316877059732728, 'l2cg': 0.06805104495221567, 'I1z': 0.0005165817974422224, 'I2x': 0.000368869109292233, 'I2y': 2.55091197626576e-05, 'I2z': 0.00037305600417612784}, 'init_theta_std_deg': 5.465677197891085, 'init_alpha_std_deg': 8.448608343768898, 'init_theta_dot_std': 0.008232260941718706, 'init_alpha_dot_std': 0.1357814600511533, 'pwm_limit': 147.91678123571506, 'pwm_gain': 1.0010356385024584, 'pwm_bias': -0.394711999593145, 'pwm_deadzone': 0.506769259231147, 'pwm_noise_sigma': 0.12080377047065223, 'actuator_tau': 0.0006772977469647287, 'action_delay_steps': 0, 'theta_bias': -0.000605174629277107, 'alpha_bias': -0.00032018177210424236, 'theta_sigma': 0.00012267334743385066, 'alpha_sigma': 0.0009632545225725487, 'theta_dot_sigma': 0.030725830054741433, 'alpha_dot_sigma': 0.010642712163003089, 'encoder_quantization_rad': 6.093385188619158e-05, 'velocity_lpf': 0.25, 'process_theta_dot_sigma': 0.0, 'process_alpha_dot_sigma': 0.0}"
2855992,2,randomization_0.10,0.1,"{'level': 0.1, 'physical': {'g': 9.809388947832796, 'c_theta': 0.030353855027748664, 'c_alpha': 0.001144765529813978, 'k_t': 0.23069020784238722, 'k_b': 0.1836884111226084, 'k_u': 0.04777883474712102, 'R': 4.319650840310932, 'm1': 0.20620194483303445, 'm2': 0.15995966199524925, 'l1cg': 0.08148655739125872, 'l1': 0.15117473225676023, 'l2cg': 0.06610367132895206, 'I1z': 0.0005052844703452514, 'I2x': 0.00036732632223171637, 'I2y': 2.4516801783569842e-05, 'I2z': 0.00036351981106372695}, 'init_theta_std_deg': 5.037691625630444, 'init_alpha_std_deg': 8.258441597780642, 'init_theta_dot_std': 0.0890903590753135, 'init_alpha_dot_std': 0.19310717896361773, 'pwm_limit': 149.18666877276905, 'pwm_gain': 0.9991111410297671, 'pwm_bias': 0.17479604181554445, 'pwm_deadzone': 0.6682216034203349, 'pwm_noise_sigma': 0.02153371456716311, 'actuator_tau': 0.0009788797064058396, 'action_delay_steps': 0, 'theta_bias': -0.0006465012747527948, 'alpha_bias': 0.0007119592553386844, 'theta_sigma': 0.0005893943757061, 'alpha_sigma': 0.00022261136230583524, 'theta_dot_sigma': 0.029989732295680617, 'alpha_dot_sigma': 0.05426871643681243, 'encoder_quantization_rad': 2.5217059690081314e-05, 'velocity_lpf': 0.25, 'process_theta_dot_sigma': 0.0, 'process_alpha_dot_sigma': 0.0}"
2857992,2,randomization_0.10,0.1,"{'level': 0.1, 'physical': {'g': 9.815248690895196, 'c_theta': 0.02801852352980157, 'c_alpha': 0.0011887986360501043, 'k_t': 0.23620058749029535, 'k_b': 0.1879431790015456, 'k_u': 0.04612408846038656, 'R': 4.286570632614043, 'm1': 0.20868520062753354, 'm2': 0.15803516896330905, 'l1cg': 0.0808498260665595, 'l1': 0.15055208681546078, 'l2cg': 0.06740855891217516, 'I1z': 0.0004886794972294444, 'I2x': 0.00036608853494758697, 'I2y': 2.4385650207353367e-05, 'I2z': 0.00034470749948996895}, 'init_theta_std_deg': 5.151681923851915, 'init_alpha_std_deg': 8.272001284455056, 'init_theta_dot_std': 0.12236133031111117, 'init_alpha_dot_std': 0.13390632374323835, 'pwm_limit': 149.56304153221492, 'pwm_gain': 1.0006603121026683, 'pwm_bias': -0.05630663182004767, 'pwm_deadzone': 0.6010062112067823, 'pwm_noise_sigma': 0.15306839717673998, 'actuator_tau': 5.702045403070089e-05, 'action_delay_steps': 0, 'theta_bias': -0.0006846065458168364, 'alpha_bias': -0.001003568897994416, 'theta_sigma': 0.0001248179685618625, 'alpha_sigma': 0.0017234646127462323, 'theta_dot_sigma': 0.015515238804018932, 'alpha_dot_sigma': 0.050635112658808414, 'encoder_quantization_rad': 0.00011450010903997314, 'velocity_lpf': 0.25, 'process_theta_dot_sigma': 0.0, 'process_alpha_dot_sigma': 0.0}"
2859992,2,randomization_0.10,0.1,"{'level': 0.1, 'physical': {'g': 9.832219214870108, 'c_theta': 0.025728622870773293, 'c_alpha': 0.0010885289274779864, 'k_t': 0.2322378228732526, 'k_b': 0.18970654517638308, 'k_u': 0.04667259865484157, 'R': 4.304499527617212, 'm1': 0.2063713672135602, 'm2': 0.15957684420037324, 'l1cg': 0.08011792922825375, 'l1': 0.1518717258918823, 'l2cg': 0.06645719518759438, 'I1z': 0.0004926959210871648, 'I2x': 0.0003661890199730309, 'I2y': 2.3004166772848957e-05, 'I2z': 0.0003523025083213235}, 'init_theta_std_deg': 4.913364054218931, 'init_alpha_std_deg': 8.558608337954611, 'init_theta_dot_std': 0.09827360848742284, 'init_alpha_dot_std': 0.1734302900367342, 'pwm_limit': 148.17928528954747, 'pwm_gain': 1.001295718537561, 'pwm_bias': 0.16905610455402373, 'pwm_deadzone': 0.8611792571586953, 'pwm_noise_sigma': 0.17598511127199956, 'actuator_tau': 0.0010940917611707733, 'action_delay_steps': 0, 'theta_bias': 0.000940252113255416, 'alpha_bias': -0.0009503957832961441, 'theta_sigma': 0.000401637486053518, 'alpha_sigma': 0.0011432398218565339, 'theta_dot_sigma': 0.018085785800450623, 'alpha_dot_sigma': 0.031204941031478493, 'encoder_quantization_rad': 6.122571894932583e-06, 'velocity_lpf': 0.25, 'process_theta_dot_sigma': 0.0, 'process_alpha_dot_sigma': 0.0}"
2861992,2,randomization_0.10,0.1,"{'level': 0.1, 'physical': {'g': 9.764943108006465, 'c_theta': 0.03048922058808859, 'c_alpha': 0.0011855202801980059, 'k_t': 0.229223995811889, 'k_b': 0.18367095281985035, 'k_u': 0.04788632655902271, 'R': 4.371194976690097, 'm1': 0.20288133290164326, 'm2': 0.15735314729670682, 'l1cg': 0.08030442187073907, 'l1': 0.15047013361612022, 'l2cg': 0.06719031016432654, 'I1z': 0.0004934685682976712, 'I2x': 0.00037105053720179004, 'I2y': 2.2956731230838665e-05, 'I2z': 0.0003756627812322747}, 'init_theta_std_deg': 4.8238789412990455, 'init_alpha_std_deg': 8.174340938082423, 'init_theta_dot_std': 0.0006830263638469836, 'init_alpha_dot_std': 0.03198531758502027, 'pwm_limit': 150.43958932886005, 'pwm_gain': 1.0032454555007795, 'pwm_bias': 0.23257955739779074, 'pwm_deadzone': 0.21327063110978728, 'pwm_noise_sigma': 0.18527464576525288, 'actuator_tau': 0.00036010645174657695, 'action_delay_steps': 0, 'theta_bias': -0.0002559330085180394, 'alpha_bias': 0.000635211618453704, 'theta_sigma': 0.00030131828729466984, 'alpha_sigma': 0.00028532498400117155, 'theta_dot_sigma': 0.0014088784855295809, 'alpha_dot_sigma': 0.003203182706614165, 'encoder_quantization_rad': 0.00011425534152317275, 'velocity_lpf': 0.25, 'process_theta_dot_sigma': 0.0, 'process_alpha_dot_sigma': 0.0}"
2863992,2,randomization_0.10,0.1,"{'level': 0.1, 'physical': {'g': 9.840691808770261, 'c_theta': 0.030303621879315942, 'c_alpha': 0.00123739948560403, 'k_t': 0.23174996152578445, 'k_b': 0.1846785700947534, 'k_u': 0.047735706961374975, 'R': 4.2323108377148015, 'm1': 0.2044527285334254, 'm2': 0.1568913677946927, 'l1cg': 0.08012677573050846, 'l1': 0.15163232043499633, 'l2cg': 0.06774838760929378, 'I1z': 0.0005219789830930918, 'I2x': 0.00036988614426802444, 'I2y': 2.256971106233145e-05, 'I2z': 0.00034640236069155653}, 'init_theta_std_deg': 4.7318032617484, 'init_alpha_std_deg': 7.809987703363498, 'init_theta_dot_std': 0.03816549078095058, 'init_alpha_dot_std': 0.07780852992864434, 'pwm_limit': 150.12372354194073, 'pwm_gain': 0.9992276618281002, 'pwm_bias': 0.021003805248290954, 'pwm_deadzone': 0.9814555609019397, 'pwm_noise_sigma': 0.009296912741744868, 'actuator_tau': 0.0016816376306581298, 'action_delay_steps': 0, 'theta_bias': 0.00029363077361862854, 'alpha_bias': -0.0002294737202974693, 'theta_sigma': 0.000464276161562461, 'alpha_sigma': 0.000817294736162556, 'theta_dot_sigma': 0.016638442998031383, 'alpha_dot_sigma': 0.0340553234802911, 'encoder_quantization_rad': 6.439460323756197e-06, 'velocity_lpf': 0.25, 'process_theta_dot_sigma': 0.0, 'process_alpha_dot_sigma': 0.0}"
2865992,2,randomization_0.10,0.1,"{'level': 0.1, 'physical': {'g': 9.830437336311078, 'c_theta': 0.030365724051912853, 'c_alpha': 0.001187036518340176, 'k_t': 0.22695731666186278, 'k_b': 0.1849565368338893, 'k_u': 0.045958689224128144, 'R': 4.253754798028991, 'm1': 0.20939240790837327, 'm2': 0.15981161654173537, 'l1cg': 0.08024017509984904, 'l1': 0.1525620968082342, 'l2cg': 0.06774726419346493, 'I1z': 0.0004917616250378461, 'I2x': 0.00036623559661776807, 'I2y': 2.3477955754140628e-05, 'I2z': 0.00034452888979727967}, 'init_theta_std_deg': 4.892961317704972, 'init_alpha_std_deg': 8.197824846101897, 'init_theta_dot_std': 0.09661941548374037, 'init_alpha_dot_std': 0.24486657164693684, 'pwm_limit': 147.14566154508398, 'pwm_gain': 1.0082869607865277, 'pwm_bias': 0.30264864433552535, 'pwm_deadzone': 0.9950947119890784, 'pwm_noise_sigma': 0.10162379636179096, 'actuator_tau': 0.0006435860420334419, 'action_delay_steps': 0, 'theta_bias': 0.0005119505823232251, 'alpha_bias': 0.00047419263247661293, 'theta_sigma': 0.00042351693197601256, 'alpha_sigma': 0.0008405848303041293, 'theta_dot_sigma': 0.030060755453489133, 'alpha_dot_sigma': 0.007762828036865785, 'encoder_quantization_rad': 5.9429080601730005e-05, 'velocity_lpf': 0.25, 'process_theta_dot_sigma': 0.0, 'process_alpha_dot_sigma': 0.0}"
2867992,2,randomization_0.10,0.1,"{'level': 0.1, 'physical': {'g': 9.785002492747438, 'c_theta': 0.02417200310640168, 'c_alpha': 0.001231398746766847, 'k_t': 0.23046640250720693, 'k_b': 0.1832775805599301, 'k_u': 0.04825604177445244, 'R': 4.347625788957766, 'm1': 0.20763933500915205, 'm2': 0.1584141631898005, 'l1cg': 0.08147116323034242, 'l1': 0.1508106021480521, 'l2cg': 0.06753322631449776, 'I1z': 0.00047508735808711585, 'I2x': 0.0003734165702335943, 'I2y': 2.377718491933784e-05, 'I2z': 0.0003869033439420359}, 'init_theta_std_deg': 5.058273079283118, 'init_alpha_std_deg': 7.776920500795379, 'init_theta_dot_std': 0.06735934822412826, 'init_alpha_dot_std': 0.15396095308255411, 'pwm_limit': 147.9430154648942, 'pwm_gain': 1.0072783882488474, 'pwm_bias': 0.14899133543092616, 'pwm_deadzone': 0.3117134603501662, 'pwm_noise_sigma': 0.09123629395145967, 'actuator_tau': 0.002732787022787543, 'action_delay_steps': 0, 'theta_bias': -0.0009236666135846778, 'alpha_bias': 0.00022552462051662474, 'theta_sigma': 0.000279913163703674, 'alpha_sigma': 0.0003765316770728808, 'theta_dot_sigma': 0.0249586370541534, 'alpha_dot_sigma': 0.02295227402515393, 'encoder_quantization_rad': 8.364651809397678e-05, 'velocity_lpf': 0.25, 'process_theta_dot_sigma': 0.0, 'process_alpha_dot_sigma': 0.0}"
2869992,2,randomization_0.10,0.1,"{'level': 0.1, 'physical': {'g': 9.824346015883782, 'c_theta': 0.0305960126191236, 'c_alpha': 0.0011407643324903556, 'k_t': 0.22698745320818178, 'k_b': 0.18533857714534502, 'k_u': 0.048171091992030776, 'R': 4.211243796427805, 'm1': 0.21033166328498015, 'm2': 0.15679866963016117, 'l1cg': 0.0798694772099889, 'l1': 0.15075281614894992, 'l2cg': 0.06609053250747202, 'I1z': 0.0005120446402914502, 'I2x': 0.0003665742274548654, 'I2y': 2.471924009233423e-05, 'I2z': 0.0003539604629244455}, 'init_theta_std_deg': 4.8927312411380095, 'init_alpha_std_deg': 7.906865267073502, 'init_theta_dot_std': 0.04202190005327411, 'init_alpha_dot_std': 0.08250598981718937, 'pwm_limit': 148.0060074322734, 'pwm_gain': 1.0049526236860773, 'pwm_bias': 0.18685960971651172, 'pwm_deadzone': 0.17829756667701335, 'pwm_noise_sigma': 0.07128241443039529, 'actuator_tau': 0.0026047897622089216, 'action_delay_steps': 0, 'theta_bias': -0.0007429711889097575, 'alpha_bias': 0.00014000869526856628, 'theta_sigma': 0.00020631891372252376, 'alpha_sigma': 0.0013297074659185857, 'theta_dot_sigma': 0.0032900295327015702, 'alpha_dot_sigma': 0.03665955439721421, 'encoder_quantization_rad': 0.00011428967235480432, 'velocity_lpf': 0.25, 'process_theta_dot_sigma': 0.0, 'process_alpha_dot_sigma': 0.0}"
2871992,2,randomization_0.10,0.1,"{'level': 0.1, 'physical': {'g': 9.760099672461791, 'c_theta': 0.03030142497358218, 'c_alpha': 0.0010014667164356024, 'k_t': 0.23600702039923224, 'k_b': 0.19002377603683265, 'k_u': 0.04732282815310053, 'R': 4.346587255659519, 'm1': 0.20805934151772, 'm2': 0.15866773193381292, 'l1cg': 0.07960645674399647, 'l1': 0.15082688739839972, 'l2cg': 0.06739618841893885, 'I1z': 0.0005108577632372029, 'I2x': 0.00037250034485368917, 'I2y': 2.3665433589956987e-05, 'I2z': 0.00034513704503211435}, 'init_theta_std_deg': 5.455875744179713, 'init_alpha_std_deg': 8.394487702359973, 'init_theta_dot_std': 0.012774647523030015, 'init_alpha_dot_std': 0.08747499437198535, 'pwm_limit': 147.60344308789908, 'pwm_gain': 1.0068586558565775, 'pwm_bias': -0.168685845970764, 'pwm_deadzone': 0.46813543330499985, 'pwm_noise_sigma': 0.16335055037251822, 'actuator_tau': 0.002999293548728774, 'action_delay_steps': 0, 'theta_bias': 0.0003992060624813614, 'alpha_bias': 0.0009475369279418842, 'theta_sigma': 0.0002478285108555962, 'alpha_sigma': 0.0008641592824294338, 'theta_dot_sigma': 0.009583014831387222, 'alpha_dot_sigma': 0.028916325486873153, 'encoder_quantization_rad': 0.00011895257000342664, 'velocity_lpf': 0.25, 'process_theta_dot_sigma': 0.0, 'process_alpha_dot_sigma': 0.0}"
2873992,2,randomization_0.10,0.1,"{'level': 0.1, 'physical': {'g': 9.794782455529429, 'c_theta': 0.026572727624229492, 'c_alpha': 0.0013270581764318297, 'k_t': 0.2321574738521453, 'k_b': 0.18694870797674007, 'k_u': 0.04810098234908961, 'R': 4.3462403170523745, 'm1': 0.2107505690105251, 'm2': 0.15886516398222164, 'l1cg': 0.08120488830574665, 'l1': 0.15315395913036184, 'l2cg': 0.06589597906159703, 'I1z': 0.0004758464816259379, 'I2x': 0.0003751566186718713, 'I2y': 2.4036194309317465e-05, 'I2z': 0.00036451751762798656}, 'init_theta_std_deg': 5.06032856910057, 'init_alpha_std_deg': 8.424788089790576, 'init_theta_dot_std': 0.03032739746826667, 'init_alpha_dot_std': 0.05075605060736974, 'pwm_limit': 149.69174749556888, 'pwm_gain': 1.0099156716532616, 'pwm_bias': 0.05306309290388525, 'pwm_deadzone': 0.3527348807948225, 'pwm_noise_sigma': 0.016675920283473266, 'actuator_tau': 0.0026837836449244575, 'action_delay_steps': 0, 'theta_bias': -0.0009086397326301132, 'alpha_bias': 0.000634058421316942, 'theta_sigma': 0.00016087202936705875, 'alpha_sigma': 0.00014569011110266694, 'theta_dot_sigma': 0.018649198470922935, 'alpha_dot_sigma': 0.006726641836045817, 'encoder_quantization_rad': 0.00010177180807301994, 'velocity_lpf': 0.25, 'process_theta_dot_sigma': 0.0, 'process_alpha_dot_sigma': 0.0}"
2875992,2,randomization_0.10,0.1,"{'level': 0.1, 'physical': {'g': 9.807284835864149, 'c_theta': 0.028965220252172463, 'c_alpha': 0.0011289223126790954, 'k_t': 0.23224182327942783, 'k_b': 0.18607732716404715, 'k_u': 0.045996768722326054, 'R': 4.371920140285541, 'm1': 0.20945331379389379, 'm2': 0.15957649846335015, 'l1cg': 0.08083119809658021, 'l1': 0.15078358108115542, 'l2cg': 0.06653460244994604, 'I1z': 0.0005123441992281934, 'I2x': 0.0003729853621545192, 'I2y': 2.271447779925392e-05, 'I2z': 0.0003600556287441632}, 'init_theta_std_deg': 5.06242805155062, 'init_alpha_std_deg': 8.385527621950022, 'init_theta_dot_std': 0.08557652380687508, 'init_alpha_dot_std': 0.04683439735401529, 'pwm_limit': 149.95960117560574, 'pwm_gain': 0.9943868024059401, 'pwm_bias': -0.36739572950492044, 'pwm_deadzone': 0.3963885468713023, 'pwm_noise_sigma': 0.05038512642106688, 'actuator_tau': 0.0020934227907413025, 'action_delay_steps': 0, 'theta_bias': 0.0006053126372711785, 'alpha_bias': 0.0011832545307377993, 'theta_sigma': 0.0001334626217724864, 'alpha_sigma': 0.0008277643944433587, 'theta_dot_sigma': 0.016607623616449012, 'alpha_dot_sigma': 0.05928865942664831, 'encoder_quantization_rad': 3.4820706532102736e-05, 'velocity_lpf': 0.25, 'process_theta_dot_sigma': 0.0, 'process_alpha_dot_sigma': 0.0}"
2877992,2,randomization_0.10,0.1,"{'level': 0.1, 'physical': {'g': 9.776114981715335, 'c_theta': 0.026256516007591015, 'c_alpha': 0.0012603790511924236, 'k_t': 0.22966080407490486, 'k_b': 0.1889967475633132, 'k_u': 0.04767453392279591, 'R': 4.264006243027235, 'm1': 0.20898109365475837, 'm2': 0.15631247883111685, 'l1cg': 0.0799678212803918, 'l1': 0.15150147321579063, 'l2cg': 0.06712860961249531, 'I1z': 0.0005188501921894196, 'I2x': 0.00036811956404959943, 'I2y': 2.4766216176459518e-05, 'I2z': 0.0003562867678895453}, 'init_theta_std_deg': 4.948342323863833, 'init_alpha_std_deg': 8.027654777123699, 'init_theta_dot_std': 0.016985436185912816, 'init_alpha_dot_std': 0.019380357965386064, 'pwm_limit': 149.95967759756047, 'pwm_gain': 1.0077008417294688, 'pwm_bias': -0.19688202633544263, 'pwm_deadzone': 0.5561468745585452, 'pwm_noise_sigma': 0.1816760786155424, 'actuator_tau': 0.0018514911091492194, 'action_delay_steps': 0, 'theta_bias': -0.000535881413611554, 'alpha_bias': 0.0006785054188594836, 'theta_sigma': 0.0005682155715261617, 'alpha_sigma': 9.928121551367509e-05, 'theta_dot_sigma': 0.003942854065326053, 'alpha_dot_sigma': 0.030140688954344904, 'encoder_quantization_rad': 0.00011433468291669961, 'velocity_lpf': 0.25, 'process_theta_dot_sigma': 0.0, 'process_alpha_dot_sigma': 0.0}"
2879992,2,randomization_0.10,0.1,"{'level': 0.1, 'physical': {'g': 9.812003839668515, 'c_theta': 0.03112313657622187, 'c_alpha': 0.00129573665875096, 'k_t': 0.23203202738667036, 'k_b': 0.18786409030706663, 'k_u': 0.0457568119786021, 'R': 4.388414407088127, 'm1': 0.20582568202387044, 'm2': 0.15969275198864216, 'l1cg': 0.08045925050647662, 'l1': 0.1510953537382397, 'l2cg': 0.06513839243641435, 'I1z': 0.0005132270464037268, 'I2x': 0.00036263382016328457, 'I2y': 2.4243932937088776e-05, 'I2z': 0.0003488254568220073}, 'init_theta_std_deg': 5.260686701413907, 'init_alpha_std_deg': 8.720515931142472, 'init_theta_dot_std': 0.05459772814576176, 'init_alpha_dot_std': 0.20943074955105676, 'pwm_limit': 148.30815744214866, 'pwm_gain': 0.9935243186052003, 'pwm_bias': -0.08313368976192442, 'pwm_deadzone': 0.6686687981816029, 'pwm_noise_sigma': 0.02608365949779741, 'actuator_tau': 0.0013731992118869616, 'action_delay_steps': 0, 'theta_bias': -0.00018848755947309636, 'alpha_bias': -0.0002110898261353496, 'theta_sigma': 0.00031673254354043024, 'alpha_sigma': 8.226458360796919e-05, 'theta_dot_sigma': 0.017669312848218464, 'alpha_dot_sigma': 0.01373954780082891, 'encoder_quantization_rad': 5.481050465919058e-05, 'velocity_lpf': 0.25, 'process_theta_dot_sigma': 0.0, 'process_alpha_dot_sigma': 0.0}"
2881992,2,randomization_0.10,0.1,"{'level': 0.1, 'physical': {'g': 9.846154765934793, 'c_theta': 0.02452483984239182, 'c_alpha': 0.0013437825842130802, 'k_t': 0.22632230955829147, 'k_b': 0.1832824001843364, 'k_u': 0.04689375844696211, 'R': 4.210192468398344, 'm1': 0.2099991279874332, 'm2': 0.16017066829121743, 'l1cg': 0.08077499624547141, 'l1': 0.1517150344895051, 'l2cg': 0.06599051909958266, 'I1z': 0.0005261663815905652, 'I2x': 0.0003712964646463253, 'I2y': 2.43756693586398e-05, 'I2z': 0.0003438119477920958}, 'init_theta_std_deg': 5.165466094884442, 'init_alpha_std_deg': 8.004076416811476, 'init_theta_dot_std': 0.06542977446719463, 'init_alpha_dot_std': 0.09198789714664912, 'pwm_limit': 149.85845738459173, 'pwm_gain': 1.0022788762448307, 'pwm_bias': 0.2842497720957759, 'pwm_deadzone': 0.255844046647311, 'pwm_noise_sigma': 0.0687620028571975, 'actuator_tau': 0.0003745514313236333, 'action_delay_steps': 0, 'theta_bias': 0.0005283093741533389, 'alpha_bias': -0.0005160146471445919, 'theta_sigma': 2.9221818756090446e-05, 'alpha_sigma': 0.0007002585455752146, 'theta_dot_sigma': 0.032155609171895756, 'alpha_dot_sigma': 0.030925435877720314, 'encoder_quantization_rad': 0.00011004774770408806, 'velocity_lpf': 0.25, 'process_theta_dot_sigma': 0.0, 'process_alpha_dot_sigma': 0.0}"
2883992,2,randomization_0.10,0.1,"{'level': 0.1, 'physical': {'g': 9.80303617672931, 'c_theta': 0.024176220050071983, 'c_alpha': 0.001231959361412148, 'k_t': 0.22917412116451172, 'k_b': 0.1872828890509161, 'k_u': 0.0464296789418837, 'R': 4.365948364987045, 'm1': 0.20672018817130872, 'm2': 0.15747821379919122, 'l1cg': 0.07947954894396513, 'l1': 0.1523811847257461, 'l2cg': 0.06546943294799708, 'I1z': 0.0004954958523588533, 'I2x': 0.0003626021401720474, 'I2y': 2.3559261498423307e-05, 'I2z': 0.00035858167803536024}, 'init_theta_std_deg': 5.300056707703542, 'init_alpha_std_deg': 8.756369848415773, 'init_theta_dot_std': 0.05379931772062951, 'init_alpha_dot_std': 0.22648257930906662, 'pwm_limit': 148.5371845422729, 'pwm_gain': 0.9931845532423405, 'pwm_bias': 0.025755837395376527, 'pwm_deadzone': 0.9177571766160302, 'pwm_noise_sigma': 0.11632548752562094, 'actuator_tau': 2.5142004735183356e-05, 'action_delay_steps': 0, 'theta_bias': 0.0009691248890580981, 'alpha_bias': -0.0007648690751022741, 'theta_sigma': 2.943618173593723e-05, 'alpha_sigma': 0.00016386478787541693, 'theta_dot_sigma': 0.029525794078270017, 'alpha_dot_sigma': 0.01584182934853496, 'encoder_quantization_rad': 3.274080667003906e-05, 'velocity_lpf': 0.25, 'process_theta_dot_sigma': 0.0, 'process_alpha_dot_sigma': 0.0}"
2885992,2,randomization_0.10,0.1,"{'level': 0.1, 'physical': {'g': 9.773474478398956, 'c_theta': 0.023991676106960083, 'c_alpha': 0.0009449365529385505, 'k_t': 0.2347695667011129, 'k_b': 0.18772087890672673, 'k_u': 0.04574954805885442, 'R': 4.274643789969363, 'm1': 0.2074749070340428, 'm2': 0.1594116859138775, 'l1cg': 0.08124059500073551, 'l1': 0.15062365280310722, 'l2cg': 0.06524578961663824, 'I1z': 0.0004915344544381309, 'I2x': 0.000368933894428112, 'I2y': 2.528019307320242e-05, 'I2z': 0.0003475195788671373}, 'init_theta_std_deg': 4.778120874837516, 'init_alpha_std_deg': 8.543041396426384, 'init_theta_dot_std': 0.006548502806855517, 'init_alpha_dot_std': 0.0075241434858673295, 'pwm_limit': 147.0254682410029, 'pwm_gain': 0.9926404443203534, 'pwm_bias': 0.035834607362571005, 'pwm_deadzone': 0.9924252569604152, 'pwm_noise_sigma': 0.161045114250903, 'actuator_tau': 0.0012572874989954673, 'action_delay_steps': 0, 'theta_bias': 0.00016867800225536735, 'alpha_bias': 0.0010902771242969399, 'theta_sigma': 0.0004980942555389313, 'alpha_sigma': 0.00018684084175333383, 'theta_dot_sigma': 0.034023927973317915, 'alpha_dot_sigma': 0.05322887180298103, 'encoder_quantization_rad': 8.52365351672653e-05, 'velocity_lpf': 0.25, 'process_theta_dot_sigma': 0.0, 'process_alpha_dot_sigma': 0.0}"
2887992,2,randomization_0.10,0.1,"{'level': 0.1, 'physical': {'g': 9.77119546531383, 'c_theta': 0.031192848741720264, 'c_alpha': 0.0012288833146096299, 'k_t': 0.22856796034760468, 'k_b': 0.18948832608391447, 'k_u': 0.04722796004648392, 'R': 4.326020523903823, 'm1': 0.20266674896277798, 'm2': 0.1592620195553609, 'l1cg': 0.07958614821507122, 'l1': 0.15241070003851773, 'l2cg': 0.06608606425036269, 'I1z': 0.0004933422875155062, 'I2x': 0.0003667320960613723, 'I2y': 2.4672078300299916e-05, 'I2z': 0.00036028422214792776}, 'init_theta_std_deg': 4.995376222872181, 'init_alpha_std_deg': 8.46060491939465, 'init_theta_dot_std': 0.09048042332522875, 'init_alpha_dot_std': 0.08107118248582226, 'pwm_limit': 150.60629555690352, 'pwm_gain': 1.0000396574638193, 'pwm_bias': 0.19336095060249836, 'pwm_deadzone': 0.17426151436862514, 'pwm_noise_sigma': 0.024367050894902122, 'actuator_tau': 0.0016342179233677719, 'action_delay_steps': 0, 'theta_bias': 0.00025881892597569924, 'alpha_bias': 0.0011789612669835178, 'theta_sigma': 1.7450839924100483e-05, 'alpha_sigma': 0.0016232299142717472, 'theta_dot_sigma': 0.02052322449201959, 'alpha_dot_sigma': 0.051070414031427126, 'encoder_quantization_rad': 4.0634804531719366e-05, 'velocity_lpf': 0.25, 'process_theta_dot_sigma': 0.0, 'process_alpha_dot_sigma': 0.0}"
2889992,2,randomization_0.10,0.1,"{'level': 0.1, 'physical': {'g': 9.822682138315958, 'c_theta': 0.025434155604155503, 'c_alpha': 0.0011146571991481687, 'k_t': 0.22634702071258808, 'k_b': 0.18676781546646404, 'k_u': 0.04606807460091867, 'R': 4.2337290231722315, 'm1': 0.20117110391505375, 'm2': 0.1593911190322681, 'l1cg': 0.08040244803635897, 'l1': 0.15078084720631077, 'l2cg': 0.06587537028458801, 'I1z': 0.0004995106410709617, 'I2x': 0.0003706888597858906, 'I2y': 2.4036167988232037e-05, 'I2z': 0.0003642117798895911}, 'init_theta_std_deg': 5.059915494968664, 'init_alpha_std_deg': 8.452147094699509, 'init_theta_dot_std': 0.1301274515735634, 'init_alpha_dot_std': 0.14418008593394774, 'pwm_limit': 147.96526087655647, 'pwm_gain': 1.0076437800497449, 'pwm_bias': 0.05370308281478691, 'pwm_deadzone': 0.253762777437908, 'pwm_noise_sigma': 0.1539137801551932, 'actuator_tau': 0.000835102436550205, 'action_delay_steps': 0, 'theta_bias': -0.00036179554951077297, 'alpha_bias': -0.0009837716815032252, 'theta_sigma': 8.856902141483448e-05, 'alpha_sigma': 0.0003890618765945404, 'theta_dot_sigma': 0.033589460250456976, 'alpha_dot_sigma': 0.0026247182005205393, 'encoder_quantization_rad': 1.685983456384467e-05, 'velocity_lpf': 0.25139994261079407, 'process_theta_dot_sigma': 0.0, 'process_alpha_dot_sigma': 0.0}"
2891992,2,randomization_0.10,0.1,"{'level': 0.1, 'physical': {'g': 9.840179541305611, 'c_theta': 0.026468651178777808, 'c_alpha': 0.0010674795556379472, 'k_t': 0.23175182566575697, 'k_b': 0.19015926396578137, 'k_u': 0.048280398738829285, 'R': 4.369821653100454, 'm1': 0.202031728458842, 'm2': 0.15735245182229207, 'l1cg': 0.07981111316701138, 'l1': 0.15119083079382603, 'l2cg': 0.06556951495384988, 'I1z': 0.0005164429016280864, 'I2x': 0.00037325140201343535, 'I2y': 2.4950374648953066e-05, 'I2z': 0.00036239599138588344}, 'init_theta_std_deg': 5.45795479007951, 'init_alpha_std_deg': 8.747774524813739, 'init_theta_dot_std': 0.01650267325359502, 'init_alpha_dot_std': 0.18061765983024763, 'pwm_limit': 148.91524955751908, 'pwm_gain': 1.0089030957902956, 'pwm_bias': -0.3157524181134547, 'pwm_deadzone': 0.5755614513377407, 'pwm_noise_sigma': 0.10082992616433573, 'actuator_tau': 0.0004947725026104867, 'action_delay_steps': 0, 'theta_bias': -0.000928032829930421, 'alpha_bias': 0.0006428220222771481, 'theta_sigma': 0.0005868796073117601, 'alpha_sigma': 0.00016236462683559872, 'theta_dot_sigma': 0.017952371179055744, 'alpha_dot_sigma': 0.044078985763049534, 'encoder_quantization_rad': 0.00011991589295476688, 'velocity_lpf': 0.25, 'process_theta_dot_sigma': 0.0, 'process_alpha_dot_sigma': 0.0}"
2893992,2,randomization_0.10,0.1,"{'level': 0.1, 'physical': {'g': 9.841933288949136, 'c_theta': 0.031143921318223633, 'c_alpha': 0.0012674580389199974, 'k_t': 0.23458856697227604, 'k_b': 0.18459396910712436, 'k_u': 0.04578044318800764, 'R': 4.261222316287342, 'm1': 0.2063060516031315, 'm2': 0.15739383261233889, 'l1cg': 0.07981912120929512, 'l1': 0.1520728756356548, 'l2cg': 0.06550609759759582, 'I1z': 0.0004899109641440434, 'I2x': 0.0003642177733464081, 'I2y': 2.3497253055279055e-05, 'I2z': 0.00035430727631864727}, 'init_theta_std_deg': 4.726777641548418, 'init_alpha_std_deg': 8.443120849055202, 'init_theta_dot_std': 0.06865556302476349, 'init_alpha_dot_std': 0.155224934635291, 'pwm_limit': 148.35711692900645, 'pwm_gain': 1.0042886542651561, 'pwm_bias': 0.06827941585145458, 'pwm_deadzone': 0.5268047795402909, 'pwm_noise_sigma': 0.01238103218271971, 'actuator_tau': 0.00032905793148146233, 'action_delay_steps': 0, 'theta_bias': -0.0001513555959272339, 'alpha_bias': 0.0011737371639543828, 'theta_sigma': 0.0005037514771960896, 'alpha_sigma': 0.0002400078534260246, 'theta_dot_sigma': 0.0028383176090353733, 'alpha_dot_sigma': 0.0011285958231759996, 'encoder_quantization_rad': 6.3786181531719505e-06, 'velocity_lpf': 0.25, 'process_theta_dot_sigma': 0.0, 'process_alpha_dot_sigma': 0.0}"
2895992,2,randomization_0.10,0.1,"{'level': 0.1, 'physical': {'g': 9.843993758112653, 'c_theta': 0.028198092618775678, 'c_alpha': 0.000989690331727235, 'k_t': 0.23541586827632807, 'k_b': 0.18324398002067682, 'k_u': 0.047965751751319764, 'R': 4.226919012775391, 'm1': 0.20292691669277355, 'm2': 0.1601938043346344, 'l1cg': 0.079767406618672, 'l1': 0.1530474237181551, 'l2cg': 0.06652419524405905, 'I1z': 0.0004741535419854749, 'I2x': 0.0003705482850569015, 'I2y': 2.503468500019193e-05, 'I2z': 0.0003762338902233698}, 'init_theta_std_deg': 4.819729231524494, 'init_alpha_std_deg': 8.052817728871137, 'init_theta_dot_std': 0.020198476537841483, 'init_alpha_dot_std': 0.17205293395532573, 'pwm_limit': 149.19330959938986, 'pwm_gain': 1.0068907837989503, 'pwm_bias': -0.38577319399386384, 'pwm_deadzone': 0.3937274909934869, 'pwm_noise_sigma': 0.05595647854016941, 'actuator_tau': 0.0013661081247253607, 'action_delay_steps': 0, 'theta_bias': -0.0006739637346186213, 'alpha_bias': -0.00047786308262123004, 'theta_sigma': 0.00031110877671796885, 'alpha_sigma': 0.001646955275831257, 'theta_dot_sigma': 0.021077800472288737, 'alpha_dot_sigma': 0.03983501944045282, 'encoder_quantization_rad': 0.00010881722284250392, 'velocity_lpf': 0.25, 'process_theta_dot_sigma': 0.0, 'process_alpha_dot_sigma': 0.0}"
2897992,2,randomization_0.10,0.1,"{'level': 0.1, 'physical': {'g': 9.812777242599122, 'c_theta': 0.030017369362981952, 'c_alpha': 0.0013267730962761523, 'k_t': 0.22568466914321506, 'k_b': 0.18431794369102136, 'k_u': 0.04610184406265805, 'R': 4.289921018083822, 'm1': 0.20933428639685442, 'm2': 0.15743038000958381, 'l1cg': 0.0807326271601825, 'l1': 0.15226998107032952, 'l2cg': 0.06806223711621635, 'I1z': 0.0004969722174157711, 'I2x': 0.00036572849977240955, 'I2y': 2.3394863151815942e-05, 'I2z': 0.00037731687138799853}, 'init_theta_std_deg': 5.028850761529569, 'init_alpha_std_deg': 7.868307382903363, 'init_theta_dot_std': 0.06909956331956073, 'init_alpha_dot_std': 0.0006307519119409244, 'pwm_limit': 150.41139154132583, 'pwm_gain': 0.9909894588300444, 'pwm_bias': -0.00023565217950904938, 'pwm_deadzone': 0.4361283261631105, 'pwm_noise_sigma': 0.05888183914462315, 'actuator_tau': 0.0021796972123216134, 'action_delay_steps': 0, 'theta_bias': -0.0009713142730728812, 'alpha_bias': 0.001090816417656789, 'theta_sigma': 0.0003840526594778424, 'alpha_sigma': 0.00035012564744523725, 'theta_dot_sigma': 0.0008090931663609362, 'alpha_dot_sigma': 0.053467984560465934, 'encoder_quantization_rad': 9.12542357110837e-05, 'velocity_lpf': 0.25, 'process_theta_dot_sigma': 0.0, 'process_alpha_dot_sigma': 0.0}"
2899992,2,randomization_0.10,0.1,"{'level': 0.1, 'physical': {'g': 9.82033554422225, 'c_theta': 0.030184288081604706, 'c_alpha': 0.0011172179038397478, 'k_t': 0.2364465535168075, 'k_b': 0.1871000807977938, 'k_u': 0.047426584981924966, 'R': 4.246642682073666, 'm1': 0.20877580143260488, 'm2': 0.15626609825368362, 'l1cg': 0.07999962077967772, 'l1': 0.15104421852456157, 'l2cg': 0.06598275370510671, 'I1z': 0.0005218606514599296, 'I2x': 0.0003710192188551832, 'I2y': 2.309414862052029e-05, 'I2z': 0.00035684487925212357}, 'init_theta_std_deg': 5.149576694914325, 'init_alpha_std_deg': 8.210261893204562, 'init_theta_dot_std': 0.016542940319892823, 'init_alpha_dot_std': 0.11828271549724526, 'pwm_limit': 149.07907467745065, 'pwm_gain': 0.9943739873126315, 'pwm_bias': 0.11001241091881947, 'pwm_deadzone': 0.4386101172479845, 'pwm_noise_sigma': 0.06711976386211638, 'actuator_tau': 0.002695948269838538, 'action_delay_steps': 0, 'theta_bias': 0.0003046011630098806, 'alpha_bias': 0.0009936190916712355, 'theta_sigma': 0.00024460023767851785, 'alpha_sigma': 0.0009324867102258634, 'theta_dot_sigma': 0.02622588444080085, 'alpha_dot_sigma': 0.04025313843401953, 'encoder_quantization_rad': 0.00013868196329390624, 'velocity_lpf': 0.25, 'process_theta_dot_sigma': 0.0, 'process_alpha_dot_sigma': 0.0}"
2901992,2,randomization_0.10,0.1,"{'level': 0.1, 'physical': {'g': 9.78689299090269, 'c_theta': 0.027059064316735434, 'c_alpha': 0.0011262188509632677, 'k_t': 0.23635577968574994, 'k_b': 0.190579487932575, 'k_u': 0.04638047343214117, 'R': 4.28713203497467, 'm1': 0.2043559384478543, 'm2': 0.15672234724148693, 'l1cg': 0.08085003535345892, 'l1': 0.15085073828916865, 'l2cg': 0.0665530007267147, 'I1z': 0.000484249972453079, 'I2x': 0.0003735879330326685, 'I2y': 2.4225316761076837e-05, 'I2z': 0.00034657031515436055}, 'init_theta_std_deg': 5.420590183201714, 'init_alpha_std_deg': 8.642813078058994, 'init_theta_dot_std': 0.11365116943753979, 'init_alpha_dot_std': 0.07977177698161059, 'pwm_limit': 150.1471178780035, 'pwm_gain': 0.9901252784688103, 'pwm_bias': -0.1944441954481164, 'pwm_deadzone': 0.2548295252649925, 'pwm_noise_sigma': 0.18653501059162725, 'actuator_tau': 0.0009280283321990153, 'action_delay_steps': 0, 'theta_bias': 0.00041841622966981795, 'alpha_bias': -0.0005246166614787688, 'theta_sigma': 0.000489121401940411, 'alpha_sigma': 0.00048827305962131516, 'theta_dot_sigma': 0.0312939312368015, 'alpha_dot_sigma': 0.015220105864430305, 'encoder_quantization_rad': 1.9401650730869176e-05, 'velocity_lpf': 0.25, 'process_theta_dot_sigma': 0.0, 'process_alpha_dot_sigma': 0.0}"
2903992,2,randomization_0.10,0.1,"{'level': 0.1, 'physical': {'g': 9.836963893422823, 'c_theta': 0.024695592193247573, 'c_alpha': 0.001229473296865779, 'k_t': 0.23123538891453213, 'k_b': 0.1901027453799162, 'k_u': 0.04619609855272068, 'R': 4.217437539012918, 'm1': 0.20276136176422313, 'm2': 0.15995638853491623, 'l1cg': 0.08120809680402559, 'l1': 0.1518903502083957, 'l2cg': 0.0657674313367172, 'I1z': 0.00048171804478803343, 'I2x': 0.0003680674740726957, 'I2y': 2.4775123860602207e-05, 'I2z': 0.0003507335237946031}, 'init_theta_std_deg': 5.199395609812587, 'init_alpha_std_deg': 7.733143670807898, 'init_theta_dot_std': 0.053336574108480556, 'init_alpha_dot_std': 0.24748452522755768, 'pwm_limit': 148.10295119447701, 'pwm_gain': 1.0051805460859857, 'pwm_bias': -0.16042147261716944, 'pwm_deadzone': 0.31403700845115967, 'pwm_noise_sigma': 0.15517147810807494, 'actuator_tau': 0.0019186501865612955, 'action_delay_steps': 0, 'theta_bias': 0.0004888339538108262, 'alpha_bias': -0.00010592226497422903, 'theta_sigma': 0.0002740923786826637, 'alpha_sigma': 0.0015635346227625372, 'theta_dot_sigma': 0.009459868033897706, 'alpha_dot_sigma': 0.013536580712640222, 'encoder_quantization_rad': 1.3527897228748887e-05, 'velocity_lpf': 0.25, 'process_theta_dot_sigma': 0.0, 'process_alpha_dot_sigma': 0.0}"
2905992,2,randomization_0.10,0.1,"{'level': 0.1, 'physical': {'g': 9.77759672524211, 'c_theta': 0.026360037562695022, 'c_alpha': 0.0012645795988781732, 'k_t': 0.22836622549318414, 'k_b': 0.18880371715726477, 'k_u': 0.04790657095944309, 'R': 4.297959290782125, 'm1': 0.2093564846103697, 'm2': 0.15905462321924402, 'l1cg': 0.08003941110371991, 'l1': 0.15134637084657518, 'l2cg': 0.06621483401422933, 'I1z': 0.0005025643718023152, 'I2x': 0.000368283273542707, 'I2y': 2.3607994201876678e-05, 'I2z': 0.00037611089873603175}, 'init_theta_std_deg': 5.295613587061368, 'init_alpha_std_deg': 8.138356513853338, 'init_theta_dot_std': 0.14148342541253725, 'init_alpha_dot_std': 0.21356277453163683, 'pwm_limit': 149.66247530719932, 'pwm_gain': 0.9969481458011068, 'pwm_bias': 0.26638888769335667, 'pwm_deadzone': 0.9908559397376204, 'pwm_noise_sigma': 0.08936868856604746, 'actuator_tau': 0.0017150821458056477, 'action_delay_steps': 0, 'theta_bias': 0.00044275988942346726, 'alpha_bias': 0.0010411007702653687, 'theta_sigma': 0.0005968208040820494, 'alpha_sigma': 0.0005553189833299562, 'theta_dot_sigma': 0.015576673035003171, 'alpha_dot_sigma': 0.00796748819044946, 'encoder_quantization_rad': 2.953758348833661e-05, 'velocity_lpf': 0.25, 'process_theta_dot_sigma': 0.0, 'process_alpha_dot_sigma': 0.0}"
2907992,2,randomization_0.10,0.1,"{'level': 0.1, 'physical': {'g': 9.766303476168037, 'c_theta': 0.02991400719869682, 'c_alpha': 0.0009987217666455506, 'k_t': 0.23287840938108884, 'k_b': 0.18858742033366893, 'k_u': 0.04682836955990843, 'R': 4.231338783711307, 'm1': 0.2028804696343945, 'm2': 0.15706699038735933, 'l1cg': 0.07990515132000196, 'l1': 0.15115533563736722, 'l2cg': 0.06833719533099959, 'I1z': 0.0005217946331058234, 'I2x': 0.00036917513698145045, 'I2y': 2.3538663492540678e-05, 'I2z': 0.00034354441329283327}, 'init_theta_std_deg': 5.35247592146031, 'init_alpha_std_deg': 7.817285270137039, 'init_theta_dot_std': 0.07484312974341382, 'init_alpha_dot_std': 0.08792597094755963, 'pwm_limit': 150.71519633363997, 'pwm_gain': 0.9967557337812591, 'pwm_bias': 0.24883436600416184, 'pwm_deadzone': 0.8518310330166745, 'pwm_noise_sigma': 0.03615497514067865, 'actuator_tau': 0.0028730039830336695, 'action_delay_steps': 0, 'theta_bias': 0.0007925897122910328, 'alpha_bias': 0.0008678839055017291, 'theta_sigma': 0.0002761020883205674, 'alpha_sigma': 0.0005666129321165454, 'theta_dot_sigma': 0.0064349092226521805, 'alpha_dot_sigma': 0.008621443107730024, 'encoder_quantization_rad': 4.706792877336545e-05, 'velocity_lpf': 0.25, 'process_theta_dot_sigma': 0.0, 'process_alpha_dot_sigma': 0.0}"
2909992,2,randomization_0.10,0.1,"{'level': 0.1, 'physical': {'g': 9.838232387221222, 'c_theta': 0.02783112240655293, 'c_alpha': 0.0012805909402855244, 'k_t': 0.23634348624536528, 'k_b': 0.18729975328652704, 'k_u': 0.04616468420147423, 'R': 4.352959264093044, 'm1': 0.208702599305946, 'm2': 0.1583157348197616, 'l1cg': 0.08150448892684613, 'l1': 0.15275507217277262, 'l2cg': 0.06662263333966653, 'I1z': 0.000492531346075829, 'I2x': 0.00036227028814332684, 'I2y': 2.4365582602961667e-05, 'I2z': 0.0003793321524300031}, 'init_theta_std_deg': 5.005869428571245, 'init_alpha_std_deg': 7.745648571162456, 'init_theta_dot_std': 0.02301762887165053, 'init_alpha_dot_std': 0.12080695226910927, 'pwm_limit': 149.0525988962974, 'pwm_gain': 1.0077513810214322, 'pwm_bias': 0.05399386670170499, 'pwm_deadzone': 0.27320803528516424, 'pwm_noise_sigma': 0.02012837627299722, 'actuator_tau': 0.00079754585933603, 'action_delay_steps': 0, 'theta_bias': 0.00023888653488438006, 'alpha_bias': -0.00026840149839881363, 'theta_sigma': 0.000470031293729967, 'alpha_sigma': 0.001676518830268966, 'theta_dot_sigma': 0.006931101715715041, 'alpha_dot_sigma': 0.019904514218037125, 'encoder_quantization_rad': 7.462750413385439e-06, 'velocity_lpf': 0.25, 'process_theta_dot_sigma': 0.0, 'process_alpha_dot_sigma': 0.0}"
2911992,2,randomization_0.10,0.1,"{'level': 0.1, 'physical': {'g': 9.766054366036467, 'c_theta': 0.029231582765255528, 'c_alpha': 0.0010532900029198925, 'k_t': 0.22873948312190573, 'k_b': 0.18843214841173656, 'k_u': 0.04794300624824277, 'R': 4.382544069952938, 'm1': 0.20480200219369185, 'm2': 0.1573226313809683, 'l1cg': 0.0801174520305366, 'l1': 0.15100880863118263, 'l2cg': 0.0655125450604643, 'I1z': 0.0005189739119682174, 'I2x': 0.0003665023898317086, 'I2y': 2.303806307812316e-05, 'I2z': 0.000345563653799079}, 'init_theta_std_deg': 5.016424566125616, 'init_alpha_std_deg': 8.671960768380522, 'init_theta_dot_std': 0.1027738638738059, 'init_alpha_dot_std': 0.02768092776717418, 'pwm_limit': 150.11496463848852, 'pwm_gain': 0.9974243236987032, 'pwm_bias': 0.18215214761323237, 'pwm_deadzone': 0.11621213237484096, 'pwm_noise_sigma': 0.16234304961327167, 'actuator_tau': 0.00044233264980543253, 'action_delay_steps': 0, 'theta_bias': 0.0005495532281842212, 'alpha_bias': 0.00043685716205762743, 'theta_sigma': 7.293324289885302e-05, 'alpha_sigma': 0.0010117111505123307, 'theta_dot_sigma': 0.03481166330869658, 'alpha_dot_sigma': 0.014786391168427452, 'encoder_quantization_rad': 3.689418484547532e-05, 'velocity_lpf': 0.25, 'process_theta_dot_sigma': 0.0, 'process_alpha_dot_sigma': 0.0}"
2913992,2,randomization_0.10,0.1,"{'level': 0.1, 'physical': {'g': 9.789779381453714, 'c_theta': 0.02773160846378868, 'c_alpha': 0.0009290299873543144, 'k_t': 0.22586986578988624, 'k_b': 0.1866974394260712, 'k_u': 0.048433368867643295, 'R': 4.358938948559532, 'm1': 0.20729712025843702, 'm2': 0.1563422704314655, 'l1cg': 0.07984447874807483, 'l1': 0.15113783347564402, 'l2cg': 0.06670619954657431, 'I1z': 0.0004726215278227757, 'I2x': 0.00036620940932427005, 'I2y': 2.3415222735137295e-05, 'I2z': 0.00038027565209903657}, 'init_theta_std_deg': 5.024190336614507, 'init_alpha_std_deg': 8.094988021064035, 'init_theta_dot_std': 0.046277130284713516, 'init_alpha_dot_std': 0.14778607233558377, 'pwm_limit': 147.94640628579273, 'pwm_gain': 0.9959829404062216, 'pwm_bias': -0.1686806128595924, 'pwm_deadzone': 0.3214843099543102, 'pwm_noise_sigma': 0.1599062174359472, 'actuator_tau': 0.00040871267005063427, 'action_delay_steps': 0, 'theta_bias': -0.0009601913630264696, 'alpha_bias': 0.0008589642921848937, 'theta_sigma': 0.0002840988044148493, 'alpha_sigma': 0.0017960810735322599, 'theta_dot_sigma': 0.01626449455669859, 'alpha_dot_sigma': 0.006647995652468665, 'encoder_quantization_rad': 2.1701518138548567e-05, 'velocity_lpf': 0.25, 'process_theta_dot_sigma': 0.0, 'process_alpha_dot_sigma': 0.0}"
2915992,2,randomization_0.10,0.1,"{'level': 0.1, 'physical': {'g': 9.776322060498737, 'c_theta': 0.02536842432207381, 'c_alpha': 0.0011259420624183745, 'k_t': 0.22960843255909386, 'k_b': 0.18621357809198913, 'k_u': 0.04590872981165523, 'R': 4.309012792045645, 'm1': 0.20819712914216867, 'm2': 0.1582064383316482, 'l1cg': 0.08095202314762448, 'l1': 0.15312239041520373, 'l2cg': 0.06515985787645574, 'I1z': 0.0004721229747449561, 'I2x': 0.0003669717644532006, 'I2y': 2.3001698497902983e-05, 'I2z': 0.0003548142575801464}, 'init_theta_std_deg': 5.404476766969543, 'init_alpha_std_deg': 8.631209884536183, 'init_theta_dot_std': 0.0886947944557241, 'init_alpha_dot_std': 0.10940497992127772, 'pwm_limit': 150.36007068005543, 'pwm_gain': 1.0072036592861002, 'pwm_bias': -0.0035306648393352625, 'pwm_deadzone': 0.7597829492952487, 'pwm_noise_sigma': 0.19985064099712246, 'actuator_tau': 0.0015539585996020779, 'action_delay_steps': 0, 'theta_bias': -0.0006806525257907218, 'alpha_bias': -0.001072372280118287, 'theta_sigma': 0.0001263507815419164, 'alpha_sigma': 0.0017115171590479598, 'theta_dot_sigma': 0.027052936841183647, 'alpha_dot_sigma': 0.01194180633883286, 'encoder_quantization_rad': 0.00012020387637479703, 'velocity_lpf': 0.25, 'process_theta_dot_sigma': 0.0, 'process_alpha_dot_sigma': 0.0}"
2917992,2,randomization_0.10,0.1,"{'level': 0.1, 'physical': {'g': 9.83192970471339, 'c_theta': 0.029838965176178706, 'c_alpha': 0.0009895780093065625, 'k_t': 0.23081137141365599, 'k_b': 0.1881151307915495, 'k_u': 0.04573538033094137, 'R': 4.247007806966361, 'm1': 0.21027906268003832, 'm2': 0.16012756689773508, 'l1cg': 0.079468076824852, 'l1': 0.15286086558409695, 'l2cg': 0.06592213410469379, 'I1z': 0.0004706847942624524, 'I2x': 0.0003711108049840104, 'I2y': 2.310870961154911e-05, 'I2z': 0.0003815496308154162}, 'init_theta_std_deg': 5.472419550467889, 'init_alpha_std_deg': 8.273163321914122, 'init_theta_dot_std': 0.045881486115886695, 'init_alpha_dot_std': 0.1009514547696599, 'pwm_limit': 150.3700387238815, 'pwm_gain': 1.0007699105320993, 'pwm_bias': 0.034413572034034966, 'pwm_deadzone': 0.03734839109379806, 'pwm_noise_sigma': 0.08416343737796728, 'actuator_tau': 0.002671587790863488, 'action_delay_steps': 0, 'theta_bias': -0.00023376615556678116, 'alpha_bias': 0.00047083670055935383, 'theta_sigma': 0.0005237275853199891, 'alpha_sigma': 0.0015278950559902188, 'theta_dot_sigma': 0.007164967083910352, 'alpha_dot_sigma': 0.03169895862489151, 'encoder_quantization_rad': 3.5745372499562775e-05, 'velocity_lpf': 0.25, 'process_theta_dot_sigma': 0.0, 'process_alpha_dot_sigma': 0.0}"
2919992,2,randomization_0.10,0.1,"{'level': 0.1, 'physical': {'g': 9.832358366563085, 'c_theta': 0.02662560492731196, 'c_alpha': 0.0012664729019203282, 'k_t': 0.22859095126822582, 'k_b': 0.1910916135007727, 'k_u': 0.04720257721469846, 'R': 4.3584179056362204, 'm1': 0.20436760982599805, 'm2': 0.15919211394045954, 'l1cg': 0.07927366475945928, 'l1': 0.15340027787876603, 'l2cg': 0.06694779203425585, 'I1z': 0.0005073938612161767, 'I2x': 0.0003628152277448089, 'I2y': 2.3277429642341524e-05, 'I2z': 0.0003807052636892487}, 'init_theta_std_deg': 4.722316299610985, 'init_alpha_std_deg': 8.226020900449935, 'init_theta_dot_std': 0.13382558367692735, 'init_alpha_dot_std': 0.06176131530582929, 'pwm_limit': 150.34916572701914, 'pwm_gain': 0.9938796173051124, 'pwm_bias': 0.3675098673022779, 'pwm_deadzone': 0.5892701745900149, 'pwm_noise_sigma': 0.15245699159381712, 'actuator_tau': 0.0017981973504125064, 'action_delay_steps': 0, 'theta_bias': -0.00013183994758126128, 'alpha_bias': -0.0008727169669779922, 'theta_sigma': 0.0005376082532733835, 'alpha_sigma': 0.0002094189646724094, 'theta_dot_sigma': 0.0150765598465021, 'alpha_dot_sigma': 0.02153723863259127, 'encoder_quantization_rad': 0.0001255125886400713, 'velocity_lpf': 0.25, 'process_theta_dot_sigma': 0.0, 'process_alpha_dot_sigma': 0.0}"
2921992,2,randomization_0.10,0.1,"{'level': 0.1, 'physical': {'g': 9.808723837391067, 'c_theta': 0.026903373020042955, 'c_alpha': 0.0011693562968969346, 'k_t': 0.2327018177997889, 'k_b': 0.1834118222893783, 'k_u': 0.04593209404963163, 'R': 4.269600083862955, 'm1': 0.20140608541581242, 'm2': 0.15729192449451143, 'l1cg': 0.08060736638822338, 'l1': 0.15142793056282286, 'l2cg': 0.06653525469981367, 'I1z': 0.0005117390045958698, 'I2x': 0.00037320413243284954, 'I2y': 2.4860074946360945e-05, 'I2z': 0.0003619821111012398}, 'init_theta_std_deg': 4.783288676115225, 'init_alpha_std_deg': 7.624639308405976, 'init_theta_dot_std': 0.14364712982742442, 'init_alpha_dot_std': 0.15729202002276899, 'pwm_limit': 150.0207699332784, 'pwm_gain': 0.9969207903093461, 'pwm_bias': 0.3048298344324959, 'pwm_deadzone': 0.7603054108237753, 'pwm_noise_sigma': 0.12383266511667482, 'actuator_tau': 0.0021936269293128855, 'action_delay_steps': 0, 'theta_bias': -0.0009009036568430502, 'alpha_bias': -0.0010069834377622652, 'theta_sigma': 0.0004401738088866983, 'alpha_sigma': 0.0005845271365334401, 'theta_dot_sigma': 0.0071277307885102064, 'alpha_dot_sigma': 0.014500666215560374, 'encoder_quantization_rad': 5.6769419699366086e-05, 'velocity_lpf': 0.25, 'process_theta_dot_sigma': 0.0, 'process_alpha_dot_sigma': 0.0}"
2923872,2,randomization_0.10,0.1,"{'level': 0.1, 'physical': {'g': 9.78000037565823, 'c_theta': 0.023450182299940447, 'c_alpha': 0.0012661885818050203, 'k_t': 0.23140656833054582, 'k_b': 0.18446475133191786, 'k_u': 0.04678869074179585, 'R': 4.280102116547218, 'm1': 0.21137198756485404, 'm2': 0.157653518950756, 'l1cg': 0.08091725465631724, 'l1': 0.15165236428411666, 'l2cg': 0.0653146723585231, 'I1z': 0.0005240184154743983, 'I2x': 0.00036514969136652094, 'I2y': 2.2946913645862637e-05, 'I2z': 0.00036688941040845393}, 'init_theta_std_deg': 5.083861883620088, 'init_alpha_std_deg': 8.664575143480205, 'init_theta_dot_std': 0.049983986144600125, 'init_alpha_dot_std': 0.21925584300958711, 'pwm_limit': 150.17865649432093, 'pwm_gain': 1.0088063234119926, 'pwm_bias': -0.2935448291801631, 'pwm_deadzone': 0.07990998173289665, 'pwm_noise_sigma': 0.0885778424450971, 'actuator_tau': 0.0012401600852868903, 'action_delay_steps': 0, 'theta_bias': 0.0007378738396374989, 'alpha_bias': -0.0008093666610050424, 'theta_sigma': 0.0005504805386052183, 'alpha_sigma': 1.3182458884763327e-05, 'theta_dot_sigma': 0.028207554218775976, 'alpha_dot_sigma': 0.058823254471922715, 'encoder_quantization_rad': 6.924448353105518e-05, 'velocity_lpf': 0.25, 'process_theta_dot_sigma': 0.0, 'process_alpha_dot_sigma': 0.0}"
2925872,2,randomization_0.10,0.1,"{'level': 0.1, 'physical': {'g': 9.776625315764536, 'c_theta': 0.0258517753462311, 'c_alpha': 0.0010216912812292178, 'k_t': 0.22883137756183208, 'k_b': 0.1846667146771058, 'k_u': 0.04801491013117274, 'R': 4.217322415822335, 'm1': 0.20439604316612803, 'm2': 0.1573086550658623, 'l1cg': 0.08018921942929337, 'l1': 0.15191315013936807, 'l2cg': 0.06713644387888239, 'I1z': 0.0004965694037053146, 'I2x': 0.00037084782819033884, 'I2y': 2.3336144037245305e-05, 'I2z': 0.0003475763310626542}, 'init_theta_std_deg': 5.341817841332953, 'init_alpha_std_deg': 8.586652147786632, 'init_theta_dot_std': 0.12536417668351482, 'init_alpha_dot_std': 0.21820806845399507, 'pwm_limit': 149.73228373522525, 'pwm_gain': 0.9924819348446128, 'pwm_bias': -0.1500907321620816, 'pwm_deadzone': 0.31202325624324045, 'pwm_noise_sigma': 0.03500487244732218, 'actuator_tau': 0.00016301426683741917, 'action_delay_steps': 0, 'theta_bias': 8.075402205928484e-05, 'alpha_bias': 0.0007405423806791817, 'theta_sigma': 3.394277585747714e-05, 'alpha_sigma': 0.001049256200261235, 'theta_dot_sigma': 0.033401029776170564, 'alpha_dot_sigma': 0.028568894840944714, 'encoder_quantization_rad': 7.39925324269459e-05, 'velocity_lpf': 0.25, 'process_theta_dot_sigma': 0.0, 'process_alpha_dot_sigma': 0.0}"
2927872,2,randomization_0.10,0.1,"{'level': 0.1, 'physical': {'g': 9.784437558239837, 'c_theta': 0.030469060366727627, 'c_alpha': 0.001131990252321663, 'k_t': 0.22835987160913745, 'k_b': 0.19207110538118727, 'k_u': 0.046693062509893565, 'R': 4.297545955219265, 'm1': 0.20809509454224895, 'm2': 0.15699016452656386, 'l1cg': 0.07913238486627763, 'l1': 0.15340764775274202, 'l2cg': 0.06775665359834407, 'I1z': 0.0004980872049370842, 'I2x': 0.00037379283461763896, 'I2y': 2.4212169298379245e-05, 'I2z': 0.0003524280609579762}, 'init_theta_std_deg': 4.903373487625156, 'init_alpha_std_deg': 8.263058855121502, 'init_theta_dot_std': 0.03271967319031208, 'init_alpha_dot_std': 0.0009966777371866742, 'pwm_limit': 149.49318375571897, 'pwm_gain': 0.9973422908039539, 'pwm_bias': 0.38511327442053345, 'pwm_deadzone': 0.2541317479567542, 'pwm_noise_sigma': 0.04937565753410514, 'actuator_tau': 0.0012417934233596051, 'action_delay_steps': 0, 'theta_bias': 0.0006094166143012556, 'alpha_bias': -0.0004906761384088365, 'theta_sigma': 0.00025616737770337494, 'alpha_sigma': 0.0017286484791522623, 'theta_dot_sigma': 0.0020155272004739946, 'alpha_dot_sigma': 0.009256725021516483, 'encoder_quantization_rad': 5.5855805668377864e-05, 'velocity_lpf': 0.25, 'process_theta_dot_sigma': 0.0, 'process_alpha_dot_sigma': 0.0}"
2929872,2,randomization_0.10,0.1,"{'level': 0.1, 'physical': {'g': 9.764856633968261, 'c_theta': 0.02762705362081699, 'c_alpha': 0.0009624761516817342, 'k_t': 0.22727668535360399, 'k_b': 0.18472464369472255, 'k_u': 0.04765314127619898, 'R': 4.314079948391716, 'm1': 0.20131956054315775, 'm2': 0.15967140914023675, 'l1cg': 0.08138073323692865, 'l1': 0.153410695473614, 'l2cg': 0.06567177247148123, 'I1z': 0.0004758394464332441, 'I2x': 0.00036990581212482357, 'I2y': 2.513390854139606e-05, 'I2z': 0.0003754821437738602}, 'init_theta_std_deg': 5.023073985638293, 'init_alpha_std_deg': 8.364194834004481, 'init_theta_dot_std': 0.01073361968293134, 'init_alpha_dot_std': 0.11804381082174441, 'pwm_limit': 149.96730085254333, 'pwm_gain': 0.9972017340502111, 'pwm_bias': -0.33853130805695325, 'pwm_deadzone': 0.486776704023832, 'pwm_noise_sigma': 0.06773700236554918, 'actuator_tau': 0.0019425539351806968, 'action_delay_steps': 0, 'theta_bias': -0.00023933325048799858, 'alpha_bias': -7.195028926121553e-05, 'theta_sigma': 0.00020788469411354464, 'alpha_sigma': 0.0002404484150784063, 'theta_dot_sigma': 0.02095393862468325, 'alpha_dot_sigma': 0.04664610856275722, 'encoder_quantization_rad': 2.9069029587348778e-05, 'velocity_lpf': 0.25, 'process_theta_dot_sigma': 0.0, 'process_alpha_dot_sigma': 0.0}"
2931872,2,randomization_0.10,0.1,"{'level': 0.1, 'physical': {'g': 9.806124514418581, 'c_theta': 0.026750380053807837, 'c_alpha': 0.0011827291618853406, 'k_t': 0.23092249546227556, 'k_b': 0.18283434065064497, 'k_u': 0.04765749747052371, 'R': 4.283154919305596, 'm1': 0.20315446009705176, 'm2': 0.15795268440329038, 'l1cg': 0.08087428030538676, 'l1': 0.15327695568911145, 'l2cg': 0.0677461816699679, 'I1z': 0.0004967989306181532, 'I2x': 0.0003688577107933501, 'I2y': 2.415481158765192e-05, 'I2z': 0.00035387619204839985}, 'init_theta_std_deg': 5.213313875966914, 'init_alpha_std_deg': 7.806992123420769, 'init_theta_dot_std': 0.13916293531703808, 'init_alpha_dot_std': 0.11266755982840493, 'pwm_limit': 150.49734431791092, 'pwm_gain': 1.007693635104001, 'pwm_bias': 0.224624956502484, 'pwm_deadzone': 0.7990274222176481, 'pwm_noise_sigma': 0.036454792064575116, 'actuator_tau': 0.002234052408220284, 'action_delay_steps': 0, 'theta_bias': 0.0005303922420516707, 'alpha_bias': -0.0006308166084368441, 'theta_sigma': 0.0002906428467954392, 'alpha_sigma': 0.0008261480911303405, 'theta_dot_sigma': 0.03309826455563299, 'alpha_dot_sigma': 0.006637965614787777, 'encoder_quantization_rad': 6.365206343433527e-05, 'velocity_lpf': 0.25, 'process_theta_dot_sigma': 0.0, 'process_alpha_dot_sigma': 0.0}"
2933872,2,randomization_0.10,0.1,"{'level': 0.1, 'physical': {'g': 9.781422980636831, 'c_theta': 0.031146293830918156, 'c_alpha': 0.001320550116959784, 'k_t': 0.23234135320787164, 'k_b': 0.18516207902023352, 'k_u': 0.04625025473407778, 'R': 4.222174329631138, 'm1': 0.20386732410012692, 'm2': 0.15713811461802057, 'l1cg': 0.08110035449211449, 'l1': 0.15054855696215755, 'l2cg': 0.06593921471995447, 'I1z': 0.0005189930628555301, 'I2x': 0.00036441372989234503, 'I2y': 2.4050515540591e-05, 'I2z': 0.0003599337351053277}, 'init_theta_std_deg': 4.948049077288339, 'init_alpha_std_deg': 8.372121372168584, 'init_theta_dot_std': 0.12312625676843357, 'init_alpha_dot_std': 0.05321108037454861, 'pwm_limit': 149.89136258079535, 'pwm_gain': 1.008328383791262, 'pwm_bias': -0.03379805936035618, 'pwm_deadzone': 0.5397821101945683, 'pwm_noise_sigma': 0.006921530090142514, 'actuator_tau': 0.0002955926592845589, 'action_delay_steps': 0, 'theta_bias': 0.00042783142248978593, 'alpha_bias': -0.00025810170282040734, 'theta_sigma': 0.0005282635175373331, 'alpha_sigma': 0.0006720395528397924, 'theta_dot_sigma': 0.013977086320454418, 'alpha_dot_sigma': 0.03941544215594729, 'encoder_quantization_rad': 2.651523521848204e-06, 'velocity_lpf': 0.25, 'process_theta_dot_sigma': 0.0, 'process_alpha_dot_sigma': 0.0}"
2935872,2,randomization_0.10,0.1,"{'level': 0.1, 'physical': {'g': 9.822199720122255, 'c_theta': 0.02590568860142426, 'c_alpha': 0.0010822368394933772, 'k_t': 0.22530616019535962, 'k_b': 0.1853323054804108, 'k_u': 0.046301218328139375, 'R': 4.362754384808658, 'm1': 0.2099752761022787, 'm2': 0.1568773390017048, 'l1cg': 0.08015054023433713, 'l1': 0.15265119010435266, 'l2cg': 0.06785952019654555, 'I1z': 0.000499356413387763, 'I2x': 0.0003675610988971146, 'I2y': 2.4382633510153544e-05, 'I2z': 0.0003670656080845501}, 'init_theta_std_deg': 4.956319292704472, 'init_alpha_std_deg': 8.081543554242483, 'init_theta_dot_std': 0.029048227592638504, 'init_alpha_dot_std': 0.03643377326595862, 'pwm_limit': 149.88058994599712, 'pwm_gain': 1.0080513894895686, 'pwm_bias': 0.13623624209850568, 'pwm_deadzone': 0.3762893037162315, 'pwm_noise_sigma': 0.08797057945198779, 'actuator_tau': 0.002469188273358677, 'action_delay_steps': 0, 'theta_bias': 0.0007816313263999877, 'alpha_bias': -0.0006337712490885002, 'theta_sigma': 0.00014766363475194656, 'alpha_sigma': 0.0019449269115306552, 'theta_dot_sigma': 0.029509600405974053, 'alpha_dot_sigma': 0.021695197566418547, 'encoder_quantization_rad': 5.140016419525946e-05, 'velocity_lpf': 0.25, 'process_theta_dot_sigma': 0.0, 'process_alpha_dot_sigma': 0.0}"
2937872,2,randomization_0.10,0.1,"{'level': 0.1, 'physical': {'g': 9.772666637352403, 'c_theta': 0.02602927090296436, 'c_alpha': 0.0011639425422634313, 'k_t': 0.22717727128521475, 'k_b': 0.18678505688095914, 'k_u': 0.04751640749723904, 'R': 4.374880877927483, 'm1': 0.2056396542812706, 'm2': 0.158166299748689, 'l1cg': 0.08125179147109877, 'l1': 0.1514190737974988, 'l2cg': 0.06700689072256809, 'I1z': 0.0005253627833948929, 'I2x': 0.00037147311817554605, 'I2y': 2.435752875780361e-05, 'I2z': 0.000371376989082369}, 'init_theta_std_deg': 5.066567568846898, 'init_alpha_std_deg': 8.067732108135171, 'init_theta_dot_std': 0.03408853554021827, 'init_alpha_dot_std': 0.1810405434913329, 'pwm_limit': 150.44093974106795, 'pwm_gain': 0.9964832506605802, 'pwm_bias': 0.11432753287387679, 'pwm_deadzone': 0.8857603019525756, 'pwm_noise_sigma': 0.13496510444127205, 'actuator_tau': 0.002526555711001226, 'action_delay_steps': 0, 'theta_bias': -4.338087562365223e-05, 'alpha_bias': -0.00016579223685249478, 'theta_sigma': 0.0005445792096166135, 'alpha_sigma': 0.001172945287886174, 'theta_dot_sigma': 0.015707945360085615, 'alpha_dot_sigma': 0.03823638564035602, 'encoder_quantization_rad': 4.2094565355719366e-05, 'velocity_lpf': 0.25, 'process_theta_dot_sigma': 0.0, 'process_alpha_dot_sigma': 0.0}"
2939872,2,randomization_0.10,0.1,"{'level': 0.1, 'physical': {'g': 9.802437754546107, 'c_theta': 0.02686127060209157, 'c_alpha': 0.0009609886087054039, 'k_t': 0.22609548276520586, 'k_b': 0.1834444901746849, 'k_u': 0.047239320206248374, 'R': 4.344569772112786, 'm1': 0.2015167349965224, 'm2': 0.1595460997185987, 'l1cg': 0.07995263286854275, 'l1': 0.15090380410768736, 'l2cg': 0.06691523366541532, 'I1z': 0.0005071251621279187, 'I2x': 0.00036498015629381913, 'I2y': 2.460191573642416e-05, 'I2z': 0.0003802319694252651}, 'init_theta_std_deg': 4.86401693336035, 'init_alpha_std_deg': 8.091168987242355, 'init_theta_dot_std': 0.03991498259838705, 'init_alpha_dot_std': 0.09356722463548173, 'pwm_limit': 150.64246706234718, 'pwm_gain': 0.9989619672884293, 'pwm_bias': -0.017979367683695548, 'pwm_deadzone': 0.564325967902101, 'pwm_noise_sigma': 0.05591591801551885, 'actuator_tau': 0.0023183372922655275, 'action_delay_steps': 0, 'theta_bias': 0.00024486795326386293, 'alpha_bias': 0.0004177687575698481, 'theta_sigma': 0.0005226588114416779, 'alpha_sigma': 0.0011808345703814799, 'theta_dot_sigma': 0.0034820840808594553, 'alpha_dot_sigma': 0.04160111913339395, 'encoder_quantization_rad': 2.191523918120363e-05, 'velocity_lpf': 0.25, 'process_theta_dot_sigma': 0.0, 'process_alpha_dot_sigma': 0.0}"
2941872,2,randomization_0.10,0.1,"{'level': 0.1, 'physical': {'g': 9.83492291368745, 'c_theta': 0.02751660319699862, 'c_alpha': 0.0009464358170734921, 'k_t': 0.23421233646511805, 'k_b': 0.18517638317449606, 'k_u': 0.0467098423552606, 'R': 4.29135790539129, 'm1': 0.211106833971937, 'm2': 0.15746060006135887, 'l1cg': 0.08004280538332383, 'l1': 0.1533899220217927, 'l2cg': 0.06537756277377628, 'I1z': 0.0005135334635687365, 'I2x': 0.00036612730676986374, 'I2y': 2.4918646185580184e-05, 'I2z': 0.000383562110487496}, 'init_theta_std_deg': 5.350161974246135, 'init_alpha_std_deg': 8.534294130138413, 'init_theta_dot_std': 0.11911648667231618, 'init_alpha_dot_std': 0.12761247320570954, 'pwm_limit': 149.95797049993004, 'pwm_gain': 0.9987519669730238, 'pwm_bias': -0.21907270734537, 'pwm_deadzone': 0.5469272549857679, 'pwm_noise_sigma': 0.0642612048278314, 'actuator_tau': 0.0017716441557062684, 'action_delay_steps': 0, 'theta_bias': 0.0002021116508574452, 'alpha_bias': 0.0002020541977012327, 'theta_sigma': 0.0002446210888130148, 'alpha_sigma': 0.001102634186703698, 'theta_dot_sigma': 0.012311923335284292, 'alpha_dot_sigma': 0.023311844577410333, 'encoder_quantization_rad': 7.98976584047856e-05, 'velocity_lpf': 0.25, 'process_theta_dot_sigma': 0.0, 'process_alpha_dot_sigma': 0.0}"
2943872,2,randomization_0.10,0.1,"{'level': 0.1, 'physical': {'g': 9.761778959184198, 'c_theta': 0.030587618655758084, 'c_alpha': 0.001119519070147372, 'k_t': 0.23634538502475091, 'k_b': 0.1842983785347258, 'k_u': 0.04741940805028202, 'R': 4.26479023549301, 'm1': 0.21035693507128397, 'm2': 0.1596433805808222, 'l1cg': 0.08048741094926408, 'l1': 0.1523787756029914, 'l2cg': 0.06664671932731807, 'I1z': 0.0004965360284465525, 'I2x': 0.00037408100574316426, 'I2y': 2.5356804109955856e-05, 'I2z': 0.0003668651586894685}, 'init_theta_std_deg': 4.8480527349691, 'init_alpha_std_deg': 8.380691792015275, 'init_theta_dot_std': 0.05723429574207946, 'init_alpha_dot_std': 0.23799172157214016, 'pwm_limit': 150.48653950903912, 'pwm_gain': 0.9943179587967755, 'pwm_bias': -0.045395614709005376, 'pwm_deadzone': 0.3068845583922867, 'pwm_noise_sigma': 0.045470621627126985, 'actuator_tau': 0.0005638232292219552, 'action_delay_steps': 0, 'theta_bias': -0.00033914652139902814, 'alpha_bias': 0.0009692001155145155, 'theta_sigma': 0.0002286145413131986, 'alpha_sigma': 0.0006765381070827545, 'theta_dot_sigma': 0.028344267101321357, 'alpha_dot_sigma': 0.04081793111165829, 'encoder_quantization_rad': 5.385774443022275e-05, 'velocity_lpf': 0.25, 'process_theta_dot_sigma': 0.0, 'process_alpha_dot_sigma': 0.0}"
2945872,2,randomization_0.10,0.1,"{'level': 0.1, 'physical': {'g': 9.840845625666944, 'c_theta': 0.029146093200590462, 'c_alpha': 0.0011697659644639346, 'k_t': 0.2363076827962174, 'k_b': 0.18818671545563778, 'k_u': 0.046207896841090335, 'R': 4.273119695046229, 'm1': 0.2101001337239923, 'm2': 0.1562397132619957, 'l1cg': 0.08065869402145086, 'l1': 0.15197597386898223, 'l2cg': 0.06669142979477764, 'I1z': 0.0004837806765178753, 'I2x': 0.00036739033098456597, 'I2y': 2.4474286777550288e-05, 'I2z': 0.00036046103084459924}, 'init_theta_std_deg': 5.163567781418309, 'init_alpha_std_deg': 8.29938989976936, 'init_theta_dot_std': 0.07241973923262389, 'init_alpha_dot_std': 0.007668708106830235, 'pwm_limit': 149.08469333596477, 'pwm_gain': 0.9992385678933055, 'pwm_bias': -0.33342991324407034, 'pwm_deadzone': 0.5028867998816033, 'pwm_noise_sigma': 0.12199045778639411, 'actuator_tau': 0.0005971688634092625, 'action_delay_steps': 0, 'theta_bias': -0.0006450495134982719, 'alpha_bias': -0.00036121851837186313, 'theta_sigma': 0.000207757442194881, 'alpha_sigma': 0.001282090262240583, 'theta_dot_sigma': 0.014924698508347305, 'alpha_dot_sigma': 0.03452403839516153, 'encoder_quantization_rad': 5.414145294454165e-06, 'velocity_lpf': 0.25, 'process_theta_dot_sigma': 0.0, 'process_alpha_dot_sigma': 0.0}"
2947872,2,randomization_0.10,0.1,"{'level': 0.1, 'physical': {'g': 9.834164382498628, 'c_theta': 0.031072406867391197, 'c_alpha': 0.0012037517729817878, 'k_t': 0.2360496053700017, 'k_b': 0.18498767942112376, 'k_u': 0.047967775353798835, 'R': 4.2641532885403235, 'm1': 0.20758599319860618, 'm2': 0.15798813731503455, 'l1cg': 0.08028985693126574, 'l1': 0.150875740870495, 'l2cg': 0.06746897933504542, 'I1z': 0.0005064555099332892, 'I2x': 0.0003619426823942433, 'I2y': 2.3809847223607298e-05, 'I2z': 0.0003896571503174346}, 'init_theta_std_deg': 5.042500834295797, 'init_alpha_std_deg': 8.166323718379271, 'init_theta_dot_std': 0.051455409717747536, 'init_alpha_dot_std': 0.14147270857952185, 'pwm_limit': 149.43180630239445, 'pwm_gain': 0.9924327157742354, 'pwm_bias': -0.384698708919041, 'pwm_deadzone': 0.677126689516784, 'pwm_noise_sigma': 0.14164973746199006, 'actuator_tau': 0.0023334255458313884, 'action_delay_steps': 0, 'theta_bias': 0.0005693272444570312, 'alpha_bias': -0.00047641630837190767, 'theta_sigma': 0.00013489408239914695, 'alpha_sigma': 0.00036582691015583533, 'theta_dot_sigma': 0.030754538213393672, 'alpha_dot_sigma': 0.030550404473364493, 'encoder_quantization_rad': 5.3703976164807594e-05, 'velocity_lpf': 0.25, 'process_theta_dot_sigma': 0.0, 'process_alpha_dot_sigma': 0.0}"
2949872,2,randomization_0.10,0.1,"{'level': 0.1, 'physical': {'g': 9.806604239681626, 'c_theta': 0.027646237816043723, 'c_alpha': 0.001216144161012447, 'k_t': 0.2305458063466536, 'k_b': 0.19193794016747218, 'k_u': 0.04827659480551846, 'R': 4.279651708965988, 'm1': 0.2071490588031099, 'm2': 0.15863972104107818, 'l1cg': 0.07964102473115826, 'l1': 0.150867624362023, 'l2cg': 0.06751530695715005, 'I1z': 0.0005227456795079224, 'I2x': 0.00037400626937905956, 'I2y': 2.450422717993103e-05, 'I2z': 0.00037278597567216235}, 'init_theta_std_deg': 5.201374962412979, 'init_alpha_std_deg': 8.54614426936566, 'init_theta_dot_std': 0.02740954367550822, 'init_alpha_dot_std': 0.08798792538805872, 'pwm_limit': 148.83649377034922, 'pwm_gain': 1.0023629782901005, 'pwm_bias': -0.39079462525248654, 'pwm_deadzone': 0.3794807232508679, 'pwm_noise_sigma': 0.057124780251433284, 'actuator_tau': 0.0003188331830004263, 'action_delay_steps': 0, 'theta_bias': -0.00015856206956383901, 'alpha_bias': 9.819992426485237e-07, 'theta_sigma': 0.00020593419140303362, 'alpha_sigma': 0.0018452016514452947, 'theta_dot_sigma': 0.0234153609309536, 'alpha_dot_sigma': 0.04078001802117906, 'encoder_quantization_rad': 5.2518998611544274e-05, 'velocity_lpf': 0.25, 'process_theta_dot_sigma': 0.0, 'process_alpha_dot_sigma': 0.0}"
2951872,2,randomization_0.10,0.1,"{'level': 0.1, 'physical': {'g': 9.81359353525453, 'c_theta': 0.02656377211953803, 'c_alpha': 0.0011103279859212805, 'k_t': 0.22712820390396496, 'k_b': 0.18333626242042594, 'k_u': 0.04664727835039751, 'R': 4.356778939991838, 'm1': 0.21080223534649867, 'm2': 0.15918743822784123, 'l1cg': 0.080860499958636, 'l1': 0.1525332938157868, 'l2cg': 0.06603121827015006, 'I1z': 0.0004923552582017381, 'I2x': 0.00037415475354811564, 'I2y': 2.2526007543928966e-05, 'I2z': 0.00038324805579613593}, 'init_theta_std_deg': 5.017684381248025, 'init_alpha_std_deg': 8.470252725093227, 'init_theta_dot_std': 0.04557244678594275, 'init_alpha_dot_std': 0.015304427250207142, 'pwm_limit': 149.79093206248348, 'pwm_gain': 0.9923834736194125, 'pwm_bias': 0.3416040968246667, 'pwm_deadzone': 0.9329435190486528, 'pwm_noise_sigma': 0.04912950712814317, 'actuator_tau': 0.0012464933676540116, 'action_delay_steps': 0, 'theta_bias': -0.0003474785172700452, 'alpha_bias': -8.417918874819713e-05, 'theta_sigma': 0.00019455581061276673, 'alpha_sigma': 0.00029678534843266145, 'theta_dot_sigma': 0.026134594028046, 'alpha_dot_sigma': 0.007393829509064602, 'encoder_quantization_rad': 1.2789989043358415e-05, 'velocity_lpf': 0.24501040717801148, 'process_theta_dot_sigma': 0.0, 'process_alpha_dot_sigma': 0.0}"
2953872,2,randomization_0.10,0.1,"{'level': 0.1, 'physical': {'g': 9.776445797881024, 'c_theta': 0.024947358495975163, 'c_alpha': 0.0011161475945431715, 'k_t': 0.2270005371999843, 'k_b': 0.18372011055292342, 'k_u': 0.04646630614393516, 'R': 4.360134147271098, 'm1': 0.20814598068294374, 'm2': 0.15673811782971117, 'l1cg': 0.08145192596191121, 'l1': 0.15128012732577387, 'l2cg': 0.06684486960590919, 'I1z': 0.0005236128491980228, 'I2x': 0.00036411623102266025, 'I2y': 2.4270881547702044e-05, 'I2z': 0.0003441484781108175}, 'init_theta_std_deg': 5.461982620965049, 'init_alpha_std_deg': 8.525038403124785, 'init_theta_dot_std': 0.10704582248895754, 'init_alpha_dot_std': 0.14078923791431244, 'pwm_limit': 147.02096192770932, 'pwm_gain': 1.0080426394944544, 'pwm_bias': -0.21107926634119192, 'pwm_deadzone': 0.21888253694590232, 'pwm_noise_sigma': 0.1307603780849884, 'actuator_tau': 0.0028057943664678833, 'action_delay_steps': 0, 'theta_bias': 3.971936116680541e-05, 'alpha_bias': 0.00107936319165383, 'theta_sigma': 0.0005884365012136196, 'alpha_sigma': 0.0003940833259093912, 'theta_dot_sigma': 0.03280288412588008, 'alpha_dot_sigma': 0.05753561884727786, 'encoder_quantization_rad': 9.823502091766648e-05, 'velocity_lpf': 0.25, 'process_theta_dot_sigma': 0.0, 'process_alpha_dot_sigma': 0.0}"
2955872,2,randomization_0.10,0.1,"{'level': 0.1, 'physical': {'g': 9.756471259498067, 'c_theta': 0.029700198827498955, 'c_alpha': 0.000989912631514597, 'k_t': 0.23193037953398438, 'k_b': 0.18560164010901814, 'k_u': 0.0471783988801653, 'R': 4.274292911072192, 'm1': 0.21107152018768235, 'm2': 0.15834457926284085, 'l1cg': 0.0794040005368421, 'l1': 0.15178897945517467, 'l2cg': 0.06712558129794925, 'I1z': 0.0005248455608361413, 'I2x': 0.0003736942556213302, 'I2y': 2.4810308497198383e-05, 'I2z': 0.00038410718167065667}, 'init_theta_std_deg': 5.158512902116501, 'init_alpha_std_deg': 8.46839963794262, 'init_theta_dot_std': 0.027664298009494277, 'init_alpha_dot_std': 0.23932328305360473, 'pwm_limit': 150.44691897051035, 'pwm_gain': 1.000836720450806, 'pwm_bias': 0.2915795712213794, 'pwm_deadzone': 0.5383046781589318, 'pwm_noise_sigma': 0.18911172054542053, 'actuator_tau': 0.0006968227970927068, 'action_delay_steps': 0, 'theta_bias': -0.0003389321742701057, 'alpha_bias': -0.0007934125728411009, 'theta_sigma': 0.00019400151057964086, 'alpha_sigma': 0.0004912715711623755, 'theta_dot_sigma': 0.03244660453913008, 'alpha_dot_sigma': 0.05271468356060045, 'encoder_quantization_rad': 0.0001203076168015724, 'velocity_lpf': 0.25, 'process_theta_dot_sigma': 0.0, 'process_alpha_dot_sigma': 0.0}"
2957872,2,randomization_0.10,0.1,"{'level': 0.1, 'physical': {'g': 9.768649598174832, 'c_theta': 0.02763508711353088, 'c_alpha': 0.0010958907766734814, 'k_t': 0.22886438678170518, 'k_b': 0.18986261667469215, 'k_u': 0.04589265058592044, 'R': 4.336044719521643, 'm1': 0.20697004888306297, 'm2': 0.15946184599356816, 'l1cg': 0.07961826330556804, 'l1': 0.15101777118571594, 'l2cg': 0.0666646782367901, 'I1z': 0.00048682811140561566, 'I2x': 0.00036832235212916657, 'I2y': 2.4524365904094124e-05, 'I2z': 0.0003434741119313069}, 'init_theta_std_deg': 5.228390702481416, 'init_alpha_std_deg': 7.683137535695516, 'init_theta_dot_std': 0.1213141276134451, 'init_alpha_dot_std': 0.241260925888981, 'pwm_limit': 150.04752536670256, 'pwm_gain': 1.007314418877877, 'pwm_bias': -0.15226515486295789, 'pwm_deadzone': 0.0038408644261965774, 'pwm_noise_sigma': 0.14886272248187668, 'actuator_tau': 0.00012641703118174263, 'action_delay_steps': 0, 'theta_bias': 0.00025779774410428826, 'alpha_bias': -0.0011890255861217005, 'theta_sigma': 8.244079634879775e-05, 'alpha_sigma': 0.001517157811480681, 'theta_dot_sigma': 0.022138652795906103, 'alpha_dot_sigma': 0.00373180087845828, 'encoder_quantization_rad': 9.469611388592482e-05, 'velocity_lpf': 0.25, 'process_theta_dot_sigma': 0.0, 'process_alpha_dot_sigma': 0.0}"
2959872,2,randomization_0.10,0.1,"{'level': 0.1, 'physical': {'g': 9.776419226829393, 'c_theta': 0.02393973509164815, 'c_alpha': 0.0012377375424969983, 'k_t': 0.2357762947020155, 'k_b': 0.1910864081321713, 'k_u': 0.04590420155112928, 'R': 4.2137639584831845, 'm1': 0.20643119848143537, 'm2': 0.1572427112027035, 'l1cg': 0.08057392411007751, 'l1': 0.15108598291081013, 'l2cg': 0.06809549805867217, 'I1z': 0.00048225208264398656, 'I2x': 0.0003732757953946939, 'I2y': 2.4861791768159535e-05, 'I2z': 0.0003698043323660438}, 'init_theta_std_deg': 4.9702538131698, 'init_alpha_std_deg': 7.7562237547223845, 'init_theta_dot_std': 0.12274046698994244, 'init_alpha_dot_std': 0.1528003832322693, 'pwm_limit': 150.28027006851178, 'pwm_gain': 0.9945625635124932, 'pwm_bias': 0.16250951410880293, 'pwm_deadzone': 0.03730974661477171, 'pwm_noise_sigma': 0.06992950359919839, 'actuator_tau': 0.001284631903458195, 'action_delay_steps': 0, 'theta_bias': 0.0004786128274308157, 'alpha_bias': 0.0007252241003257435, 'theta_sigma': 0.00027149269013425467, 'alpha_sigma': 0.0003914144288323218, 'theta_dot_sigma': 0.02738150564327333, 'alpha_dot_sigma': 0.05975143118231522, 'encoder_quantization_rad': 6.085626611586207e-05, 'velocity_lpf': 0.25, 'process_theta_dot_sigma': 0.0, 'process_alpha_dot_sigma': 0.0}"
2961872,2,randomization_0.10,0.1,"{'level': 0.1, 'physical': {'g': 9.785317172144332, 'c_theta': 0.025325428738806444, 'c_alpha': 0.0012548594869133377, 'k_t': 0.2275662865481721, 'k_b': 0.18831227038995813, 'k_u': 0.0482318101914802, 'R': 4.297291279812606, 'm1': 0.20654549817303952, 'm2': 0.15930949977104739, 'l1cg': 0.07956655429754801, 'l1': 0.15290224969406527, 'l2cg': 0.06810881865243365, 'I1z': 0.0005264486140632914, 'I2x': 0.0003692641139047437, 'I2y': 2.5040602762085342e-05, 'I2z': 0.00036955165238621295}, 'init_theta_std_deg': 4.853776418748282, 'init_alpha_std_deg': 8.641929452150972, 'init_theta_dot_std': 0.12986339884570672, 'init_alpha_dot_std': 0.0807089939227133, 'pwm_limit': 150.12330561507875, 'pwm_gain': 0.9969733958053137, 'pwm_bias': -0.10666166276607579, 'pwm_deadzone': 0.3115318962582081, 'pwm_noise_sigma': 0.1969126640951206, 'actuator_tau': 0.0014017476880144068, 'action_delay_steps': 0, 'theta_bias': 0.0003710412136170285, 'alpha_bias': 0.00040291704741024026, 'theta_sigma': 0.00048018429549545816, 'alpha_sigma': 0.0015593138646877289, 'theta_dot_sigma': 0.017641148444435303, 'alpha_dot_sigma': 0.053053376540699915, 'encoder_quantization_rad': 0.00010353710763238786, 'velocity_lpf': 0.25, 'process_theta_dot_sigma': 0.0, 'process_alpha_dot_sigma': 0.0}"
2963872,2,randomization_0.10,0.1,"{'level': 0.1, 'physical': {'g': 9.828726287361393, 'c_theta': 0.030114722903356483, 'c_alpha': 0.0011603580301744233, 'k_t': 0.23319059744370188, 'k_b': 0.18530313621487957, 'k_u': 0.04840416054865997, 'R': 4.324963278448927, 'm1': 0.21077432320353615, 'm2': 0.15734663992140066, 'l1cg': 0.07983385198538251, 'l1': 0.1512151990967438, 'l2cg': 0.06626634594440656, 'I1z': 0.000518245029153475, 'I2x': 0.00036973174973777093, 'I2y': 2.2964469253695084e-05, 'I2z': 0.00038826734321236074}, 'init_theta_std_deg': 5.171547835519344, 'init_alpha_std_deg': 7.79636953762348, 'init_theta_dot_std': 0.1455965275809424, 'init_alpha_dot_std': 0.15956728314529237, 'pwm_limit': 148.2610949184987, 'pwm_gain': 1.0025373453957096, 'pwm_bias': -0.14566169806733226, 'pwm_deadzone': 0.01071754661769142, 'pwm_noise_sigma': 0.01303795856049781, 'actuator_tau': 0.002718365059211229, 'action_delay_steps': 0, 'theta_bias': -0.000907563231131818, 'alpha_bias': 0.0009527057688947139, 'theta_sigma': 0.00014848499759402366, 'alpha_sigma': 0.0007865783848799524, 'theta_dot_sigma': 0.013250836273183627, 'alpha_dot_sigma': 0.03772346247827051, 'encoder_quantization_rad': 1.493701954517543e-05, 'velocity_lpf': 0.25, 'process_theta_dot_sigma': 0.0, 'process_alpha_dot_sigma': 0.0}"
2965872,2,randomization_0.10,0.1,"{'level': 0.1, 'physical': {'g': 9.837440936998851, 'c_theta': 0.02475381660629407, 'c_alpha': 0.001256024824940635, 'k_t': 0.22803792071180412, 'k_b': 0.1837684010580118, 'k_u': 0.04789953485321741, 'R': 4.311266170781832, 'm1': 0.20425032492463538, 'm2': 0.1601054033960458, 'l1cg': 0.08144250802831034, 'l1': 0.15103205167421152, 'l2cg': 0.06575544586755104, 'I1z': 0.0004941984052252966, 'I2x': 0.00037557154507569356, 'I2y': 2.5466153496130455e-05, 'I2z': 0.0003719026696142119}, 'init_theta_std_deg': 5.114822412863275, 'init_alpha_std_deg': 8.269085309435109, 'init_theta_dot_std': 0.04152556809684216, 'init_alpha_dot_std': 0.05446201430342304, 'pwm_limit': 147.45958787830475, 'pwm_gain': 1.002735608600329, 'pwm_bias': -0.2911246836998513, 'pwm_deadzone': 0.4733247805255639, 'pwm_noise_sigma': 0.1994713763174604, 'actuator_tau': 0.002708839027200707, 'action_delay_steps': 0, 'theta_bias': 0.00019189194604561676, 'alpha_bias': 0.0008771930479210354, 'theta_sigma': 0.00019946528987959333, 'alpha_sigma': 0.0007221277445122254, 'theta_dot_sigma': 0.01306931233498618, 'alpha_dot_sigma': 0.013616074315054223, 'encoder_quantization_rad': 4.944388919847954e-05, 'velocity_lpf': 0.25, 'process_theta_dot_sigma': 0.0, 'process_alpha_dot_sigma': 0.0}"
2967872,2,randomization_0.10,0.1,"{'level': 0.1, 'physical': {'g': 9.818957661943744, 'c_theta': 0.029903433317845125, 'c_alpha': 0.001223173588733189, 'k_t': 0.23467605044895798, 'k_b': 0.188977304397758, 'k_u': 0.04621974798745537, 'R': 4.235631110948516, 'm1': 0.20449392775116845, 'm2': 0.15790748848027328, 'l1cg': 0.08020571352078791, 'l1': 0.1516190337555885, 'l2cg': 0.06638655229340852, 'I1z': 0.0005077717138623126, 'I2x': 0.0003740532118478772, 'I2y': 2.2506233025096118e-05, 'I2z': 0.0003550504218065832}, 'init_theta_std_deg': 5.364258483172891, 'init_alpha_std_deg': 8.035202654400404, 'init_theta_dot_std': 0.0885866939322154, 'init_alpha_dot_std': 0.14233881909762333, 'pwm_limit': 149.15221693702634, 'pwm_gain': 0.991268266597817, 'pwm_bias': 0.041511154555877554, 'pwm_deadzone': 0.3018042033198707, 'pwm_noise_sigma': 0.110538864998731, 'actuator_tau': 0.0019431164408034499, 'action_delay_steps': 0, 'theta_bias': 0.0007549019856772352, 'alpha_bias': -0.0011465570512943946, 'theta_sigma': 0.0003533161334783107, 'alpha_sigma': 0.0016110668372082534, 'theta_dot_sigma': 0.0035385499289833375, 'alpha_dot_sigma': 0.021340399789743524, 'encoder_quantization_rad': 0.0001130364349476744, 'velocity_lpf': 0.25, 'process_theta_dot_sigma': 0.0, 'process_alpha_dot_sigma': 0.0}"
2969872,2,randomization_0.10,0.1,"{'level': 0.1, 'physical': {'g': 9.786273828678297, 'c_theta': 0.02968889624428503, 'c_alpha': 0.0011388583342732395, 'k_t': 0.2269581219727331, 'k_b': 0.18948167794464787, 'k_u': 0.04836067010911663, 'R': 4.358014227941438, 'm1': 0.20506025708244652, 'm2': 0.1586286705379091, 'l1cg': 0.08096272360537374, 'l1': 0.15194181637139292, 'l2cg': 0.06575936230058697, 'I1z': 0.0004857165844123015, 'I2x': 0.00036924241731064875, 'I2y': 2.3231378467742665e-05, 'I2z': 0.00036338989061909284}, 'init_theta_std_deg': 4.997668214272869, 'init_alpha_std_deg': 7.776196817715421, 'init_theta_dot_std': 0.1084453524503173, 'init_alpha_dot_std': 0.07703669652020238, 'pwm_limit': 148.05299677069462, 'pwm_gain': 1.0099578819643118, 'pwm_bias': 0.08225049457355338, 'pwm_deadzone': 0.15943005243679265, 'pwm_noise_sigma': 0.18133180971713922, 'actuator_tau': 0.0022175355942730983, 'action_delay_steps': 0, 'theta_bias': 0.0005886437444575558, 'alpha_bias': 0.0002072116145172297, 'theta_sigma': 0.00043599447888309305, 'alpha_sigma': 0.0008344681094439284, 'theta_dot_sigma': 0.025697873398449995, 'alpha_dot_sigma': 0.015333686907942916, 'encoder_quantization_rad': 3.5029506389753785e-05, 'velocity_lpf': 0.25, 'process_theta_dot_sigma': 0.0, 'process_alpha_dot_sigma': 0.0}"
2971872,2,randomization_0.10,0.1,"{'level': 0.1, 'physical': {'g': 9.755486207531842, 'c_theta': 0.031123619069781144, 'c_alpha': 0.0009356760161267748, 'k_t': 0.23212425207495652, 'k_b': 0.19169639452765602, 'k_u': 0.046554397763215086, 'R': 4.330613152375256, 'm1': 0.21090600537316676, 'm2': 0.15824489179980952, 'l1cg': 0.0794557026647993, 'l1': 0.15253793457516104, 'l2cg': 0.06786269710808104, 'I1z': 0.0004991615604461082, 'I2x': 0.0003653790987119929, 'I2y': 2.4106848642307543e-05, 'I2z': 0.0003535614091527548}, 'init_theta_std_deg': 5.1226240299899, 'init_alpha_std_deg': 8.446259474642732, 'init_theta_dot_std': 0.14353128962852701, 'init_alpha_dot_std': 0.08741290928021994, 'pwm_limit': 150.59429343577438, 'pwm_gain': 0.9959228307918682, 'pwm_bias': 0.25559737173876446, 'pwm_deadzone': 0.4830098981489932, 'pwm_noise_sigma': 0.09227279490313188, 'actuator_tau': 0.00028274739136272464, 'action_delay_steps': 0, 'theta_bias': 0.00039744770866489444, 'alpha_bias': 0.0007502853315025502, 'theta_sigma': 0.0002014205226866096, 'alpha_sigma': 0.000522847949094347, 'theta_dot_sigma': 0.030902531153362323, 'alpha_dot_sigma': 0.024137187278525013, 'encoder_quantization_rad': 4.7985413374697e-05, 'velocity_lpf': 0.25, 'process_theta_dot_sigma': 0.0, 'process_alpha_dot_sigma': 0.0}"
2973872,2,randomization_0.10,0.1,"{'level': 0.1, 'physical': {'g': 9.801875782202947, 'c_theta': 0.028070895501147088, 'c_alpha': 0.0011798755230680988, 'k_t': 0.2362935648940582, 'k_b': 0.18533020081854462, 'k_u': 0.04790423380324691, 'R': 4.353921812338655, 'm1': 0.211151318501522, 'm2': 0.15850825830710358, 'l1cg': 0.08101155486121718, 'l1': 0.15213252539736052, 'l2cg': 0.06813953524970445, 'I1z': 0.0005249005116772236, 'I2x': 0.00036308211488067396, 'I2y': 2.4932571149591578e-05, 'I2z': 0.0003541879565558737}, 'init_theta_std_deg': 5.125199949204479, 'init_alpha_std_deg': 7.999780337840418, 'init_theta_dot_std': 0.05014452144188058, 'init_alpha_dot_std': 0.23154418092970097, 'pwm_limit': 147.73666030178438, 'pwm_gain': 1.0077960850940095, 'pwm_bias': -0.3519587087755757, 'pwm_deadzone': 0.2111730464119439, 'pwm_noise_sigma': 0.15611292314298464, 'actuator_tau': 0.0011408670021081707, 'action_delay_steps': 0, 'theta_bias': -4.721140368041854e-05, 'alpha_bias': 0.000249482382719511, 'theta_sigma': 0.00035979580575556773, 'alpha_sigma': 0.0009584883928444916, 'theta_dot_sigma': 0.006615819958066914, 'alpha_dot_sigma': 0.05036815257845492, 'encoder_quantization_rad': 0.00010483400183268176, 'velocity_lpf': 0.25, 'process_theta_dot_sigma': 0.0, 'process_alpha_dot_sigma': 0.0}"
2975872,2,randomization_0.10,0.1,"{'level': 0.1, 'physical': {'g': 9.773793401222765, 'c_theta': 0.02702922610333491, 'c_alpha': 0.001234824544365408, 'k_t': 0.23304888059560244, 'k_b': 0.18559632884171873, 'k_u': 0.04835921220365109, 'R': 4.319995756007584, 'm1': 0.20305752602523916, 'm2': 0.15722756174409835, 'l1cg': 0.0805301374107666, 'l1': 0.15120029618125927, 'l2cg': 0.06791902556411115, 'I1z': 0.000512434812529258, 'I2x': 0.0003712257785080159, 'I2y': 2.2581512618710585e-05, 'I2z': 0.0003846529557852093}, 'init_theta_std_deg': 4.722857194406448, 'init_alpha_std_deg': 8.70148808188032, 'init_theta_dot_std': 0.07732723026763347, 'init_alpha_dot_std': 0.14072608638184275, 'pwm_limit': 147.79454288496336, 'pwm_gain': 1.0071943514148396, 'pwm_bias': 0.15050789630297556, 'pwm_deadzone': 0.9816050553235054, 'pwm_noise_sigma': 0.008398352088545469, 'actuator_tau': 0.0008579052309115021, 'action_delay_steps': 0, 'theta_bias': -0.00025322997522754867, 'alpha_bias': -0.0002722380702074336, 'theta_sigma': 9.862634392312156e-05, 'alpha_sigma': 0.001091258412844835, 'theta_dot_sigma': 0.03007085310290325, 'alpha_dot_sigma': 0.01406265743835769, 'encoder_quantization_rad': 7.201527328994832e-05, 'velocity_lpf': 0.25, 'process_theta_dot_sigma': 0.0, 'process_alpha_dot_sigma': 0.0}"
2977872,2,randomization_0.10,0.1,"{'level': 0.1, 'physical': {'g': 9.80836930865865, 'c_theta': 0.026747363859222863, 'c_alpha': 0.0011927591329685618, 'k_t': 0.23055212869221325, 'k_b': 0.1855711389547106, 'k_u': 0.04642392239849085, 'R': 4.2387045341794956, 'm1': 0.2038357227064205, 'm2': 0.15690436266846045, 'l1cg': 0.08000660005086735, 'l1': 0.15284102776318076, 'l2cg': 0.06813256004275521, 'I1z': 0.00048527677272131937, 'I2x': 0.0003696370534050185, 'I2y': 2.4628618618631854e-05, 'I2z': 0.0003616215564457332}, 'init_theta_std_deg': 4.962258341499256, 'init_alpha_std_deg': 8.319944533348352, 'init_theta_dot_std': 0.08362803385526657, 'init_alpha_dot_std': 0.0895788934516677, 'pwm_limit': 147.80798016762105, 'pwm_gain': 1.0050373175736935, 'pwm_bias': 0.07635921373037934, 'pwm_deadzone': 0.32165517035794067, 'pwm_noise_sigma': 0.17432297837966035, 'actuator_tau': 0.0008321451264671723, 'action_delay_steps': 0, 'theta_bias': 0.0004583560901806618, 'alpha_bias': 0.00017463363247284403, 'theta_sigma': 0.00019096720517512236, 'alpha_sigma': 3.0010480779565365e-06, 'theta_dot_sigma': 0.02604550811572773, 'alpha_dot_sigma': 0.009185279258228629, 'encoder_quantization_rad': 2.11546496154856e-05, 'velocity_lpf': 0.25, 'process_theta_dot_sigma': 0.0, 'process_alpha_dot_sigma': 0.0}"
2979872,2,randomization_0.10,0.1,"{'level': 0.1, 'physical': {'g': 9.805508096252803, 'c_theta': 0.025827309525478948, 'c_alpha': 0.0010122419259253291, 'k_t': 0.23627881193413347, 'k_b': 0.18827153604503338, 'k_u': 0.04786125132779371, 'R': 4.225050896029337, 'm1': 0.20662462498185202, 'm2': 0.15645333352044305, 'l1cg': 0.07997107822141698, 'l1': 0.15186444945239752, 'l2cg': 0.06766696211109569, 'I1z': 0.00048712107481286253, 'I2x': 0.0003626473949779405, 'I2y': 2.4655148370830928e-05, 'I2z': 0.0003551650608103302}, 'init_theta_std_deg': 5.336456877870175, 'init_alpha_std_deg': 8.085243208084668, 'init_theta_dot_std': 0.031495767690187186, 'init_alpha_dot_std': 0.15857582245399282, 'pwm_limit': 148.39482458107645, 'pwm_gain': 0.9900540824435641, 'pwm_bias': -0.176749536736103, 'pwm_deadzone': 0.2200373065597575, 'pwm_noise_sigma': 0.07985616917980716, 'actuator_tau': 0.0015242453752939732, 'action_delay_steps': 0, 'theta_bias': -0.0009569942295029705, 'alpha_bias': 0.0011460409973785988, 'theta_sigma': 0.0002638862246399554, 'alpha_sigma': 0.0006987563127017331, 'theta_dot_sigma': 0.001293714073411416, 'alpha_dot_sigma': 0.010674299524284685, 'encoder_quantization_rad': 9.860393206066711e-05, 'velocity_lpf': 0.25, 'process_theta_dot_sigma': 0.0, 'process_alpha_dot_sigma': 0.0}"
2981872,2,randomization_0.10,0.1,"{'level': 0.1, 'physical': {'g': 9.845151331363297, 'c_theta': 0.029212536710382403, 'c_alpha': 0.0010402542189006246, 'k_t': 0.22907641989883618, 'k_b': 0.1848935190637197, 'k_u': 0.04827746919803466, 'R': 4.32885528848331, 'm1': 0.20483817419542916, 'm2': 0.16004238996457334, 'l1cg': 0.0799729675681594, 'l1': 0.1510323555213954, 'l2cg': 0.06614570452569724, 'I1z': 0.0004909424245712662, 'I2x': 0.0003757894373690935, 'I2y': 2.302855210031419e-05, 'I2z': 0.00035723865971395605}, 'init_theta_std_deg': 5.293853017247944, 'init_alpha_std_deg': 8.05999460011681, 'init_theta_dot_std': 0.09219547717383712, 'init_alpha_dot_std': 0.13493888962172018, 'pwm_limit': 148.68368052833972, 'pwm_gain': 0.9922332943133205, 'pwm_bias': 0.06108909791242994, 'pwm_deadzone': 0.4663799203375626, 'pwm_noise_sigma': 0.18036948316145252, 'actuator_tau': 0.00293183625681963, 'action_delay_steps': 0, 'theta_bias': 0.0007424782525341458, 'alpha_bias': -0.0008339076200044173, 'theta_sigma': 0.0005721016249657007, 'alpha_sigma': 0.0007835505942812375, 'theta_dot_sigma': 0.030617443046114266, 'alpha_dot_sigma': 0.0032714391630815397, 'encoder_quantization_rad': 9.882922666880586e-05, 'velocity_lpf': 0.25, 'process_theta_dot_sigma': 0.0, 'process_alpha_dot_sigma': 0.0}"
2983872,2,randomization_0.10,0.1,"{'level': 0.1, 'physical': {'g': 9.847841223132379, 'c_theta': 0.028561518108199447, 'c_alpha': 0.0012875139056043173, 'k_t': 0.22758273348709088, 'k_b': 0.18311073892462448, 'k_u': 0.046069882295314314, 'R': 4.226043079885764, 'm1': 0.20693189625289918, 'm2': 0.15911438570670325, 'l1cg': 0.0808594830949943, 'l1': 0.1509111261819487, 'l2cg': 0.06677394515040899, 'I1z': 0.0004959545660332532, 'I2x': 0.00036288610975501485, 'I2y': 2.299908744733645e-05, 'I2z': 0.00034786502028359684}, 'init_theta_std_deg': 5.356219713994143, 'init_alpha_std_deg': 8.166617876383697, 'init_theta_dot_std': 0.08780599715393228, 'init_alpha_dot_std': 0.12557947698051053, 'pwm_limit': 148.10294896846946, 'pwm_gain': 0.9997860457959763, 'pwm_bias': 0.2657284711524674, 'pwm_deadzone': 0.08850510316480709, 'pwm_noise_sigma': 0.06085661681846988, 'actuator_tau': 0.001449300157568843, 'action_delay_steps': 0, 'theta_bias': 1.5562541392393215e-06, 'alpha_bias': -0.0005821396132445699, 'theta_sigma': 0.0005800923635238066, 'alpha_sigma': 0.0005353687920996166, 'theta_dot_sigma': 0.023622409046946, 'alpha_dot_sigma': 0.04200397927630827, 'encoder_quantization_rad': 3.094057099933627e-05, 'velocity_lpf': 0.25, 'process_theta_dot_sigma': 0.0, 'process_alpha_dot_sigma': 0.0}"
2985872,2,randomization_0.10,0.1,"{'level': 0.1, 'physical': {'g': 9.827580803703174, 'c_theta': 0.02315573551579872, 'c_alpha': 0.001043260359870145, 'k_t': 0.22536765766898914, 'k_b': 0.18588279760028298, 'k_u': 0.04772890051058521, 'R': 4.27277966674471, 'm1': 0.20420992179304362, 'm2': 0.15616570466516486, 'l1cg': 0.08006540608470142, 'l1': 0.15267728805960437, 'l2cg': 0.06698908869240805, 'I1z': 0.0005131353526548178, 'I2x': 0.00037451744664472304, 'I2y': 2.5283814193690423e-05, 'I2z': 0.00036184665306211033}, 'init_theta_std_deg': 4.713372463811177, 'init_alpha_std_deg': 8.257316105984293, 'init_theta_dot_std': 0.0017776373604866226, 'init_alpha_dot_std': 0.13941154685788512, 'pwm_limit': 147.22861788115668, 'pwm_gain': 1.0032810792170332, 'pwm_bias': 0.15039199001991055, 'pwm_deadzone': 0.6193707315004227, 'pwm_noise_sigma': 0.1585108575813322, 'actuator_tau': 0.0005807420471818833, 'action_delay_steps': 0, 'theta_bias': -0.0007146820150136737, 'alpha_bias': -0.00015379776632157497, 'theta_sigma': 9.063425502358576e-05, 'alpha_sigma': 0.001589503461463382, 'theta_dot_sigma': 0.02435377633798298, 'alpha_dot_sigma': 0.0221436465047398, 'encoder_quantization_rad': 0.00011386901101328487, 'velocity_lpf': 0.25, 'process_theta_dot_sigma': 0.0, 'process_alpha_dot_sigma': 0.0}"
2987872,2,randomization_0.10,0.1,"{'level': 0.1, 'physical': {'g': 9.80252708283799, 'c_theta': 0.028241593454859656, 'c_alpha': 0.0012315188304686563, 'k_t': 0.23499672404317404, 'k_b': 0.19088964247424883, 'k_u': 0.04657280764153889, 'R': 4.318160091680029, 'm1': 0.20225457045216078, 'm2': 0.15944335700319126, 'l1cg': 0.08009812093146956, 'l1': 0.15117662699907022, 'l2cg': 0.06508538240526857, 'I1z': 0.0004993720544688902, 'I2x': 0.00037442858994917404, 'I2y': 2.2635978784096368e-05, 'I2z': 0.0003448561104931235}, 'init_theta_std_deg': 5.299028591205164, 'init_alpha_std_deg': 8.677333263350357, 'init_theta_dot_std': 0.000599925285750813, 'init_alpha_dot_std': 0.15479811465407267, 'pwm_limit': 150.7176369953301, 'pwm_gain': 1.0021583957425217, 'pwm_bias': -0.04800685674433139, 'pwm_deadzone': 0.9325474247888063, 'pwm_noise_sigma': 0.03831127527073308, 'actuator_tau': 0.000580422191490508, 'action_delay_steps': 0, 'theta_bias': 0.0007924696938364489, 'alpha_bias': 0.0006682271813906871, 'theta_sigma': 1.3817896390380913e-05, 'alpha_sigma': 0.0006864681584700703, 'theta_dot_sigma': 0.02640713290801745, 'alpha_dot_sigma': 0.012650457655157729, 'encoder_quantization_rad': 0.00012155391371896283, 'velocity_lpf': 0.24907340996426963, 'process_theta_dot_sigma': 0.0, 'process_alpha_dot_sigma': 0.0}"
2989872,2,randomization_0.10,0.1,"{'level': 0.1, 'physical': {'g': 9.76335009487778, 'c_theta': 0.02810787985706529, 'c_alpha': 0.0010828270693755615, 'k_t': 0.23604797805271516, 'k_b': 0.19129019219081522, 'k_u': 0.04756769504163518, 'R': 4.327190352034485, 'm1': 0.20693767048135145, 'm2': 0.1565051665050096, 'l1cg': 0.08079451235353416, 'l1': 0.15305518128349063, 'l2cg': 0.06619352762879986, 'I1z': 0.00047544460236600874, 'I2x': 0.0003730980734553957, 'I2y': 2.443547359920989e-05, 'I2z': 0.00038445831815834696}, 'init_theta_std_deg': 4.862265111738262, 'init_alpha_std_deg': 8.195749005630063, 'init_theta_dot_std': 0.08444434960482104, 'init_alpha_dot_std': 0.038674156005516075, 'pwm_limit': 147.03941510752466, 'pwm_gain': 0.9940752186520717, 'pwm_bias': 0.22495975042686853, 'pwm_deadzone': 0.8765907331624054, 'pwm_noise_sigma': 0.08372393902320233, 'actuator_tau': 0.0004772277888141585, 'action_delay_steps': 0, 'theta_bias': -0.0007058373465053571, 'alpha_bias': 0.00022504695330519272, 'theta_sigma': 0.0005837673136888841, 'alpha_sigma': 0.0003027805426284851, 'theta_dot_sigma': 0.014536100307014181, 'alpha_dot_sigma': 0.012150423478491061, 'encoder_quantization_rad': 4.400758124237002e-05, 'velocity_lpf': 0.25, 'process_theta_dot_sigma': 0.0, 'process_alpha_dot_sigma': 0.0}"
2991872,2,randomization_0.10,0.1,"{'level': 0.1, 'physical': {'g': 9.763680153631716, 'c_theta': 0.028797740127526967, 'c_alpha': 0.0011180429764653063, 'k_t': 0.2353971385578994, 'k_b': 0.1837944443446882, 'k_u': 0.04735772048647965, 'R': 4.273647028963308, 'm1': 0.20544324584744775, 'm2': 0.15941414253536895, 'l1cg': 0.07918154844334367, 'l1': 0.15266006509877533, 'l2cg': 0.06557667277308557, 'I1z': 0.0005160170615385687, 'I2x': 0.00037463219711758453, 'I2y': 2.458802740357842e-05, 'I2z': 0.00037281345896781443}, 'init_theta_std_deg': 5.476837370543768, 'init_alpha_std_deg': 8.187733280238424, 'init_theta_dot_std': 0.13974291011739848, 'init_alpha_dot_std': 0.09671260624044975, 'pwm_limit': 147.43950260771183, 'pwm_gain': 1.0069188704490808, 'pwm_bias': 0.04822012831836116, 'pwm_deadzone': 0.9961668299354994, 'pwm_noise_sigma': 0.08350544624811758, 'actuator_tau': 0.0010116827389695712, 'action_delay_steps': 0, 'theta_bias': -0.0005489704365632828, 'alpha_bias': 0.0009368763592992298, 'theta_sigma': 0.00018038016677345757, 'alpha_sigma': 0.00035213899670096183, 'theta_dot_sigma': 0.007308500939331265, 'alpha_dot_sigma': 0.055469672080626684, 'encoder_quantization_rad': 8.567993447532925e-05, 'velocity_lpf': 0.25, 'process_theta_dot_sigma': 0.0, 'process_alpha_dot_sigma': 0.0}"
2993872,2,randomization_0.10,0.1,"{'level': 0.1, 'physical': {'g': 9.834814691606917, 'c_theta': 0.02652292881024993, 'c_alpha': 0.001011264490316765, 'k_t': 0.23011129392639398, 'k_b': 0.19004796964644502, 'k_u': 0.04798809959143153, 'R': 4.2196990283877245, 'm1': 0.20968469025120426, 'm2': 0.15754905983267242, 'l1cg': 0.08095667402103607, 'l1': 0.15211125348322588, 'l2cg': 0.06528840085474807, 'I1z': 0.00051344984208884, 'I2x': 0.00036300596491420747, 'I2y': 2.3192919766887616e-05, 'I2z': 0.00034817279009573065}, 'init_theta_std_deg': 5.336704017008612, 'init_alpha_std_deg': 8.708848294318782, 'init_theta_dot_std': 0.12544900873285586, 'init_alpha_dot_std': 0.04248698113169999, 'pwm_limit': 149.110441751844, 'pwm_gain': 1.0092487707036324, 'pwm_bias': 0.028355728868708588, 'pwm_deadzone': 0.15444885273820075, 'pwm_noise_sigma': 0.14167838497388804, 'actuator_tau': 0.0016869228320470328, 'action_delay_steps': 0, 'theta_bias': -0.0006759293272329607, 'alpha_bias': -0.00046440583088617126, 'theta_sigma': 0.0002729946014238594, 'alpha_sigma': 0.0009551912538657857, 'theta_dot_sigma': 0.0048660346007533975, 'alpha_dot_sigma': 0.02605021886584368, 'encoder_quantization_rad': 7.616689353899808e-05, 'velocity_lpf': 0.25, 'process_theta_dot_sigma': 0.0, 'process_alpha_dot_sigma': 0.0}"
2995872,2,randomization_0.10,0.1,"{'level': 0.1, 'physical': {'g': 9.817878604467332, 'c_theta': 0.031175546620604812, 'c_alpha': 0.0010039000371195957, 'k_t': 0.22896670259269553, 'k_b': 0.18755120809983566, 'k_u': 0.04771551043636457, 'R': 4.359443918069898, 'm1': 0.20861951987998317, 'm2': 0.16063767377938354, 'l1cg': 0.08012077380862341, 'l1': 0.1512077555174395, 'l2cg': 0.06587131971228805, 'I1z': 0.0005266394156321258, 'I2x': 0.0003761628589160405, 'I2y': 2.5056463921917113e-05, 'I2z': 0.0003626849684702296}, 'init_theta_std_deg': 4.861688963584239, 'init_alpha_std_deg': 7.6871257685765055, 'init_theta_dot_std': 0.0377078033964615, 'init_alpha_dot_std': 0.12484482096860175, 'pwm_limit': 150.13132675470206, 'pwm_gain': 0.9992884263659337, 'pwm_bias': 0.38018531313533394, 'pwm_deadzone': 0.23437224001564338, 'pwm_noise_sigma': 0.14390392044111697, 'actuator_tau': 0.001844180088913474, 'action_delay_steps': 0, 'theta_bias': 0.0004729586422625922, 'alpha_bias': -0.0005854046830242591, 'theta_sigma': 0.00018774810863415837, 'alpha_sigma': 0.00031367289704441117, 'theta_dot_sigma': 0.0004369860258024932, 'alpha_dot_sigma': 0.04343326015745517, 'encoder_quantization_rad': 2.6256085227588917e-05, 'velocity_lpf': 0.25, 'process_theta_dot_sigma': 0.0, 'process_alpha_dot_sigma': 0.0}"
2997872,2,randomization_0.10,0.1,"{'level': 0.1, 'physical': {'g': 9.836619543361557, 'c_theta': 0.028016576143428423, 'c_alpha': 0.0010492484322470821, 'k_t': 0.2349834354192333, 'k_b': 0.18654079528457318, 'k_u': 0.045817853431237655, 'R': 4.33523057451017, 'm1': 0.20390022742962036, 'm2': 0.1573169534898885, 'l1cg': 0.0802158327190949, 'l1': 0.15334690427805575, 'l2cg': 0.06733639638295853, 'I1z': 0.0005053039496806979, 'I2x': 0.00036984100625542374, 'I2y': 2.2968042380897797e-05, 'I2z': 0.000381386292939884}, 'init_theta_std_deg': 4.894640196498207, 'init_alpha_std_deg': 8.441093514829683, 'init_theta_dot_std': 0.0466176643572384, 'init_alpha_dot_std': 0.02777428999117093, 'pwm_limit': 147.02903981585314, 'pwm_gain': 1.0015462816368477, 'pwm_bias': -0.1581704882704864, 'pwm_deadzone': 0.7277929467655657, 'pwm_noise_sigma': 0.1558284389532791, 'actuator_tau': 0.0011367448495615043, 'action_delay_steps': 0, 'theta_bias': -6.026256281598985e-05, 'alpha_bias': 0.0002642252274543058, 'theta_sigma': 0.00015965844012976564, 'alpha_sigma': 0.0004250899773229109, 'theta_dot_sigma': 0.03199141701733811, 'alpha_dot_sigma': 0.001956556514839882, 'encoder_quantization_rad': 6.395074500954106e-05, 'velocity_lpf': 0.25, 'process_theta_dot_sigma': 0.0, 'process_alpha_dot_sigma': 0.0}"
2999872,2,randomization_0.10,0.1,"{'level': 0.1, 'physical': {'g': 9.754957984748255, 'c_theta': 0.023799426362546984, 'c_alpha': 0.0010021752936139403, 'k_t': 0.22867373878504446, 'k_b': 0.18785678994059346, 'k_u': 0.045854536323373524, 'R': 4.378396261830111, 'm1': 0.2020899313862995, 'm2': 0.15809721439719202, 'l1cg': 0.08054865591255113, 'l1': 0.15162318095459681, 'l2cg': 0.06576142406774063, 'I1z': 0.00047906777174015546, 'I2x': 0.00037403505139756946, 'I2y': 2.494660503569927e-05, 'I2z': 0.00036945258193634567}, 'init_theta_std_deg': 5.31775664547232, 'init_alpha_std_deg': 7.945600979943098, 'init_theta_dot_std': 0.10280704662573832, 'init_alpha_dot_std': 0.227358656098484, 'pwm_limit': 149.47283013025475, 'pwm_gain': 0.9901993588290446, 'pwm_bias': 0.16258452525196765, 'pwm_deadzone': 0.28712067677551056, 'pwm_noise_sigma': 0.11551831475578596, 'actuator_tau': 0.002047999224679703, 'action_delay_steps': 0, 'theta_bias': 0.0008038911993185796, 'alpha_bias': -0.0010518029448274432, 'theta_sigma': 0.000451644144122424, 'alpha_sigma': 0.0011775335907227473, 'theta_dot_sigma': 0.0023502190099857663, 'alpha_dot_sigma': 0.007527484823846213, 'encoder_quantization_rad': 2.1664866054107252e-05, 'velocity_lpf': 0.25, 'process_theta_dot_sigma': 0.0, 'process_alpha_dot_sigma': 0.0}"
3000000,3,randomization_0.30,0.3,"{'level': 0.3, 'physical': {'g': 9.9226986100683, 'c_theta': 0.04371994316087889, 'c_alpha': 0.0018492142953564523, 'k_t': 0.22859748630190552, 'k_b': 0.18801822640331348, 'k_u': 0.04664113825269637, 'R': 4.588476174782526, 'm1': 0.1978713190106873, 'm2': 0.16127939391438567, 'l1cg': 0.08098529364066781, 'l1': 0.1556876028527251, 'l2cg': 0.06509679334474743, 'I1z': 0.00044965693519403603, 'I2x': 0.00037901852800716773, 'I2y': 2.648469876070329e-05, 'I2z': 0.0004206231291432794}, 'init_theta_std_deg': 5.944398380550432, 'init_alpha_std_deg': 10.096792728772625, 'init_theta_dot_std': 0.19545562735659508, 'init_alpha_dot_std': 0.37863044280712044, 'pwm_limit': 142.0575575649359, 'pwm_gain': 0.9984410630299234, 'pwm_bias': -0.4447317286404496, 'pwm_deadzone': 1.9967778442169863, 'pwm_noise_sigma': 0.03726999099212331, 'actuator_tau': 0.0015445867991558551, 'action_delay_steps': 0, 'theta_bias': 0.000931092263380936, 'alpha_bias': -0.0009870536639942987, 'theta_sigma': 0.0010801799962032704, 'alpha_sigma': 0.0010224074090950076, 'theta_dot_sigma': 0.010738584163897004, 'alpha_dot_sigma': 0.08194009167753168, 'encoder_quantization_rad': 0.0003159076114036181, 'velocity_lpf': 0.25, 'process_theta_dot_sigma': 0.0, 'process_alpha_dot_sigma': 0.0}"
3002000,3,randomization_0.30,0.3,"{'level': 0.3, 'physical': {'g': 9.793905774500692, 'c_theta': 0.040761047775744755, 'c_alpha': 0.001288626844745306, 'k_t': 0.24452311935518398, 'k_b': 0.17419153226591297, 'k_u': 0.04411581233968738, 'R': 4.527717366030227, 'm1': 0.20378460234720028, 'm2': 0.16153354206823564, 'l1cg': 0.07782729826022318, 'l1': 0.15008269960162493, 'l2cg': 0.06428768489712933, 'I1z': 0.0005378983500209982, 'I2x': 0.0003631016407427667, 'I2y': 2.7634130129363902e-05, 'I2z': 0.0003820951726454793}, 'init_theta_std_deg': 5.628538262913978, 'init_alpha_std_deg': 8.805771535024657, 'init_theta_dot_std': 0.09252912352964622, 'init_alpha_dot_std': 0.3493029059570512, 'pwm_limit': 148.15749539277206, 'pwm_gain': 0.9821239892875052, 'pwm_bias': 0.9083143071690988, 'pwm_deadzone': 2.2896707278671418, 'pwm_noise_sigma': 0.3601988205850068, 'actuator_tau': 0.006753816971183107, 'action_delay_steps': 0, 'theta_bias': 0.001108337401997828, 'alpha_bias': -0.003238293445115857, 'theta_sigma': 0.0001126756227416428, 'alpha_sigma': 0.004750436724874303, 'theta_dot_sigma': 0.06001753902578487, 'alpha_dot_sigma': 0.09212507388687204, 'encoder_quantization_rad': 0.00040247795514414107, 'velocity_lpf': 0.25, 'process_theta_dot_sigma': 0.0, 'process_alpha_dot_sigma': 0.0}"
3004000,3,randomization_0.30,0.3,"{'level': 0.3, 'physical': {'g': 9.825007535475644, 'c_theta': 0.020535657360976678, 'c_alpha': 0.0018311445447841642, 'k_t': 0.24699854185914047, 'k_b': 0.17890200265473966, 'k_u': 0.05023394302791294, 'R': 4.419191529599937, 'm1': 0.21635784550554638, 'm2': 0.15637449894406005, 'l1cg': 0.08349578219095426, 'l1': 0.15589738883503987, 'l2cg': 0.06442957194202954, 'I1z': 0.0004469992289062555, 'I2x': 0.00037537373097853755, 'I2y': 2.77040345858372e-05, 'I2z': 0.00040983712233058823}, 'init_theta_std_deg': 4.923143323746845, 'init_alpha_std_deg': 7.646617239068542, 'init_theta_dot_std': 0.33771045351941914, 'init_alpha_dot_std': 0.6649382088051932, 'pwm_limit': 141.4510939971813, 'pwm_gain': 1.0086868039133348, 'pwm_bias': 0.0007199832378413262, 'pwm_deadzone': 2.729435218241625, 'pwm_noise_sigma': 0.08985934619285041, 'actuator_tau': 0.007716832344751338, 'action_delay_steps': 0, 'theta_bias': -0.0010686732765533514, 'alpha_bias': -0.0032886339312164035, 'theta_sigma': 3.781079808244043e-05, 'alpha_sigma': 0.00023405792104351232, 'theta_dot_sigma': 0.0727155552862301, 'alpha_dot_sigma': 0.05916546417632665, 'encoder_quantization_rad': 0.00033690472921814763, 'velocity_lpf': 0.25, 'process_theta_dot_sigma': 0.0, 'process_alpha_dot_sigma': 0.0}"
3006000,3,randomization_0.30,0.3,"{'level': 0.3, 'physical': {'g': 9.706896683924283, 'c_theta': 0.02680629277781247, 'c_alpha': 0.0017147736819638389, 'k_t': 0.24199803999793432, 'k_b': 0.17662953095113854, 'k_u': 0.04709353175171485, 'R': 4.078691306811286, 'm1': 0.2055195390825182, 'm2': 0.15269228305338073, 'l1cg': 0.07862954578674633, 'l1': 0.15226962132408475, 'l2cg': 0.07166909504806236, 'I1z': 0.000478100918583217, 'I2x': 0.0003718533875219164, 'I2y': 2.9310518476680015e-05, 'I2z': 0.00041291618293239004}, 'init_theta_std_deg': 5.673665182454419, 'init_alpha_std_deg': 9.760237139562529, 'init_theta_dot_std': 0.38883111959356054, 'init_alpha_dot_std': 0.664287714608114, 'pwm_limit': 150.52952126551816, 'pwm_gain': 1.0285180357407075, 'pwm_bias': 0.9547419987095517, 'pwm_deadzone': 0.4334097560195338, 'pwm_noise_sigma': 0.014329575659224235, 'actuator_tau': 0.008613581806607876, 'action_delay_steps': 0, 'theta_bias': 9.175682155572451e-05, 'alpha_bias': 0.0032189025122496095, 'theta_sigma': 0.001590156051604977, 'alpha_sigma': 0.0017830039262387496, 'theta_dot_sigma': 0.0734396236295611, 'alpha_dot_sigma': 0.12631493913539457, 'encoder_quantization_rad': 0.00011400340751444644, 'velocity_lpf': 0.25, 'process_theta_dot_sigma': 0.0, 'process_alpha_dot_sigma': 0.0}"
3008000,3,randomization_0.30,0.3,"{'level': 0.3, 'physical': {'g': 9.690811533021026, 'c_theta': 0.025374461508891073, 'c_alpha': 0.0016011842236254331, 'k_t': 0.2398228285063021, 'k_b': 0.19022075992961732, 'k_u': 0.05088552121521833, 'R': 4.072827582717664, 'm1': 0.21990878754464707, 'm2': 0.16378457353793338, 'l1cg': 0.08363308027723358, 'l1': 0.15313268332960112, 'l2cg': 0.06755591733919007, 'I1z': 0.0004887360825039817, 'I2x': 0.0003512277534821968, 'I2y': 2.5184268039240727e-05, 'I2z': 0.00031039545724432426}, 'init_theta_std_deg': 4.918110668819752, 'init_alpha_std_deg': 8.233289367717086, 'init_theta_dot_std': 0.018843620279135796, 'init_alpha_dot_std': 0.6366370680589207, 'pwm_limit': 147.03417477974176, 'pwm_gain': 1.020668493370715, 'pwm_bias': -0.0484600740993657, 'pwm_deadzone': 1.5836436840493333, 'pwm_noise_sigma': 0.2520161194285665, 'actuator_tau': 0.005539325859551664, 'action_delay_steps': 0, 'theta_bias': 0.0014150091488400029, 'alpha_bias': -0.00143450858329392, 'theta_sigma': 0.001042056060165445, 'alpha_sigma': 0.00012745686937713075, 'theta_dot_sigma': 0.026572742872532137, 'alpha_dot_sigma': 0.0622155725659185, 'encoder_quantization_rad': 0.00016505601735947178, 'velocity_lpf': 0.25, 'process_theta_dot_sigma': 0.0, 'process_alpha_dot_sigma': 0.0}"
3010000,3,randomization_0.30,0.3,"{'level': 0.3, 'physical': {'g': 9.780427494315648, 'c_theta': 0.043307398495042566, 'c_alpha': 0.0019644371655778755, 'k_t': 0.2448416351905986, 'k_b': 0.18401937026686746, 'k_u': 0.04476201466176123, 'R': 4.155800677343787, 'm1': 0.22120454504771805, 'm2': 0.1533576981331191, 'l1cg': 0.08186841202734707, 'l1': 0.15319673892102417, 'l2cg': 0.07001667798538368, 'I1z': 0.0005674530831059814, 'I2x': 0.00038827873772354006, 'I2y': 2.6117337542338756e-05, 'I2z': 0.00032426875515357797}, 'init_theta_std_deg': 6.4165775158670595, 'init_alpha_std_deg': 7.01232030897509, 'init_theta_dot_std': 0.012133660167084948, 'init_alpha_dot_std': 0.06046405354167064, 'pwm_limit': 146.9028423250794, 'pwm_gain': 0.9819827629873797, 'pwm_bias': -0.5435369654193188, 'pwm_deadzone': 0.338929857359618, 'pwm_noise_sigma': 0.4648374866029017, 'actuator_tau': 0.0032594582695531483, 'action_delay_steps': 0, 'theta_bias': -0.0012953176536965579, 'alpha_bias': 0.0007329028315675193, 'theta_sigma': 0.0014498384958713815, 'alpha_sigma': 0.004721970205401875, 'theta_dot_sigma': 0.00828129676198427, 'alpha_dot_sigma': 0.05135611556187922, 'encoder_quantization_rad': 0.00033553033748623883, 'velocity_lpf': 0.25, 'process_theta_dot_sigma': 0.0, 'process_alpha_dot_sigma': 0.0}"
3012000,3,randomization_0.30,0.3,"{'level': 0.3, 'physical': {'g': 9.77946664211829, 'c_theta': 0.03166493869361355, 'c_alpha': 0.0016979251983434748, 'k_t': 0.2367348950200336, 'k_b': 0.18830469429987268, 'k_u': 0.044869494875382485, 'R': 4.280210034240224, 'm1': 0.20802526019287315, 'm2': 0.1583580469508065, 'l1cg': 0.0789747781103518, 'l1': 0.1526120361441835, 'l2cg': 0.06329043325992596, 'I1z': 0.0004843403261776664, 'I2x': 0.0003798473508098291, 'I2y': 2.3930445868091593e-05, 'I2z': 0.00043725724430809473}, 'init_theta_std_deg': 5.143668064955828, 'init_alpha_std_deg': 10.390421452707075, 'init_theta_dot_std': 0.4361648383185965, 'init_alpha_dot_std': 0.4158148027624358, 'pwm_limit': 150.98299615612686, 'pwm_gain': 1.0170179721478467, 'pwm_bias': 0.14160909092144536, 'pwm_deadzone': 0.35289737273929445, 'pwm_noise_sigma': 0.3701067752369009, 'actuator_tau': 0.006643316237655291, 'action_delay_steps': 0, 'theta_bias': 0.0022735214394174535, 'alpha_bias': 0.0005259970370102407, 'theta_sigma': 0.00018629341391299288, 'alpha_sigma': 0.003872406888084179, 'theta_dot_sigma': 0.004392681887922706, 'alpha_dot_sigma': 0.13625828887710376, 'encoder_quantization_rad': 0.0001726964851056834, 'velocity_lpf': 0.25, 'process_theta_dot_sigma': 0.0, 'process_alpha_dot_sigma': 0.0}"
3014000,3,randomization_0.30,0.3,"{'level': 0.3, 'physical': {'g': 9.774313044974178, 'c_theta': 0.032879072662621626, 'c_alpha': 0.0014165270357249424, 'k_t': 0.23610104967297932, 'k_b': 0.19282637822696874, 'k_u': 0.04893697624856434, 'R': 4.3102928392367605, 'm1': 0.19500541276562816, 'm2': 0.1649909452573153, 'l1cg': 0.07961609797418931, 'l1': 0.14830703565462522, 'l2cg': 0.06612482571562374, 'I1z': 0.000541893593553209, 'I2x': 0.0003669075603371347, 'I2y': 2.651284122013273e-05, 'I2z': 0.00030831586215676295}, 'init_theta_std_deg': 4.8374913817389364, 'init_alpha_std_deg': 9.119529755395693, 'init_theta_dot_std': 0.22213778205727722, 'init_alpha_dot_std': 0.341706897368154, 'pwm_limit': 150.04195677756485, 'pwm_gain': 1.0035409822127213, 'pwm_bias': 0.8700756159826323, 'pwm_deadzone': 2.5111904701151713, 'pwm_noise_sigma': 0.23981434130485943, 'actuator_tau': 0.008621123613647374, 'action_delay_steps': 0, 'theta_bias': -0.002499507588989816, 'alpha_bias': 0.001791847342395912, 'theta_sigma': 1.513902025414442e-05, 'alpha_sigma': 0.0014137909740765588, 'theta_dot_sigma': 0.053135331273759245, 'alpha_dot_sigma': 0.1015272230350788, 'encoder_quantization_rad': 0.0001340575353589129, 'velocity_lpf': 0.25, 'process_theta_dot_sigma': 0.0, 'process_alpha_dot_sigma': 0.0}"
3016000,3,randomization_0.30,0.3,"{'level': 0.3, 'physical': {'g': 9.933955619509575, 'c_theta': 0.023680191584209316, 'c_alpha': 0.0014364992680883856, 'k_t': 0.2148927455204275, 'k_b': 0.1976930069315852, 'k_u': 0.04576192249506838, 'R': 4.580504168717658, 'm1': 0.21754671867170416, 'm2': 0.1591751599629609, 'l1cg': 0.08175499929596534, 'l1': 0.14763470909903006, 'l2cg': 0.06425931375203908, 'I1z': 0.0004297014201271501, 'I2x': 0.00037067328638807885, 'I2y': 2.4172969580802868e-05, 'I2z': 0.00033415883301941217}, 'init_theta_std_deg': 5.639909837392584, 'init_alpha_std_deg': 10.076371303320116, 'init_theta_dot_std': 0.1525069589504097, 'init_alpha_dot_std': 0.0842422310937086, 'pwm_limit': 146.0928650496497, 'pwm_gain': 0.9759304944797983, 'pwm_bias': -0.35327056363247716, 'pwm_deadzone': 2.6439191644380657, 'pwm_noise_sigma': 0.4654528745438888, 'actuator_tau': 0.005089435560450269, 'action_delay_steps': 0, 'theta_bias': 0.00209842994077876, 'alpha_bias': -0.00033091123802672754, 'theta_sigma': 0.0017147285402434314, 'alpha_sigma': 0.004904024487698692, 'theta_dot_sigma': 0.04446079092010046, 'alpha_dot_sigma': 0.15167364290516344, 'encoder_quantization_rad': 0.00016553115718240867, 'velocity_lpf': 0.25021346970077646, 'process_theta_dot_sigma': 0.0, 'process_alpha_dot_sigma': 0.0}"
3018000,3,randomization_0.30,0.3,"{'level': 0.3, 'physical': {'g': 9.834436541001024, 'c_theta': 0.03777043632029932, 'c_alpha': 0.0009274045891698293, 'k_t': 0.2261262149469762, 'k_b': 0.1924819723612787, 'k_u': 0.04343076789716369, 'R': 4.230870641612066, 'm1': 0.22118563031715588, 'm2': 0.16531121974220095, 'l1cg': 0.07977404596613939, 'l1': 0.1536669124453609, 'l2cg': 0.06557511744723296, 'I1z': 0.00042911700898468265, 'I2x': 0.0003659703361706974, 'I2y': 2.4151855236719727e-05, 'I2z': 0.0003213529626282433}, 'init_theta_std_deg': 5.491923378202997, 'init_alpha_std_deg': 9.697114073393992, 'init_theta_dot_std': 0.348003343723673, 'init_alpha_dot_std': 0.4012590422057137, 'pwm_limit': 141.76206331966745, 'pwm_gain': 1.0136493582003765, 'pwm_bias': -0.42037452412872456, 'pwm_deadzone': 2.259758494370559, 'pwm_noise_sigma': 0.10143532587067769, 'actuator_tau': 0.0021384798546012487, 'action_delay_steps': 0, 'theta_bias': -0.001560357103530425, 'alpha_bias': -0.0004754243221253211, 'theta_sigma': 0.0010162108344464885, 'alpha_sigma': 0.002735609965660649, 'theta_dot_sigma': 0.026358731755396568, 'alpha_dot_sigma': 0.013398793790406668, 'encoder_quantization_rad': 0.00017858420352642433, 'velocity_lpf': 0.25, 'process_theta_dot_sigma': 0.0, 'process_alpha_dot_sigma': 0.0}"
3020000,3,randomization_0.30,0.3,"{'level': 0.3, 'physical': {'g': 9.787427541190716, 'c_theta': 0.03591153852476095, 'c_alpha': 0.0014226976884366878, 'k_t': 0.22879262784419493, 'k_b': 0.1871004131960431, 'k_u': 0.04871986779290133, 'R': 4.169200531928022, 'm1': 0.21560658993680892, 'm2': 0.16007954342365355, 'l1cg': 0.07915587189741599, 'l1': 0.1541494408469622, 'l2cg': 0.0715910539244391, 'I1z': 0.0004629688312735789, 'I2x': 0.00037941822993651836, 'I2y': 2.4989700189326178e-05, 'I2z': 0.0003866463701104437}, 'init_theta_std_deg': 6.131652170410382, 'init_alpha_std_deg': 8.691648783240634, 'init_theta_dot_std': 0.2394234802726767, 'init_alpha_dot_std': 0.2747493661552039, 'pwm_limit': 144.24173031574512, 'pwm_gain': 0.9954420792355405, 'pwm_bias': 0.2890050783626087, 'pwm_deadzone': 1.7280622270197177, 'pwm_noise_sigma': 0.2605627585653578, 'actuator_tau': 0.007406532918470541, 'action_delay_steps': 0, 'theta_bias': -0.0015887467745186892, 'alpha_bias': -0.0007573055053797021, 'theta_sigma': 0.0009479456714695381, 'alpha_sigma': 0.0006665195240671716, 'theta_dot_sigma': 0.02881563113194693, 'alpha_dot_sigma': 0.06971929795702742, 'encoder_quantization_rad': 0.0001477842782017694, 'velocity_lpf': 0.2458040685940593, 'process_theta_dot_sigma': 0.0, 'process_alpha_dot_sigma': 0.0}"
3022000,3,randomization_0.30,0.3,"{'level': 0.3, 'physical': {'g': 9.655468379631293, 'c_theta': 0.043472040172639, 'c_alpha': 0.0010447234683117798, 'k_t': 0.2183752988935798, 'k_b': 0.17471713646717638, 'k_u': 0.049659790058429236, 'R': 4.571844854350367, 'm1': 0.2160686198054085, 'm2': 0.15532789336801023, 'l1cg': 0.07737939606212493, 'l1': 0.14934325116441263, 'l2cg': 0.06811621323147861, 'I1z': 0.0004641427689339759, 'I2x': 0.0003777504929713298, 'I2y': 2.413252772357698e-05, 'I2z': 0.0003813767717818403}, 'init_theta_std_deg': 6.450212057158536, 'init_alpha_std_deg': 6.828167689320449, 'init_theta_dot_std': 0.336579756853863, 'init_alpha_dot_std': 0.4879033254465558, 'pwm_limit': 148.40265539917857, 'pwm_gain': 0.9960171193628107, 'pwm_bias': 0.0027583785927951963, 'pwm_deadzone': 0.8803927981900699, 'pwm_noise_sigma': 0.5442395619626255, 'actuator_tau': 0.0032788507723285933, 'action_delay_steps': 0, 'theta_bias': 0.0027868968698097837, 'alpha_bias': -0.00035585358602664794, 'theta_sigma': 0.0010538845426380236, 'alpha_sigma': 0.0018504670526078755, 'theta_dot_sigma': 0.07862349603741113, 'alpha_dot_sigma': 0.0259326222457339, 'encoder_quantization_rad': 0.0001940575995976962, 'velocity_lpf': 0.25, 'process_theta_dot_sigma': 0.0, 'process_alpha_dot_sigma': 0.0}"
3024000,3,randomization_0.30,0.3,"{'level': 0.3, 'physical': {'g': 9.656100379528695, 'c_theta': 0.03411650818391968, 'c_alpha': 0.0018423874722619828, 'k_t': 0.2295227628699903, 'k_b': 0.1836558905785693, 'k_u': 0.05031738590756759, 'R': 4.376904574250958, 'm1': 0.20223998593295217, 'm2': 0.16140373268643102, 'l1cg': 0.07888606662306313, 'l1': 0.1503662950553368, 'l2cg': 0.06680988785389713, 'I1z': 0.00046313940371878816, 'I2x': 0.00035746916686061985, 'I2y': 2.524221475537166e-05, 'I2z': 0.0003285333290804259}, 'init_theta_std_deg': 6.200480146654042, 'init_alpha_std_deg': 8.996001755589097, 'init_theta_dot_std': 0.005692296877845726, 'init_alpha_dot_std': 0.5418959495176016, 'pwm_limit': 145.8281338478694, 'pwm_gain': 0.989000683314532, 'pwm_bias': -0.6497963295911177, 'pwm_deadzone': 1.3529169568933277, 'pwm_noise_sigma': 0.22900398869706778, 'actuator_tau': 0.0065451246928340265, 'action_delay_steps': 0, 'theta_bias': -0.0020804656817724914, 'alpha_bias': -0.00250346070534825, 'theta_sigma': 0.0011151404414623564, 'alpha_sigma': 0.0015593886301672308, 'theta_dot_sigma': 0.05104384015414301, 'alpha_dot_sigma': 0.16033846349622755, 'encoder_quantization_rad': 0.00012097916266636461, 'velocity_lpf': 0.25, 'process_theta_dot_sigma': 0.0, 'process_alpha_dot_sigma': 0.0}"
3026000,3,randomization_0.30,0.3,"{'level': 0.3, 'physical': {'g': 9.825880511012404, 'c_theta': 0.03594684481888074, 'c_alpha': 0.0008815107391640812, 'k_t': 0.21456144351117723, 'k_b': 0.19651154901953047, 'k_u': 0.04814538411712273, 'R': 4.262361587804095, 'm1': 0.21770832430499548, 'm2': 0.1549321075221684, 'l1cg': 0.08277929903296512, 'l1': 0.15519115893579577, 'l2cg': 0.0715807102678456, 'I1z': 0.00046972369524945394, 'I2x': 0.0003842747435016585, 'I2y': 2.725182526897684e-05, 'I2z': 0.00030807011404376507}, 'init_theta_std_deg': 6.007978207703675, 'init_alpha_std_deg': 8.23027069884034, 'init_theta_dot_std': 0.15972466895781937, 'init_alpha_dot_std': 0.696835837351286, 'pwm_limit': 142.76363186092516, 'pwm_gain': 1.0000576033349193, 'pwm_bias': 0.8872436229875806, 'pwm_deadzone': 0.7950731371288482, 'pwm_noise_sigma': 0.05182963690082782, 'actuator_tau': 0.003833143340238702, 'action_delay_steps': 0, 'theta_bias': -0.001971014065781783, 'alpha_bias': -0.0028567945737449077, 'theta_sigma': 0.0009820713691536251, 'alpha_sigma': 0.00171933024262938, 'theta_dot_sigma': 0.06544281971623415, 'alpha_dot_sigma': 0.032343390904095666, 'encoder_quantization_rad': 0.0003198277629152737, 'velocity_lpf': 0.25, 'process_theta_dot_sigma': 0.0, 'process_alpha_dot_sigma': 0.0}"
3028000,3,randomization_0.30,0.3,"{'level': 0.3, 'physical': {'g': 9.846921275957166, 'c_theta': 0.029796617637587182, 'c_alpha': 0.0011444027533398437, 'k_t': 0.21590044229280075, 'k_b': 0.17879916371620727, 'k_u': 0.04442394308234036, 'R': 4.404465785174654, 'm1': 0.21651496866955192, 'm2': 0.15672570347039172, 'l1cg': 0.07869156317314757, 'l1': 0.14804916260908382, 'l2cg': 0.0684284717954088, 'I1z': 0.0005207751802084534, 'I2x': 0.00036265835135213567, 'I2y': 2.3426517857617484e-05, 'I2z': 0.0003744389821676284}, 'init_theta_std_deg': 4.613792210143303, 'init_alpha_std_deg': 9.91365753731688, 'init_theta_dot_std': 0.06629083823815406, 'init_alpha_dot_std': 0.5388572222515228, 'pwm_limit': 148.4739154710462, 'pwm_gain': 0.9815284382015669, 'pwm_bias': 0.982571946848099, 'pwm_deadzone': 2.213270341492728, 'pwm_noise_sigma': 0.29917306029787194, 'actuator_tau': 0.005298283788499069, 'action_delay_steps': 0, 'theta_bias': -0.0028531807772132667, 'alpha_bias': 0.0027374116237194154, 'theta_sigma': 0.0011208939959597832, 'alpha_sigma': 0.005748349239195631, 'theta_dot_sigma': 0.015233669850061412, 'alpha_dot_sigma': 0.15789396805545344, 'encoder_quantization_rad': 0.00042404598817169276, 'velocity_lpf': 0.24659841470816962, 'process_theta_dot_sigma': 0.0, 'process_alpha_dot_sigma': 0.0}"
3030000,3,randomization_0.30,0.3,"{'level': 0.3, 'physical': {'g': 9.871747746418382, 'c_theta': 0.04029408547665791, 'c_alpha': 0.0017815919863750438, 'k_t': 0.2246967357445805, 'k_b': 0.19720562332484104, 'k_u': 0.04799234275035066, 'R': 4.423779328316248, 'm1': 0.1963950879984819, 'm2': 0.1532744627438805, 'l1cg': 0.07753523376018044, 'l1': 0.14822251196823058, 'l2cg': 0.06958553753347445, 'I1z': 0.0004258828938041803, 'I2x': 0.0003746099790383074, 'I2y': 2.4632714311713336e-05, 'I2z': 0.0003148947115481641}, 'init_theta_std_deg': 5.933536539233824, 'init_alpha_std_deg': 9.622467637011578, 'init_theta_dot_std': 0.33061538806812396, 'init_alpha_dot_std': 0.044521757622563884, 'pwm_limit': 142.96148119826023, 'pwm_gain': 1.0085903984393034, 'pwm_bias': -1.0131481897849197, 'pwm_deadzone': 2.4555934873073495, 'pwm_noise_sigma': 0.30943503198973027, 'actuator_tau': 0.0003524800052387714, 'action_delay_steps': 0, 'theta_bias': -0.00030841270880895455, 'alpha_bias': 0.00041024498059787263, 'theta_sigma': 0.0014994533895414629, 'alpha_sigma': 0.0017702711780243575, 'theta_dot_sigma': 0.04034184061113291, 'alpha_dot_sigma': 0.018946689740425734, 'encoder_quantization_rad': 0.00027797728025431883, 'velocity_lpf': 0.25, 'process_theta_dot_sigma': 0.0, 'process_alpha_dot_sigma': 0.0}"
3032000,3,randomization_0.30,0.3,"{'level': 0.3, 'physical': {'g': 9.877456715207774, 'c_theta': 0.02455061600447519, 'c_alpha': 0.0011549661671781783, 'k_t': 0.2280849759574242, 'k_b': 0.17654163636040185, 'k_u': 0.04495415435916993, 'R': 4.066790300233134, 'm1': 0.21020886524282667, 'm2': 0.1624375163038349, 'l1cg': 0.07693338315676984, 'l1': 0.15185534879632112, 'l2cg': 0.06712929976591671, 'I1z': 0.00047926280943123725, 'I2x': 0.0003631951440919001, 'I2y': 2.5667763011181804e-05, 'I2z': 0.0003715429187285693}, 'init_theta_std_deg': 4.299160951781492, 'init_alpha_std_deg': 8.560501736129584, 'init_theta_dot_std': 0.418079129385566, 'init_alpha_dot_std': 0.29232515510596174, 'pwm_limit': 151.66383059167245, 'pwm_gain': 0.9854515376600139, 'pwm_bias': -1.1516283728863752, 'pwm_deadzone': 0.9415734657303111, 'pwm_noise_sigma': 0.24384041004800794, 'actuator_tau': 0.008268032470476704, 'action_delay_steps': 0, 'theta_bias': 0.0006959471890045266, 'alpha_bias': 0.0008506622821710734, 'theta_sigma': 0.0002960959275597477, 'alpha_sigma': 0.0042534468581774685, 'theta_dot_sigma': 0.05819612470235289, 'alpha_dot_sigma': 0.09007251455403469, 'encoder_quantization_rad': 2.8697006386368783e-05, 'velocity_lpf': 0.25, 'process_theta_dot_sigma': 0.0, 'process_alpha_dot_sigma': 0.0}"
3034000,3,randomization_0.30,0.3,"{'level': 0.3, 'physical': {'g': 9.669001590581164, 'c_theta': 0.029980264473009152, 'c_alpha': 0.0011427539812667268, 'k_t': 0.23774143591220917, 'k_b': 0.1740460340218176, 'k_u': 0.049248636221229006, 'R': 4.039445035442431, 'm1': 0.21548167418316375, 'm2': 0.15779206802728804, 'l1cg': 0.07839194708647979, 'l1': 0.14993500409240057, 'l2cg': 0.06706699629153236, 'I1z': 0.0004786229129001185, 'I2x': 0.00034703246784109366, 'I2y': 2.6397311306773296e-05, 'I2z': 0.00036048308983989544}, 'init_theta_std_deg': 5.711746078925187, 'init_alpha_std_deg': 9.377267582475053, 'init_theta_dot_std': 0.24771098648146986, 'init_alpha_dot_std': 0.4900988309411538, 'pwm_limit': 144.02900856658994, 'pwm_gain': 0.9915737153451517, 'pwm_bias': 1.171891364302571, 'pwm_deadzone': 0.4765096206203945, 'pwm_noise_sigma': 0.3003551777228037, 'actuator_tau': 0.002558235941057035, 'action_delay_steps': 0, 'theta_bias': -0.0029862758464460066, 'alpha_bias': -0.0019102746345593352, 'theta_sigma': 2.616666939502017e-05, 'alpha_sigma': 0.005553726966099849, 'theta_dot_sigma': 0.018254129015138783, 'alpha_dot_sigma': 0.09907740965727772, 'encoder_quantization_rad': 0.00010086602065905444, 'velocity_lpf': 0.23715435165151041, 'process_theta_dot_sigma': 0.0, 'process_alpha_dot_sigma': 0.0}"
3036000,3,randomization_0.30,0.3,"{'level': 0.3, 'physical': {'g': 9.697695593242043, 'c_theta': 0.027831846340043754, 'c_alpha': 0.002044899717766905, 'k_t': 0.21472944361953633, 'k_b': 0.17782855919860405, 'k_u': 0.042945549303543294, 'R': 4.416117213891295, 'm1': 0.19519073843194287, 'm2': 0.15607787711175536, 'l1cg': 0.07783950276422831, 'l1': 0.15545194591343198, 'l2cg': 0.06682472077962442, 'I1z': 0.00044837272191508733, 'I2x': 0.0003748646828948817, 'I2y': 2.316920528217638e-05, 'I2z': 0.00044036372652602737}, 'init_theta_std_deg': 6.3506056334481515, 'init_alpha_std_deg': 8.995129555550227, 'init_theta_dot_std': 0.19124018969144826, 'init_alpha_dot_std': 0.6063258955964939, 'pwm_limit': 145.1012178886299, 'pwm_gain': 0.9894095848816987, 'pwm_bias': -1.050378555877435, 'pwm_deadzone': 1.061932954022545, 'pwm_noise_sigma': 0.17855132981314178, 'actuator_tau': 0.00643164725916896, 'action_delay_steps': 0, 'theta_bias': -0.002171395029045521, 'alpha_bias': -0.0002258948012333599, 'theta_sigma': 0.001113159594271944, 'alpha_sigma': 0.0020210080881214584, 'theta_dot_sigma': 0.036797342641492, 'alpha_dot_sigma': 0.12350202725077285, 'encoder_quantization_rad': 0.0004058334076689565, 'velocity_lpf': 0.24212024979308874, 'process_theta_dot_sigma': 0.0, 'process_alpha_dot_sigma': 0.0}"
3038000,3,randomization_0.30,0.3,"{'level': 0.3, 'physical': {'g': 9.752784221866076, 'c_theta': 0.02873431378234781, 'c_alpha': 0.0018205282148632727, 'k_t': 0.21627011396935586, 'k_b': 0.1860326210457267, 'k_u': 0.04304445988017646, 'R': 4.399577387139166, 'm1': 0.21166364780481772, 'm2': 0.16247027887581753, 'l1cg': 0.0817154720388962, 'l1': 0.156223049540847, 'l2cg': 0.06799473701982867, 'I1z': 0.0005186703718531032, 'I2x': 0.00039075269729518905, 'I2y': 2.7637095628866147e-05, 'I2z': 0.00034858741014629505}, 'init_theta_std_deg': 5.886391920339497, 'init_alpha_std_deg': 8.09820780139358, 'init_theta_dot_std': 0.3688986842849362, 'init_alpha_dot_std': 0.5106017079529849, 'pwm_limit': 143.32485240990187, 'pwm_gain': 1.0042452385371692, 'pwm_bias': -0.8529522788190778, 'pwm_deadzone': 1.5792409283642295, 'pwm_noise_sigma': 0.33801254295405914, 'actuator_tau': 0.004014967109517273, 'action_delay_steps': 0, 'theta_bias': -0.0010408425897505142, 'alpha_bias': 0.001451818399563238, 'theta_sigma': 0.001609745849645921, 'alpha_sigma': 0.00017613383536623672, 'theta_dot_sigma': 0.09078975183255521, 'alpha_dot_sigma': 0.1479146900209141, 'encoder_quantization_rad': 0.00037344138288797156, 'velocity_lpf': 0.2514590774667773, 'process_theta_dot_sigma': 0.0, 'process_alpha_dot_sigma': 0.0}"
3040000,3,randomization_0.30,0.3,"{'level': 0.3, 'physical': {'g': 9.759586646048948, 'c_theta': 0.026641167031674615, 'c_alpha': 0.0017983713076080217, 'k_t': 0.24120921688759037, 'k_b': 0.18712051972698474, 'k_u': 0.044239817043021705, 'R': 4.317257324915376, 'm1': 0.21201369559976246, 'm2': 0.15743539632279896, 'l1cg': 0.0773185762640973, 'l1': 0.1478741960251153, 'l2cg': 0.06404038118290148, 'I1z': 0.0004706130880367961, 'I2x': 0.00038619737444552316, 'I2y': 2.7466046263035192e-05, 'I2z': 0.0004407303694698742}, 'init_theta_std_deg': 4.929552146670454, 'init_alpha_std_deg': 10.1848081712641, 'init_theta_dot_std': 0.04899576119133734, 'init_alpha_dot_std': 0.6955648368269183, 'pwm_limit': 149.20223395406612, 'pwm_gain': 1.0051254470227708, 'pwm_bias': 0.31199301717325706, 'pwm_deadzone': 0.14916177535781205, 'pwm_noise_sigma': 0.12245816284110649, 'actuator_tau': 0.007860467696243743, 'action_delay_steps': 0, 'theta_bias': -0.0008851216706003047, 'alpha_bias': -0.002956516683940634, 'theta_sigma': 0.0011145944323813584, 'alpha_sigma': 0.003419347372530836, 'theta_dot_sigma': 0.08431622856472352, 'alpha_dot_sigma': 0.13594093391116155, 'encoder_quantization_rad': 1.2602993609032625e-05, 'velocity_lpf': 0.25, 'process_theta_dot_sigma': 0.0, 'process_alpha_dot_sigma': 0.0}"
3042000,3,randomization_0.30,0.3,"{'level': 0.3, 'physical': {'g': 9.6703699824955, 'c_theta': 0.025791445131346166, 'c_alpha': 0.0012276738444110024, 'k_t': 0.21582394096953358, 'k_b': 0.18170698343552733, 'k_u': 0.045335645479035055, 'R': 4.388883636951336, 'm1': 0.20328963567228434, 'm2': 0.15872190138239775, 'l1cg': 0.07752173210803291, 'l1': 0.14834569002997286, 'l2cg': 0.06315200519615645, 'I1z': 0.000558660009754527, 'I2x': 0.0003540596724476084, 'I2y': 2.0216379783171597e-05, 'I2z': 0.00042366138951446716}, 'init_theta_std_deg': 4.92997026496759, 'init_alpha_std_deg': 7.881412803535161, 'init_theta_dot_std': 0.35805186372344217, 'init_alpha_dot_std': 0.7196696281048774, 'pwm_limit': 148.9262197348391, 'pwm_gain': 1.0199524444707049, 'pwm_bias': -0.72084988663202, 'pwm_deadzone': 1.2418639774426548, 'pwm_noise_sigma': 0.09670345489286533, 'actuator_tau': 0.002440747384589582, 'action_delay_steps': 0, 'theta_bias': 0.00142448775396292, 'alpha_bias': -0.0019545728525611566, 'theta_sigma': 0.0002603563337538957, 'alpha_sigma': 0.004515319198651365, 'theta_dot_sigma': 0.06733735196730736, 'alpha_dot_sigma': 0.025231582275791867, 'encoder_quantization_rad': 8.852973501661621e-05, 'velocity_lpf': 0.25, 'process_theta_dot_sigma': 0.0, 'process_alpha_dot_sigma': 0.0}"
3044000,3,randomization_0.30,0.3,"{'level': 0.3, 'physical': {'g': 9.928115771149967, 'c_theta': 0.0318382044092032, 'c_alpha': 0.0014328015822321519, 'k_t': 0.22191802816740872, 'k_b': 0.19148177329349791, 'k_u': 0.04886846057761808, 'R': 4.187404809180515, 'm1': 0.2076891307967105, 'm2': 0.1513385857567733, 'l1cg': 0.07806734478030786, 'l1': 0.1491381585128508, 'l2cg': 0.06872207875279679, 'I1z': 0.0005043166186349623, 'I2x': 0.0003713436403979288, 'I2y': 2.1318584140388005e-05, 'I2z': 0.00041795403488858557}, 'init_theta_std_deg': 6.353537680136823, 'init_alpha_std_deg': 9.58955373867653, 'init_theta_dot_std': 0.2179670268641218, 'init_alpha_dot_std': 0.6636090422364488, 'pwm_limit': 142.02350113998716, 'pwm_gain': 1.0134700507764351, 'pwm_bias': -0.8317301734584827, 'pwm_deadzone': 1.087307705531845, 'pwm_noise_sigma': 0.20715190339414147, 'actuator_tau': 0.003611613949464316, 'action_delay_steps': 0, 'theta_bias': 0.0015737002103077817, 'alpha_bias': -0.0017250929872168594, 'theta_sigma': 0.0006827109831276301, 'alpha_sigma': 0.004310159383674269, 'theta_dot_sigma': 0.052006374358828114, 'alpha_dot_sigma': 0.008496106104809182, 'encoder_quantization_rad': 0.0003132153331766884, 'velocity_lpf': 0.25, 'process_theta_dot_sigma': 0.0, 'process_alpha_dot_sigma': 0.0}"
3046000,3,randomization_0.30,0.3,"{'level': 0.3, 'physical': {'g': 9.885822781360899, 'c_theta': 0.019413710150369926, 'c_alpha': 0.00149538526156622, 'k_t': 0.2271286230874178, 'k_b': 0.1871937411688276, 'k_u': 0.04708020747897372, 'R': 4.56706461295299, 'm1': 0.19448958719841639, 'm2': 0.16550788680344863, 'l1cg': 0.08385538039114353, 'l1': 0.15060676600810413, 'l2cg': 0.06463960644865062, 'I1z': 0.0005494523042192859, 'I2x': 0.00036752578248594805, 'I2y': 2.7556821276402203e-05, 'I2z': 0.00039306561361202144}, 'init_theta_std_deg': 4.47783795367631, 'init_alpha_std_deg': 9.447407697894528, 'init_theta_dot_std': 0.33971749962418823, 'init_alpha_dot_std': 0.4006755653646178, 'pwm_limit': 151.52873352175317, 'pwm_gain': 1.011397683393455, 'pwm_bias': 1.154134974754176, 'pwm_deadzone': 2.8608798339872727, 'pwm_noise_sigma': 0.3856891483118749, 'actuator_tau': 0.001112325176700534, 'action_delay_steps': 0, 'theta_bias': 0.001548086218801325, 'alpha_bias': 0.0018241415402492289, 'theta_sigma': 0.0010091996583869026, 'alpha_sigma': 0.003584207912833706, 'theta_dot_sigma': 0.05665790017768545, 'alpha_dot_sigma': 0.158368650788688, 'encoder_quantization_rad': 0.00016476407088208207, 'velocity_lpf': 0.25, 'process_theta_dot_sigma': 0.0, 'process_alpha_dot_sigma': 0.0}"
3048000,3,randomization_0.30,0.3,"{'level': 0.3, 'physical': {'g': 9.681053326800248, 'c_theta': 0.028960589215394923, 'c_alpha': 0.0019616725661221624, 'k_t': 0.23479401830095503, 'k_b': 0.183508530240375, 'k_u': 0.0438419779594917, 'R': 4.416690756371651, 'm1': 0.21025711108709808, 'm2': 0.16085672974834542, 'l1cg': 0.08077757007998182, 'l1': 0.15083101531307247, 'l2cg': 0.06884748551140017, 'I1z': 0.0005882383592862671, 'I2x': 0.000373144565533961, 'I2y': 2.1998954415665523e-05, 'I2z': 0.0003419600874543915}, 'init_theta_std_deg': 4.2591380531039515, 'init_alpha_std_deg': 10.298852272139145, 'init_theta_dot_std': 0.08335944589926944, 'init_alpha_dot_std': 0.3956230248004128, 'pwm_limit': 143.72481115890528, 'pwm_gain': 0.9905307361546323, 'pwm_bias': 0.5701520550843268, 'pwm_deadzone': 2.912994997249477, 'pwm_noise_sigma': 0.31299683785041704, 'actuator_tau': 0.00202516078329554, 'action_delay_steps': 0, 'theta_bias': -0.0018214620506498596, 'alpha_bias': 0.002784710587150901, 'theta_sigma': 0.0017784714738614351, 'alpha_sigma': 0.0004766410854342202, 'theta_dot_sigma': 0.007668527980334452, 'alpha_dot_sigma': 0.006729441618168132, 'encoder_quantization_rad': 0.0003831422497271778, 'velocity_lpf': 0.25, 'process_theta_dot_sigma': 0.0, 'process_alpha_dot_sigma': 0.0}"
3050000,3,randomization_0.30,0.3,"{'level': 0.3, 'physical': {'g': 9.909931541512208, 'c_theta': 0.025416845334938955, 'c_alpha': 0.0008125693600665361, 'k_t': 0.24082657347698752, 'k_b': 0.19171616768190153, 'k_u': 0.05025308844216995, 'R': 4.348016021899134, 'm1': 0.20448130404537118, 'm2': 0.15551089282923472, 'l1cg': 0.0794243090353752, 'l1': 0.15557245135602957, 'l2cg': 0.06245608662200021, 'I1z': 0.00048611633635870297, 'I2x': 0.0003783143299424713, 'I2y': 2.476153714734816e-05, 'I2z': 0.0003450694876641478}, 'init_theta_std_deg': 5.677795605763745, 'init_alpha_std_deg': 8.181681851537025, 'init_theta_dot_std': 0.4336859495090928, 'init_alpha_dot_std': 0.38996506345928933, 'pwm_limit': 145.31248118336546, 'pwm_gain': 1.0008837812122258, 'pwm_bias': -0.6740856296299191, 'pwm_deadzone': 1.0245269232732785, 'pwm_noise_sigma': 0.4880586865334329, 'actuator_tau': 0.0020930156467884363, 'action_delay_steps': 0, 'theta_bias': 0.00047326666055276756, 'alpha_bias': -0.002726444351042543, 'theta_sigma': 0.0011689342631243807, 'alpha_sigma': 0.005480962178228939, 'theta_dot_sigma': 0.0984442665030662, 'alpha_dot_sigma': 0.151851459826416, 'encoder_quantization_rad': 0.0003859842588127831, 'velocity_lpf': 0.25, 'process_theta_dot_sigma': 0.0, 'process_alpha_dot_sigma': 0.0}"
3052000,3,randomization_0.30,0.3,"{'level': 0.3, 'physical': {'g': 9.689398982557982, 'c_theta': 0.0374169039908003, 'c_alpha': 0.00197901881564126, 'k_t': 0.23084051087745366, 'k_b': 0.1788219158685212, 'k_u': 0.045944598374620234, 'R': 4.100028765341824, 'm1': 0.2070910479439283, 'm2': 0.16345384139145483, 'l1cg': 0.08314845990330347, 'l1': 0.15289631672969672, 'l2cg': 0.06664143307729908, 'I1z': 0.00047689824718553784, 'I2x': 0.0003716096947782777, 'I2y': 2.482310477559604e-05, 'I2z': 0.0003335461863147484}, 'init_theta_std_deg': 4.218554145005298, 'init_alpha_std_deg': 7.104815531452939, 'init_theta_dot_std': 0.28067861946329203, 'init_alpha_dot_std': 0.0883023798663739, 'pwm_limit': 144.85398250195408, 'pwm_gain': 0.9913281808901666, 'pwm_bias': 0.8007716888111067, 'pwm_deadzone': 0.591652174067249, 'pwm_noise_sigma': 0.18116497476382412, 'actuator_tau': 0.0038101789231577035, 'action_delay_steps': 0, 'theta_bias': -0.002180826721029937, 'alpha_bias': 0.0023510153623795354, 'theta_sigma': 0.0017756541201808928, 'alpha_sigma': 0.0038661935790085455, 'theta_dot_sigma': 0.08906018705428576, 'alpha_dot_sigma': 0.05349186485906907, 'encoder_quantization_rad': 0.00013992698140930144, 'velocity_lpf': 0.25, 'process_theta_dot_sigma': 0.0, 'process_alpha_dot_sigma': 0.0}"
3054000,3,randomization_0.30,0.3,"{'level': 0.3, 'physical': {'g': 9.65554326296655, 'c_theta': 0.04143344732935614, 'c_alpha': 0.0020212065272188083, 'k_t': 0.21776025148921827, 'k_b': 0.201036118117599, 'k_u': 0.042848980397544575, 'R': 4.404565625158675, 'm1': 0.2015201976793966, 'm2': 0.1590351288142883, 'l1cg': 0.08105085843428976, 'l1': 0.14927503420163143, 'l2cg': 0.06190329585154792, 'I1z': 0.0004609264399868599, 'I2x': 0.00038590992571148835, 'I2y': 2.316457919763568e-05, 'I2z': 0.00031768729253058876}, 'init_theta_std_deg': 6.2030388538826, 'init_alpha_std_deg': 7.155211277343492, 'init_theta_dot_std': 0.3210996260110483, 'init_alpha_dot_std': 0.6106967114619232, 'pwm_limit': 149.95647889509124, 'pwm_gain': 1.0228992192487474, 'pwm_bias': -0.7867836149803751, 'pwm_deadzone': 0.5650864203641809, 'pwm_noise_sigma': 0.4326459858769524, 'actuator_tau': 0.0006949975656407415, 'action_delay_steps': 0, 'theta_bias': -0.0021060623969780903, 'alpha_bias': 0.0010740706159776598, 'theta_sigma': 0.0011748732019231942, 'alpha_sigma': 0.0010979541952346318, 'theta_dot_sigma': 0.04945161332071271, 'alpha_dot_sigma': 0.0780003390427055, 'encoder_quantization_rad': 0.00041361910222251577, 'velocity_lpf': 0.25, 'process_theta_dot_sigma': 0.0, 'process_alpha_dot_sigma': 0.0}"
3056000,3,randomization_0.30,0.3,"{'level': 0.3, 'physical': {'g': 9.92717008396779, 'c_theta': 0.043184568113691923, 'c_alpha': 0.001968213278745224, 'k_t': 0.23985204954171419, 'k_b': 0.18672647730029976, 'k_u': 0.05085703845856994, 'R': 4.1048330035345355, 'm1': 0.193242601075995, 'm2': 0.153111265137565, 'l1cg': 0.08089984799103593, 'l1': 0.14938211017656627, 'l2cg': 0.06898210798635737, 'I1z': 0.0005696994095879053, 'I2x': 0.0003888679668850027, 'I2y': 2.2747198641720444e-05, 'I2z': 0.000417448703576961}, 'init_theta_std_deg': 5.876418146553153, 'init_alpha_std_deg': 7.010608788997371, 'init_theta_dot_std': 0.022228505968232948, 'init_alpha_dot_std': 0.13372875631900202, 'pwm_limit': 150.78103596798508, 'pwm_gain': 0.9926754601420593, 'pwm_bias': 0.6730496300938561, 'pwm_deadzone': 1.2141926641047838, 'pwm_noise_sigma': 0.5025728584695964, 'actuator_tau': 0.0015606659041735923, 'action_delay_steps': 0, 'theta_bias': 0.0009706128085131365, 'alpha_bias': 0.0013455689869621022, 'theta_sigma': 8.190805947639083e-05, 'alpha_sigma': 0.0027310449856713316, 'theta_dot_sigma': 0.004346774080981713, 'alpha_dot_sigma': 0.1745546131355984, 'encoder_quantization_rad': 0.0004194588940043001, 'velocity_lpf': 0.25, 'process_theta_dot_sigma': 0.0, 'process_alpha_dot_sigma': 0.0}"
3058000,3,randomization_0.30,0.3,"{'level': 0.3, 'physical': {'g': 9.805469650784264, 'c_theta': 0.021023464693471754, 'c_alpha': 0.00196129384221913, 'k_t': 0.22088079999514226, 'k_b': 0.18736271024662352, 'k_u': 0.05086725778605614, 'R': 4.256171117499216, 'm1': 0.20649403483616083, 'm2': 0.15981608919658405, 'l1cg': 0.08314055318435211, 'l1': 0.1510200760815408, 'l2cg': 0.062444808447822096, 'I1z': 0.0005377319546895, 'I2x': 0.00035087320984314994, 'I2y': 2.627601014001679e-05, 'I2z': 0.00043901353011500423}, 'init_theta_std_deg': 4.882023421212169, 'init_alpha_std_deg': 8.80168112170938, 'init_theta_dot_std': 0.29456235596081, 'init_alpha_dot_std': 0.23599473699267204, 'pwm_limit': 147.10678943868794, 'pwm_gain': 0.9901965820756854, 'pwm_bias': -1.0214600672882967, 'pwm_deadzone': 0.5422684171035218, 'pwm_noise_sigma': 0.30380659013508743, 'actuator_tau': 0.00047984339322701137, 'action_delay_steps': 0, 'theta_bias': 0.0007125513419177474, 'alpha_bias': -0.0012814106056227717, 'theta_sigma': 0.0011182261137610676, 'alpha_sigma': 0.003396792280220357, 'theta_dot_sigma': 0.05346549832627066, 'alpha_dot_sigma': 0.08057198762290307, 'encoder_quantization_rad': 9.6984645089364e-05, 'velocity_lpf': 0.25, 'process_theta_dot_sigma': 0.0, 'process_alpha_dot_sigma': 0.0}"
3060000,3,randomization_0.30,0.3,"{'level': 0.3, 'physical': {'g': 9.665251601919108, 'c_theta': 0.03351882867874906, 'c_alpha': 0.001554013037440984, 'k_t': 0.23664480549010486, 'k_b': 0.19510335623382544, 'k_u': 0.04984032570362964, 'R': 4.374127431348638, 'm1': 0.2007489987885899, 'm2': 0.16220379517526415, 'l1cg': 0.07915881555189726, 'l1': 0.1555065049196345, 'l2cg': 0.06507851240490511, 'I1z': 0.00044064536206565635, 'I2x': 0.0003582640233118824, 'I2y': 2.2977857356204254e-05, 'I2z': 0.00041812076227409564}, 'init_theta_std_deg': 5.247725388227575, 'init_alpha_std_deg': 9.127217485262836, 'init_theta_dot_std': 0.2906833920738799, 'init_alpha_dot_std': 0.14616780210089506, 'pwm_limit': 146.21564659675238, 'pwm_gain': 0.9785266533369423, 'pwm_bias': -0.6186568809664155, 'pwm_deadzone': 2.3261980475994033, 'pwm_noise_sigma': 0.032363647900275884, 'actuator_tau': 0.00538223835186315, 'action_delay_steps': 0, 'theta_bias': -0.0004966528410287505, 'alpha_bias': -8.394013039307069e-05, 'theta_sigma': 0.0012996871805412134, 'alpha_sigma': 0.0009395568052911647, 'theta_dot_sigma': 0.08219914163203573, 'alpha_dot_sigma': 0.12240397218934274, 'encoder_quantization_rad': 0.0002512553251391412, 'velocity_lpf': 0.25, 'process_theta_dot_sigma': 0.0, 'process_alpha_dot_sigma': 0.0}"
3062000,3,randomization_0.30,0.3,"{'level': 0.3, 'physical': {'g': 9.919306326820845, 'c_theta': 0.01975312813768929, 'c_alpha': 0.001809767268374358, 'k_t': 0.2247863265897498, 'k_b': 0.1830526904473567, 'k_u': 0.0505123383329365, 'R': 4.04039273005992, 'm1': 0.19317364894770905, 'm2': 0.16054273489305354, 'l1cg': 0.08178720388286874, 'l1': 0.15480637897945168, 'l2cg': 0.07168207673726905, 'I1z': 0.0005790871598239269, 'I2x': 0.0003719843455554773, 'I2y': 2.4320401464392618e-05, 'I2z': 0.00036566577520267873}, 'init_theta_std_deg': 5.900848267657198, 'init_alpha_std_deg': 8.863346771210054, 'init_theta_dot_std': 0.19701469061721913, 'init_alpha_dot_std': 0.7485347568035168, 'pwm_limit': 146.87091160031244, 'pwm_gain': 0.9921524660166107, 'pwm_bias': -0.37550522227635197, 'pwm_deadzone': 1.9995662997048296, 'pwm_noise_sigma': 0.005003368365079441, 'actuator_tau': 0.007849189189882085, 'action_delay_steps': 0, 'theta_bias': -0.0019044171141849434, 'alpha_bias': 0.0014139817183589625, 'theta_sigma': 0.0003025493442259718, 'alpha_sigma': 0.004243598480418325, 'theta_dot_sigma': 0.10067570558938897, 'alpha_dot_sigma': 0.030699137278284137, 'encoder_quantization_rad': 0.000349544351368011, 'velocity_lpf': 0.25, 'process_theta_dot_sigma': 0.0, 'process_alpha_dot_sigma': 0.0}"
3064000,3,randomization_0.30,0.3,"{'level': 0.3, 'physical': {'g': 9.67443204329805, 'c_theta': 0.03152867537271766, 'c_alpha': 0.0013139692261298914, 'k_t': 0.2218882262332321, 'k_b': 0.19864369769492538, 'k_u': 0.04297084177434399, 'R': 4.603580027970326, 'm1': 0.20264972498862566, 'm2': 0.16232267143090018, 'l1cg': 0.08068191737156048, 'l1': 0.15236823949332232, 'l2cg': 0.0679659011295944, 'I1z': 0.0005298962988805988, 'I2x': 0.0003531381971432075, 'I2y': 2.3692917734167357e-05, 'I2z': 0.00036393167186017287}, 'init_theta_std_deg': 4.617741364562274, 'init_alpha_std_deg': 8.582259003516944, 'init_theta_dot_std': 0.19228880341120216, 'init_alpha_dot_std': 0.6885379546378602, 'pwm_limit': 141.84103278611124, 'pwm_gain': 0.9935143076798629, 'pwm_bias': -0.7583580634526211, 'pwm_deadzone': 1.9884109190004637, 'pwm_noise_sigma': 0.07507904920926511, 'actuator_tau': 0.007625714329291388, 'action_delay_steps': 0, 'theta_bias': -0.0024000765659713784, 'alpha_bias': -0.003001434494076325, 'theta_sigma': 0.0006247674450766378, 'alpha_sigma': 0.001932832321891666, 'theta_dot_sigma': 0.004231332749774315, 'alpha_dot_sigma': 0.004105610592382669, 'encoder_quantization_rad': 0.0001068810983221306, 'velocity_lpf': 0.23613472173882535, 'process_theta_dot_sigma': 0.0, 'process_alpha_dot_sigma': 0.0}"
3066000,3,randomization_0.30,0.3,"{'level': 0.3, 'physical': {'g': 9.838132960329116, 'c_theta': 0.022376611460064623, 'c_alpha': 0.001140340748659577, 'k_t': 0.23898895465610287, 'k_b': 0.1790698348080219, 'k_u': 0.044469780254892045, 'R': 4.285065063486659, 'm1': 0.21365794148932707, 'm2': 0.15727363638169248, 'l1cg': 0.08241603207909073, 'l1': 0.1508317583426742, 'l2cg': 0.06790172531727368, 'I1z': 0.000540922012189594, 'I2x': 0.0003772238605883578, 'I2y': 2.591844852530093e-05, 'I2z': 0.0004282237989722836}, 'init_theta_std_deg': 5.9651399186750025, 'init_alpha_std_deg': 9.63412737632555, 'init_theta_dot_std': 0.051045651503997674, 'init_alpha_dot_std': 0.4790748878704515, 'pwm_limit': 148.63560548775573, 'pwm_gain': 1.0084230851396485, 'pwm_bias': -0.8549821932355977, 'pwm_deadzone': 1.2026040654131505, 'pwm_noise_sigma': 0.021932576401503857, 'actuator_tau': 0.0018116438843749515, 'action_delay_steps': 0, 'theta_bias': -0.0002310620785051809, 'alpha_bias': 0.0024284422649303397, 'theta_sigma': 0.00012649864136250448, 'alpha_sigma': 0.0024237692611194573, 'theta_dot_sigma': 0.09558525598286204, 'alpha_dot_sigma': 0.007586202868553393, 'encoder_quantization_rad': 1.9029530714576247e-06, 'velocity_lpf': 0.25, 'process_theta_dot_sigma': 0.0, 'process_alpha_dot_sigma': 0.0}"
3068000,3,randomization_0.30,0.3,"{'level': 0.3, 'physical': {'g': 9.728340295710986, 'c_theta': 0.02568073181919155, 'c_alpha': 0.001335087850912096, 'k_t': 0.21937135104316238, 'k_b': 0.19457115006667014, 'k_u': 0.04900369050529027, 'R': 4.075620932860241, 'm1': 0.21455834632696605, 'm2': 0.16158214561224438, 'l1cg': 0.07859625150590553, 'l1': 0.15005278828611296, 'l2cg': 0.06326229229487547, 'I1z': 0.00043919221481650956, 'I2x': 0.0003481259462006428, 'I2y': 2.6540790849366633e-05, 'I2z': 0.00039256505864645243}, 'init_theta_std_deg': 4.939065487247362, 'init_alpha_std_deg': 9.815382858392804, 'init_theta_dot_std': 0.38397301450220234, 'init_alpha_dot_std': 0.5475238947740997, 'pwm_limit': 151.3384494188858, 'pwm_gain': 1.0142597570243765, 'pwm_bias': -0.07925475896187377, 'pwm_deadzone': 2.8091989902124137, 'pwm_noise_sigma': 0.18974599417177362, 'actuator_tau': 0.007800662306007114, 'action_delay_steps': 0, 'theta_bias': 0.0026792786915100517, 'alpha_bias': 0.0024168925347916085, 'theta_sigma': 0.0008805624978499752, 'alpha_sigma': 0.005373475821963348, 'theta_dot_sigma': 0.014297802937287933, 'alpha_dot_sigma': 0.01788445015042715, 'encoder_quantization_rad': 0.000124252910140474, 'velocity_lpf': 0.25, 'process_theta_dot_sigma': 0.0, 'process_alpha_dot_sigma': 0.0}"
3070000,3,randomization_0.30,0.3,"{'level': 0.3, 'physical': {'g': 9.686249137895398, 'c_theta': 0.042650491472558526, 'c_alpha': 0.0012529334273200035, 'k_t': 0.22241337127526234, 'k_b': 0.19038772920121835, 'k_u': 0.048852495093277035, 'R': 4.600300933133905, 'm1': 0.21470797382409215, 'm2': 0.15858297233841204, 'l1cg': 0.08347309855257919, 'l1': 0.15442235418101646, 'l2cg': 0.06865781669351498, 'I1z': 0.0005232423781403386, 'I2x': 0.00038126074636182474, 'I2y': 2.0148550920333337e-05, 'I2z': 0.0003424064728496005}, 'init_theta_std_deg': 4.677725349816585, 'init_alpha_std_deg': 9.881965062495551, 'init_theta_dot_std': 0.18749591904759771, 'init_alpha_dot_std': 0.3132105904884435, 'pwm_limit': 152.11896312615818, 'pwm_gain': 0.99978954176468, 'pwm_bias': -0.3547762380638336, 'pwm_deadzone': 2.163113007936274, 'pwm_noise_sigma': 0.0074397799062819285, 'actuator_tau': 0.0002785486113961953, 'action_delay_steps': 0, 'theta_bias': 0.0019106861362122197, 'alpha_bias': 0.0008959684931121319, 'theta_sigma': 0.00011075743592280921, 'alpha_sigma': 0.0025433493107162933, 'theta_dot_sigma': 0.016384712413738498, 'alpha_dot_sigma': 0.03730336701392762, 'encoder_quantization_rad': 7.821812399471902e-05, 'velocity_lpf': 0.25, 'process_theta_dot_sigma': 0.0, 'process_alpha_dot_sigma': 0.0}"
3072000,3,randomization_0.30,0.3,"{'level': 0.3, 'physical': {'g': 9.937423847496714, 'c_theta': 0.04150479851914696, 'c_alpha': 0.0017662421370205465, 'k_t': 0.24618507449017904, 'k_b': 0.1982110084508395, 'k_u': 0.04755962328936214, 'R': 4.472576331678157, 'm1': 0.19265892682063784, 'm2': 0.16542666071932335, 'l1cg': 0.08104270017146951, 'l1': 0.15573278705915863, 'l2cg': 0.0716078394644403, 'I1z': 0.0004717341721925717, 'I2x': 0.0003876231559702751, 'I2y': 2.7062500329482166e-05, 'I2z': 0.0003694281340404569}, 'init_theta_std_deg': 5.369916905149189, 'init_alpha_std_deg': 8.292213926337604, 'init_theta_dot_std': 0.35873077139609943, 'init_alpha_dot_std': 0.5942547508566361, 'pwm_limit': 143.75102094901376, 'pwm_gain': 1.0118673646516276, 'pwm_bias': 0.3461172145460136, 'pwm_deadzone': 2.770815538617454, 'pwm_noise_sigma': 0.18646453068842841, 'actuator_tau': 0.007988165483868638, 'action_delay_steps': 0, 'theta_bias': 0.0012788884828197663, 'alpha_bias': 0.001678576043992069, 'theta_sigma': 0.0005981893842738941, 'alpha_sigma': 0.0031109675426386233, 'theta_dot_sigma': 0.005678545914251316, 'alpha_dot_sigma': 0.009629282824723853, 'encoder_quantization_rad': 0.0001853318917328344, 'velocity_lpf': 0.25, 'process_theta_dot_sigma': 0.0, 'process_alpha_dot_sigma': 0.0}"
3074000,3,randomization_0.30,0.3,"{'level': 0.3, 'physical': {'g': 9.802598916721896, 'c_theta': 0.030896454432445472, 'c_alpha': 0.0011917931604621926, 'k_t': 0.22662293857516141, 'k_b': 0.2009140986276895, 'k_u': 0.04932241265938621, 'R': 4.408584677856107, 'm1': 0.2029215377445205, 'm2': 0.15133585265264352, 'l1cg': 0.0787396228992848, 'l1': 0.15306915281647643, 'l2cg': 0.06238902646877235, 'I1z': 0.0005683658223879718, 'I2x': 0.00035970254210057265, 'I2y': 2.7961900666531467e-05, 'I2z': 0.0003171347618301017}, 'init_theta_std_deg': 4.90824680464324, 'init_alpha_std_deg': 8.71570890812277, 'init_theta_dot_std': 0.3162426097338422, 'init_alpha_dot_std': 0.18751714806296865, 'pwm_limit': 148.33385388758444, 'pwm_gain': 0.995074976986382, 'pwm_bias': 0.9668627619930196, 'pwm_deadzone': 1.0280039123587996, 'pwm_noise_sigma': 0.10428380640406672, 'actuator_tau': 0.006932093979731819, 'action_delay_steps': 0, 'theta_bias': 0.0005435477345108022, 'alpha_bias': -0.0019138691993159738, 'theta_sigma': 0.0001230062253129194, 'alpha_sigma': 0.004340876546188682, 'theta_dot_sigma': 0.0717881413916802, 'alpha_dot_sigma': 0.17041273036816143, 'encoder_quantization_rad': 5.482538142046387e-05, 'velocity_lpf': 0.25, 'process_theta_dot_sigma': 0.0, 'process_alpha_dot_sigma': 0.0}"
3076000,3,randomization_0.30,0.3,"{'level': 0.3, 'physical': {'g': 9.793843917077695, 'c_theta': 0.04070050592036101, 'c_alpha': 0.0016501932463330092, 'k_t': 0.22248355151286056, 'k_b': 0.18163091420410732, 'k_u': 0.05057180595854881, 'R': 4.40355334546506, 'm1': 0.19438125783962043, 'm2': 0.16131290476611518, 'l1cg': 0.08345456287683192, 'l1': 0.15106928979935874, 'l2cg': 0.06361062046390951, 'I1z': 0.0004311295484501945, 'I2x': 0.00036212839889123956, 'I2y': 2.8807162286581292e-05, 'I2z': 0.0003072391001498152}, 'init_theta_std_deg': 6.26250498586815, 'init_alpha_std_deg': 9.961527196293384, 'init_theta_dot_std': 0.3821011944816483, 'init_alpha_dot_std': 0.5548487070845817, 'pwm_limit': 144.236560801919, 'pwm_gain': 0.9959023231264871, 'pwm_bias': 0.4380950164847029, 'pwm_deadzone': 2.7490960699096556, 'pwm_noise_sigma': 0.5090778961813448, 'actuator_tau': 0.005137262568641482, 'action_delay_steps': 0, 'theta_bias': -0.0025773529083618694, 'alpha_bias': 0.0009036785692610552, 'theta_sigma': 0.00042276731209692757, 'alpha_sigma': 0.003786607607299015, 'theta_dot_sigma': 0.054609942487805374, 'alpha_dot_sigma': 0.17540470995464852, 'encoder_quantization_rad': 8.175915651215988e-05, 'velocity_lpf': 0.25, 'process_theta_dot_sigma': 0.0, 'process_alpha_dot_sigma': 0.0}"
3078000,3,randomization_0.30,0.3,"{'level': 0.3, 'physical': {'g': 9.849154375319067, 'c_theta': 0.027036235071808752, 'c_alpha': 0.0011967575591023444, 'k_t': 0.22379049742503943, 'k_b': 0.17851295808845868, 'k_u': 0.04855667011342798, 'R': 4.178321758309525, 'm1': 0.2196386447177235, 'm2': 0.15270558582380908, 'l1cg': 0.08195525307169858, 'l1': 0.15292628245354592, 'l2cg': 0.06334953243031241, 'I1z': 0.000506515059644114, 'I2x': 0.0003532658057206622, 'I2y': 2.137859621408018e-05, 'I2z': 0.00042567057315556}, 'init_theta_std_deg': 6.039535138737583, 'init_alpha_std_deg': 9.54479173944585, 'init_theta_dot_std': 0.2181823223071997, 'init_alpha_dot_std': 0.03346396859705911, 'pwm_limit': 141.91809552668403, 'pwm_gain': 0.9954949682863649, 'pwm_bias': -0.37724771146914193, 'pwm_deadzone': 1.5699701150655074, 'pwm_noise_sigma': 0.1311758025297536, 'actuator_tau': 0.007744149240020133, 'action_delay_steps': 0, 'theta_bias': 0.00016554209978557943, 'alpha_bias': 0.0019325855504486028, 'theta_sigma': 0.0010061829467240277, 'alpha_sigma': 0.0016757012528696208, 'theta_dot_sigma': 0.08904238766211427, 'alpha_dot_sigma': 0.14623931070090168, 'encoder_quantization_rad': 7.230270496197993e-05, 'velocity_lpf': 0.25, 'process_theta_dot_sigma': 0.0, 'process_alpha_dot_sigma': 0.0}"
3080000,3,randomization_0.30,0.3,"{'level': 0.3, 'physical': {'g': 9.755842892667568, 'c_theta': 0.04304125341509895, 'c_alpha': 0.0016634217276040048, 'k_t': 0.21929161589325125, 'k_b': 0.19194525063781137, 'k_u': 0.04642444447525916, 'R': 4.265650168600879, 'm1': 0.20391683990121434, 'm2': 0.1571393524352268, 'l1cg': 0.0790510266039857, 'l1': 0.15471350440151468, 'l2cg': 0.06537186632477285, 'I1z': 0.0005166082552942913, 'I2x': 0.00038606043241872515, 'I2y': 2.8901972217585765e-05, 'I2z': 0.00034096233337467817}, 'init_theta_std_deg': 4.525594578728524, 'init_alpha_std_deg': 7.460330235302472, 'init_theta_dot_std': 0.07947854118628563, 'init_alpha_dot_std': 0.6239680304794739, 'pwm_limit': 148.56984962639862, 'pwm_gain': 0.9847211878832821, 'pwm_bias': -0.21511281562144474, 'pwm_deadzone': 0.5922404058472102, 'pwm_noise_sigma': 0.11929357756615337, 'actuator_tau': 0.003645240317609828, 'action_delay_steps': 0, 'theta_bias': 0.0021082938820455445, 'alpha_bias': 0.0003961469387422692, 'theta_sigma': 0.0012807287448931128, 'alpha_sigma': 0.0027886189020567345, 'theta_dot_sigma': 0.06668199171730989, 'alpha_dot_sigma': 0.11750288889275617, 'encoder_quantization_rad': 0.00019671027508947586, 'velocity_lpf': 0.23516600796896675, 'process_theta_dot_sigma': 0.0, 'process_alpha_dot_sigma': 0.0}"
3082000,3,randomization_0.30,0.3,"{'level': 0.3, 'physical': {'g': 9.74000933446092, 'c_theta': 0.025967436452314127, 'c_alpha': 0.0015124420910788072, 'k_t': 0.24008230102663206, 'k_b': 0.18811597256906837, 'k_u': 0.05122090393986155, 'R': 4.19140747813666, 'm1': 0.19375909854125048, 'm2': 0.1521206390300894, 'l1cg': 0.08184942276572309, 'l1': 0.14734116898364388, 'l2cg': 0.0639169369619951, 'I1z': 0.0005860056214685636, 'I2x': 0.00036448574039509414, 'I2y': 2.466672647876766e-05, 'I2z': 0.0003335834684820625}, 'init_theta_std_deg': 5.421153144338208, 'init_alpha_std_deg': 9.294423765205917, 'init_theta_dot_std': 0.19941582866182495, 'init_alpha_dot_std': 0.09551870395460435, 'pwm_limit': 147.2057669950482, 'pwm_gain': 1.0095430320094618, 'pwm_bias': -0.42099890593559236, 'pwm_deadzone': 0.10747868125246884, 'pwm_noise_sigma': 0.1804319518229344, 'actuator_tau': 0.006474137308798693, 'action_delay_steps': 0, 'theta_bias': 0.0020283866508528747, 'alpha_bias': 0.0004714132475386144, 'theta_sigma': 0.0010267621666130743, 'alpha_sigma': 0.004581769166917027, 'theta_dot_sigma': 0.03773734175267681, 'alpha_dot_sigma': 0.1641585802493361, 'encoder_quantization_rad': 0.0001830033633569419, 'velocity_lpf': 0.25, 'process_theta_dot_sigma': 0.0, 'process_alpha_dot_sigma': 0.0}"
3084000,3,randomization_0.30,0.3,"{'level': 0.3, 'physical': {'g': 9.905550873212814, 'c_theta': 0.022993621334825107, 'c_alpha': 0.0010641777843000194, 'k_t': 0.23440406044232714, 'k_b': 0.18523205194253742, 'k_u': 0.05100292402195691, 'R': 4.218087846425774, 'm1': 0.19210796704311442, 'm2': 0.15991988341720426, 'l1cg': 0.07935282904880883, 'l1': 0.15601923257644157, 'l2cg': 0.06503584940281908, 'I1z': 0.0004604590402312383, 'I2x': 0.0003733842379912257, 'I2y': 2.1638474192517733e-05, 'I2z': 0.0003247118863085072}, 'init_theta_std_deg': 5.353403481592485, 'init_alpha_std_deg': 9.358324967067256, 'init_theta_dot_std': 0.443369480567057, 'init_alpha_dot_std': 0.39571992440312653, 'pwm_limit': 147.28004681021386, 'pwm_gain': 1.0153986979094562, 'pwm_bias': -0.031533037151790656, 'pwm_deadzone': 2.5778809870198094, 'pwm_noise_sigma': 0.5457331647339078, 'actuator_tau': 0.0054406311175259035, 'action_delay_steps': 0, 'theta_bias': 0.0020588135598548015, 'alpha_bias': 0.0014280762367705143, 'theta_sigma': 8.677423266133432e-05, 'alpha_sigma': 0.005776031385223443, 'theta_dot_sigma': 0.09286591662898692, 'alpha_dot_sigma': 0.005835305898900067, 'encoder_quantization_rad': 0.00013780836684723028, 'velocity_lpf': 0.2518913901064368, 'process_theta_dot_sigma': 0.0, 'process_alpha_dot_sigma': 0.0}"
3086000,3,randomization_0.30,0.3,"{'level': 0.3, 'physical': {'g': 9.83158024626465, 'c_theta': 0.02950403742637451, 'c_alpha': 0.0012297516178382845, 'k_t': 0.2258470686369232, 'k_b': 0.2006110346593006, 'k_u': 0.04665751301704617, 'R': 4.329015189040128, 'm1': 0.20971162397518894, 'm2': 0.16154944377092145, 'l1cg': 0.07676348148411474, 'l1': 0.15523083573084023, 'l2cg': 0.06448563326441448, 'I1z': 0.000563363830405485, 'I2x': 0.0003492501812239486, 'I2y': 2.724032986288205e-05, 'I2z': 0.0003798717668220968}, 'init_theta_std_deg': 5.211590002500589, 'init_alpha_std_deg': 8.533756417898799, 'init_theta_dot_std': 0.34035106839432594, 'init_alpha_dot_std': 0.30421180628227495, 'pwm_limit': 145.04799140075406, 'pwm_gain': 1.029242956767593, 'pwm_bias': -0.40945210188418857, 'pwm_deadzone': 0.8967431603641721, 'pwm_noise_sigma': 0.5340618569713571, 'actuator_tau': 0.006814890970253907, 'action_delay_steps': 0, 'theta_bias': -0.00018847166474379251, 'alpha_bias': -0.0022987061721397887, 'theta_sigma': 0.0015485975303193055, 'alpha_sigma': 0.004281201417545828, 'theta_dot_sigma': 0.06163855927291012, 'alpha_dot_sigma': 0.0883125629880286, 'encoder_quantization_rad': 0.0002518968527087934, 'velocity_lpf': 0.25, 'process_theta_dot_sigma': 0.0, 'process_alpha_dot_sigma': 0.0}"
3088000,3,randomization_0.30,0.3,"{'level': 0.3, 'physical': {'g': 9.927706675131587, 'c_theta': 0.023119219347727912, 'c_alpha': 0.001440280178098741, 'k_t': 0.2235806629647335, 'k_b': 0.19685554963059937, 'k_u': 0.048152541459146825, 'R': 4.395731249079821, 'm1': 0.20537543360897495, 'm2': 0.15404375216180352, 'l1cg': 0.08115901063532907, 'l1': 0.15566668651941018, 'l2cg': 0.06326000183124439, 'I1z': 0.00047343914044252987, 'I2x': 0.0003867988171672855, 'I2y': 2.291493393371499e-05, 'I2z': 0.00037462023941215654}, 'init_theta_std_deg': 5.427071770866112, 'init_alpha_std_deg': 9.941037549528948, 'init_theta_dot_std': 0.1536413917856897, 'init_alpha_dot_std': 0.39777785907826246, 'pwm_limit': 141.45674740131878, 'pwm_gain': 1.0170803406833506, 'pwm_bias': 0.2289567612620982, 'pwm_deadzone': 0.3300864666073654, 'pwm_noise_sigma': 0.15558853211241122, 'actuator_tau': 0.005494818467882803, 'action_delay_steps': 0, 'theta_bias': -0.0014639845609623944, 'alpha_bias': -0.0030856083592178413, 'theta_sigma': 0.0017053545138497775, 'alpha_sigma': 0.0010001443228211358, 'theta_dot_sigma': 0.008982777233878483, 'alpha_dot_sigma': 0.06384384586368319, 'encoder_quantization_rad': 0.0003565492840675784, 'velocity_lpf': 0.25, 'process_theta_dot_sigma': 0.0, 'process_alpha_dot_sigma': 0.0}"
3090000,3,randomization_0.30,0.3,"{'level': 0.3, 'physical': {'g': 9.75586035303807, 'c_theta': 0.03710114271076708, 'c_alpha': 0.00185927971150434, 'k_t': 0.21674197005594723, 'k_b': 0.19791865884695264, 'k_u': 0.04455867696430708, 'R': 4.3740707777758265, 'm1': 0.22070893287801063, 'm2': 0.1563152384311614, 'l1cg': 0.07777268163314209, 'l1': 0.1512288615810993, 'l2cg': 0.06454040931562809, 'I1z': 0.0005539164361599838, 'I2x': 0.000371052400601534, 'I2y': 2.702583329606579e-05, 'I2z': 0.00033826876062645404}, 'init_theta_std_deg': 6.274349315272112, 'init_alpha_std_deg': 9.747998761548763, 'init_theta_dot_std': 0.03162521934124411, 'init_alpha_dot_std': 0.5000934701682317, 'pwm_limit': 147.25035482311694, 'pwm_gain': 0.9941471968080566, 'pwm_bias': -0.42671771971245126, 'pwm_deadzone': 0.5119325041807199, 'pwm_noise_sigma': 0.5342679496639187, 'actuator_tau': 0.0030702736343687746, 'action_delay_steps': 0, 'theta_bias': 0.0020330150266359482, 'alpha_bias': -0.0007643953015849532, 'theta_sigma': 0.00029588666954766805, 'alpha_sigma': 0.00031973718369750117, 'theta_dot_sigma': 0.04647013595247981, 'alpha_dot_sigma': 0.13158889485225073, 'encoder_quantization_rad': 0.00014766434823490935, 'velocity_lpf': 0.25, 'process_theta_dot_sigma': 0.0, 'process_alpha_dot_sigma': 0.0}"
3092000,3,randomization_0.30,0.3,"{'level': 0.3, 'physical': {'g': 9.752715213311575, 'c_theta': 0.031233938112456273, 'c_alpha': 0.0016689822097599692, 'k_t': 0.2243375679738106, 'k_b': 0.1767031601320961, 'k_u': 0.04361517709641859, 'R': 4.453847822796337, 'm1': 0.21542950934336097, 'm2': 0.16004734130074127, 'l1cg': 0.0827084136827526, 'l1': 0.14933145038340412, 'l2cg': 0.07152283451651847, 'I1z': 0.0005850740100601861, 'I2x': 0.00034901611700288026, 'I2y': 2.2589610436675143e-05, 'I2z': 0.0003461508206811925}, 'init_theta_std_deg': 4.841543384804544, 'init_alpha_std_deg': 7.186718335953255, 'init_theta_dot_std': 0.4142029387760119, 'init_alpha_dot_std': 0.670200940345393, 'pwm_limit': 142.1291473196716, 'pwm_gain': 0.9751563649850323, 'pwm_bias': 0.647578500491182, 'pwm_deadzone': 1.8384822532169303, 'pwm_noise_sigma': 0.24327025862516433, 'actuator_tau': 0.0037373310374484215, 'action_delay_steps': 0, 'theta_bias': 0.0012897662712381384, 'alpha_bias': -0.0030900178881601084, 'theta_sigma': 0.0004671791703987977, 'alpha_sigma': 0.005657525891988553, 'theta_dot_sigma': 0.0025886457409041628, 'alpha_dot_sigma': 0.11645102988443665, 'encoder_quantization_rad': 0.0004061631730459278, 'velocity_lpf': 0.24500278275898546, 'process_theta_dot_sigma': 0.0, 'process_alpha_dot_sigma': 0.0}"
3094000,3,randomization_0.30,0.3,"{'level': 0.3, 'physical': {'g': 9.94373161085553, 'c_theta': 0.04193676884800712, 'c_alpha': 0.0011523952668629847, 'k_t': 0.24604985807111168, 'k_b': 0.18187578365256096, 'k_u': 0.05085202686188467, 'R': 4.31134534888917, 'm1': 0.22047045600291712, 'm2': 0.16364720825352574, 'l1cg': 0.08265557030557728, 'l1': 0.1543047757499778, 'l2cg': 0.06620260582857597, 'I1z': 0.0005051622356488921, 'I2x': 0.00038901566761878956, 'I2y': 2.2308619933694247e-05, 'I2z': 0.0003584129464116722}, 'init_theta_std_deg': 4.27973019367203, 'init_alpha_std_deg': 8.973095658830342, 'init_theta_dot_std': 0.4199083024129516, 'init_alpha_dot_std': 0.25014711850798776, 'pwm_limit': 141.68725337761245, 'pwm_gain': 1.018685818489676, 'pwm_bias': 0.7017100799093513, 'pwm_deadzone': 1.5675573655877604, 'pwm_noise_sigma': 0.005801509730426768, 'actuator_tau': 0.0031937361852159706, 'action_delay_steps': 0, 'theta_bias': 0.001886614216327446, 'alpha_bias': 0.0020657149211239815, 'theta_sigma': 0.0008416831201794114, 'alpha_sigma': 0.0031079604723421926, 'theta_dot_sigma': 0.021989583259800015, 'alpha_dot_sigma': 0.022732977297031783, 'encoder_quantization_rad': 9.129377598048583e-06, 'velocity_lpf': 0.25, 'process_theta_dot_sigma': 0.0, 'process_alpha_dot_sigma': 0.0}"
3096000,3,randomization_0.30,0.3,"{'level': 0.3, 'physical': {'g': 9.835496469343724, 'c_theta': 0.0267487700487742, 'c_alpha': 0.0013391398073692485, 'k_t': 0.24361013590267158, 'k_b': 0.17920266055833328, 'k_u': 0.04664161563998176, 'R': 4.183248071915909, 'm1': 0.216306285511171, 'm2': 0.15846808036825122, 'l1cg': 0.07933301779336564, 'l1': 0.15546649242639793, 'l2cg': 0.06940132092681991, 'I1z': 0.0005177409422743876, 'I2x': 0.0003549429187286903, 'I2y': 2.8436403065383445e-05, 'I2z': 0.0003834095710876023}, 'init_theta_std_deg': 4.994659334575203, 'init_alpha_std_deg': 9.551377321443612, 'init_theta_dot_std': 0.07171608975254284, 'init_alpha_dot_std': 0.27412806801503137, 'pwm_limit': 150.3072622006641, 'pwm_gain': 0.9734302926697497, 'pwm_bias': -0.9956103410749684, 'pwm_deadzone': 0.7952611627842227, 'pwm_noise_sigma': 0.5109829446696622, 'actuator_tau': 0.0072268500940348, 'action_delay_steps': 0, 'theta_bias': -0.0007290299776494677, 'alpha_bias': 0.003296543895896332, 'theta_sigma': 0.0014977130743069815, 'alpha_sigma': 0.0014655357732188937, 'theta_dot_sigma': 0.07467940913795981, 'alpha_dot_sigma': 0.1572965538483157, 'encoder_quantization_rad': 3.4554347789493956e-05, 'velocity_lpf': 0.25, 'process_theta_dot_sigma': 0.0, 'process_alpha_dot_sigma': 0.0}"
3098000,3,randomization_0.30,0.3,"{'level': 0.3, 'physical': {'g': 9.656966192971202, 'c_theta': 0.02186040757201954, 'c_alpha': 0.0018060547045182218, 'k_t': 0.21394248693129117, 'k_b': 0.19652520567051723, 'k_u': 0.0474332012710803, 'R': 4.383679875151718, 'm1': 0.2076989732797056, 'm2': 0.16255206636065012, 'l1cg': 0.076695080389821, 'l1': 0.14849212162479888, 'l2cg': 0.06500881198177401, 'I1z': 0.0005932645678568385, 'I2x': 0.0003823540831374393, 'I2y': 2.1144411001458974e-05, 'I2z': 0.00033841487720290975}, 'init_theta_std_deg': 5.04901141560612, 'init_alpha_std_deg': 8.965578641792847, 'init_theta_dot_std': 0.2814503874780404, 'init_alpha_dot_std': 0.6307978171912182, 'pwm_limit': 141.23116792452893, 'pwm_gain': 1.0164820625061213, 'pwm_bias': -0.042130126781453024, 'pwm_deadzone': 1.01362296899498, 'pwm_noise_sigma': 0.17031058766974136, 'actuator_tau': 0.006745121340976835, 'action_delay_steps': 0, 'theta_bias': -0.0013598913481580612, 'alpha_bias': -2.3614657757031663e-05, 'theta_sigma': 0.0001531019465982252, 'alpha_sigma': 0.0008075278992834458, 'theta_dot_sigma': 0.05298175889901495, 'alpha_dot_sigma': 0.05650124146306065, 'encoder_quantization_rad': 1.567380507430733e-05, 'velocity_lpf': 0.25, 'process_theta_dot_sigma': 0.0, 'process_alpha_dot_sigma': 0.0}"
3100000,3,randomization_0.30,0.3,"{'level': 0.3, 'physical': {'g': 9.71912563457594, 'c_theta': 0.02415017372585859, 'c_alpha': 0.0011483707953247495, 'k_t': 0.245570498470639, 'k_b': 0.18086803798029136, 'k_u': 0.05024227013158163, 'R': 4.14386241565645, 'm1': 0.20594617476146765, 'm2': 0.15891125821349675, 'l1cg': 0.08128149738706404, 'l1': 0.15266404524968466, 'l2cg': 0.07124919982733499, 'I1z': 0.0004901084148260165, 'I2x': 0.00035635747456478684, 'I2y': 2.4899270913213853e-05, 'I2z': 0.00037036364210392723}, 'init_theta_std_deg': 4.318369163247027, 'init_alpha_std_deg': 8.82956601001748, 'init_theta_dot_std': 0.04327091778143739, 'init_alpha_dot_std': 0.6387197947280056, 'pwm_limit': 149.87999452870903, 'pwm_gain': 1.0117188901637628, 'pwm_bias': 0.1436691704696538, 'pwm_deadzone': 2.800710294895394, 'pwm_noise_sigma': 0.1715261442671966, 'actuator_tau': 0.006684589093572309, 'action_delay_steps': 0, 'theta_bias': -0.0023930561786920045, 'alpha_bias': 0.0022483011724834033, 'theta_sigma': 0.0006802098250904092, 'alpha_sigma': 0.004222749052826471, 'theta_dot_sigma': 0.0331781417420909, 'alpha_dot_sigma': 0.12628875110030002, 'encoder_quantization_rad': 9.258532238087412e-05, 'velocity_lpf': 0.25, 'process_theta_dot_sigma': 0.0, 'process_alpha_dot_sigma': 0.0}"
3102000,3,randomization_0.30,0.3,"{'level': 0.3, 'physical': {'g': 9.724033324075156, 'c_theta': 0.04351100342460839, 'c_alpha': 0.0010416022227144111, 'k_t': 0.24146431232085175, 'k_b': 0.1811478216064281, 'k_u': 0.05075045425685216, 'R': 4.534401762623436, 'm1': 0.1989483811853354, 'm2': 0.15286622916495168, 'l1cg': 0.08261380099554773, 'l1': 0.15351472551911444, 'l2cg': 0.07161580582905848, 'I1z': 0.0004423359282045927, 'I2x': 0.0003841845953727829, 'I2y': 2.6412782978288898e-05, 'I2z': 0.0003745424554999696}, 'init_theta_std_deg': 6.276962644506055, 'init_alpha_std_deg': 9.651014469102092, 'init_theta_dot_std': 0.3021685709191155, 'init_alpha_dot_std': 0.3448638245086986, 'pwm_limit': 149.3760310621435, 'pwm_gain': 1.008966374486366, 'pwm_bias': 0.37319497308128796, 'pwm_deadzone': 0.32908341110666206, 'pwm_noise_sigma': 0.4441039821001043, 'actuator_tau': 0.0002848905953934124, 'action_delay_steps': 0, 'theta_bias': -0.0021198537047582627, 'alpha_bias': -0.0008512735771330254, 'theta_sigma': 0.0006943533389822316, 'alpha_sigma': 0.0013255960181190363, 'theta_dot_sigma': 0.01990882533837348, 'alpha_dot_sigma': 0.04344546839131494, 'encoder_quantization_rad': 0.00026631618779923076, 'velocity_lpf': 0.25, 'process_theta_dot_sigma': 0.0, 'process_alpha_dot_sigma': 0.0}"
3104000,3,randomization_0.30,0.3,"{'level': 0.3, 'physical': {'g': 9.858134778696835, 'c_theta': 0.028576969974262657, 'c_alpha': 0.0013327224629122248, 'k_t': 0.21968734767225864, 'k_b': 0.18625144186346151, 'k_u': 0.0485887786051171, 'R': 4.2216633452021535, 'm1': 0.19885184528438696, 'm2': 0.15658133223949952, 'l1cg': 0.08141246704793846, 'l1': 0.15562445504742123, 'l2cg': 0.06344749175101125, 'I1z': 0.0005842545789212108, 'I2x': 0.00037020753760464586, 'I2y': 2.8515887171586446e-05, 'I2z': 0.0003914157270229046}, 'init_theta_std_deg': 4.520392489584196, 'init_alpha_std_deg': 9.39621580612165, 'init_theta_dot_std': 0.41371069836573904, 'init_alpha_dot_std': 0.05210078365930079, 'pwm_limit': 145.2029113008099, 'pwm_gain': 1.0201214175119244, 'pwm_bias': -0.6663159555013333, 'pwm_deadzone': 0.09063837250131179, 'pwm_noise_sigma': 0.3654369329936556, 'actuator_tau': 0.005425639349316832, 'action_delay_steps': 0, 'theta_bias': 0.002343378801473537, 'alpha_bias': 0.00021795792368104508, 'theta_sigma': 0.0010300897802889928, 'alpha_sigma': 0.0006912872048311893, 'theta_dot_sigma': 0.05263458644196496, 'alpha_dot_sigma': 0.17046214612439378, 'encoder_quantization_rad': 0.00033750021491069765, 'velocity_lpf': 0.25, 'process_theta_dot_sigma': 0.0, 'process_alpha_dot_sigma': 0.0}"
3106000,3,randomization_0.30,0.3,"{'level': 0.3, 'physical': {'g': 9.829163128803478, 'c_theta': 0.034566643468556035, 'c_alpha': 0.0013672408197339468, 'k_t': 0.2228285461009759, 'k_b': 0.19477515215186797, 'k_u': 0.0429296292089464, 'R': 4.275592627772478, 'm1': 0.20640134655429615, 'm2': 0.16164688086272264, 'l1cg': 0.07779699776413493, 'l1': 0.1559276523750738, 'l2cg': 0.06534366951494733, 'I1z': 0.00047406045305313315, 'I2x': 0.0003615094114012227, 'I2y': 2.5335073913685977e-05, 'I2z': 0.00031432850361625444}, 'init_theta_std_deg': 6.374888310359612, 'init_alpha_std_deg': 10.137098706015276, 'init_theta_dot_std': 0.16055324657677778, 'init_alpha_dot_std': 0.6493045781747576, 'pwm_limit': 144.55037073762276, 'pwm_gain': 1.0061686048645049, 'pwm_bias': -0.6920530377538251, 'pwm_deadzone': 0.5119950157166608, 'pwm_noise_sigma': 0.0663128044466885, 'actuator_tau': 0.008929215180339681, 'action_delay_steps': 0, 'theta_bias': -0.002270957700573706, 'alpha_bias': -0.0016796148898228476, 'theta_sigma': 0.0006720517489305214, 'alpha_sigma': 0.004083672120416749, 'theta_dot_sigma': 0.009112331060802633, 'alpha_dot_sigma': 0.17088404395483817, 'encoder_quantization_rad': 0.00013360776538482596, 'velocity_lpf': 0.25, 'process_theta_dot_sigma': 0.0, 'process_alpha_dot_sigma': 0.0}"
3108000,3,randomization_0.30,0.3,"{'level': 0.3, 'physical': {'g': 9.87178890929373, 'c_theta': 0.026913819660114836, 'c_alpha': 0.0016185085586377902, 'k_t': 0.21765820015186188, 'k_b': 0.19727866301755811, 'k_u': 0.04440833480110392, 'R': 4.409407277178491, 'm1': 0.19464361255267748, 'm2': 0.15502216399241936, 'l1cg': 0.0818916309005944, 'l1': 0.1559331064372522, 'l2cg': 0.06559738104257737, 'I1z': 0.000561637306146309, 'I2x': 0.0003598133148621494, 'I2y': 2.5391482937216233e-05, 'I2z': 0.0004355171402953079}, 'init_theta_std_deg': 6.191587614804217, 'init_alpha_std_deg': 7.8320012199940106, 'init_theta_dot_std': 0.18515904157123672, 'init_alpha_dot_std': 0.5448088341153049, 'pwm_limit': 148.79638838986276, 'pwm_gain': 1.0213312462441477, 'pwm_bias': 0.09792479749216554, 'pwm_deadzone': 1.1674645778648913, 'pwm_noise_sigma': 0.5953435443971388, 'actuator_tau': 0.005381961435090944, 'action_delay_steps': 0, 'theta_bias': -0.0025967512489122138, 'alpha_bias': 0.0019869192704310306, 'theta_sigma': 0.0007606030050431675, 'alpha_sigma': 0.0017218607315814887, 'theta_dot_sigma': 0.02951225857029317, 'alpha_dot_sigma': 0.14241463602835144, 'encoder_quantization_rad': 3.981944458519573e-05, 'velocity_lpf': 0.25, 'process_theta_dot_sigma': 0.0, 'process_alpha_dot_sigma': 0.0}"
3110000,3,randomization_0.30,0.3,"{'level': 0.3, 'physical': {'g': 9.682861939378801, 'c_theta': 0.03247828526331646, 'c_alpha': 0.0011014152513699658, 'k_t': 0.2419133852743262, 'k_b': 0.20076759363206984, 'k_u': 0.0474058338349053, 'R': 4.568907460672149, 'm1': 0.19472823654261473, 'm2': 0.15349645523966085, 'l1cg': 0.07978860526784015, 'l1': 0.1524238120159216, 'l2cg': 0.07073396267787874, 'I1z': 0.00042843823415186023, 'I2x': 0.0003857513614446989, 'I2y': 2.1847008815490824e-05, 'I2z': 0.00041174561325719577}, 'init_theta_std_deg': 5.362058094328588, 'init_alpha_std_deg': 7.394776609197909, 'init_theta_dot_std': 0.07994859309820827, 'init_alpha_dot_std': 0.18946201587751516, 'pwm_limit': 144.09240063825484, 'pwm_gain': 1.0053462478009891, 'pwm_bias': -0.7300583861375317, 'pwm_deadzone': 0.037882351328231145, 'pwm_noise_sigma': 0.23610968383582165, 'actuator_tau': 0.008663309316648904, 'action_delay_steps': 0, 'theta_bias': -0.0014471420407493143, 'alpha_bias': -0.001891970511912098, 'theta_sigma': 0.0004096285189024447, 'alpha_sigma': 0.0021956073218614507, 'theta_dot_sigma': 0.04807430441480831, 'alpha_dot_sigma': 0.07158320343603143, 'encoder_quantization_rad': 0.00042393542739288737, 'velocity_lpf': 0.25, 'process_theta_dot_sigma': 0.0, 'process_alpha_dot_sigma': 0.0}"
3112000,3,randomization_0.30,0.3,"{'level': 0.3, 'physical': {'g': 9.813822449870214, 'c_theta': 0.03737286595564628, 'c_alpha': 0.0011875437179050129, 'k_t': 0.22843790171568037, 'k_b': 0.18346682854563467, 'k_u': 0.04523680344760607, 'R': 4.069915681704067, 'm1': 0.19559009057140847, 'm2': 0.16058206299711858, 'l1cg': 0.0827599387203271, 'l1': 0.15451396397153874, 'l2cg': 0.0709039996775572, 'I1z': 0.00045861129407097383, 'I2x': 0.0003734683139549913, 'I2y': 2.204582575486704e-05, 'I2z': 0.0004291743167418784}, 'init_theta_std_deg': 5.687060756046332, 'init_alpha_std_deg': 7.394956656906279, 'init_theta_dot_std': 0.4170700564858479, 'init_alpha_dot_std': 0.0663096417022617, 'pwm_limit': 150.56423794062343, 'pwm_gain': 0.9969006697417603, 'pwm_bias': -0.23273793893830008, 'pwm_deadzone': 2.8331897947349285, 'pwm_noise_sigma': 0.32046987729520476, 'actuator_tau': 0.0032313623905828835, 'action_delay_steps': 0, 'theta_bias': -0.002807108045586467, 'alpha_bias': 0.0009831908164779427, 'theta_sigma': 0.0017204755855670874, 'alpha_sigma': 0.0013695921794520665, 'theta_dot_sigma': 0.009285104945136657, 'alpha_dot_sigma': 0.053705068008060394, 'encoder_quantization_rad': 0.0003352795326510377, 'velocity_lpf': 0.25, 'process_theta_dot_sigma': 0.0, 'process_alpha_dot_sigma': 0.0}"
3114000,3,randomization_0.30,0.3,"{'level': 0.3, 'physical': {'g': 9.807047613714776, 'c_theta': 0.02829807870292807, 'c_alpha': 0.0013547360925371115, 'k_t': 0.21760886128962564, 'k_b': 0.19943518250647985, 'k_u': 0.049132034710865975, 'R': 4.3295745156756835, 'm1': 0.2088932219555991, 'm2': 0.1533315728097032, 'l1cg': 0.0795939123073413, 'l1': 0.1523191394800242, 'l2cg': 0.06875433954775305, 'I1z': 0.0004711950965813238, 'I2x': 0.00035217355693181214, 'I2y': 2.57653995424002e-05, 'I2z': 0.00033251127179196883}, 'init_theta_std_deg': 4.106897380706127, 'init_alpha_std_deg': 8.742778955666417, 'init_theta_dot_std': 0.40146997600250633, 'init_alpha_dot_std': 0.2321642312063008, 'pwm_limit': 144.27171171441324, 'pwm_gain': 1.0028505932168783, 'pwm_bias': 0.9866108687157642, 'pwm_deadzone': 2.564995032921945, 'pwm_noise_sigma': 0.5063750964448865, 'actuator_tau': 0.004784332753827186, 'action_delay_steps': 0, 'theta_bias': -0.00039237499270882494, 'alpha_bias': -0.003051533200030128, 'theta_sigma': 0.00043183676331696015, 'alpha_sigma': 0.004206303574754295, 'theta_dot_sigma': 0.0752627668097482, 'alpha_dot_sigma': 0.08315651386986886, 'encoder_quantization_rad': 0.00023628246536235812, 'velocity_lpf': 0.25, 'process_theta_dot_sigma': 0.0, 'process_alpha_dot_sigma': 0.0}"
3116000,3,randomization_0.30,0.3,"{'level': 0.3, 'physical': {'g': 9.783148104982413, 'c_theta': 0.03342287226617064, 'c_alpha': 0.0009362420501407083, 'k_t': 0.2180172927078289, 'k_b': 0.18488484359557913, 'k_u': 0.046596980348885986, 'R': 4.48825758656172, 'm1': 0.2110806563390691, 'm2': 0.1598256086013519, 'l1cg': 0.07711916991443137, 'l1': 0.14926291156313784, 'l2cg': 0.0675273147175667, 'I1z': 0.0005509189640267746, 'I2x': 0.0003586295094250105, 'I2y': 2.421076347955371e-05, 'I2z': 0.0003950326700734672}, 'init_theta_std_deg': 5.977885974166579, 'init_alpha_std_deg': 6.92074502411268, 'init_theta_dot_std': 0.24226381413826803, 'init_alpha_dot_std': 0.3142860070548028, 'pwm_limit': 150.18393414692846, 'pwm_gain': 0.9714597440292626, 'pwm_bias': -1.1612181247405593, 'pwm_deadzone': 2.5025847320596277, 'pwm_noise_sigma': 0.2357513524113537, 'actuator_tau': 0.008892146790829407, 'action_delay_steps': 0, 'theta_bias': 8.129772942979519e-05, 'alpha_bias': 0.0013312162573789717, 'theta_sigma': 0.0006532299144263269, 'alpha_sigma': 0.002730678919918544, 'theta_dot_sigma': 0.0658742643451939, 'alpha_dot_sigma': 0.03856252960894407, 'encoder_quantization_rad': 0.0001858931128091533, 'velocity_lpf': 0.25, 'process_theta_dot_sigma': 0.0, 'process_alpha_dot_sigma': 0.0}"
3118000,3,randomization_0.30,0.3,"{'level': 0.3, 'physical': {'g': 9.805718229917156, 'c_theta': 0.02430033430125317, 'c_alpha': 0.0018425467496071008, 'k_t': 0.2218726661671573, 'k_b': 0.20087083114167764, 'k_u': 0.04509258513495205, 'R': 4.164192714137296, 'm1': 0.220700375244663, 'm2': 0.15963168035943442, 'l1cg': 0.08371890771868969, 'l1': 0.15375049165239166, 'l2cg': 0.06532331019654257, 'I1z': 0.0005037813269196913, 'I2x': 0.00037979543196841014, 'I2y': 2.3465108575993584e-05, 'I2z': 0.0004128317130239596}, 'init_theta_std_deg': 5.308924727394819, 'init_alpha_std_deg': 7.712914535237155, 'init_theta_dot_std': 0.33871901215241, 'init_alpha_dot_std': 0.6817329665447456, 'pwm_limit': 147.47812071785438, 'pwm_gain': 1.0097146181224932, 'pwm_bias': 0.5139069509232194, 'pwm_deadzone': 0.23773903761958237, 'pwm_noise_sigma': 0.2811346863999924, 'actuator_tau': 0.004357841824054743, 'action_delay_steps': 0, 'theta_bias': -0.0021717868609327762, 'alpha_bias': -0.000271251471548368, 'theta_sigma': 0.0017508097336996588, 'alpha_sigma': 0.0011102784483802335, 'theta_dot_sigma': 0.08612730612769841, 'alpha_dot_sigma': 0.11123436509528747, 'encoder_quantization_rad': 0.0003491577713007932, 'velocity_lpf': 0.25, 'process_theta_dot_sigma': 0.0, 'process_alpha_dot_sigma': 0.0}"
3120000,3,randomization_0.30,0.3,"{'level': 0.3, 'physical': {'g': 9.71287928454306, 'c_theta': 0.0342983715631156, 'c_alpha': 0.001713192798714423, 'k_t': 0.23836298084073515, 'k_b': 0.1788891198413522, 'k_u': 0.04808369815917828, 'R': 4.5582708643196685, 'm1': 0.20919669263411297, 'm2': 0.1588117539829048, 'l1cg': 0.08280701054354135, 'l1': 0.14815781006184855, 'l2cg': 0.06489916013978259, 'I1z': 0.0005092864512826178, 'I2x': 0.00035600391000583113, 'I2y': 2.0684819488286726e-05, 'I2z': 0.0003638483014930308}, 'init_theta_std_deg': 6.213709861678006, 'init_alpha_std_deg': 9.013222157372695, 'init_theta_dot_std': 0.3490893610571822, 'init_alpha_dot_std': 0.48523392983177044, 'pwm_limit': 151.21941281504047, 'pwm_gain': 1.000611644551393, 'pwm_bias': -0.7753377255122648, 'pwm_deadzone': 0.5390979775645938, 'pwm_noise_sigma': 0.4754952222130547, 'actuator_tau': 0.0005747531529203032, 'action_delay_steps': 0, 'theta_bias': 0.0018951970384747509, 'alpha_bias': 0.00040760552260481707, 'theta_sigma': 0.00031055059658642315, 'alpha_sigma': 0.0034132883051044426, 'theta_dot_sigma': 0.03454600232087792, 'alpha_dot_sigma': 0.14501179905464381, 'encoder_quantization_rad': 0.0003546678298815988, 'velocity_lpf': 0.25, 'process_theta_dot_sigma': 0.0, 'process_alpha_dot_sigma': 0.0}"
3122000,3,randomization_0.30,0.3,"{'level': 0.3, 'physical': {'g': 9.70572009306125, 'c_theta': 0.03688547008469653, 'c_alpha': 0.0011727267150554276, 'k_t': 0.2254200000418221, 'k_b': 0.19446683298249845, 'k_u': 0.04559449675601834, 'R': 4.209730260684697, 'm1': 0.19167046364375653, 'm2': 0.15457906168770708, 'l1cg': 0.07837545124614734, 'l1': 0.152258532139984, 'l2cg': 0.06211478474101192, 'I1z': 0.0005558863881383136, 'I2x': 0.0003494765638796801, 'I2y': 2.215587129245202e-05, 'I2z': 0.00036277499049960996}, 'init_theta_std_deg': 4.4233727259630164, 'init_alpha_std_deg': 7.9445943236711924, 'init_theta_dot_std': 0.4230592563130614, 'init_alpha_dot_std': 0.7216123180621677, 'pwm_limit': 151.10157082502715, 'pwm_gain': 0.998737691340047, 'pwm_bias': 1.1126564438143558, 'pwm_deadzone': 0.24352250205995218, 'pwm_noise_sigma': 0.43195592732652094, 'actuator_tau': 0.0029370307856450744, 'action_delay_steps': 0, 'theta_bias': -0.0025408961007239964, 'alpha_bias': 0.0009977273987201692, 'theta_sigma': 0.0011404386676084708, 'alpha_sigma': 0.004255511163088145, 'theta_dot_sigma': 0.10435788847246531, 'alpha_dot_sigma': 0.0693958276521677, 'encoder_quantization_rad': 0.00032291618320137667, 'velocity_lpf': 0.2613366181323855, 'process_theta_dot_sigma': 0.0, 'process_alpha_dot_sigma': 0.0}"
3124000,3,randomization_0.30,0.3,"{'level': 0.3, 'physical': {'g': 9.919683530025416, 'c_theta': 0.03873250856129919, 'c_alpha': 0.0020347673301937138, 'k_t': 0.24735625583266937, 'k_b': 0.18929223417063773, 'k_u': 0.05014617410844374, 'R': 4.606893643289145, 'm1': 0.21568418995143868, 'm2': 0.160506826400005, 'l1cg': 0.08377859585180827, 'l1': 0.1563072799422097, 'l2cg': 0.06473041990315313, 'I1z': 0.0005591930673796174, 'I2x': 0.00037577706524255576, 'I2y': 2.2649912642843798e-05, 'I2z': 0.0003959024664312824}, 'init_theta_std_deg': 4.5431777474636865, 'init_alpha_std_deg': 10.040313825330475, 'init_theta_dot_std': 0.1985919690548546, 'init_alpha_dot_std': 0.7378579577537676, 'pwm_limit': 144.45602608522077, 'pwm_gain': 1.0204913438991896, 'pwm_bias': 0.7221572149224997, 'pwm_deadzone': 2.2496000646090986, 'pwm_noise_sigma': 0.05315975640188153, 'actuator_tau': 0.002505837780094162, 'action_delay_steps': 0, 'theta_bias': 0.002183495573431586, 'alpha_bias': 0.003453195366976693, 'theta_sigma': 0.0008612653277402828, 'alpha_sigma': 0.0037932812954914025, 'theta_dot_sigma': 0.05442752570454231, 'alpha_dot_sigma': 0.12004771214777148, 'encoder_quantization_rad': 0.00024510598534162044, 'velocity_lpf': 0.25, 'process_theta_dot_sigma': 0.0, 'process_alpha_dot_sigma': 0.0}"
3126000,3,randomization_0.30,0.3,"{'level': 0.3, 'physical': {'g': 9.89083815713052, 'c_theta': 0.04148587875187508, 'c_alpha': 0.001207132982208131, 'k_t': 0.2328066679732274, 'k_b': 0.1814977837616484, 'k_u': 0.05019131157798175, 'R': 4.603665175766065, 'm1': 0.1970012205657035, 'm2': 0.153140459176795, 'l1cg': 0.08239872581919945, 'l1': 0.14816945717222624, 'l2cg': 0.06474966129457997, 'I1z': 0.0005519588581827467, 'I2x': 0.00037129390922681084, 'I2y': 2.1558760830935382e-05, 'I2z': 0.0004288164926241696}, 'init_theta_std_deg': 6.470758494872566, 'init_alpha_std_deg': 10.035581146710832, 'init_theta_dot_std': 0.2727405151491247, 'init_alpha_dot_std': 0.38013582689071074, 'pwm_limit': 151.19550899538868, 'pwm_gain': 0.9739098401760734, 'pwm_bias': -0.09679174333171918, 'pwm_deadzone': 2.9282171010077778, 'pwm_noise_sigma': 0.21129550570948183, 'actuator_tau': 0.0027148466414039923, 'action_delay_steps': 0, 'theta_bias': -0.0028776273975229345, 'alpha_bias': 0.0026806205078144635, 'theta_sigma': 0.00033676731043967356, 'alpha_sigma': 0.0039055415791834865, 'theta_dot_sigma': 0.04355301289973029, 'alpha_dot_sigma': 0.06544200175291985, 'encoder_quantization_rad': 0.000397674830702865, 'velocity_lpf': 0.25, 'process_theta_dot_sigma': 0.0, 'process_alpha_dot_sigma': 0.0}"
3128000,3,randomization_0.30,0.3,"{'level': 0.3, 'physical': {'g': 9.665669068612427, 'c_theta': 0.035075439397678564, 'c_alpha': 0.0017869741781140088, 'k_t': 0.23862555575146532, 'k_b': 0.19792090928620565, 'k_u': 0.04717791682531308, 'R': 4.2705636693175535, 'm1': 0.1950394856133075, 'm2': 0.1518652018217187, 'l1cg': 0.08300476418030854, 'l1': 0.1552907198168228, 'l2cg': 0.06599240911031076, 'I1z': 0.0005116801798296938, 'I2x': 0.0003697245028224873, 'I2y': 2.8507666658524344e-05, 'I2z': 0.0003536341997035761}, 'init_theta_std_deg': 5.21034382979782, 'init_alpha_std_deg': 9.188080424550218, 'init_theta_dot_std': 0.3086036834404231, 'init_alpha_dot_std': 0.6382566865119604, 'pwm_limit': 151.00511967957314, 'pwm_gain': 1.0069702463139607, 'pwm_bias': -0.23838138820886784, 'pwm_deadzone': 0.685986884906257, 'pwm_noise_sigma': 0.1503165127022358, 'actuator_tau': 0.003209591489651789, 'action_delay_steps': 0, 'theta_bias': 0.0028343326625574657, 'alpha_bias': 0.0031310509045664485, 'theta_sigma': 0.001628218989398332, 'alpha_sigma': 0.0013797804443463236, 'theta_dot_sigma': 0.011475171719479727, 'alpha_dot_sigma': 0.09105267647788783, 'encoder_quantization_rad': 0.0002004939485000089, 'velocity_lpf': 0.23892669054643298, 'process_theta_dot_sigma': 0.0, 'process_alpha_dot_sigma': 0.0}"
3130000,3,randomization_0.30,0.3,"{'level': 0.3, 'physical': {'g': 9.779049067595256, 'c_theta': 0.02370787651687859, 'c_alpha': 0.0015478148415405102, 'k_t': 0.24525579349858215, 'k_b': 0.19507433177347389, 'k_u': 0.04774644615694635, 'R': 4.12762960350001, 'm1': 0.20211094496296278, 'm2': 0.1605961905452321, 'l1cg': 0.0773516065741131, 'l1': 0.15164315508824694, 'l2cg': 0.0702468099024546, 'I1z': 0.00046814935054475415, 'I2x': 0.00036683141020806367, 'I2y': 2.846296687894543e-05, 'I2z': 0.00040814118084863625}, 'init_theta_std_deg': 5.438681946656011, 'init_alpha_std_deg': 10.164991541193766, 'init_theta_dot_std': 0.33667600550309523, 'init_alpha_dot_std': 0.2973616635650325, 'pwm_limit': 149.91577776404577, 'pwm_gain': 1.0112331871595817, 'pwm_bias': -0.5488870684745809, 'pwm_deadzone': 2.272927284109819, 'pwm_noise_sigma': 0.5216986815818169, 'actuator_tau': 0.0047408362393242445, 'action_delay_steps': 0, 'theta_bias': 0.0008007315886813691, 'alpha_bias': -9.87962751632775e-05, 'theta_sigma': 0.00026256035664241965, 'alpha_sigma': 0.0028888762225734374, 'theta_dot_sigma': 0.08854448780045351, 'alpha_dot_sigma': 0.16225415775442434, 'encoder_quantization_rad': 0.00030674386933595777, 'velocity_lpf': 0.25, 'process_theta_dot_sigma': 0.0, 'process_alpha_dot_sigma': 0.0}"
3132000,3,randomization_0.30,0.3,"{'level': 0.3, 'physical': {'g': 9.740601118254842, 'c_theta': 0.024896321951679002, 'c_alpha': 0.001588952041105991, 'k_t': 0.2374326002886372, 'k_b': 0.1822845015584047, 'k_u': 0.05054647558303778, 'R': 4.553358693517807, 'm1': 0.21497919303989885, 'm2': 0.1558665215121829, 'l1cg': 0.08148961563560803, 'l1': 0.1536900151953905, 'l2cg': 0.06977967251917898, 'I1z': 0.0005500097023668719, 'I2x': 0.0003624487183533649, 'I2y': 2.0675495451198637e-05, 'I2z': 0.0004276466128008441}, 'init_theta_std_deg': 5.23803059586644, 'init_alpha_std_deg': 7.458826087234185, 'init_theta_dot_std': 0.2526097199145267, 'init_alpha_dot_std': 0.5267888228528591, 'pwm_limit': 143.39188574000326, 'pwm_gain': 1.010175545036136, 'pwm_bias': -0.5498129792880198, 'pwm_deadzone': 1.2029668188385494, 'pwm_noise_sigma': 0.2349128186337543, 'actuator_tau': 0.006922328587777946, 'action_delay_steps': 0, 'theta_bias': -0.0003729568606472962, 'alpha_bias': 0.0021561182836296075, 'theta_sigma': 0.0013994607089582538, 'alpha_sigma': 0.004032446583994074, 'theta_dot_sigma': 0.06456028705348317, 'alpha_dot_sigma': 0.16466784058073958, 'encoder_quantization_rad': 0.00012419308046399423, 'velocity_lpf': 0.25, 'process_theta_dot_sigma': 0.0, 'process_alpha_dot_sigma': 0.0}"
3134000,3,randomization_0.30,0.3,"{'level': 0.3, 'physical': {'g': 9.780593931205116, 'c_theta': 0.030615559745040752, 'c_alpha': 0.0008703743768215229, 'k_t': 0.22721265222573894, 'k_b': 0.18812384939354074, 'k_u': 0.05010790995639114, 'R': 4.235749532474852, 'm1': 0.2125447498648566, 'm2': 0.1527453190685187, 'l1cg': 0.08160982054707605, 'l1': 0.15328882746764705, 'l2cg': 0.066249265360638, 'I1z': 0.00048539107885455906, 'I2x': 0.00038364870763687563, 'I2y': 2.5356502744179894e-05, 'I2z': 0.0004080965702250153}, 'init_theta_std_deg': 5.804836098900704, 'init_alpha_std_deg': 9.140845959973888, 'init_theta_dot_std': 0.30426672866976406, 'init_alpha_dot_std': 0.2277489344894277, 'pwm_limit': 144.41250467577976, 'pwm_gain': 0.9723733563483906, 'pwm_bias': 0.4760792201190498, 'pwm_deadzone': 2.098829504640551, 'pwm_noise_sigma': 0.4824674547827066, 'actuator_tau': 0.0020064356685909777, 'action_delay_steps': 0, 'theta_bias': 0.001528190212717681, 'alpha_bias': 0.002346409549066592, 'theta_sigma': 0.0009543856384789713, 'alpha_sigma': 0.004973677020691643, 'theta_dot_sigma': 0.06650432163663945, 'alpha_dot_sigma': 0.03278189463832719, 'encoder_quantization_rad': 0.0002823559413459859, 'velocity_lpf': 0.25, 'process_theta_dot_sigma': 0.0, 'process_alpha_dot_sigma': 0.0}"
3136000,3,randomization_0.30,0.3,"{'level': 0.3, 'physical': {'g': 9.662635588336185, 'c_theta': 0.025300823561403715, 'c_alpha': 0.0009269621671485045, 'k_t': 0.2200615752556238, 'k_b': 0.17680630016245952, 'k_u': 0.04866221021996509, 'R': 4.336320742773498, 'm1': 0.22016521926824772, 'm2': 0.1565583313677051, 'l1cg': 0.07788128673939765, 'l1': 0.1522102641289011, 'l2cg': 0.06645291612329443, 'I1z': 0.0005361131268217368, 'I2x': 0.00038566682900284646, 'I2y': 2.4606916128709835e-05, 'I2z': 0.00034192394556970077}, 'init_theta_std_deg': 5.949561024573951, 'init_alpha_std_deg': 7.087838547999038, 'init_theta_dot_std': 0.3448450089481133, 'init_alpha_dot_std': 0.7206180145690624, 'pwm_limit': 143.2515690313748, 'pwm_gain': 0.9913121469080435, 'pwm_bias': 0.9040770282394517, 'pwm_deadzone': 2.1032176180447095, 'pwm_noise_sigma': 0.05939473917838331, 'actuator_tau': 0.006665647528091561, 'action_delay_steps': 0, 'theta_bias': -0.00020021994434601533, 'alpha_bias': 0.002318530316307402, 'theta_sigma': 0.0013308354284529535, 'alpha_sigma': 0.004738813951962349, 'theta_dot_sigma': 0.08288482272550225, 'alpha_dot_sigma': 0.10265731010352303, 'encoder_quantization_rad': 0.00032247895164849347, 'velocity_lpf': 0.25, 'process_theta_dot_sigma': 0.0, 'process_alpha_dot_sigma': 0.0}"
3138000,3,randomization_0.30,0.3,"{'level': 0.3, 'physical': {'g': 9.898411831778136, 'c_theta': 0.0318465397150702, 'c_alpha': 0.0014188686838979428, 'k_t': 0.24633417591309045, 'k_b': 0.18094274292315216, 'k_u': 0.044438380775913895, 'R': 4.199255016640535, 'm1': 0.2059436638092571, 'm2': 0.15784426669405574, 'l1cg': 0.08131661363681077, 'l1': 0.15423502992368168, 'l2cg': 0.0712779459676078, 'I1z': 0.00045674831861371846, 'I2x': 0.0003854631658914373, 'I2y': 2.5986551197447035e-05, 'I2z': 0.00033746355385920425}, 'init_theta_std_deg': 5.070057827676896, 'init_alpha_std_deg': 8.926235211913083, 'init_theta_dot_std': 0.15067519929359421, 'init_alpha_dot_std': 0.588407041887836, 'pwm_limit': 148.8280332408397, 'pwm_gain': 0.9840278009073904, 'pwm_bias': -0.42382092521426606, 'pwm_deadzone': 2.1469106675618606, 'pwm_noise_sigma': 0.11125618294475938, 'actuator_tau': 0.0034249713068629562, 'action_delay_steps': 0, 'theta_bias': 0.002387857966159568, 'alpha_bias': 0.0009830611200125551, 'theta_sigma': 0.0013124128818489936, 'alpha_sigma': 0.003986750793022396, 'theta_dot_sigma': 0.06798854221474931, 'alpha_dot_sigma': 0.007816135545741976, 'encoder_quantization_rad': 8.596650247824964e-05, 'velocity_lpf': 0.25, 'process_theta_dot_sigma': 0.0, 'process_alpha_dot_sigma': 0.0}"
3140000,3,randomization_0.30,0.3,"{'level': 0.3, 'physical': {'g': 9.802246779512497, 'c_theta': 0.04072939431975264, 'c_alpha': 0.0009242729780409162, 'k_t': 0.22120624678794354, 'k_b': 0.1875122445417388, 'k_u': 0.05026490704006963, 'R': 4.509913783732291, 'm1': 0.19646699324893477, 'm2': 0.1579150234899213, 'l1cg': 0.08305965215984337, 'l1': 0.15597726732237668, 'l2cg': 0.06605264721704847, 'I1z': 0.0004850311947124258, 'I2x': 0.00035549463418543136, 'I2y': 2.518793574864754e-05, 'I2z': 0.00038883263799117934}, 'init_theta_std_deg': 5.1544309569409785, 'init_alpha_std_deg': 9.225936809182992, 'init_theta_dot_std': 0.018448297952500674, 'init_alpha_dot_std': 0.6198544028650954, 'pwm_limit': 147.5276146695679, 'pwm_gain': 1.0250664944655419, 'pwm_bias': -0.08678385388987672, 'pwm_deadzone': 2.345289622596822, 'pwm_noise_sigma': 0.12356641251401523, 'actuator_tau': 0.0005935057424379434, 'action_delay_steps': 0, 'theta_bias': -0.001699160835502884, 'alpha_bias': -0.0006177674188617896, 'theta_sigma': 0.00021358969911879224, 'alpha_sigma': 0.005099716701553503, 'theta_dot_sigma': 0.04915136706218686, 'alpha_dot_sigma': 0.08559734512891451, 'encoder_quantization_rad': 0.00017310424712841313, 'velocity_lpf': 0.25, 'process_theta_dot_sigma': 0.0, 'process_alpha_dot_sigma': 0.0}"
3142000,3,randomization_0.30,0.3,"{'level': 0.3, 'physical': {'g': 9.707059714919724, 'c_theta': 0.02032775250729543, 'c_alpha': 0.0009532552369842236, 'k_t': 0.23903451428452502, 'k_b': 0.2009079486956503, 'k_u': 0.042999047611586294, 'R': 4.418052172678438, 'm1': 0.21905493125649586, 'm2': 0.1520199847399548, 'l1cg': 0.08316376241271997, 'l1': 0.1517018347523601, 'l2cg': 0.06746254939258417, 'I1z': 0.0005388267806009994, 'I2x': 0.00038407725435385024, 'I2y': 2.464336099493304e-05, 'I2z': 0.0004279415735119482}, 'init_theta_std_deg': 5.559547919748441, 'init_alpha_std_deg': 9.763451190489176, 'init_theta_dot_std': 0.17537835259250426, 'init_alpha_dot_std': 0.5050025460310953, 'pwm_limit': 149.99106793044146, 'pwm_gain': 1.008271225580722, 'pwm_bias': -0.9614863141519638, 'pwm_deadzone': 0.1113811732505463, 'pwm_noise_sigma': 0.5736092284145002, 'actuator_tau': 0.00823045421228777, 'action_delay_steps': 0, 'theta_bias': 0.001416736709344766, 'alpha_bias': 0.001808195920850653, 'theta_sigma': 0.0004959672124428555, 'alpha_sigma': 0.00160283587830122, 'theta_dot_sigma': 0.011695713132031, 'alpha_dot_sigma': 0.16653129681119103, 'encoder_quantization_rad': 0.000122653047519752, 'velocity_lpf': 0.24262525117078268, 'process_theta_dot_sigma': 0.0, 'process_alpha_dot_sigma': 0.0}"
3144000,3,randomization_0.30,0.3,"{'level': 0.3, 'physical': {'g': 9.870490340396998, 'c_theta': 0.04307324411830163, 'c_alpha': 0.0014851091253971107, 'k_t': 0.24536572773288323, 'k_b': 0.1808703503107478, 'k_u': 0.04419128065826564, 'R': 4.119670101056694, 'm1': 0.22087733605278748, 'm2': 0.15321592760648325, 'l1cg': 0.07919176984112936, 'l1': 0.14760423491833743, 'l2cg': 0.06925672392486094, 'I1z': 0.0005381216427791996, 'I2x': 0.0003845247322608319, 'I2y': 2.487581368920487e-05, 'I2z': 0.00035951525919173934}, 'init_theta_std_deg': 4.8610431341663185, 'init_alpha_std_deg': 7.139185464438885, 'init_theta_dot_std': 0.22415840630055278, 'init_alpha_dot_std': 0.12077867729365202, 'pwm_limit': 145.26301868415115, 'pwm_gain': 1.0259915676392626, 'pwm_bias': 0.8277177180831183, 'pwm_deadzone': 2.0263277693618487, 'pwm_noise_sigma': 0.26582708128721744, 'actuator_tau': 0.0008843968526656813, 'action_delay_steps': 0, 'theta_bias': 0.0028864751338903132, 'alpha_bias': 0.0009249858802477365, 'theta_sigma': 0.0015435876151990758, 'alpha_sigma': 0.0012960766979606517, 'theta_dot_sigma': 0.05740241741714203, 'alpha_dot_sigma': 0.1404798349436232, 'encoder_quantization_rad': 0.00027719848025346084, 'velocity_lpf': 0.24595605946604512, 'process_theta_dot_sigma': 0.0, 'process_alpha_dot_sigma': 0.0}"
3146000,3,randomization_0.30,0.3,"{'level': 0.3, 'physical': {'g': 9.812414374459935, 'c_theta': 0.026508166067137497, 'c_alpha': 0.0009312922771715086, 'k_t': 0.24425969620752896, 'k_b': 0.17725973326676497, 'k_u': 0.047947558795242956, 'R': 4.4357931543959745, 'm1': 0.20972463781437928, 'm2': 0.15928363419590474, 'l1cg': 0.07827359855011896, 'l1': 0.15081416189454916, 'l2cg': 0.06187730970249968, 'I1z': 0.0005584091766561382, 'I2x': 0.00039053241524923053, 'I2y': 2.407912738195687e-05, 'I2z': 0.00031181305537929125}, 'init_theta_std_deg': 4.645867282955729, 'init_alpha_std_deg': 6.961343393361009, 'init_theta_dot_std': 0.1233960605394908, 'init_alpha_dot_std': 0.42355190858022623, 'pwm_limit': 141.32885320648657, 'pwm_gain': 0.9722942791186452, 'pwm_bias': 0.9102339469601959, 'pwm_deadzone': 0.654464170638207, 'pwm_noise_sigma': 0.14998283491963285, 'actuator_tau': 0.006470727807374977, 'action_delay_steps': 0, 'theta_bias': -0.0028424856952261987, 'alpha_bias': 0.0015090916399640596, 'theta_sigma': 0.00014220686948477335, 'alpha_sigma': 0.0021230845093917544, 'theta_dot_sigma': 0.03847719666524095, 'alpha_dot_sigma': 0.13218494659309543, 'encoder_quantization_rad': 0.00026584196209337253, 'velocity_lpf': 0.25, 'process_theta_dot_sigma': 0.0, 'process_alpha_dot_sigma': 0.0}"
3148000,3,randomization_0.30,0.3,"{'level': 0.3, 'physical': {'g': 9.820391967802893, 'c_theta': 0.04207625507082035, 'c_alpha': 0.0015700789107518567, 'k_t': 0.2364889404095062, 'k_b': 0.1824437712535832, 'k_u': 0.04302352645310158, 'R': 4.512431947040524, 'm1': 0.20739225745676415, 'm2': 0.1644522118635736, 'l1cg': 0.08255747806483854, 'l1': 0.1483960482525597, 'l2cg': 0.06678088254538034, 'I1z': 0.0005640946827370247, 'I2x': 0.0003868027613094567, 'I2y': 2.699787753495663e-05, 'I2z': 0.0003552289829136815}, 'init_theta_std_deg': 4.706488654242747, 'init_alpha_std_deg': 7.329947458910422, 'init_theta_dot_std': 0.290854353005676, 'init_alpha_dot_std': 0.49870813722592355, 'pwm_limit': 146.8469079541288, 'pwm_gain': 1.0206378150763178, 'pwm_bias': 0.2598190272909752, 'pwm_deadzone': 0.8786542903499721, 'pwm_noise_sigma': 0.32128056792822574, 'actuator_tau': 0.004317631381607427, 'action_delay_steps': 0, 'theta_bias': 0.00047804057583698237, 'alpha_bias': 0.0018310712866751301, 'theta_sigma': 0.0006531954232900626, 'alpha_sigma': 0.0013535206683818342, 'theta_dot_sigma': 0.07389740629947113, 'alpha_dot_sigma': 0.15173556713756645, 'encoder_quantization_rad': 0.00041909631030551575, 'velocity_lpf': 0.25, 'process_theta_dot_sigma': 0.0, 'process_alpha_dot_sigma': 0.0}"
3150000,3,randomization_0.30,0.3,"{'level': 0.3, 'physical': {'g': 9.797105915607736, 'c_theta': 0.029853360032167094, 'c_alpha': 0.0008671823309970503, 'k_t': 0.24624995170059047, 'k_b': 0.1761310454020872, 'k_u': 0.04486397197337465, 'R': 4.361489948548259, 'm1': 0.19719811233260665, 'm2': 0.15265915512214595, 'l1cg': 0.0818475490510223, 'l1': 0.14806327825875532, 'l2cg': 0.0682040944523599, 'I1z': 0.0004800189513805198, 'I2x': 0.0003884927989416376, 'I2y': 2.856820466499546e-05, 'I2z': 0.0003972031183575128}, 'init_theta_std_deg': 5.638465946782043, 'init_alpha_std_deg': 7.665636032744184, 'init_theta_dot_std': 0.09665526421060071, 'init_alpha_dot_std': 0.165949742854686, 'pwm_limit': 144.13676144898366, 'pwm_gain': 1.0156300109711438, 'pwm_bias': 1.1701409007117816, 'pwm_deadzone': 0.14124581010197623, 'pwm_noise_sigma': 0.30053094486490867, 'actuator_tau': 0.007713345806357787, 'action_delay_steps': 0, 'theta_bias': 0.0021916422361646475, 'alpha_bias': -0.0030008293808111482, 'theta_sigma': 0.0002973342744952228, 'alpha_sigma': 0.0025772019924660728, 'theta_dot_sigma': 0.09575206935037037, 'alpha_dot_sigma': 0.14831292755291875, 'encoder_quantization_rad': 0.00028228130646966464, 'velocity_lpf': 0.25, 'process_theta_dot_sigma': 0.0, 'process_alpha_dot_sigma': 0.0}"
3152000,3,randomization_0.30,0.3,"{'level': 0.3, 'physical': {'g': 9.734823137618069, 'c_theta': 0.0357297376305675, 'c_alpha': 0.0013482744132137922, 'k_t': 0.21549093881413697, 'k_b': 0.18087968981310037, 'k_u': 0.04438493794310487, 'R': 4.370935225057291, 'm1': 0.2206431718202156, 'm2': 0.16323687573008835, 'l1cg': 0.08110144700243434, 'l1': 0.1533137313516854, 'l2cg': 0.07120040802203723, 'I1z': 0.0005745882252886098, 'I2x': 0.0003633762309717631, 'I2y': 2.769076953390724e-05, 'I2z': 0.0003849058787618875}, 'init_theta_std_deg': 4.610927234211044, 'init_alpha_std_deg': 6.91812901338147, 'init_theta_dot_std': 0.31605105830595337, 'init_alpha_dot_std': 0.6546543900085677, 'pwm_limit': 144.5782868316901, 'pwm_gain': 1.0152361967407113, 'pwm_bias': -0.2435513098729368, 'pwm_deadzone': 1.280072747758434, 'pwm_noise_sigma': 0.4918156324152859, 'actuator_tau': 0.008758874812267167, 'action_delay_steps': 0, 'theta_bias': 0.001171761654204733, 'alpha_bias': -6.190868340821831e-05, 'theta_sigma': 0.0012581307897234564, 'alpha_sigma': 0.0025454541313093557, 'theta_dot_sigma': 0.10450762766617828, 'alpha_dot_sigma': 0.02364893552285631, 'encoder_quantization_rad': 0.00027591008385774397, 'velocity_lpf': 0.25, 'process_theta_dot_sigma': 0.0, 'process_alpha_dot_sigma': 0.0}"
3154000,3,randomization_0.30,0.3,"{'level': 0.3, 'physical': {'g': 9.702734694001476, 'c_theta': 0.026505689686398156, 'c_alpha': 0.0011981914246786771, 'k_t': 0.23364339230006997, 'k_b': 0.17625727769138472, 'k_u': 0.0488215550864971, 'R': 4.580090050126038, 'm1': 0.20541915223124654, 'm2': 0.1632182787911527, 'l1cg': 0.08185750720208876, 'l1': 0.151600884112904, 'l2cg': 0.06838800460153023, 'I1z': 0.0004865308779498015, 'I2x': 0.00037294057098690906, 'I2y': 2.8913108128498877e-05, 'I2z': 0.00039803144289835837}, 'init_theta_std_deg': 5.485961026585943, 'init_alpha_std_deg': 9.703791681672675, 'init_theta_dot_std': 0.12060464818442991, 'init_alpha_dot_std': 0.6163546593929384, 'pwm_limit': 149.63814338642453, 'pwm_gain': 0.9806043395430849, 'pwm_bias': 0.20553914884124094, 'pwm_deadzone': 2.9182598945697924, 'pwm_noise_sigma': 0.516451692587173, 'actuator_tau': 0.004136076484585336, 'action_delay_steps': 0, 'theta_bias': -0.002231949216801952, 'alpha_bias': -0.0033780983674802346, 'theta_sigma': 0.001492113154359884, 'alpha_sigma': 0.0019578858380999184, 'theta_dot_sigma': 0.03246369021367641, 'alpha_dot_sigma': 0.08919972816979414, 'encoder_quantization_rad': 5.573657302101077e-05, 'velocity_lpf': 0.25, 'process_theta_dot_sigma': 0.0, 'process_alpha_dot_sigma': 0.0}"
3156000,3,randomization_0.30,0.3,"{'level': 0.3, 'physical': {'g': 9.839765712122022, 'c_theta': 0.030134741888824854, 'c_alpha': 0.0010216995644088897, 'k_t': 0.22035995453522286, 'k_b': 0.18750712461374058, 'k_u': 0.04353248278434419, 'R': 4.049687503018996, 'm1': 0.22042073524877104, 'm2': 0.1638247247840722, 'l1cg': 0.07710746477063238, 'l1': 0.15578953372603077, 'l2cg': 0.06738687998270759, 'I1z': 0.00043615698428485847, 'I2x': 0.00038219860358080886, 'I2y': 2.0834282410100002e-05, 'I2z': 0.00043161221406812195}, 'init_theta_std_deg': 5.919902183910397, 'init_alpha_std_deg': 6.925680769027501, 'init_theta_dot_std': 0.12341643697234747, 'init_alpha_dot_std': 0.14418580117771793, 'pwm_limit': 145.786663748253, 'pwm_gain': 0.9840305382517324, 'pwm_bias': -0.6015618181293074, 'pwm_deadzone': 1.3008424844660653, 'pwm_noise_sigma': 0.01821874312613234, 'actuator_tau': 0.0033299369827010416, 'action_delay_steps': 0, 'theta_bias': -0.001556393400844787, 'alpha_bias': 0.002241978068852384, 'theta_sigma': 0.0004695714019992228, 'alpha_sigma': 0.004981821702637642, 'theta_dot_sigma': 0.02515971840168792, 'alpha_dot_sigma': 0.03757970899906378, 'encoder_quantization_rad': 0.0001469668536682978, 'velocity_lpf': 0.25, 'process_theta_dot_sigma': 0.0, 'process_alpha_dot_sigma': 0.0}"
3158000,3,randomization_0.30,0.3,"{'level': 0.3, 'physical': {'g': 9.83879272392686, 'c_theta': 0.037760812355889295, 'c_alpha': 0.0010340227291452827, 'k_t': 0.22407280350215641, 'k_b': 0.2006194552936193, 'k_u': 0.04382882097033778, 'R': 4.563151616275585, 'm1': 0.20236586741977483, 'm2': 0.15670179594352301, 'l1cg': 0.08269322905637527, 'l1': 0.14765268087684263, 'l2cg': 0.07105629071568631, 'I1z': 0.00048196779958172215, 'I2x': 0.00035256011273570453, 'I2y': 2.0634452035377536e-05, 'I2z': 0.0003477200914238512}, 'init_theta_std_deg': 4.669621230491838, 'init_alpha_std_deg': 7.648966045187118, 'init_theta_dot_std': 0.12049088874242284, 'init_alpha_dot_std': 0.45297464500441664, 'pwm_limit': 148.1151665044996, 'pwm_gain': 1.0160347010519017, 'pwm_bias': -1.0108304892062834, 'pwm_deadzone': 1.5296754836075697, 'pwm_noise_sigma': 0.04070529626228938, 'actuator_tau': 0.0037874365555652196, 'action_delay_steps': 0, 'theta_bias': -0.0007214546904207459, 'alpha_bias': -0.0013728600604893586, 'theta_sigma': 0.0013648942790176377, 'alpha_sigma': 0.00024769491821068003, 'theta_dot_sigma': 0.016485958382718865, 'alpha_dot_sigma': 0.006502890753054646, 'encoder_quantization_rad': 0.00029616436124952966, 'velocity_lpf': 0.2631346355016204, 'process_theta_dot_sigma': 0.0, 'process_alpha_dot_sigma': 0.0}"
3160000,3,randomization_0.30,0.3,"{'level': 0.3, 'physical': {'g': 9.86635593105558, 'c_theta': 0.022041164405443507, 'c_alpha': 0.0010135527754988145, 'k_t': 0.2300133095938696, 'k_b': 0.18519531384354274, 'k_u': 0.05077379031188104, 'R': 4.212774508972628, 'm1': 0.21060186596737834, 'm2': 0.16094524412461503, 'l1cg': 0.08317160148355618, 'l1': 0.1528670551472712, 'l2cg': 0.06175783564246709, 'I1z': 0.0005441396302787628, 'I2x': 0.00038380898256872053, 'I2y': 2.3167483423153965e-05, 'I2z': 0.0004055434585995617}, 'init_theta_std_deg': 4.317367916414247, 'init_alpha_std_deg': 10.15028895387304, 'init_theta_dot_std': 0.02707222859775507, 'init_alpha_dot_std': 0.5848233450442243, 'pwm_limit': 141.62480587827437, 'pwm_gain': 1.0028331778235393, 'pwm_bias': -0.9072779153772402, 'pwm_deadzone': 0.014812741834797971, 'pwm_noise_sigma': 0.5093326708417982, 'actuator_tau': 0.007248192226497394, 'action_delay_steps': 0, 'theta_bias': 0.0021289842437363458, 'alpha_bias': -0.0005219645996947169, 'theta_sigma': 0.00027224633107931454, 'alpha_sigma': 0.0003611260913900487, 'theta_dot_sigma': 0.07682368505144213, 'alpha_dot_sigma': 0.0021260242734813836, 'encoder_quantization_rad': 0.000319908123445338, 'velocity_lpf': 0.25, 'process_theta_dot_sigma': 0.0, 'process_alpha_dot_sigma': 0.0}"
3162000,3,randomization_0.30,0.3,"{'level': 0.3, 'physical': {'g': 9.887984345842964, 'c_theta': 0.043279231965249285, 'c_alpha': 0.0017873678224677675, 'k_t': 0.21860520570907105, 'k_b': 0.19198137560634282, 'k_u': 0.044173014698002486, 'R': 4.567121171145127, 'm1': 0.21934814338217815, 'm2': 0.15442212843372596, 'l1cg': 0.08161079782351022, 'l1': 0.1484791114337949, 'l2cg': 0.06185708700580338, 'I1z': 0.0004843636593969004, 'I2x': 0.000358899945236933, 'I2y': 2.678744698594448e-05, 'I2z': 0.0003549687774881798}, 'init_theta_std_deg': 6.217220638642486, 'init_alpha_std_deg': 8.91119507236306, 'init_theta_dot_std': 0.2287641358879064, 'init_alpha_dot_std': 0.34408396392506574, 'pwm_limit': 145.04506281262763, 'pwm_gain': 1.0212029900178712, 'pwm_bias': 0.14659801570539974, 'pwm_deadzone': 0.7385577609855765, 'pwm_noise_sigma': 0.31496784171500386, 'actuator_tau': 0.00848518423283946, 'action_delay_steps': 0, 'theta_bias': -0.0027305043825924876, 'alpha_bias': -0.003089828030885287, 'theta_sigma': 5.339212491843745e-05, 'alpha_sigma': 0.004835297432479148, 'theta_dot_sigma': 0.006374320134514483, 'alpha_dot_sigma': 0.17872204958166216, 'encoder_quantization_rad': 0.0003954841358874583, 'velocity_lpf': 0.25, 'process_theta_dot_sigma': 0.0, 'process_alpha_dot_sigma': 0.0}"
3164000,3,randomization_0.30,0.3,"{'level': 0.3, 'physical': {'g': 9.791684205457459, 'c_theta': 0.034947765865721035, 'c_alpha': 0.0010909014073917456, 'k_t': 0.23301894135810208, 'k_b': 0.20069085879348192, 'k_u': 0.04362259293845326, 'R': 4.453306184265251, 'm1': 0.1992664559400978, 'm2': 0.16541921868276727, 'l1cg': 0.07893155967834092, 'l1': 0.14790981956296834, 'l2cg': 0.06310456976997911, 'I1z': 0.0005774340830605379, 'I2x': 0.000347133472744874, 'I2y': 2.536762035951004e-05, 'I2z': 0.00037822278951365026}, 'init_theta_std_deg': 5.552174227916548, 'init_alpha_std_deg': 9.51610567505979, 'init_theta_dot_std': 0.18325134615051838, 'init_alpha_dot_std': 0.6626291531628338, 'pwm_limit': 142.1416425134378, 'pwm_gain': 0.9937284568663534, 'pwm_bias': -0.6579703579097986, 'pwm_deadzone': 1.403833823703026, 'pwm_noise_sigma': 0.5590517547095362, 'actuator_tau': 0.0013579170781393526, 'action_delay_steps': 0, 'theta_bias': -0.00014827449845696505, 'alpha_bias': -6.344158164440258e-05, 'theta_sigma': 0.0014358778163696046, 'alpha_sigma': 0.0026505219798377833, 'theta_dot_sigma': 0.029052822125584916, 'alpha_dot_sigma': 0.13457598682581495, 'encoder_quantization_rad': 0.000316426059856869, 'velocity_lpf': 0.25, 'process_theta_dot_sigma': 0.0, 'process_alpha_dot_sigma': 0.0}"
3166000,3,randomization_0.30,0.3,"{'level': 0.3, 'physical': {'g': 9.72152443681677, 'c_theta': 0.02788575260928926, 'c_alpha': 0.0009282381595269337, 'k_t': 0.2163917404000966, 'k_b': 0.18693956604752815, 'k_u': 0.0460515546341227, 'R': 4.042124020983427, 'm1': 0.19952279563705352, 'm2': 0.159835333221614, 'l1cg': 0.07740174217189645, 'l1': 0.15323494765285192, 'l2cg': 0.06398804685764238, 'I1z': 0.0005503410372083401, 'I2x': 0.0003505643558822138, 'I2y': 2.3907338751039535e-05, 'I2z': 0.0003268135222450236}, 'init_theta_std_deg': 5.018161605359904, 'init_alpha_std_deg': 9.980184075770028, 'init_theta_dot_std': 0.12527214403159778, 'init_alpha_dot_std': 0.35460875079429643, 'pwm_limit': 144.75679309022624, 'pwm_gain': 1.018418919705785, 'pwm_bias': -1.1496452812400282, 'pwm_deadzone': 1.6145568354790036, 'pwm_noise_sigma': 0.10392876441628607, 'actuator_tau': 0.0037922014204125687, 'action_delay_steps': 0, 'theta_bias': -0.00163749986575892, 'alpha_bias': -0.001923750440350282, 'theta_sigma': 0.0017108171502393417, 'alpha_sigma': 0.0020104433603827195, 'theta_dot_sigma': 0.06688575475128548, 'alpha_dot_sigma': 0.17575607859525838, 'encoder_quantization_rad': 0.00013368153727268326, 'velocity_lpf': 0.2550435915438331, 'process_theta_dot_sigma': 0.0, 'process_alpha_dot_sigma': 0.0}"
3168000,3,randomization_0.30,0.3,"{'level': 0.3, 'physical': {'g': 9.7243490515254, 'c_theta': 0.03627076951720345, 'c_alpha': 0.0013618359383235437, 'k_t': 0.23032660965716378, 'k_b': 0.18675787974284352, 'k_u': 0.04475284066538413, 'R': 4.595820175744779, 'm1': 0.21100401448918052, 'm2': 0.16526044375022284, 'l1cg': 0.08377815287079635, 'l1': 0.14818515504506383, 'l2cg': 0.06473691812759784, 'I1z': 0.00044780713545214656, 'I2x': 0.0003573217712286743, 'I2y': 2.0913127148750602e-05, 'I2z': 0.00043704936306080463}, 'init_theta_std_deg': 5.635887557292927, 'init_alpha_std_deg': 7.068706128511345, 'init_theta_dot_std': 0.04128221289502047, 'init_alpha_dot_std': 0.34718570686050076, 'pwm_limit': 151.7263392637098, 'pwm_gain': 0.985038184395549, 'pwm_bias': 0.2728343984046253, 'pwm_deadzone': 2.7492112805835927, 'pwm_noise_sigma': 0.040730744313812024, 'actuator_tau': 0.003568666450275845, 'action_delay_steps': 0, 'theta_bias': 0.00058548101230061, 'alpha_bias': 0.0018199158865182816, 'theta_sigma': 0.0005742952884785797, 'alpha_sigma': 0.0018813744714442954, 'theta_dot_sigma': 0.05233121801108725, 'alpha_dot_sigma': 0.07259255851213009, 'encoder_quantization_rad': 0.00018438550281399925, 'velocity_lpf': 0.25, 'process_theta_dot_sigma': 0.0, 'process_alpha_dot_sigma': 0.0}"
3170000,3,randomization_0.30,0.3,"{'level': 0.3, 'physical': {'g': 9.76677601768352, 'c_theta': 0.025502788065280238, 'c_alpha': 0.0017147034920237478, 'k_t': 0.21543553798904974, 'k_b': 0.191716122968645, 'k_u': 0.04344089384450908, 'R': 4.544308979355932, 'm1': 0.21636190327344926, 'm2': 0.16342536326328028, 'l1cg': 0.07957519309333905, 'l1': 0.14908072144313506, 'l2cg': 0.06405602562464197, 'I1z': 0.0005891068232017524, 'I2x': 0.00037608021401398323, 'I2y': 2.2460333282614904e-05, 'I2z': 0.0003576428141650918}, 'init_theta_std_deg': 4.836591966877897, 'init_alpha_std_deg': 8.781122703027503, 'init_theta_dot_std': 0.22276245826477364, 'init_alpha_dot_std': 0.29430561983544384, 'pwm_limit': 150.59735321270517, 'pwm_gain': 0.9893806062936633, 'pwm_bias': -0.9789028897090203, 'pwm_deadzone': 0.6660754092492959, 'pwm_noise_sigma': 0.42621396105241244, 'actuator_tau': 0.0024396125926568583, 'action_delay_steps': 0, 'theta_bias': 0.0015306128128217222, 'alpha_bias': -0.002913151976848397, 'theta_sigma': 0.0007905367867843761, 'alpha_sigma': 0.004159003332231716, 'theta_dot_sigma': 0.029072733928662872, 'alpha_dot_sigma': 0.04549890451220428, 'encoder_quantization_rad': 0.00013199790146219153, 'velocity_lpf': 0.25, 'process_theta_dot_sigma': 0.0, 'process_alpha_dot_sigma': 0.0}"
3172000,3,randomization_0.30,0.3,"{'level': 0.3, 'physical': {'g': 9.939429789994906, 'c_theta': 0.04359638818097165, 'c_alpha': 0.001997129234166876, 'k_t': 0.22707137645114994, 'k_b': 0.1783397511534299, 'k_u': 0.04632085634068475, 'R': 4.249849694137804, 'm1': 0.2002430938219637, 'm2': 0.16007358357994475, 'l1cg': 0.08339691303023523, 'l1': 0.15484984854577605, 'l2cg': 0.06440715294391673, 'I1z': 0.00044541358493131684, 'I2x': 0.00035875543079695344, 'I2y': 2.2650079079075697e-05, 'I2z': 0.00042120487508047456}, 'init_theta_std_deg': 5.899502568255301, 'init_alpha_std_deg': 7.420925933126799, 'init_theta_dot_std': 0.40275819182793865, 'init_alpha_dot_std': 0.5168883004562724, 'pwm_limit': 141.0694423249698, 'pwm_gain': 1.021573320240063, 'pwm_bias': -0.3452349479889298, 'pwm_deadzone': 2.4830478408098697, 'pwm_noise_sigma': 0.06385070880397621, 'actuator_tau': 0.004512286191076232, 'action_delay_steps': 0, 'theta_bias': -0.0003090373978390288, 'alpha_bias': 0.0020736123455860575, 'theta_sigma': 0.00027540421286006565, 'alpha_sigma': 0.005722346245878367, 'theta_dot_sigma': 0.01675996250766982, 'alpha_dot_sigma': 0.061345107553029424, 'encoder_quantization_rad': 0.0002116183035807367, 'velocity_lpf': 0.25, 'process_theta_dot_sigma': 0.0, 'process_alpha_dot_sigma': 0.0}"
3174000,3,randomization_0.30,0.3,"{'level': 0.3, 'physical': {'g': 9.875001145569392, 'c_theta': 0.037723214350338374, 'c_alpha': 0.001626556456599116, 'k_t': 0.22553191462724528, 'k_b': 0.19853268726527654, 'k_u': 0.04284275353981266, 'R': 4.086704630339744, 'm1': 0.2043887436295266, 'm2': 0.15811922773149917, 'l1cg': 0.08110037778113272, 'l1': 0.15446815164669614, 'l2cg': 0.06671257253778293, 'I1z': 0.0005868852094313258, 'I2x': 0.00037029168545351423, 'I2y': 2.7171848739642347e-05, 'I2z': 0.0004440942158983493}, 'init_theta_std_deg': 6.380592841445628, 'init_alpha_std_deg': 7.213225715386976, 'init_theta_dot_std': 0.2151297741204747, 'init_alpha_dot_std': 0.6598039034135744, 'pwm_limit': 146.93725502496534, 'pwm_gain': 1.011257849065504, 'pwm_bias': -0.5918934129719055, 'pwm_deadzone': 1.4014283867871478, 'pwm_noise_sigma': 0.019011304636531643, 'actuator_tau': 0.00809524021206967, 'action_delay_steps': 0, 'theta_bias': -0.0005390195887719152, 'alpha_bias': 0.0026352982680865303, 'theta_sigma': 0.00036450018566279495, 'alpha_sigma': 0.001163081486028115, 'theta_dot_sigma': 0.06358127501496733, 'alpha_dot_sigma': 0.030412621759328098, 'encoder_quantization_rad': 0.00014018814612627302, 'velocity_lpf': 0.2547129991811306, 'process_theta_dot_sigma': 0.0, 'process_alpha_dot_sigma': 0.0}"
3176000,3,randomization_0.30,0.3,"{'level': 0.3, 'physical': {'g': 9.697180165186728, 'c_theta': 0.03851653611370166, 'c_alpha': 0.0009867095471119294, 'k_t': 0.23471519111158431, 'k_b': 0.19373195196002535, 'k_u': 0.05088737216884928, 'R': 4.457711966031648, 'm1': 0.21122450345749968, 'm2': 0.16513865332929914, 'l1cg': 0.08285393491721792, 'l1': 0.15050822027222863, 'l2cg': 0.06899211351452778, 'I1z': 0.0005436884344094542, 'I2x': 0.0003776880868111316, 'I2y': 2.3194950819865986e-05, 'I2z': 0.00038128343212508404}, 'init_theta_std_deg': 4.766629696792951, 'init_alpha_std_deg': 9.334565507527172, 'init_theta_dot_std': 0.052130409579361166, 'init_alpha_dot_std': 0.13524494166149478, 'pwm_limit': 148.31390761134705, 'pwm_gain': 1.0011162972212846, 'pwm_bias': 0.7240124805906246, 'pwm_deadzone': 1.116322329485872, 'pwm_noise_sigma': 0.13382583697946962, 'actuator_tau': 0.005346772605492023, 'action_delay_steps': 0, 'theta_bias': -0.0010244434310855356, 'alpha_bias': -0.0021514323356049895, 'theta_sigma': 0.00040270096492841785, 'alpha_sigma': 0.0017713214844112602, 'theta_dot_sigma': 0.055600172804869036, 'alpha_dot_sigma': 0.17838358470217883, 'encoder_quantization_rad': 0.00025961519036059284, 'velocity_lpf': 0.25, 'process_theta_dot_sigma': 0.0, 'process_alpha_dot_sigma': 0.0}"
3178000,3,randomization_0.30,0.3,"{'level': 0.3, 'physical': {'g': 9.753945780094686, 'c_theta': 0.04097140574498129, 'c_alpha': 0.0018804700510325714, 'k_t': 0.22830035650144934, 'k_b': 0.1797896921007908, 'k_u': 0.046025455529446854, 'R': 4.385390072399657, 'm1': 0.19126695522251327, 'm2': 0.16276343794223935, 'l1cg': 0.07759725243460835, 'l1': 0.1527738029487719, 'l2cg': 0.06355235765914483, 'I1z': 0.0005601896036932748, 'I2x': 0.0003841818350156443, 'I2y': 2.7052277072771317e-05, 'I2z': 0.00036857437332349347}, 'init_theta_std_deg': 4.637168513741953, 'init_alpha_std_deg': 8.762815367744029, 'init_theta_dot_std': 0.13616051552040928, 'init_alpha_dot_std': 0.222351541997943, 'pwm_limit': 151.3033859203441, 'pwm_gain': 0.9704487727134881, 'pwm_bias': 0.18290642299400783, 'pwm_deadzone': 1.6437597291922084, 'pwm_noise_sigma': 0.4106893459356864, 'actuator_tau': 0.0032551418032828808, 'action_delay_steps': 0, 'theta_bias': 4.461186116935778e-05, 'alpha_bias': -0.0007333547914559162, 'theta_sigma': 0.0005643548916178305, 'alpha_sigma': 0.005594302505156042, 'theta_dot_sigma': 0.029203729352543804, 'alpha_dot_sigma': 0.1030419486067613, 'encoder_quantization_rad': 0.00012536132102567238, 'velocity_lpf': 0.25, 'process_theta_dot_sigma': 0.0, 'process_alpha_dot_sigma': 0.0}"
3180000,3,randomization_0.30,0.3,"{'level': 0.3, 'physical': {'g': 9.722814355959793, 'c_theta': 0.025335458961948266, 'c_alpha': 0.0018978025787359434, 'k_t': 0.2267203420698927, 'k_b': 0.17955265289808464, 'k_u': 0.04933667738144519, 'R': 4.211668669523358, 'm1': 0.19111161414548197, 'm2': 0.1616162634297694, 'l1cg': 0.08156905806897351, 'l1': 0.1519360978608038, 'l2cg': 0.06559564355157547, 'I1z': 0.0004899198606303494, 'I2x': 0.00036019073749813594, 'I2y': 2.8755368832967662e-05, 'I2z': 0.0003612876579320231}, 'init_theta_std_deg': 4.293243135923527, 'init_alpha_std_deg': 9.411444088222167, 'init_theta_dot_std': 0.37543206973700693, 'init_alpha_dot_std': 0.03380400642783285, 'pwm_limit': 147.356646758883, 'pwm_gain': 1.0083514484631, 'pwm_bias': 0.55018770471857, 'pwm_deadzone': 2.2667439327915013, 'pwm_noise_sigma': 0.1397206506992406, 'actuator_tau': 0.0013429270333908394, 'action_delay_steps': 0, 'theta_bias': 0.0002745793999000792, 'alpha_bias': 0.0002021025021399275, 'theta_sigma': 0.0012881721237021225, 'alpha_sigma': 0.0032693513799119988, 'theta_dot_sigma': 0.09261440243942136, 'alpha_dot_sigma': 0.10623505783905382, 'encoder_quantization_rad': 0.00012120704843567471, 'velocity_lpf': 0.25, 'process_theta_dot_sigma': 0.0, 'process_alpha_dot_sigma': 0.0}"
3182000,3,randomization_0.30,0.3,"{'level': 0.3, 'physical': {'g': 9.734182673440895, 'c_theta': 0.025682255671713103, 'c_alpha': 0.0013132270387184882, 'k_t': 0.23950184557428456, 'k_b': 0.17372671539957363, 'k_u': 0.04509314397791331, 'R': 4.444867378617089, 'm1': 0.21299349566644532, 'm2': 0.1531444009865478, 'l1cg': 0.08210594472454198, 'l1': 0.14873083854987185, 'l2cg': 0.06962662439866892, 'I1z': 0.0004558526775498809, 'I2x': 0.0003767401966169899, 'I2y': 2.4417269684479653e-05, 'I2z': 0.00043137037224947813}, 'init_theta_std_deg': 4.530421345313083, 'init_alpha_std_deg': 8.774504041319306, 'init_theta_dot_std': 0.05754906156589559, 'init_alpha_dot_std': 0.6958938978629684, 'pwm_limit': 143.78643240439564, 'pwm_gain': 0.9908945126539094, 'pwm_bias': 0.7305599816695506, 'pwm_deadzone': 2.968242486910527, 'pwm_noise_sigma': 0.21494435246530966, 'actuator_tau': 0.0046192400865063465, 'action_delay_steps': 0, 'theta_bias': -0.00020248422394991672, 'alpha_bias': -0.0013554970966678157, 'theta_sigma': 0.00048574389885012726, 'alpha_sigma': 0.0030462675917032472, 'theta_dot_sigma': 0.05505513098179794, 'alpha_dot_sigma': 0.007945674454682673, 'encoder_quantization_rad': 0.0002476591894090653, 'velocity_lpf': 0.2647203088609538, 'process_theta_dot_sigma': 0.0, 'process_alpha_dot_sigma': 0.0}"
3184000,3,randomization_0.30,0.3,"{'level': 0.3, 'physical': {'g': 9.692147799889435, 'c_theta': 0.04032848333534533, 'c_alpha': 0.0012292730449147205, 'k_t': 0.22690096844283497, 'k_b': 0.18837981842177448, 'k_u': 0.04568671560737338, 'R': 4.457406890431006, 'm1': 0.19302468818312823, 'm2': 0.15375470697821747, 'l1cg': 0.07930276353072596, 'l1': 0.15068903428751063, 'l2cg': 0.07053756078262223, 'I1z': 0.0005637014212840243, 'I2x': 0.0003624228535333159, 'I2y': 2.2464356306911358e-05, 'I2z': 0.00036722979268815953}, 'init_theta_std_deg': 6.186644074792751, 'init_alpha_std_deg': 7.865691330397056, 'init_theta_dot_std': 0.41128879624262665, 'init_alpha_dot_std': 0.6473701368635388, 'pwm_limit': 146.72972546097395, 'pwm_gain': 1.01098127686005, 'pwm_bias': 1.0730966270563413, 'pwm_deadzone': 0.8001626918305194, 'pwm_noise_sigma': 0.36126917209045734, 'actuator_tau': 0.008696292341439113, 'action_delay_steps': 0, 'theta_bias': -0.00021072474791426134, 'alpha_bias': 0.0002413247943431143, 'theta_sigma': 0.0006400025796282857, 'alpha_sigma': 0.004244327083364104, 'theta_dot_sigma': 0.10138419679005775, 'alpha_dot_sigma': 0.13809963017037438, 'encoder_quantization_rad': 6.619129420697885e-05, 'velocity_lpf': 0.25, 'process_theta_dot_sigma': 0.0, 'process_alpha_dot_sigma': 0.0}"
3186000,3,randomization_0.30,0.3,"{'level': 0.3, 'physical': {'g': 9.693324087484372, 'c_theta': 0.027611703672519167, 'c_alpha': 0.0019978568536020477, 'k_t': 0.2453755034069244, 'k_b': 0.18283601112712294, 'k_u': 0.043795939669207626, 'R': 4.538699706745651, 'm1': 0.19567853473014152, 'm2': 0.16271896606376418, 'l1cg': 0.08208871445678251, 'l1': 0.1562086529186158, 'l2cg': 0.07006041783033927, 'I1z': 0.00044679576845993685, 'I2x': 0.00036848934182658684, 'I2y': 2.09093302779239e-05, 'I2z': 0.0004291002842198869}, 'init_theta_std_deg': 5.61219544336491, 'init_alpha_std_deg': 8.473997892555937, 'init_theta_dot_std': 0.2586891814599878, 'init_alpha_dot_std': 0.270959370218577, 'pwm_limit': 142.38462289361672, 'pwm_gain': 0.9775399682868782, 'pwm_bias': -0.7757997646809819, 'pwm_deadzone': 0.4334720589519936, 'pwm_noise_sigma': 0.34394527380930945, 'actuator_tau': 0.0017854030972126332, 'action_delay_steps': 0, 'theta_bias': -0.00040316267223617833, 'alpha_bias': 0.0006975574120778769, 'theta_sigma': 0.0012947374878559683, 'alpha_sigma': 0.003421341905407898, 'theta_dot_sigma': 0.10185517120360041, 'alpha_dot_sigma': 0.08363649873236238, 'encoder_quantization_rad': 4.060521632059711e-05, 'velocity_lpf': 0.25, 'process_theta_dot_sigma': 0.0, 'process_alpha_dot_sigma': 0.0}"
3188000,3,randomization_0.30,0.3,"{'level': 0.3, 'physical': {'g': 9.862433226388891, 'c_theta': 0.02875710696744573, 'c_alpha': 0.0008873216015260911, 'k_t': 0.22522084778810794, 'k_b': 0.17547244694643044, 'k_u': 0.0448037692012454, 'R': 4.202830079287595, 'm1': 0.207398406707979, 'm2': 0.16107044181501531, 'l1cg': 0.08057371808493267, 'l1': 0.15476266462264, 'l2cg': 0.06696667170337303, 'I1z': 0.0005705554481061269, 'I2x': 0.00035881338776597534, 'I2y': 2.174688720508649e-05, 'I2z': 0.00036448441735291947}, 'init_theta_std_deg': 6.033596825720496, 'init_alpha_std_deg': 7.121736286509063, 'init_theta_dot_std': 0.32601146287121097, 'init_alpha_dot_std': 0.6505327797203347, 'pwm_limit': 141.24434466703102, 'pwm_gain': 0.982483540089638, 'pwm_bias': -0.44436759063278825, 'pwm_deadzone': 1.663170293784228, 'pwm_noise_sigma': 0.12659346173249644, 'actuator_tau': 0.006845300612680069, 'action_delay_steps': 0, 'theta_bias': -0.0008251804368110862, 'alpha_bias': 0.001033990850189836, 'theta_sigma': 0.0006343386214508444, 'alpha_sigma': 0.0020425409158892935, 'theta_dot_sigma': 0.017279462983361853, 'alpha_dot_sigma': 0.07728574928642189, 'encoder_quantization_rad': 0.0003678663097822706, 'velocity_lpf': 0.25, 'process_theta_dot_sigma': 0.0, 'process_alpha_dot_sigma': 0.0}"
3190000,3,randomization_0.30,0.3,"{'level': 0.3, 'physical': {'g': 9.902180158102901, 'c_theta': 0.03911138211867539, 'c_alpha': 0.001247218837767352, 'k_t': 0.2265211872692311, 'k_b': 0.18512577403176556, 'k_u': 0.04951725048473719, 'R': 4.079686714694017, 'm1': 0.20544364888934533, 'm2': 0.1612748724472807, 'l1cg': 0.0806451124224536, 'l1': 0.1561234512505783, 'l2cg': 0.06626236615862587, 'I1z': 0.000510539627445279, 'I2x': 0.0003731558212189555, 'I2y': 2.5862059848930737e-05, 'I2z': 0.00043233679937494305}, 'init_theta_std_deg': 4.773882823172859, 'init_alpha_std_deg': 8.901949475060523, 'init_theta_dot_std': 0.05406205432922302, 'init_alpha_dot_std': 0.43932977671017476, 'pwm_limit': 144.2541120631224, 'pwm_gain': 0.9973844676936546, 'pwm_bias': -1.0445146891233752, 'pwm_deadzone': 0.5186378678346931, 'pwm_noise_sigma': 0.017292017609227914, 'actuator_tau': 0.005776253305132814, 'action_delay_steps': 0, 'theta_bias': -0.00037850917760507953, 'alpha_bias': -0.0026181889818120527, 'theta_sigma': 0.0013791445328750502, 'alpha_sigma': 0.00551748285631526, 'theta_dot_sigma': 0.01735694189519046, 'alpha_dot_sigma': 0.054414791921076275, 'encoder_quantization_rad': 6.979705588602787e-05, 'velocity_lpf': 0.25, 'process_theta_dot_sigma': 0.0, 'process_alpha_dot_sigma': 0.0}"
3192000,3,randomization_0.30,0.3,"{'level': 0.3, 'physical': {'g': 9.93363075835078, 'c_theta': 0.0389458639349336, 'c_alpha': 0.0015538446822091988, 'k_t': 0.2385409550928928, 'k_b': 0.18804728222188713, 'k_u': 0.0452841831968439, 'R': 4.327312503491421, 'm1': 0.19411031403387485, 'm2': 0.16536782560925004, 'l1cg': 0.07698441774360072, 'l1': 0.1504408782030468, 'l2cg': 0.06889296598059265, 'I1z': 0.0004887069147349311, 'I2x': 0.0003907515601561454, 'I2y': 2.7103515782242882e-05, 'I2z': 0.000372478128651518}, 'init_theta_std_deg': 4.142099153274076, 'init_alpha_std_deg': 7.729544383070894, 'init_theta_dot_std': 0.13067324368419037, 'init_alpha_dot_std': 0.4951464595139795, 'pwm_limit': 142.00500697509432, 'pwm_gain': 0.9988132837767054, 'pwm_bias': 0.5735188716863966, 'pwm_deadzone': 0.2474135570251622, 'pwm_noise_sigma': 0.3075081527164289, 'actuator_tau': 0.004783951926114492, 'action_delay_steps': 0, 'theta_bias': 0.0018404012567372042, 'alpha_bias': 0.000435925193107096, 'theta_sigma': 0.0002632659653964964, 'alpha_sigma': 0.004189653688042551, 'theta_dot_sigma': 0.013205353511112091, 'alpha_dot_sigma': 0.034704302959910775, 'encoder_quantization_rad': 0.0002785487808968068, 'velocity_lpf': 0.25, 'process_theta_dot_sigma': 0.0, 'process_alpha_dot_sigma': 0.0}"
3194000,3,randomization_0.30,0.3,"{'level': 0.3, 'physical': {'g': 9.679136776615962, 'c_theta': 0.024540895397290305, 'c_alpha': 0.0019476020815411429, 'k_t': 0.23144945852050228, 'k_b': 0.19905771353893603, 'k_u': 0.048885049452672434, 'R': 4.577934482173173, 'm1': 0.1997149208782174, 'm2': 0.15717417663395908, 'l1cg': 0.07703911282247722, 'l1': 0.1527753409780431, 'l2cg': 0.062139921114601704, 'I1z': 0.0005634771255238108, 'I2x': 0.00038157274726307547, 'I2y': 2.1416768080429895e-05, 'I2z': 0.00032313807388305787}, 'init_theta_std_deg': 5.636455401248482, 'init_alpha_std_deg': 9.644378075873837, 'init_theta_dot_std': 0.16503113295849722, 'init_alpha_dot_std': 0.6139188641016909, 'pwm_limit': 149.46028263708942, 'pwm_gain': 1.002017135328534, 'pwm_bias': 0.3703300054146269, 'pwm_deadzone': 2.5933739191828105, 'pwm_noise_sigma': 0.21788384833268276, 'actuator_tau': 0.002201789347775834, 'action_delay_steps': 0, 'theta_bias': -0.0020848047230504984, 'alpha_bias': -0.0008611450817822323, 'theta_sigma': 0.0010032422323615045, 'alpha_sigma': 0.0014421161735810842, 'theta_dot_sigma': 0.07209441913594898, 'alpha_dot_sigma': 0.09493030547628663, 'encoder_quantization_rad': 0.0003783354923427839, 'velocity_lpf': 0.25, 'process_theta_dot_sigma': 0.0, 'process_alpha_dot_sigma': 0.0}"
3196000,3,randomization_0.30,0.3,"{'level': 0.3, 'physical': {'g': 9.846424803910228, 'c_theta': 0.026301023356139094, 'c_alpha': 0.001064522788226881, 'k_t': 0.24608754510470374, 'k_b': 0.17750006922918668, 'k_u': 0.047611592012754486, 'R': 4.192157542678465, 'm1': 0.19694666133843391, 'm2': 0.16160554392815044, 'l1cg': 0.08246581215536106, 'l1': 0.1528972144956268, 'l2cg': 0.06533059596419573, 'I1z': 0.00047856889708391406, 'I2x': 0.00037184991243730545, 'I2y': 2.748681438505553e-05, 'I2z': 0.0004018432479203167}, 'init_theta_std_deg': 5.707708539020506, 'init_alpha_std_deg': 10.21228237628808, 'init_theta_dot_std': 0.015586027540845442, 'init_alpha_dot_std': 0.6553140433557466, 'pwm_limit': 147.4510773417294, 'pwm_gain': 0.9775172794158458, 'pwm_bias': 0.4412171182502268, 'pwm_deadzone': 0.73724459623118, 'pwm_noise_sigma': 0.07089803671966408, 'actuator_tau': 0.0016056817899964264, 'action_delay_steps': 0, 'theta_bias': 0.0013541006643152803, 'alpha_bias': 0.002778795632391759, 'theta_sigma': 0.00016370083195094942, 'alpha_sigma': 0.0009960805084556676, 'theta_dot_sigma': 0.10310524301383979, 'alpha_dot_sigma': 0.14007493794156595, 'encoder_quantization_rad': 0.0003209899885489519, 'velocity_lpf': 0.25, 'process_theta_dot_sigma': 0.0, 'process_alpha_dot_sigma': 0.0}"
3198000,3,randomization_0.30,0.3,"{'level': 0.3, 'physical': {'g': 9.79832471090934, 'c_theta': 0.030840034880105588, 'c_alpha': 0.0011384242904346872, 'k_t': 0.23600101878734236, 'k_b': 0.19106921186292647, 'k_u': 0.04289740179749129, 'R': 4.170147514481331, 'm1': 0.19496023643903854, 'm2': 0.1535938245796611, 'l1cg': 0.07832359973803811, 'l1': 0.15381512531772648, 'l2cg': 0.06199258187541093, 'I1z': 0.00045138343418294727, 'I2x': 0.00038251326133069636, 'I2y': 2.7945660714828292e-05, 'I2z': 0.0004236118987014702}, 'init_theta_std_deg': 4.337154644742279, 'init_alpha_std_deg': 10.093967512738555, 'init_theta_dot_std': 0.18993207529842296, 'init_alpha_dot_std': 0.5135053000575277, 'pwm_limit': 142.13146142230516, 'pwm_gain': 0.9741221466321932, 'pwm_bias': -0.29063437150561233, 'pwm_deadzone': 0.8191943715003767, 'pwm_noise_sigma': 0.12892121456794114, 'actuator_tau': 0.003048147437096173, 'action_delay_steps': 0, 'theta_bias': -0.002184267065794354, 'alpha_bias': -0.00010373631879861724, 'theta_sigma': 0.0014895387076126112, 'alpha_sigma': 0.00580843933632974, 'theta_dot_sigma': 0.0813788618948235, 'alpha_dot_sigma': 0.1251848530750029, 'encoder_quantization_rad': 9.372517006056408e-05, 'velocity_lpf': 0.25, 'process_theta_dot_sigma': 0.0, 'process_alpha_dot_sigma': 0.0}"
3200000,3,randomization_0.30,0.3,"{'level': 0.3, 'physical': {'g': 9.873061383957577, 'c_theta': 0.02040567869517664, 'c_alpha': 0.0011146035505939812, 'k_t': 0.22446599656922783, 'k_b': 0.18427678147712048, 'k_u': 0.04576104123554724, 'R': 4.526837671147673, 'm1': 0.19816937011696983, 'm2': 0.15560729573429383, 'l1cg': 0.083651014111452, 'l1': 0.153047122329726, 'l2cg': 0.0690751804528297, 'I1z': 0.0005952513849019684, 'I2x': 0.00034876929837991775, 'I2y': 2.4485541102323244e-05, 'I2z': 0.0003352809921073619}, 'init_theta_std_deg': 5.029478300720622, 'init_alpha_std_deg': 8.675883955391912, 'init_theta_dot_std': 0.019767829597660467, 'init_alpha_dot_std': 0.7110280602386442, 'pwm_limit': 149.10058428987787, 'pwm_gain': 0.9877238649899278, 'pwm_bias': 1.0094139666329627, 'pwm_deadzone': 2.05977000217365, 'pwm_noise_sigma': 0.1957332881525334, 'actuator_tau': 0.00043940107028731364, 'action_delay_steps': 0, 'theta_bias': 0.00270419149048268, 'alpha_bias': 0.0028003667548746887, 'theta_sigma': 0.0004994352390747673, 'alpha_sigma': 0.0021006003521310134, 'theta_dot_sigma': 0.06930170018320704, 'alpha_dot_sigma': 0.13787165294435602, 'encoder_quantization_rad': 5.6211991417781714e-05, 'velocity_lpf': 0.25, 'process_theta_dot_sigma': 0.0, 'process_alpha_dot_sigma': 0.0}"
3202000,3,randomization_0.30,0.3,"{'level': 0.3, 'physical': {'g': 9.689151005937017, 'c_theta': 0.041089739264309644, 'c_alpha': 0.0016845321436779405, 'k_t': 0.23356917532845634, 'k_b': 0.19221036311872972, 'k_u': 0.04975345348567417, 'R': 4.191641764670991, 'm1': 0.19180449682233344, 'm2': 0.16555968652231526, 'l1cg': 0.08097739307352127, 'l1': 0.15426920674594746, 'l2cg': 0.06964237081762631, 'I1z': 0.0005592111677172051, 'I2x': 0.0003605373646593423, 'I2y': 2.479083824951889e-05, 'I2z': 0.00038787999570815573}, 'init_theta_std_deg': 5.016940967764828, 'init_alpha_std_deg': 7.037115228838528, 'init_theta_dot_std': 0.3903102775352976, 'init_alpha_dot_std': 0.38966687539061234, 'pwm_limit': 152.21786217759967, 'pwm_gain': 1.0035056531097264, 'pwm_bias': 0.06601169931983443, 'pwm_deadzone': 0.35082156808069376, 'pwm_noise_sigma': 0.5042774532825802, 'actuator_tau': 0.0010096832784608856, 'action_delay_steps': 0, 'theta_bias': 0.002415072062106064, 'alpha_bias': 0.00010455830034501439, 'theta_sigma': 0.0012731919170825034, 'alpha_sigma': 0.005447927301595023, 'theta_dot_sigma': 0.061364607236509, 'alpha_dot_sigma': 0.10320136251279086, 'encoder_quantization_rad': 0.00013873302195687316, 'velocity_lpf': 0.25, 'process_theta_dot_sigma': 0.0, 'process_alpha_dot_sigma': 0.0}"
3204000,3,randomization_0.30,0.3,"{'level': 0.3, 'physical': {'g': 9.696301478737142, 'c_theta': 0.04357187709303724, 'c_alpha': 0.0011424294751081084, 'k_t': 0.22805306224626265, 'k_b': 0.18932345909487522, 'k_u': 0.050599838604002995, 'R': 4.511452375545855, 'm1': 0.20890639160389243, 'm2': 0.1588016719649301, 'l1cg': 0.08123121613611771, 'l1': 0.1492032999294842, 'l2cg': 0.06400462748640759, 'I1z': 0.0005274035076588046, 'I2x': 0.0003747500870660806, 'I2y': 2.08012444598437e-05, 'I2z': 0.00033233430301503417}, 'init_theta_std_deg': 4.427310667954774, 'init_alpha_std_deg': 8.195960873397295, 'init_theta_dot_std': 0.3645815196092019, 'init_alpha_dot_std': 0.5634245129749431, 'pwm_limit': 145.46789143188562, 'pwm_gain': 0.9819623659316525, 'pwm_bias': 0.5513936472636172, 'pwm_deadzone': 0.07635498231200155, 'pwm_noise_sigma': 0.35651465842167, 'actuator_tau': 0.007945724744047603, 'action_delay_steps': 0, 'theta_bias': -0.001788355467387107, 'alpha_bias': -0.002563441618884686, 'theta_sigma': 0.0007881542780629343, 'alpha_sigma': 0.0012519201086259684, 'theta_dot_sigma': 0.061878165893981034, 'alpha_dot_sigma': 0.018312013367030863, 'encoder_quantization_rad': 0.0003831136588275235, 'velocity_lpf': 0.25, 'process_theta_dot_sigma': 0.0, 'process_alpha_dot_sigma': 0.0}"
3206000,3,randomization_0.30,0.3,"{'level': 0.3, 'physical': {'g': 9.80648482061686, 'c_theta': 0.022637115109664478, 'c_alpha': 0.0013079947014153488, 'k_t': 0.2193250885562805, 'k_b': 0.19708068757021757, 'k_u': 0.04934617642422782, 'R': 4.413058611081241, 'm1': 0.1913300478473817, 'm2': 0.15705489149526927, 'l1cg': 0.08045484266446458, 'l1': 0.14899738366081228, 'l2cg': 0.0690142880480846, 'I1z': 0.0004614920401822328, 'I2x': 0.00037001367984106813, 'I2y': 2.8004473743894664e-05, 'I2z': 0.00032931877689038107}, 'init_theta_std_deg': 5.574764198854864, 'init_alpha_std_deg': 7.511429674630608, 'init_theta_dot_std': 0.16436273956348021, 'init_alpha_dot_std': 0.056211038918768136, 'pwm_limit': 148.49541364389844, 'pwm_gain': 1.0289831334542423, 'pwm_bias': 0.7040608287707585, 'pwm_deadzone': 0.2063243092781597, 'pwm_noise_sigma': 0.4618292627486802, 'actuator_tau': 0.0031753465125765527, 'action_delay_steps': 0, 'theta_bias': -0.0022712473617295154, 'alpha_bias': 0.0034501299648196644, 'theta_sigma': 0.0003633794681613977, 'alpha_sigma': 0.002038546369944323, 'theta_dot_sigma': 0.016718555324479283, 'alpha_dot_sigma': 0.09307556754527806, 'encoder_quantization_rad': 6.335141017998583e-05, 'velocity_lpf': 0.25, 'process_theta_dot_sigma': 0.0, 'process_alpha_dot_sigma': 0.0}"
3208000,3,randomization_0.30,0.3,"{'level': 0.3, 'physical': {'g': 9.6925771458959, 'c_theta': 0.04048017861811036, 'c_alpha': 0.002000838081337603, 'k_t': 0.21570625384708683, 'k_b': 0.1743027928136392, 'k_u': 0.04958431242197839, 'R': 4.121387476844388, 'm1': 0.20465405946494536, 'm2': 0.15651479186555078, 'l1cg': 0.0828010746401247, 'l1': 0.15553123215252354, 'l2cg': 0.06812786989622449, 'I1z': 0.0005178633654611765, 'I2x': 0.00036414827998624774, 'I2y': 2.724492686845288e-05, 'I2z': 0.0003206368419793394}, 'init_theta_std_deg': 5.991738535518464, 'init_alpha_std_deg': 8.53021603931397, 'init_theta_dot_std': 0.07217588656896205, 'init_alpha_dot_std': 0.15266577245824503, 'pwm_limit': 150.67758606538249, 'pwm_gain': 0.9745495182061964, 'pwm_bias': -0.453464301542118, 'pwm_deadzone': 2.730889445314009, 'pwm_noise_sigma': 0.25783951981401104, 'actuator_tau': 0.008864138070256138, 'action_delay_steps': 0, 'theta_bias': 0.00298575694156332, 'alpha_bias': 0.0015996602741685639, 'theta_sigma': 0.00018751568114583735, 'alpha_sigma': 0.0048247951051257135, 'theta_dot_sigma': 0.08623718610742268, 'alpha_dot_sigma': 0.10430591724454256, 'encoder_quantization_rad': 0.00041706016819915325, 'velocity_lpf': 0.25, 'process_theta_dot_sigma': 0.0, 'process_alpha_dot_sigma': 0.0}"
3210000,3,randomization_0.30,0.3,"{'level': 0.3, 'physical': {'g': 9.653161295123727, 'c_theta': 0.0356368422999408, 'c_alpha': 0.0010407260345400883, 'k_t': 0.2175833614392216, 'k_b': 0.18856858371064028, 'k_u': 0.05109257116685381, 'R': 4.192030059447842, 'm1': 0.21399960831053882, 'm2': 0.1586013118654337, 'l1cg': 0.08200989201681538, 'l1': 0.14878138669453161, 'l2cg': 0.06491319185388651, 'I1z': 0.0004762103547715021, 'I2x': 0.00035379771252920837, 'I2y': 2.3988783722849687e-05, 'I2z': 0.00042029002375079807}, 'init_theta_std_deg': 4.760808308841554, 'init_alpha_std_deg': 7.379290964243366, 'init_theta_dot_std': 0.42680907032399457, 'init_alpha_dot_std': 0.549143140743982, 'pwm_limit': 142.6319465914625, 'pwm_gain': 1.0091989931600995, 'pwm_bias': -0.6473379134856824, 'pwm_deadzone': 1.2199609369251805, 'pwm_noise_sigma': 0.423090908571062, 'actuator_tau': 0.0038558913198344703, 'action_delay_steps': 0, 'theta_bias': -0.0011399890446966013, 'alpha_bias': -0.0023351662328343317, 'theta_sigma': 0.0009835107474413381, 'alpha_sigma': 0.0037020892124111503, 'theta_dot_sigma': 0.07788615855567475, 'alpha_dot_sigma': 0.05893344157867735, 'encoder_quantization_rad': 8.296800326807363e-05, 'velocity_lpf': 0.2577643497144323, 'process_theta_dot_sigma': 0.0, 'process_alpha_dot_sigma': 0.0}"
3212000,3,randomization_0.30,0.3,"{'level': 0.3, 'physical': {'g': 9.940008180852773, 'c_theta': 0.02967336647467993, 'c_alpha': 0.0009087550279263849, 'k_t': 0.23102631083864192, 'k_b': 0.19152760144986264, 'k_u': 0.04954308875478326, 'R': 4.034514013823865, 'm1': 0.20082002853760264, 'm2': 0.15790403255747226, 'l1cg': 0.07680496784466526, 'l1': 0.14898083315107163, 'l2cg': 0.062081985147091054, 'I1z': 0.0004449500560320771, 'I2x': 0.000375820725114317, 'I2y': 2.2898595247943733e-05, 'I2z': 0.0003073044007170434}, 'init_theta_std_deg': 5.039922752088166, 'init_alpha_std_deg': 9.434160193515233, 'init_theta_dot_std': 0.2789307558054553, 'init_alpha_dot_std': 0.5967170692649852, 'pwm_limit': 144.82425617395154, 'pwm_gain': 1.0076423386537976, 'pwm_bias': -0.48077425808494423, 'pwm_deadzone': 0.16968538255981902, 'pwm_noise_sigma': 0.5703970647178588, 'actuator_tau': 0.001708012845212242, 'action_delay_steps': 0, 'theta_bias': 0.002503400568130544, 'alpha_bias': -0.0024880549713205665, 'theta_sigma': 0.00028708960438682306, 'alpha_sigma': 0.0011128588717364246, 'theta_dot_sigma': 0.0632314115454569, 'alpha_dot_sigma': 0.07427717183351461, 'encoder_quantization_rad': 0.00019602030360082366, 'velocity_lpf': 0.2501183621138371, 'process_theta_dot_sigma': 0.0, 'process_alpha_dot_sigma': 0.0}"
3214000,3,randomization_0.30,0.3,"{'level': 0.3, 'physical': {'g': 9.846322411873398, 'c_theta': 0.029758378251657974, 'c_alpha': 0.0011263978107986564, 'k_t': 0.24326865025524294, 'k_b': 0.2006051234065978, 'k_u': 0.044663432389451814, 'R': 4.178601531265154, 'm1': 0.21185167848105826, 'm2': 0.1624727674826019, 'l1cg': 0.0806111880163424, 'l1': 0.1551066539415978, 'l2cg': 0.06990664372544, 'I1z': 0.0004273013130687942, 'I2x': 0.0003891736862507318, 'I2y': 2.2522363579462817e-05, 'I2z': 0.0003494178412414055}, 'init_theta_std_deg': 6.339108764645726, 'init_alpha_std_deg': 7.330559830143438, 'init_theta_dot_std': 0.2261677376210831, 'init_alpha_dot_std': 0.4648589623016723, 'pwm_limit': 142.56185967629543, 'pwm_gain': 1.0294468919555548, 'pwm_bias': -0.8601206398231237, 'pwm_deadzone': 2.352823125773632, 'pwm_noise_sigma': 0.5175280041692627, 'actuator_tau': 0.0037067298573710272, 'action_delay_steps': 0, 'theta_bias': 0.0011080999021175165, 'alpha_bias': 0.002230633673357029, 'theta_sigma': 0.0016693423487306582, 'alpha_sigma': 0.0004121734824637977, 'theta_dot_sigma': 0.04667488264191522, 'alpha_dot_sigma': 0.1352158164245677, 'encoder_quantization_rad': 0.00035575791498007977, 'velocity_lpf': 0.25, 'process_theta_dot_sigma': 0.0, 'process_alpha_dot_sigma': 0.0}"
3216000,3,randomization_0.30,0.3,"{'level': 0.3, 'physical': {'g': 9.740959125369839, 'c_theta': 0.035561741077805284, 'c_alpha': 0.00201782490785132, 'k_t': 0.2379571163921907, 'k_b': 0.19954488346993215, 'k_u': 0.04974694279206648, 'R': 4.050120532654719, 'm1': 0.20585735069760142, 'm2': 0.15884671891571786, 'l1cg': 0.07744961591794444, 'l1': 0.1485351335140862, 'l2cg': 0.07120133849013541, 'I1z': 0.0005250994966672736, 'I2x': 0.00035694509643820834, 'I2y': 2.869759523937061e-05, 'I2z': 0.0004412638456950347}, 'init_theta_std_deg': 5.8350015387602365, 'init_alpha_std_deg': 9.363597848615928, 'init_theta_dot_std': 0.1916844825692829, 'init_alpha_dot_std': 0.6364753177048764, 'pwm_limit': 150.63916427023773, 'pwm_gain': 0.9702962101972465, 'pwm_bias': 0.2671431552772941, 'pwm_deadzone': 0.3420333452209654, 'pwm_noise_sigma': 0.21540332807826656, 'actuator_tau': 0.00787465951646206, 'action_delay_steps': 0, 'theta_bias': 0.0028887535456639996, 'alpha_bias': 0.0018106909398877481, 'theta_sigma': 0.0003244349515836832, 'alpha_sigma': 0.0019166465363580079, 'theta_dot_sigma': 0.09501478188534304, 'alpha_dot_sigma': 0.11458619288584249, 'encoder_quantization_rad': 9.844799043740031e-05, 'velocity_lpf': 0.2519820526910728, 'process_theta_dot_sigma': 0.0, 'process_alpha_dot_sigma': 0.0}"
3218000,3,randomization_0.30,0.3,"{'level': 0.3, 'physical': {'g': 9.903953160354048, 'c_theta': 0.027375703822012567, 'c_alpha': 0.0014413972031597022, 'k_t': 0.22279310138117472, 'k_b': 0.18940551519095206, 'k_u': 0.05127548588913863, 'R': 4.430956462505436, 'm1': 0.196083102515678, 'm2': 0.15681776811416015, 'l1cg': 0.07954301193736804, 'l1': 0.15180437305073555, 'l2cg': 0.06621230721481455, 'I1z': 0.00045598047858681274, 'I2x': 0.00036347885012033413, 'I2y': 2.0252070875492878e-05, 'I2z': 0.0003776108651994581}, 'init_theta_std_deg': 5.017459838000285, 'init_alpha_std_deg': 7.785203713561299, 'init_theta_dot_std': 0.020007062507981364, 'init_alpha_dot_std': 0.37543482674265777, 'pwm_limit': 144.5967380395107, 'pwm_gain': 0.9707795874525553, 'pwm_bias': 0.4868687339176809, 'pwm_deadzone': 2.111742911211992, 'pwm_noise_sigma': 0.03923378107250297, 'actuator_tau': 0.004809101255080482, 'action_delay_steps': 0, 'theta_bias': -0.002157091863059194, 'alpha_bias': -0.0032815817461855066, 'theta_sigma': 0.000862815419713129, 'alpha_sigma': 0.001563069063300818, 'theta_dot_sigma': 0.06467186111615399, 'alpha_dot_sigma': 0.06976301419337691, 'encoder_quantization_rad': 0.00020793921483261898, 'velocity_lpf': 0.25, 'process_theta_dot_sigma': 0.0, 'process_alpha_dot_sigma': 0.0}"
3220000,3,randomization_0.30,0.3,"{'level': 0.3, 'physical': {'g': 9.763323697390495, 'c_theta': 0.025505661706576067, 'c_alpha': 0.0016445402795714546, 'k_t': 0.23430257200151455, 'k_b': 0.17875430520299745, 'k_u': 0.04387700284983861, 'R': 4.526710793875199, 'm1': 0.20307550795717114, 'm2': 0.16313645817263822, 'l1cg': 0.08237272088935431, 'l1': 0.1515745475878802, 'l2cg': 0.06378863875645382, 'I1z': 0.00046620430929049617, 'I2x': 0.000390560094047136, 'I2y': 2.015189237267419e-05, 'I2z': 0.0003645061126466296}, 'init_theta_std_deg': 4.8959669203757565, 'init_alpha_std_deg': 8.152601356172129, 'init_theta_dot_std': 0.39371082061912765, 'init_alpha_dot_std': 0.25779771482829406, 'pwm_limit': 150.70772724304763, 'pwm_gain': 0.9743311928535472, 'pwm_bias': -0.8609357936645994, 'pwm_deadzone': 0.8467283577573557, 'pwm_noise_sigma': 0.28436811300971543, 'actuator_tau': 0.0040220802226947, 'action_delay_steps': 0, 'theta_bias': -0.0002952968143336761, 'alpha_bias': 0.002146419654787335, 'theta_sigma': 0.000816440642914654, 'alpha_sigma': 0.005636736895143016, 'theta_dot_sigma': 0.005974408360940767, 'alpha_dot_sigma': 0.06620290797846408, 'encoder_quantization_rad': 6.751558771812542e-05, 'velocity_lpf': 0.25, 'process_theta_dot_sigma': 0.0, 'process_alpha_dot_sigma': 0.0}"
3222000,3,randomization_0.30,0.3,"{'level': 0.3, 'physical': {'g': 9.709353511151916, 'c_theta': 0.02314399524531342, 'c_alpha': 0.0016157286531306467, 'k_t': 0.24346265830254782, 'k_b': 0.19803086121109575, 'k_u': 0.04990810387866229, 'R': 4.566264538685649, 'm1': 0.20844351218400586, 'm2': 0.1529881686292518, 'l1cg': 0.08063904765087257, 'l1': 0.1531204631130157, 'l2cg': 0.06687619610882453, 'I1z': 0.00044949240005617754, 'I2x': 0.00035374400258436975, 'I2y': 2.1401657948630708e-05, 'I2z': 0.00040386850777999106}, 'init_theta_std_deg': 6.273737860475262, 'init_alpha_std_deg': 9.468147964392537, 'init_theta_dot_std': 0.3738797041669406, 'init_alpha_dot_std': 0.6057631194566845, 'pwm_limit': 147.34441182018597, 'pwm_gain': 0.9957936689941832, 'pwm_bias': 0.25035689016812357, 'pwm_deadzone': 1.953977927419082, 'pwm_noise_sigma': 0.02261939674873077, 'actuator_tau': 0.004412843232430904, 'action_delay_steps': 0, 'theta_bias': -0.0014100221650397236, 'alpha_bias': -0.0030436080038556863, 'theta_sigma': 0.0010260992195975378, 'alpha_sigma': 0.004244311240378674, 'theta_dot_sigma': 0.07084234380478636, 'alpha_dot_sigma': 0.1690042887045859, 'encoder_quantization_rad': 0.00018960804326137928, 'velocity_lpf': 0.25, 'process_theta_dot_sigma': 0.0, 'process_alpha_dot_sigma': 0.0}"
3224000,3,randomization_0.30,0.3,"{'level': 0.3, 'physical': {'g': 9.754832146972946, 'c_theta': 0.026102789184068616, 'c_alpha': 0.0018639932121031493, 'k_t': 0.22103249748697165, 'k_b': 0.1843894230721722, 'k_u': 0.04424631178283848, 'R': 4.482268892542095, 'm1': 0.21517709923768896, 'm2': 0.15518802579420296, 'l1cg': 0.08261275410492167, 'l1': 0.1538782369959422, 'l2cg': 0.06821548416163095, 'I1z': 0.00044574749659598707, 'I2x': 0.00034873334524786496, 'I2y': 2.8017232017537035e-05, 'I2z': 0.00042108092978692427}, 'init_theta_std_deg': 5.569458115775435, 'init_alpha_std_deg': 9.316751676612531, 'init_theta_dot_std': 0.051085938755951306, 'init_alpha_dot_std': 0.503285520516683, 'pwm_limit': 148.17976015217818, 'pwm_gain': 1.0115700006078088, 'pwm_bias': -0.6238146318892414, 'pwm_deadzone': 0.13944889489958745, 'pwm_noise_sigma': 0.523571156468251, 'actuator_tau': 0.004382043453780143, 'action_delay_steps': 0, 'theta_bias': -0.0025249447538934484, 'alpha_bias': 0.001824601868288458, 'theta_sigma': 0.0015425749174560693, 'alpha_sigma': 0.005762490373636634, 'theta_dot_sigma': 0.05402966006834415, 'alpha_dot_sigma': 0.178848681284442, 'encoder_quantization_rad': 0.00021016056506608437, 'velocity_lpf': 0.2513552052959865, 'process_theta_dot_sigma': 0.0, 'process_alpha_dot_sigma': 0.0}"
3226000,3,randomization_0.30,0.3,"{'level': 0.3, 'physical': {'g': 9.799018079667302, 'c_theta': 0.03361030738367174, 'c_alpha': 0.001692341471806211, 'k_t': 0.24269536935136735, 'k_b': 0.1995936612899569, 'k_u': 0.0443722841327251, 'R': 4.561476430448421, 'm1': 0.2022691757147148, 'm2': 0.1558138309292222, 'l1cg': 0.07742253592684455, 'l1': 0.15432123019734048, 'l2cg': 0.07146786490255302, 'I1z': 0.0005319581100767128, 'I2x': 0.0003869569680483077, 'I2y': 2.167491762949513e-05, 'I2z': 0.00042931613985517714}, 'init_theta_std_deg': 6.414991631134981, 'init_alpha_std_deg': 8.76913494576821, 'init_theta_dot_std': 0.13010473704578596, 'init_alpha_dot_std': 0.727264445432556, 'pwm_limit': 148.59609243162984, 'pwm_gain': 0.9921013276392304, 'pwm_bias': 0.8404882142094455, 'pwm_deadzone': 2.2026613249458284, 'pwm_noise_sigma': 0.5521727537744943, 'actuator_tau': 0.00023450599809864123, 'action_delay_steps': 0, 'theta_bias': -0.002456920830070655, 'alpha_bias': 0.0013364275033466869, 'theta_sigma': 3.8297893093891534e-06, 'alpha_sigma': 0.0004011240862002714, 'theta_dot_sigma': 0.07801730947429439, 'alpha_dot_sigma': 0.10464417954093828, 'encoder_quantization_rad': 0.000314995360606532, 'velocity_lpf': 0.25, 'process_theta_dot_sigma': 0.0, 'process_alpha_dot_sigma': 0.0}"
3228000,3,randomization_0.30,0.3,"{'level': 0.3, 'physical': {'g': 9.736759438480224, 'c_theta': 0.025626805658661867, 'c_alpha': 0.001854970546340801, 'k_t': 0.22318117205352836, 'k_b': 0.18011467339353576, 'k_u': 0.04391500964669146, 'R': 4.181609132341568, 'm1': 0.19408695707367715, 'm2': 0.16385289959666718, 'l1cg': 0.07993414250895053, 'l1': 0.15150631226214012, 'l2cg': 0.06641892295405463, 'I1z': 0.0005421269501323215, 'I2x': 0.00038957415870927045, 'I2y': 2.245812289819359e-05, 'I2z': 0.0003113009120337794}, 'init_theta_std_deg': 5.59463622553389, 'init_alpha_std_deg': 9.302259301852812, 'init_theta_dot_std': 0.18696214325902819, 'init_alpha_dot_std': 0.1260181844339668, 'pwm_limit': 149.06831851212618, 'pwm_gain': 0.9931351942961278, 'pwm_bias': 0.709305847384211, 'pwm_deadzone': 2.915437300924889, 'pwm_noise_sigma': 0.22918806307026612, 'actuator_tau': 0.0037291091481876757, 'action_delay_steps': 0, 'theta_bias': 0.002478814821500225, 'alpha_bias': 0.0005933398991915502, 'theta_sigma': 0.0001731662132951121, 'alpha_sigma': 0.005435453894995437, 'theta_dot_sigma': 0.08930797457312646, 'alpha_dot_sigma': 0.015363959301416149, 'encoder_quantization_rad': 0.000277633433864148, 'velocity_lpf': 0.25, 'process_theta_dot_sigma': 0.0, 'process_alpha_dot_sigma': 0.0}"
3230000,3,randomization_0.30,0.3,"{'level': 0.3, 'physical': {'g': 9.893017371795962, 'c_theta': 0.024808922840427666, 'c_alpha': 0.0018929822710365115, 'k_t': 0.23653320168047756, 'k_b': 0.17744778119752375, 'k_u': 0.05055317903621702, 'R': 4.397774698078634, 'm1': 0.20503272711745277, 'm2': 0.1623572999300311, 'l1cg': 0.0834657624974433, 'l1': 0.15166321339083508, 'l2cg': 0.07067117672611116, 'I1z': 0.0004661679596502934, 'I2x': 0.00037692731122564876, 'I2y': 2.6131231557397783e-05, 'I2z': 0.0003823475528356452}, 'init_theta_std_deg': 6.030163152330571, 'init_alpha_std_deg': 7.4815110558109, 'init_theta_dot_std': 0.23596460886189546, 'init_alpha_dot_std': 0.2678389230138242, 'pwm_limit': 143.55132918111073, 'pwm_gain': 1.00527127386723, 'pwm_bias': 0.2361548086264813, 'pwm_deadzone': 1.276044487629174, 'pwm_noise_sigma': 0.23387818605192034, 'actuator_tau': 0.004084908201213129, 'action_delay_steps': 0, 'theta_bias': 0.0027486136201160354, 'alpha_bias': -0.002498049839621793, 'theta_sigma': 0.0005664299938388953, 'alpha_sigma': 0.0035741842279417907, 'theta_dot_sigma': 0.02867767379887293, 'alpha_dot_sigma': 0.11795971516103168, 'encoder_quantization_rad': 0.0003598763614434579, 'velocity_lpf': 0.25, 'process_theta_dot_sigma': 0.0, 'process_alpha_dot_sigma': 0.0}"
3232000,3,randomization_0.30,0.3,"{'level': 0.3, 'physical': {'g': 9.695913471802646, 'c_theta': 0.02101248916036269, 'c_alpha': 0.0016693328045154787, 'k_t': 0.21943291960100267, 'k_b': 0.1853845014711022, 'k_u': 0.04796624768790596, 'R': 4.230860793292766, 'm1': 0.19310218867699386, 'm2': 0.15316307184295047, 'l1cg': 0.07701636304643045, 'l1': 0.15419053374493463, 'l2cg': 0.07074361850976056, 'I1z': 0.00045689793900729846, 'I2x': 0.00038411768614739423, 'I2y': 2.3448198407800175e-05, 'I2z': 0.0003673833996885697}, 'init_theta_std_deg': 5.024195893029843, 'init_alpha_std_deg': 9.168174718101671, 'init_theta_dot_std': 0.31471977308992183, 'init_alpha_dot_std': 0.17340279960007757, 'pwm_limit': 151.4158146451996, 'pwm_gain': 0.9830326622939808, 'pwm_bias': -0.15180805284004978, 'pwm_deadzone': 1.0019062470072413, 'pwm_noise_sigma': 0.0013624168683962657, 'actuator_tau': 0.0051251904887134525, 'action_delay_steps': 0, 'theta_bias': -0.002587122563319985, 'alpha_bias': -0.0034809344775386126, 'theta_sigma': 0.0011362428834496385, 'alpha_sigma': 0.004569811686582269, 'theta_dot_sigma': 0.015232555431891072, 'alpha_dot_sigma': 0.06741213989085425, 'encoder_quantization_rad': 0.00019720795365966252, 'velocity_lpf': 0.24911966495497295, 'process_theta_dot_sigma': 0.0, 'process_alpha_dot_sigma': 0.0}"
3234000,3,randomization_0.30,0.3,"{'level': 0.3, 'physical': {'g': 9.915570594403595, 'c_theta': 0.021817924445637068, 'c_alpha': 0.0017900179819070946, 'k_t': 0.2215328199624085, 'k_b': 0.18055577871696155, 'k_u': 0.04893808488211876, 'R': 4.538613860805508, 'm1': 0.20704457743490262, 'm2': 0.1638526075796065, 'l1cg': 0.07885747521997272, 'l1': 0.1496884768795916, 'l2cg': 0.06882169905539665, 'I1z': 0.0005644778873656975, 'I2x': 0.0003622692643114764, 'I2y': 2.8216394640323698e-05, 'I2z': 0.00039324826886715463}, 'init_theta_std_deg': 6.344991959572831, 'init_alpha_std_deg': 9.647732740588204, 'init_theta_dot_std': 0.2792148928307137, 'init_alpha_dot_std': 0.5095357510829528, 'pwm_limit': 147.7070087985391, 'pwm_gain': 1.025756898075637, 'pwm_bias': -0.216088669527029, 'pwm_deadzone': 2.524214775218919, 'pwm_noise_sigma': 0.41131658963895984, 'actuator_tau': 0.008767844285503767, 'action_delay_steps': 0, 'theta_bias': -0.0011306911245549597, 'alpha_bias': -2.3357429349958723e-05, 'theta_sigma': 0.0007220485031377785, 'alpha_sigma': 0.005869680741344167, 'theta_dot_sigma': 0.07650462858647891, 'alpha_dot_sigma': 0.14099580488754404, 'encoder_quantization_rad': 0.0003984964007318083, 'velocity_lpf': 0.25, 'process_theta_dot_sigma': 0.0, 'process_alpha_dot_sigma': 0.0}"
3236000,3,randomization_0.30,0.3,"{'level': 0.3, 'physical': {'g': 9.762209248594457, 'c_theta': 0.02918034487460415, 'c_alpha': 0.0011558125733630723, 'k_t': 0.24063158230457538, 'k_b': 0.19479662784090865, 'k_u': 0.043762676864495746, 'R': 4.583529109861682, 'm1': 0.20771446219431622, 'm2': 0.16019890152493238, 'l1cg': 0.07789747960162276, 'l1': 0.15172177954785468, 'l2cg': 0.07126683959908109, 'I1z': 0.0004314081276633601, 'I2x': 0.00039068618247899915, 'I2y': 2.068652284256363e-05, 'I2z': 0.0003165578329897398}, 'init_theta_std_deg': 6.401922719783677, 'init_alpha_std_deg': 7.339946926838939, 'init_theta_dot_std': 0.14282584904909595, 'init_alpha_dot_std': 0.7183572838542392, 'pwm_limit': 148.57845621298566, 'pwm_gain': 0.9955271285761611, 'pwm_bias': -0.34212266721485524, 'pwm_deadzone': 2.752236282489745, 'pwm_noise_sigma': 0.3880593477685966, 'actuator_tau': 0.004981257453988389, 'action_delay_steps': 0, 'theta_bias': -0.000506806453031063, 'alpha_bias': -0.0030767682603512233, 'theta_sigma': 0.0008096320176211968, 'alpha_sigma': 0.0012489594919114682, 'theta_dot_sigma': 0.06350504051662187, 'alpha_dot_sigma': 0.10599677933828366, 'encoder_quantization_rad': 7.831332929348733e-07, 'velocity_lpf': 0.25, 'process_theta_dot_sigma': 0.0, 'process_alpha_dot_sigma': 0.0}"
3238000,3,randomization_0.30,0.3,"{'level': 0.3, 'physical': {'g': 9.691263997588493, 'c_theta': 0.03278357021162128, 'c_alpha': 0.0010975916199788983, 'k_t': 0.21485712418493924, 'k_b': 0.18368595350006553, 'k_u': 0.04749288356377337, 'R': 4.124033420145464, 'm1': 0.1998278391988531, 'm2': 0.15352918653679604, 'l1cg': 0.08285669516428798, 'l1': 0.14860632475455976, 'l2cg': 0.062396337319034954, 'I1z': 0.000469244625085128, 'I2x': 0.00036059751331436355, 'I2y': 2.1736453761037022e-05, 'I2z': 0.0004035753850385301}, 'init_theta_std_deg': 5.567975239309029, 'init_alpha_std_deg': 6.931277388570003, 'init_theta_dot_std': 0.13098200756261072, 'init_alpha_dot_std': 0.3360591565032434, 'pwm_limit': 147.69539502345728, 'pwm_gain': 1.0199740955591947, 'pwm_bias': -0.530253215143768, 'pwm_deadzone': 1.5410834151060706, 'pwm_noise_sigma': 0.5284822866940067, 'actuator_tau': 0.004348513688021612, 'action_delay_steps': 0, 'theta_bias': -0.0019257794817033494, 'alpha_bias': 0.000720958820687596, 'theta_sigma': 0.0015887209467633802, 'alpha_sigma': 0.0018577733590908919, 'theta_dot_sigma': 0.07813492441857264, 'alpha_dot_sigma': 0.0695379604241005, 'encoder_quantization_rad': 0.00036708320554570517, 'velocity_lpf': 0.25, 'process_theta_dot_sigma': 0.0, 'process_alpha_dot_sigma': 0.0}"
3240000,3,randomization_0.30,0.3,"{'level': 0.3, 'physical': {'g': 9.664540066341015, 'c_theta': 0.03312107156841022, 'c_alpha': 0.0009507794943372942, 'k_t': 0.21812660237545703, 'k_b': 0.1822263247941694, 'k_u': 0.04830107102251043, 'R': 4.366665175728829, 'm1': 0.1958824612444429, 'm2': 0.1573671702548902, 'l1cg': 0.0794770520306516, 'l1': 0.1502599807956727, 'l2cg': 0.07162140410654315, 'I1z': 0.0004288893645384724, 'I2x': 0.00036025372870987857, 'I2y': 2.7801453237828887e-05, 'I2z': 0.00043594539760214796}, 'init_theta_std_deg': 6.170960102199137, 'init_alpha_std_deg': 10.216548594967971, 'init_theta_dot_std': 0.31937219602070205, 'init_alpha_dot_std': 0.37284661955965676, 'pwm_limit': 148.34434444998422, 'pwm_gain': 0.9807237901336905, 'pwm_bias': 1.0805508191089386, 'pwm_deadzone': 1.9326771615293437, 'pwm_noise_sigma': 0.5624089309719703, 'actuator_tau': 0.0030703694130557544, 'action_delay_steps': 0, 'theta_bias': 0.001335677866645926, 'alpha_bias': 0.0035663057308685043, 'theta_sigma': 0.0004987881063400768, 'alpha_sigma': 0.004726689298961068, 'theta_dot_sigma': 0.06487771377156604, 'alpha_dot_sigma': 0.023880201185684378, 'encoder_quantization_rad': 0.0002998906178367754, 'velocity_lpf': 0.25, 'process_theta_dot_sigma': 0.0, 'process_alpha_dot_sigma': 0.0}"
3242000,3,randomization_0.30,0.3,"{'level': 0.3, 'physical': {'g': 9.761051420763444, 'c_theta': 0.03215567725620486, 'c_alpha': 0.001195309740847306, 'k_t': 0.23125228163944728, 'k_b': 0.19889952199880329, 'k_u': 0.05055758775412752, 'R': 4.139036229018165, 'm1': 0.21511351957224656, 'm2': 0.15795952216240947, 'l1cg': 0.07953162024723869, 'l1': 0.15194222875279062, 'l2cg': 0.0650350277400537, 'I1z': 0.0004331191236493569, 'I2x': 0.00037550240090215885, 'I2y': 2.0446016642521302e-05, 'I2z': 0.0003529494042771002}, 'init_theta_std_deg': 4.968805226088051, 'init_alpha_std_deg': 8.973601195026095, 'init_theta_dot_std': 0.23750820670508385, 'init_alpha_dot_std': 0.3968777320921462, 'pwm_limit': 141.57760855868102, 'pwm_gain': 1.0239827463259137, 'pwm_bias': -0.3040624817058125, 'pwm_deadzone': 0.3360606245522346, 'pwm_noise_sigma': 0.027948974595451113, 'actuator_tau': 0.007810252220369634, 'action_delay_steps': 0, 'theta_bias': -0.0012991069665127528, 'alpha_bias': -0.0030020538240235835, 'theta_sigma': 0.0015826769143642105, 'alpha_sigma': 0.0046440434116033, 'theta_dot_sigma': 0.09977211314933253, 'alpha_dot_sigma': 0.17448259595997861, 'encoder_quantization_rad': 0.0002441489188591263, 'velocity_lpf': 0.25, 'process_theta_dot_sigma': 0.0, 'process_alpha_dot_sigma': 0.0}"
3244000,3,randomization_0.30,0.3,"{'level': 0.3, 'physical': {'g': 9.934629547033724, 'c_theta': 0.033783641214979204, 'c_alpha': 0.00144991337676034, 'k_t': 0.22432853440585454, 'k_b': 0.1997795707341607, 'k_u': 0.043646861081096354, 'R': 4.41491230926923, 'm1': 0.19709524936358674, 'm2': 0.15743153031211424, 'l1cg': 0.08315099846379789, 'l1': 0.1519898774117188, 'l2cg': 0.06421447722055441, 'I1z': 0.0005833299430453475, 'I2x': 0.0003895936296209699, 'I2y': 2.727474369641459e-05, 'I2z': 0.00035630353472938147}, 'init_theta_std_deg': 5.613495236055709, 'init_alpha_std_deg': 8.774263610412646, 'init_theta_dot_std': 0.16591735024585746, 'init_alpha_dot_std': 0.7157765080125126, 'pwm_limit': 142.5061119114048, 'pwm_gain': 0.9998778972659641, 'pwm_bias': -0.9314005401422656, 'pwm_deadzone': 1.4807488819892571, 'pwm_noise_sigma': 0.19522462357206263, 'actuator_tau': 0.0015927510498677574, 'action_delay_steps': 0, 'theta_bias': 0.0014626303012101605, 'alpha_bias': 0.0011009930646585686, 'theta_sigma': 0.0014447602359053539, 'alpha_sigma': 0.0036894482365759794, 'theta_dot_sigma': 0.08249088415496336, 'alpha_dot_sigma': 0.06826592367086848, 'encoder_quantization_rad': 2.4209913099074824e-05, 'velocity_lpf': 0.24341013576453363, 'process_theta_dot_sigma': 0.0, 'process_alpha_dot_sigma': 0.0}"
3246000,3,randomization_0.30,0.3,"{'level': 0.3, 'physical': {'g': 9.759522157153995, 'c_theta': 0.032192345054120025, 'c_alpha': 0.0012078907316527487, 'k_t': 0.21758307800919716, 'k_b': 0.176923092462588, 'k_u': 0.045343327689638, 'R': 4.122758962628523, 'm1': 0.1963571025149347, 'm2': 0.15485933243714212, 'l1cg': 0.0814650335641787, 'l1': 0.1561018810169673, 'l2cg': 0.06339139039806604, 'I1z': 0.0005888554781546292, 'I2x': 0.0003668332853932948, 'I2y': 2.818667658479479e-05, 'I2z': 0.0004068855922225322}, 'init_theta_std_deg': 4.208259590105592, 'init_alpha_std_deg': 9.197570901383523, 'init_theta_dot_std': 0.4346745589476216, 'init_alpha_dot_std': 0.14184388886120602, 'pwm_limit': 141.60220389496223, 'pwm_gain': 0.9835736312460828, 'pwm_bias': -0.43919575826598917, 'pwm_deadzone': 1.4917477869159028, 'pwm_noise_sigma': 0.13490979119717597, 'actuator_tau': 0.0070594170608381645, 'action_delay_steps': 0, 'theta_bias': -0.002659535497511671, 'alpha_bias': 0.00032804454599997445, 'theta_sigma': 0.0016741278424801844, 'alpha_sigma': 0.005613961288347306, 'theta_dot_sigma': 0.054685152169527525, 'alpha_dot_sigma': 0.1442816056571615, 'encoder_quantization_rad': 0.00022589822619697937, 'velocity_lpf': 0.25, 'process_theta_dot_sigma': 0.0, 'process_alpha_dot_sigma': 0.0}"
3248000,3,randomization_0.30,0.3,"{'level': 0.3, 'physical': {'g': 9.780639379271054, 'c_theta': 0.04060364868464397, 'c_alpha': 0.0014660576899731665, 'k_t': 0.21464584275762102, 'k_b': 0.1977707623820517, 'k_u': 0.04302836061067973, 'R': 4.302111337921944, 'm1': 0.2108549702600335, 'm2': 0.15451260404457262, 'l1cg': 0.08295933180142429, 'l1': 0.14941922141809702, 'l2cg': 0.06638372765358729, 'I1z': 0.0005550663397672687, 'I2x': 0.0003678354264159003, 'I2y': 2.3955507228090408e-05, 'I2z': 0.000323769626105117}, 'init_theta_std_deg': 4.1372795397668884, 'init_alpha_std_deg': 7.926119096712408, 'init_theta_dot_std': 0.18205631208144032, 'init_alpha_dot_std': 0.1438083036136628, 'pwm_limit': 151.93577097345562, 'pwm_gain': 0.9956129942774703, 'pwm_bias': -0.8240551406696424, 'pwm_deadzone': 2.893801573267163, 'pwm_noise_sigma': 0.11049924912709909, 'actuator_tau': 0.007889035720891542, 'action_delay_steps': 0, 'theta_bias': 0.00064937539766887, 'alpha_bias': -0.0009527058479765453, 'theta_sigma': 0.0010916114032973286, 'alpha_sigma': 0.002752905823911459, 'theta_dot_sigma': 0.011015032334866687, 'alpha_dot_sigma': 0.06015415360455409, 'encoder_quantization_rad': 0.0002924542859659542, 'velocity_lpf': 0.2359160329892857, 'process_theta_dot_sigma': 0.0, 'process_alpha_dot_sigma': 0.0}"
3250000,3,randomization_0.30,0.3,"{'level': 0.3, 'physical': {'g': 9.831060062883804, 'c_theta': 0.027778389927949083, 'c_alpha': 0.0012379294714474093, 'k_t': 0.24389871803689983, 'k_b': 0.1974661167660865, 'k_u': 0.04975285783006632, 'R': 4.08241555047355, 'm1': 0.21163403196700667, 'm2': 0.15779306228900053, 'l1cg': 0.08124907667367734, 'l1': 0.1501217264271122, 'l2cg': 0.07167851039185881, 'I1z': 0.0005894075159089938, 'I2x': 0.0003784299992498431, 'I2y': 2.672923199376445e-05, 'I2z': 0.00031969488328936356}, 'init_theta_std_deg': 5.263631778314361, 'init_alpha_std_deg': 9.579322565712843, 'init_theta_dot_std': 0.3858258864770112, 'init_alpha_dot_std': 0.4262186935821825, 'pwm_limit': 141.28373020536407, 'pwm_gain': 1.0279625734794828, 'pwm_bias': -0.2252899223856616, 'pwm_deadzone': 0.07441167745419608, 'pwm_noise_sigma': 0.43817094212952334, 'actuator_tau': 0.007124992985413892, 'action_delay_steps': 0, 'theta_bias': -0.0011021176354533274, 'alpha_bias': 0.002229369542128436, 'theta_sigma': 0.0006721783973866985, 'alpha_sigma': 0.005063262378154547, 'theta_dot_sigma': 0.07048472698610321, 'alpha_dot_sigma': 0.09994866366300037, 'encoder_quantization_rad': 7.23986650769828e-05, 'velocity_lpf': 0.25, 'process_theta_dot_sigma': 0.0, 'process_alpha_dot_sigma': 0.0}"
3252000,3,randomization_0.30,0.3,"{'level': 0.3, 'physical': {'g': 9.943383069059793, 'c_theta': 0.02059019780912169, 'c_alpha': 0.0016287057761808948, 'k_t': 0.23470085127838325, 'k_b': 0.18649667011917673, 'k_u': 0.0488606995861365, 'R': 4.216390251283951, 'm1': 0.19535093454180502, 'm2': 0.15600836215167702, 'l1cg': 0.08309507779360452, 'l1': 0.15519575747609138, 'l2cg': 0.06615120177313728, 'I1z': 0.0004823302907239191, 'I2x': 0.0003680991855937696, 'I2y': 2.7003674072793787e-05, 'I2z': 0.00044120717835446015}, 'init_theta_std_deg': 6.400774678997953, 'init_alpha_std_deg': 9.636159260332516, 'init_theta_dot_std': 0.28388912182428455, 'init_alpha_dot_std': 0.5066746915162336, 'pwm_limit': 150.35827122706436, 'pwm_gain': 1.0281430588929954, 'pwm_bias': -0.4210220230152402, 'pwm_deadzone': 2.297933855411654, 'pwm_noise_sigma': 0.10673933171108496, 'actuator_tau': 0.0024438376469166855, 'action_delay_steps': 0, 'theta_bias': 0.0029082232174650873, 'alpha_bias': -0.0007382261258182303, 'theta_sigma': 1.8553777249823744e-05, 'alpha_sigma': 0.005507235925974815, 'theta_dot_sigma': 0.09505549732926286, 'alpha_dot_sigma': 0.015176201199028178, 'encoder_quantization_rad': 0.0002475368395196668, 'velocity_lpf': 0.25, 'process_theta_dot_sigma': 0.0, 'process_alpha_dot_sigma': 0.0}"
3254000,3,randomization_0.30,0.3,"{'level': 0.3, 'physical': {'g': 9.817927199253978, 'c_theta': 0.029776097906897298, 'c_alpha': 0.0019183839824568033, 'k_t': 0.22964486100126236, 'k_b': 0.18277005288686748, 'k_u': 0.0512858697125426, 'R': 4.193639925277475, 'm1': 0.21487264057285535, 'm2': 0.16556835843812953, 'l1cg': 0.08381552468788724, 'l1': 0.14985654134872428, 'l2cg': 0.0667445948140986, 'I1z': 0.0005641536696374346, 'I2x': 0.00038782710749396917, 'I2y': 2.159550567007585e-05, 'I2z': 0.0003304672194803148}, 'init_theta_std_deg': 4.8698315720952685, 'init_alpha_std_deg': 6.853508801328027, 'init_theta_dot_std': 0.24551758726411016, 'init_alpha_dot_std': 0.10613442275852059, 'pwm_limit': 151.9932785205782, 'pwm_gain': 0.9991347813015519, 'pwm_bias': -0.28680465097948776, 'pwm_deadzone': 2.7925516747884456, 'pwm_noise_sigma': 0.5800604581357567, 'actuator_tau': 0.0038052565382160563, 'action_delay_steps': 0, 'theta_bias': -0.0025416644343680206, 'alpha_bias': 0.0015530643495954863, 'theta_sigma': 0.0009664247878687847, 'alpha_sigma': 0.0027870202385120923, 'theta_dot_sigma': 0.058059859227710627, 'alpha_dot_sigma': 0.09839778689421802, 'encoder_quantization_rad': 0.00038375938476017306, 'velocity_lpf': 0.25, 'process_theta_dot_sigma': 0.0, 'process_alpha_dot_sigma': 0.0}"
3256000,3,randomization_0.30,0.3,"{'level': 0.3, 'physical': {'g': 9.946057788121255, 'c_theta': 0.028363101424825267, 'c_alpha': 0.0018564155894976527, 'k_t': 0.23245732101278688, 'k_b': 0.1752817634697837, 'k_u': 0.04510232789835611, 'R': 4.123018141127169, 'm1': 0.19551247148421713, 'm2': 0.15371182006881381, 'l1cg': 0.08156791964510514, 'l1': 0.15432467256496482, 'l2cg': 0.06601166488411718, 'I1z': 0.0005072438498222325, 'I2x': 0.0003555654884090327, 'I2y': 2.3898486749224477e-05, 'I2z': 0.00038993924704978786}, 'init_theta_std_deg': 6.283452840451388, 'init_alpha_std_deg': 8.931518066455363, 'init_theta_dot_std': 0.4222308504197516, 'init_alpha_dot_std': 0.6181678031510268, 'pwm_limit': 149.3666143395064, 'pwm_gain': 0.999581529184362, 'pwm_bias': -0.636665474602347, 'pwm_deadzone': 0.15438690728379378, 'pwm_noise_sigma': 0.1857851217867288, 'actuator_tau': 0.00754733027051894, 'action_delay_steps': 0, 'theta_bias': 0.0009490519325858391, 'alpha_bias': -0.0027244306950268025, 'theta_sigma': 0.0004162236732161228, 'alpha_sigma': 0.0024324698578078695, 'theta_dot_sigma': 0.09489116419478023, 'alpha_dot_sigma': 0.0025334078761871126, 'encoder_quantization_rad': 0.00033665169593669866, 'velocity_lpf': 0.25, 'process_theta_dot_sigma': 0.0, 'process_alpha_dot_sigma': 0.0}"
3258000,3,randomization_0.30,0.3,"{'level': 0.3, 'physical': {'g': 9.765205050004981, 'c_theta': 0.033639158258132275, 'c_alpha': 0.0019524422341760832, 'k_t': 0.22695976191023307, 'k_b': 0.19423468225329432, 'k_u': 0.044706145926457004, 'R': 4.354393521953915, 'm1': 0.2047735396740757, 'm2': 0.16342069854085492, 'l1cg': 0.07919575319284504, 'l1': 0.1523452407536076, 'l2cg': 0.0649580155062558, 'I1z': 0.0005746160743830928, 'I2x': 0.0003688326962987758, 'I2y': 2.3328510322761077e-05, 'I2z': 0.00032933561569654067}, 'init_theta_std_deg': 4.797018924688743, 'init_alpha_std_deg': 7.676879981303089, 'init_theta_dot_std': 0.44915245013633, 'init_alpha_dot_std': 0.3097705341428051, 'pwm_limit': 143.43336760919297, 'pwm_gain': 0.9888623696652461, 'pwm_bias': -0.8297938174029375, 'pwm_deadzone': 1.028655579597397, 'pwm_noise_sigma': 0.2152733295534536, 'actuator_tau': 0.0019157486668989249, 'action_delay_steps': 0, 'theta_bias': 0.0008471765089132514, 'alpha_bias': 0.0005935863146556701, 'theta_sigma': 0.00044197270821008634, 'alpha_sigma': 0.0016862930569166818, 'theta_dot_sigma': 0.1010231730155368, 'alpha_dot_sigma': 0.013146747159955955, 'encoder_quantization_rad': 1.4229654438976502e-06, 'velocity_lpf': 0.25, 'process_theta_dot_sigma': 0.0, 'process_alpha_dot_sigma': 0.0}"
3260000,3,randomization_0.30,0.3,"{'level': 0.3, 'physical': {'g': 9.843969057632416, 'c_theta': 0.027623012396896143, 'c_alpha': 0.0008635799907346143, 'k_t': 0.232827380766639, 'k_b': 0.17603064256385648, 'k_u': 0.04341978142518379, 'R': 4.335138366805602, 'm1': 0.21453207613285225, 'm2': 0.16147603163691046, 'l1cg': 0.08160798399557533, 'l1': 0.14816130499258598, 'l2cg': 0.06295392962768681, 'I1z': 0.0005583157032639545, 'I2x': 0.00036447842583690854, 'I2y': 2.0262077596002882e-05, 'I2z': 0.0003993029131366846}, 'init_theta_std_deg': 5.794836702971487, 'init_alpha_std_deg': 6.816017137628134, 'init_theta_dot_std': 0.2229440231625511, 'init_alpha_dot_std': 0.5287361653499411, 'pwm_limit': 144.00823194466582, 'pwm_gain': 1.0264712791361765, 'pwm_bias': 0.27072626966237756, 'pwm_deadzone': 2.1330154405622928, 'pwm_noise_sigma': 0.03113837605781191, 'actuator_tau': 0.00601728656958818, 'action_delay_steps': 0, 'theta_bias': -0.00027525747563783744, 'alpha_bias': 0.003498587473070319, 'theta_sigma': 0.000838139002222722, 'alpha_sigma': 0.002180717295634314, 'theta_dot_sigma': 0.0063657240256622255, 'alpha_dot_sigma': 0.12699466786489458, 'encoder_quantization_rad': 0.0001533688487336481, 'velocity_lpf': 0.25, 'process_theta_dot_sigma': 0.0, 'process_alpha_dot_sigma': 0.0}"
3262000,3,randomization_0.30,0.3,"{'level': 0.3, 'physical': {'g': 9.924805754295138, 'c_theta': 0.03729401403749026, 'c_alpha': 0.001854218848152981, 'k_t': 0.220357686089785, 'k_b': 0.17698114573997037, 'k_u': 0.0454261739408524, 'R': 4.095372104585798, 'm1': 0.2084650697297302, 'm2': 0.1644564238960415, 'l1cg': 0.07812914510129966, 'l1': 0.1552894160991139, 'l2cg': 0.06796717401950618, 'I1z': 0.0004799034340389306, 'I2x': 0.00035287154354750496, 'I2y': 2.1816126008725256e-05, 'I2z': 0.0003188722560653586}, 'init_theta_std_deg': 5.362020401552686, 'init_alpha_std_deg': 7.4703001057519645, 'init_theta_dot_std': 0.09541826995320644, 'init_alpha_dot_std': 0.33118267460189743, 'pwm_limit': 149.96866830929153, 'pwm_gain': 0.9740776660638868, 'pwm_bias': 0.3689097062325484, 'pwm_deadzone': 0.04617762985448426, 'pwm_noise_sigma': 0.18374913550883135, 'actuator_tau': 0.0021606547670856443, 'action_delay_steps': 0, 'theta_bias': -0.0029131770279925587, 'alpha_bias': 0.0005900777232338404, 'theta_sigma': 0.0006424050169754417, 'alpha_sigma': 0.005358463526793626, 'theta_dot_sigma': 0.06794382371040227, 'alpha_dot_sigma': 0.1734603865385042, 'encoder_quantization_rad': 0.00037602430493741655, 'velocity_lpf': 0.25, 'process_theta_dot_sigma': 0.0, 'process_alpha_dot_sigma': 0.0}"
3264000,3,randomization_0.30,0.3,"{'level': 0.3, 'physical': {'g': 9.722215501911897, 'c_theta': 0.0352179038548501, 'c_alpha': 0.0011889867823416304, 'k_t': 0.2198780602128817, 'k_b': 0.17521687825685073, 'k_u': 0.04957112629721134, 'R': 4.581396060847186, 'm1': 0.1973442576254435, 'm2': 0.15634083580608432, 'l1cg': 0.08013058833695728, 'l1': 0.1511618003908149, 'l2cg': 0.06630365853500228, 'I1z': 0.0005434689662205394, 'I2x': 0.00037672434667951826, 'I2y': 2.415902160533664e-05, 'I2z': 0.00035659728233975493}, 'init_theta_std_deg': 4.447926073826019, 'init_alpha_std_deg': 9.60943140052567, 'init_theta_dot_std': 0.05033059000415552, 'init_alpha_dot_std': 0.3244262650129141, 'pwm_limit': 142.93345229918438, 'pwm_gain': 1.0265225337257065, 'pwm_bias': -0.3601927552689202, 'pwm_deadzone': 1.7401040911035244, 'pwm_noise_sigma': 0.30625517618097525, 'actuator_tau': 0.0077081155564798585, 'action_delay_steps': 0, 'theta_bias': -0.00024672071519055307, 'alpha_bias': 0.0027498294074590384, 'theta_sigma': 0.001564195982074898, 'alpha_sigma': 0.0041855286108693, 'theta_dot_sigma': 0.08344121660206134, 'alpha_dot_sigma': 0.05143587805102817, 'encoder_quantization_rad': 0.0001544507549127564, 'velocity_lpf': 0.25, 'process_theta_dot_sigma': 0.0, 'process_alpha_dot_sigma': 0.0}"
3266000,3,randomization_0.30,0.3,"{'level': 0.3, 'physical': {'g': 9.85542208653119, 'c_theta': 0.04360152464598646, 'c_alpha': 0.001537271128928975, 'k_t': 0.21915568916529304, 'k_b': 0.1892170773834126, 'k_u': 0.044441911024454016, 'R': 4.418157629768598, 'm1': 0.19330691569720848, 'm2': 0.1587687679998388, 'l1cg': 0.07776570071433386, 'l1': 0.15428886399859487, 'l2cg': 0.0631698921199622, 'I1z': 0.0005301487124388548, 'I2x': 0.00036162308326348285, 'I2y': 2.498329889787118e-05, 'I2z': 0.00039506890933304185}, 'init_theta_std_deg': 5.683201640764577, 'init_alpha_std_deg': 10.375555194842654, 'init_theta_dot_std': 0.34539776870035904, 'init_alpha_dot_std': 0.42241488259691895, 'pwm_limit': 145.473384010762, 'pwm_gain': 0.9809993347022803, 'pwm_bias': 0.43131021660357866, 'pwm_deadzone': 2.274875169075443, 'pwm_noise_sigma': 0.39904506038026216, 'actuator_tau': 0.008344427049610227, 'action_delay_steps': 0, 'theta_bias': -0.002627031227707886, 'alpha_bias': -0.0017786392291574637, 'theta_sigma': 0.00013670034225271983, 'alpha_sigma': 0.005503392318520322, 'theta_dot_sigma': 0.03509841956571325, 'alpha_dot_sigma': 0.08064148284380128, 'encoder_quantization_rad': 0.00020385610357221697, 'velocity_lpf': 0.25, 'process_theta_dot_sigma': 0.0, 'process_alpha_dot_sigma': 0.0}"
3268000,3,randomization_0.30,0.3,"{'level': 0.3, 'physical': {'g': 9.77698979273897, 'c_theta': 0.03541812731344897, 'c_alpha': 0.0017123604317824464, 'k_t': 0.24100025225678964, 'k_b': 0.19275714241951816, 'k_u': 0.04909107447568898, 'R': 4.043857676096923, 'm1': 0.21921479719523376, 'm2': 0.16040508217116398, 'l1cg': 0.07791625545756982, 'l1': 0.1479637111973844, 'l2cg': 0.06251626264520885, 'I1z': 0.0004515771048368767, 'I2x': 0.00036054931713294354, 'I2y': 2.6261619080216447e-05, 'I2z': 0.0003703541212097124}, 'init_theta_std_deg': 6.351369258393145, 'init_alpha_std_deg': 7.796073334020828, 'init_theta_dot_std': 0.11324189933705518, 'init_alpha_dot_std': 0.24115862206729646, 'pwm_limit': 148.0934465527061, 'pwm_gain': 0.9769279963276962, 'pwm_bias': 1.0021890107762825, 'pwm_deadzone': 2.320249265191185, 'pwm_noise_sigma': 0.4583232955826121, 'actuator_tau': 0.002833691125932653, 'action_delay_steps': 0, 'theta_bias': -0.0012519739533370096, 'alpha_bias': 0.0033342751371631387, 'theta_sigma': 9.701265791708645e-06, 'alpha_sigma': 0.004546074895742597, 'theta_dot_sigma': 0.06779700261546921, 'alpha_dot_sigma': 0.10087378795644023, 'encoder_quantization_rad': 0.00044874382334331625, 'velocity_lpf': 0.25, 'process_theta_dot_sigma': 0.0, 'process_alpha_dot_sigma': 0.0}"
3270000,3,randomization_0.30,0.3,"{'level': 0.3, 'physical': {'g': 9.782872043616106, 'c_theta': 0.027294493040242243, 'c_alpha': 0.001080172049667882, 'k_t': 0.2462517614714686, 'k_b': 0.20094814768711233, 'k_u': 0.050283963958212156, 'R': 4.563677303288265, 'm1': 0.19638212354710427, 'm2': 0.16016224298906112, 'l1cg': 0.08208004264187709, 'l1': 0.15501215082575992, 'l2cg': 0.0654497599506037, 'I1z': 0.0004744815887527337, 'I2x': 0.000359390597787537, 'I2y': 2.3636348844176973e-05, 'I2z': 0.0003895384179789435}, 'init_theta_std_deg': 4.485712730008636, 'init_alpha_std_deg': 9.564914948028223, 'init_theta_dot_std': 0.13710581501261856, 'init_alpha_dot_std': 0.3243633015869091, 'pwm_limit': 151.25419219296896, 'pwm_gain': 0.9814884297595504, 'pwm_bias': -1.0379927317090538, 'pwm_deadzone': 2.3162940844272897, 'pwm_noise_sigma': 0.32096305518736507, 'actuator_tau': 0.003930993315826599, 'action_delay_steps': 0, 'theta_bias': -0.0006258984666580576, 'alpha_bias': -0.0010084324413317733, 'theta_sigma': 4.721775186070867e-05, 'alpha_sigma': 0.005763442236976017, 'theta_dot_sigma': 0.044121394602070346, 'alpha_dot_sigma': 0.15043378385509443, 'encoder_quantization_rad': 1.694725261227381e-06, 'velocity_lpf': 0.25, 'process_theta_dot_sigma': 0.0, 'process_alpha_dot_sigma': 0.0}"
3272000,3,randomization_0.30,0.3,"{'level': 0.3, 'physical': {'g': 9.87686755034145, 'c_theta': 0.037375061835673566, 'c_alpha': 0.000873760221561913, 'k_t': 0.23143793327438736, 'k_b': 0.20100504540631847, 'k_u': 0.04973374667358901, 'R': 4.2602571915343175, 'm1': 0.205747251315846, 'm2': 0.1594411589849119, 'l1cg': 0.08287475860817786, 'l1': 0.1539253214074506, 'l2cg': 0.06470084226380997, 'I1z': 0.00044129100725341126, 'I2x': 0.0003513083805631119, 'I2y': 2.8074753794875744e-05, 'I2z': 0.0004350763653229776}, 'init_theta_std_deg': 6.384320178619721, 'init_alpha_std_deg': 8.421841006894294, 'init_theta_dot_std': 0.2887503268162454, 'init_alpha_dot_std': 0.04152080292570323, 'pwm_limit': 149.30788308559738, 'pwm_gain': 1.0207172170062986, 'pwm_bias': -0.5354300300757918, 'pwm_deadzone': 1.4892626866244352, 'pwm_noise_sigma': 0.2190923108523979, 'actuator_tau': 0.00039415951777905606, 'action_delay_steps': 0, 'theta_bias': 0.0006915332251672893, 'alpha_bias': -0.003505294170227411, 'theta_sigma': 0.001180443604206325, 'alpha_sigma': 0.0027692754294897553, 'theta_dot_sigma': 0.07202712337946282, 'alpha_dot_sigma': 0.03949207433302404, 'encoder_quantization_rad': 0.00033392141993833214, 'velocity_lpf': 0.25, 'process_theta_dot_sigma': 0.0, 'process_alpha_dot_sigma': 0.0}"
3274000,3,randomization_0.30,0.3,"{'level': 0.3, 'physical': {'g': 9.879665904023973, 'c_theta': 0.039058500211516425, 'c_alpha': 0.0009583536866176761, 'k_t': 0.24053908147715689, 'k_b': 0.191178414094229, 'k_u': 0.049796181464045415, 'R': 4.249556346324744, 'm1': 0.19120546041900618, 'm2': 0.1552792191072125, 'l1cg': 0.0804642361263699, 'l1': 0.15356128962334242, 'l2cg': 0.0689592049575415, 'I1z': 0.00043875959928971225, 'I2x': 0.00034939752947760465, 'I2y': 2.8859319638614238e-05, 'I2z': 0.0004446173264729051}, 'init_theta_std_deg': 4.1670679079423545, 'init_alpha_std_deg': 9.24977951756425, 'init_theta_dot_std': 0.218198706006157, 'init_alpha_dot_std': 0.5732747150956637, 'pwm_limit': 152.0587797137285, 'pwm_gain': 0.9882330052078075, 'pwm_bias': -0.42936068304270575, 'pwm_deadzone': 1.708276577008568, 'pwm_noise_sigma': 0.2919964571802381, 'actuator_tau': 0.008869356404518013, 'action_delay_steps': 0, 'theta_bias': -0.0026549066046803486, 'alpha_bias': 0.0028067729362167113, 'theta_sigma': 0.0012505353077053166, 'alpha_sigma': 0.005676378971686789, 'theta_dot_sigma': 0.09383130170420867, 'alpha_dot_sigma': 0.03280893776150577, 'encoder_quantization_rad': 0.00010976670706220755, 'velocity_lpf': 0.25, 'process_theta_dot_sigma': 0.0, 'process_alpha_dot_sigma': 0.0}"
3276000,3,randomization_0.30,0.3,"{'level': 0.3, 'physical': {'g': 9.789085457791147, 'c_theta': 0.03237024122007798, 'c_alpha': 0.0007854548739741743, 'k_t': 0.236060376410499, 'k_b': 0.18800160403340294, 'k_u': 0.04690623383930735, 'R': 4.06575788168051, 'm1': 0.21496512927469685, 'm2': 0.1533379990914248, 'l1cg': 0.0784260045844175, 'l1': 0.15026694919168224, 'l2cg': 0.07135492585451497, 'I1z': 0.0004976062331723983, 'I2x': 0.0003656253049011415, 'I2y': 2.1246792012048067e-05, 'I2z': 0.00043272994452696047}, 'init_theta_std_deg': 4.308698618934454, 'init_alpha_std_deg': 9.42674352472897, 'init_theta_dot_std': 0.09123294243787604, 'init_alpha_dot_std': 0.5434119440808579, 'pwm_limit': 145.04100509912786, 'pwm_gain': 0.995548698314619, 'pwm_bias': -0.013327940257489245, 'pwm_deadzone': 2.6725076590278816, 'pwm_noise_sigma': 0.5114043804346189, 'actuator_tau': 0.005534205661607478, 'action_delay_steps': 0, 'theta_bias': 0.0008620285440748221, 'alpha_bias': -0.0025816164188168537, 'theta_sigma': 0.000788634987005671, 'alpha_sigma': 0.0053732909577843815, 'theta_dot_sigma': 0.09102219235155985, 'alpha_dot_sigma': 0.013359078413768245, 'encoder_quantization_rad': 0.00023461390663591491, 'velocity_lpf': 0.25, 'process_theta_dot_sigma': 0.0, 'process_alpha_dot_sigma': 0.0}"
3278000,3,randomization_0.30,0.3,"{'level': 0.3, 'physical': {'g': 9.69341727644629, 'c_theta': 0.033649081865416104, 'c_alpha': 0.001006838345284316, 'k_t': 0.22874888557870007, 'k_b': 0.20037305930022087, 'k_u': 0.04770947946604564, 'R': 4.187112383851474, 'm1': 0.19080139631217846, 'm2': 0.16165730147612908, 'l1cg': 0.07932962389651711, 'l1': 0.15110570730923978, 'l2cg': 0.06399949584686013, 'I1z': 0.0004720062353963037, 'I2x': 0.0003655499031972403, 'I2y': 2.2480997957791496e-05, 'I2z': 0.0003397961033700039}, 'init_theta_std_deg': 5.392774269364593, 'init_alpha_std_deg': 7.794171280460055, 'init_theta_dot_std': 0.025611240642113352, 'init_alpha_dot_std': 0.3554232142950228, 'pwm_limit': 149.81852329964184, 'pwm_gain': 0.9859179133098533, 'pwm_bias': -0.07927986355493574, 'pwm_deadzone': 0.552598894759472, 'pwm_noise_sigma': 0.046856379004912393, 'actuator_tau': 0.004169485301857511, 'action_delay_steps': 0, 'theta_bias': -0.0010067885081848369, 'alpha_bias': 0.00232040289775455, 'theta_sigma': 0.0003756395508990878, 'alpha_sigma': 0.004446401866118739, 'theta_dot_sigma': 0.07950132106674586, 'alpha_dot_sigma': 0.03258235534167133, 'encoder_quantization_rad': 0.00023490840385208443, 'velocity_lpf': 0.25, 'process_theta_dot_sigma': 0.0, 'process_alpha_dot_sigma': 0.0}"
3280000,3,randomization_0.30,0.3,"{'level': 0.3, 'physical': {'g': 9.805917455799264, 'c_theta': 0.03112345372987521, 'c_alpha': 0.0015567920001100187, 'k_t': 0.23949032701279546, 'k_b': 0.18554663391133355, 'k_u': 0.045125102284315696, 'R': 4.414124802435099, 'm1': 0.20710237926240768, 'm2': 0.16017333223865945, 'l1cg': 0.07773376951294152, 'l1': 0.15380724044894703, 'l2cg': 0.06300143176264855, 'I1z': 0.0004919655585189814, 'I2x': 0.0003563779518464973, 'I2y': 2.1937586907090622e-05, 'I2z': 0.0004197284679658873}, 'init_theta_std_deg': 6.0798990157657915, 'init_alpha_std_deg': 9.779660275890627, 'init_theta_dot_std': 0.21510432442467073, 'init_alpha_dot_std': 0.6974659361302429, 'pwm_limit': 149.44506469081765, 'pwm_gain': 1.022235585815654, 'pwm_bias': -0.02054482139468403, 'pwm_deadzone': 1.5620569748646949, 'pwm_noise_sigma': 0.2709781050506287, 'actuator_tau': 0.005339825034868651, 'action_delay_steps': 0, 'theta_bias': -0.002149147802275722, 'alpha_bias': -0.0023968662966269323, 'theta_sigma': 0.0015585951153476783, 'alpha_sigma': 0.00039387844309294787, 'theta_dot_sigma': 0.051524957291307544, 'alpha_dot_sigma': 0.059655666668329645, 'encoder_quantization_rad': 5.32831918986602e-06, 'velocity_lpf': 0.25, 'process_theta_dot_sigma': 0.0, 'process_alpha_dot_sigma': 0.0}"
3282000,3,randomization_0.30,0.3,"{'level': 0.3, 'physical': {'g': 9.862293476054107, 'c_theta': 0.03579297911362261, 'c_alpha': 0.0008046718990324742, 'k_t': 0.2175827179032201, 'k_b': 0.19514754203986917, 'k_u': 0.049154160643543963, 'R': 4.289234789209833, 'm1': 0.22153759199724982, 'm2': 0.165056026583685, 'l1cg': 0.08069676340066241, 'l1': 0.1485114919917226, 'l2cg': 0.07087916482736147, 'I1z': 0.000503583485183944, 'I2x': 0.0003533981622605753, 'I2y': 2.1803925679765548e-05, 'I2z': 0.00043685063000878046}, 'init_theta_std_deg': 6.291876709514165, 'init_alpha_std_deg': 9.940499329195095, 'init_theta_dot_std': 0.22353551901548477, 'init_alpha_dot_std': 0.20769396241791116, 'pwm_limit': 141.87395799941623, 'pwm_gain': 0.9744963003300123, 'pwm_bias': 1.1254752763670788, 'pwm_deadzone': 0.8375759864068447, 'pwm_noise_sigma': 0.11145550892205058, 'actuator_tau': 0.0026868779154100813, 'action_delay_steps': 0, 'theta_bias': -0.001787686344781701, 'alpha_bias': 0.0023686114469840375, 'theta_sigma': 0.0016033488439092705, 'alpha_sigma': 0.0038681516269428347, 'theta_dot_sigma': 0.100292129514311, 'alpha_dot_sigma': 0.08894165232199733, 'encoder_quantization_rad': 0.0004445722346763907, 'velocity_lpf': 0.25, 'process_theta_dot_sigma': 0.0, 'process_alpha_dot_sigma': 0.0}"
3284000,3,randomization_0.30,0.3,"{'level': 0.3, 'physical': {'g': 9.701579679567558, 'c_theta': 0.034449635767887066, 'c_alpha': 0.0016685349784458941, 'k_t': 0.24337232183569543, 'k_b': 0.17809732770254955, 'k_u': 0.04786363106699043, 'R': 4.3637217485009625, 'm1': 0.2022957771890367, 'm2': 0.16310863875758735, 'l1cg': 0.07813877834534061, 'l1': 0.14959079763613933, 'l2cg': 0.06732212789457495, 'I1z': 0.0005930453555544065, 'I2x': 0.00037865689694136715, 'I2y': 2.5576954683995158e-05, 'I2z': 0.00031324547742528515}, 'init_theta_std_deg': 5.194409747632124, 'init_alpha_std_deg': 8.698040970196038, 'init_theta_dot_std': 0.08659180625498605, 'init_alpha_dot_std': 0.5545621311394545, 'pwm_limit': 145.60762110178374, 'pwm_gain': 0.9719642609923187, 'pwm_bias': 0.5184032858379067, 'pwm_deadzone': 2.0715301756367897, 'pwm_noise_sigma': 0.3853270874726676, 'actuator_tau': 0.00804112102880062, 'action_delay_steps': 0, 'theta_bias': -0.002883428109430499, 'alpha_bias': -0.0005915558610423387, 'theta_sigma': 0.0007662300612500336, 'alpha_sigma': 0.005711414339245684, 'theta_dot_sigma': 0.03255873202227582, 'alpha_dot_sigma': 0.155707917387979, 'encoder_quantization_rad': 0.0002685687010258842, 'velocity_lpf': 0.25, 'process_theta_dot_sigma': 0.0, 'process_alpha_dot_sigma': 0.0}"
3286000,3,randomization_0.30,0.3,"{'level': 0.3, 'physical': {'g': 9.908477450927297, 'c_theta': 0.02309470873627843, 'c_alpha': 0.0017564271170678004, 'k_t': 0.24690928044348504, 'k_b': 0.19437202837622292, 'k_u': 0.04972896963883409, 'R': 4.2496589291141875, 'm1': 0.20627194109783992, 'm2': 0.1525917177186432, 'l1cg': 0.07702799362987243, 'l1': 0.14749636527999627, 'l2cg': 0.07057270440902215, 'I1z': 0.0005864563777118397, 'I2x': 0.00035644401452444933, 'I2y': 2.8470413667570352e-05, 'I2z': 0.0004044867953560833}, 'init_theta_std_deg': 5.376998090980662, 'init_alpha_std_deg': 7.585770704243378, 'init_theta_dot_std': 0.03552219608102921, 'init_alpha_dot_std': 0.7252267056335312, 'pwm_limit': 141.82449839346253, 'pwm_gain': 0.993453020536016, 'pwm_bias': 0.8123587580633527, 'pwm_deadzone': 2.8610287317370107, 'pwm_noise_sigma': 0.18548671357535831, 'actuator_tau': 0.0013665392619499933, 'action_delay_steps': 0, 'theta_bias': -0.002026467497737105, 'alpha_bias': -0.0026342737990240396, 'theta_sigma': 0.0004722166537143193, 'alpha_sigma': 0.005120304341825678, 'theta_dot_sigma': 0.07815384566601409, 'alpha_dot_sigma': 0.17401450134506394, 'encoder_quantization_rad': 0.00023177486657918877, 'velocity_lpf': 0.25, 'process_theta_dot_sigma': 0.0, 'process_alpha_dot_sigma': 0.0}"
3288000,3,randomization_0.30,0.3,"{'level': 0.3, 'physical': {'g': 9.818872461152626, 'c_theta': 0.04274882610953253, 'c_alpha': 0.001920689122887454, 'k_t': 0.24768324709285103, 'k_b': 0.18421401813102806, 'k_u': 0.04346657558877528, 'R': 4.407456379210866, 'm1': 0.20635776169563197, 'm2': 0.15953743755001923, 'l1cg': 0.07983307016801411, 'l1': 0.15529015789006234, 'l2cg': 0.070270670818955, 'I1z': 0.000536865170824688, 'I2x': 0.00038669805804703467, 'I2y': 2.4499674116797106e-05, 'I2z': 0.00035639266528801454}, 'init_theta_std_deg': 4.811186662441049, 'init_alpha_std_deg': 8.628458146528974, 'init_theta_dot_std': 0.18118062592587442, 'init_alpha_dot_std': 0.29428086473099985, 'pwm_limit': 144.92742263862212, 'pwm_gain': 0.9956261438879491, 'pwm_bias': 0.9098682185894069, 'pwm_deadzone': 0.7607786373151534, 'pwm_noise_sigma': 0.2736417610727011, 'actuator_tau': 0.0021246723951711425, 'action_delay_steps': 0, 'theta_bias': 0.0018495404347399684, 'alpha_bias': 0.0031905500339761287, 'theta_sigma': 0.0014474042695292347, 'alpha_sigma': 0.004210553493239185, 'theta_dot_sigma': 0.08897748308078923, 'alpha_dot_sigma': 0.08888696210220863, 'encoder_quantization_rad': 6.513017973753572e-05, 'velocity_lpf': 0.25, 'process_theta_dot_sigma': 0.0, 'process_alpha_dot_sigma': 0.0}"
3290000,3,randomization_0.30,0.3,"{'level': 0.3, 'physical': {'g': 9.712285846261945, 'c_theta': 0.03466870974458371, 'c_alpha': 0.001103714755268165, 'k_t': 0.2405193250691856, 'k_b': 0.19865557620852098, 'k_u': 0.04475501103816003, 'R': 4.060211632010803, 'm1': 0.19218413951852725, 'm2': 0.1634455953860765, 'l1cg': 0.08019255411543597, 'l1': 0.14930502771374554, 'l2cg': 0.06413538397644368, 'I1z': 0.0005948719742284251, 'I2x': 0.0003792027627414807, 'I2y': 2.7040719927149625e-05, 'I2z': 0.00030871430703369174}, 'init_theta_std_deg': 4.3728948414943565, 'init_alpha_std_deg': 7.907500289194564, 'init_theta_dot_std': 0.13194855699233296, 'init_alpha_dot_std': 0.1066174552650786, 'pwm_limit': 144.9344831323082, 'pwm_gain': 1.00596811415257, 'pwm_bias': 0.581486088043837, 'pwm_deadzone': 2.637459811836754, 'pwm_noise_sigma': 0.5064171625772745, 'actuator_tau': 2.1395435294215946e-05, 'action_delay_steps': 0, 'theta_bias': -0.002118561847077404, 'alpha_bias': -0.0027195422539783225, 'theta_sigma': 0.0005419373755465081, 'alpha_sigma': 0.0041117749814894335, 'theta_dot_sigma': 0.09728677589652077, 'alpha_dot_sigma': 0.11245977824880195, 'encoder_quantization_rad': 0.0002137120808869903, 'velocity_lpf': 0.25, 'process_theta_dot_sigma': 0.0, 'process_alpha_dot_sigma': 0.0}"
3292000,3,randomization_0.30,0.3,"{'level': 0.3, 'physical': {'g': 9.903181216730019, 'c_theta': 0.03399269113027629, 'c_alpha': 0.0013597769970807446, 'k_t': 0.23235303950941208, 'k_b': 0.18566254865325518, 'k_u': 0.043656343597942196, 'R': 4.142539750640302, 'm1': 0.20257735341970898, 'm2': 0.1593994885488033, 'l1cg': 0.07786856008517645, 'l1': 0.1528395452000181, 'l2cg': 0.07032036577764231, 'I1z': 0.0005526378371939238, 'I2x': 0.0003670944931843775, 'I2y': 2.0656554544078233e-05, 'I2z': 0.00041709892401686316}, 'init_theta_std_deg': 6.184424020916541, 'init_alpha_std_deg': 9.733032481873256, 'init_theta_dot_std': 0.40531958018845327, 'init_alpha_dot_std': 0.3685419639920994, 'pwm_limit': 152.0469037545965, 'pwm_gain': 1.024337951298136, 'pwm_bias': 0.7598008563927396, 'pwm_deadzone': 1.7743798588054873, 'pwm_noise_sigma': 0.1557116744450687, 'actuator_tau': 0.006473032860870694, 'action_delay_steps': 0, 'theta_bias': -0.001250454355642314, 'alpha_bias': -0.0023211443841567457, 'theta_sigma': 0.0009610119380362583, 'alpha_sigma': 0.0012073873746403692, 'theta_dot_sigma': 0.10204860121480715, 'alpha_dot_sigma': 0.10006147939054634, 'encoder_quantization_rad': 0.0002736154048856068, 'velocity_lpf': 0.2525253757328375, 'process_theta_dot_sigma': 0.0, 'process_alpha_dot_sigma': 0.0}"
3294000,3,randomization_0.30,0.3,"{'level': 0.3, 'physical': {'g': 9.777825324644027, 'c_theta': 0.019966473101466074, 'c_alpha': 0.001151418170242925, 'k_t': 0.24094575749251873, 'k_b': 0.17831762405381713, 'k_u': 0.05119254943882227, 'R': 4.462583371652601, 'm1': 0.2048995882387103, 'm2': 0.15225630483869265, 'l1cg': 0.0823981904074734, 'l1': 0.14846039666762292, 'l2cg': 0.07056810357513454, 'I1z': 0.000558012955985931, 'I2x': 0.00036738539907294225, 'I2y': 2.3522709169964763e-05, 'I2z': 0.0003620245796891581}, 'init_theta_std_deg': 6.409569271458192, 'init_alpha_std_deg': 7.8365979263099845, 'init_theta_dot_std': 0.07176373786006725, 'init_alpha_dot_std': 0.2643281407130766, 'pwm_limit': 145.8710518730119, 'pwm_gain': 0.9857268977926622, 'pwm_bias': -0.30415920286488857, 'pwm_deadzone': 2.6200487649043733, 'pwm_noise_sigma': 0.4571249969554594, 'actuator_tau': 0.0005938965630648384, 'action_delay_steps': 0, 'theta_bias': 0.0017803565194248441, 'alpha_bias': -0.0021322391188034985, 'theta_sigma': 0.001268484414324042, 'alpha_sigma': 0.0004641685795280719, 'theta_dot_sigma': 0.020001306133401675, 'alpha_dot_sigma': 0.05783545418120024, 'encoder_quantization_rad': 0.0004000025070107958, 'velocity_lpf': 0.25, 'process_theta_dot_sigma': 0.0, 'process_alpha_dot_sigma': 0.0}"
3296000,3,randomization_0.30,0.3,"{'level': 0.3, 'physical': {'g': 9.923425362084753, 'c_theta': 0.04009192661443808, 'c_alpha': 0.0018970170857164305, 'k_t': 0.22051085106202198, 'k_b': 0.1862336340869012, 'k_u': 0.0497904514833466, 'R': 4.316972068196861, 'm1': 0.21387219597617368, 'm2': 0.1621391295682503, 'l1cg': 0.08218480431789925, 'l1': 0.1551944420939127, 'l2cg': 0.06701122639961499, 'I1z': 0.0005829718136151105, 'I2x': 0.00035557733079181136, 'I2y': 2.8590332974383765e-05, 'I2z': 0.0003595961806130311}, 'init_theta_std_deg': 5.10290373553297, 'init_alpha_std_deg': 8.108207801825131, 'init_theta_dot_std': 0.3739592629236897, 'init_alpha_dot_std': 0.4597688308817618, 'pwm_limit': 149.81641194588684, 'pwm_gain': 0.9822868097709865, 'pwm_bias': 0.40437889105986835, 'pwm_deadzone': 0.030464311446883885, 'pwm_noise_sigma': 0.12558204225125752, 'actuator_tau': 0.007043205749272362, 'action_delay_steps': 0, 'theta_bias': 0.0017732531064483395, 'alpha_bias': -0.0022800816575156437, 'theta_sigma': 0.0017606304926853914, 'alpha_sigma': 0.005278820853505548, 'theta_dot_sigma': 0.05509283241537632, 'alpha_dot_sigma': 0.1532247146967615, 'encoder_quantization_rad': 0.00026812274750898926, 'velocity_lpf': 0.25, 'process_theta_dot_sigma': 0.0, 'process_alpha_dot_sigma': 0.0}"
3298000,3,randomization_0.30,0.3,"{'level': 0.3, 'physical': {'g': 9.818867402389952, 'c_theta': 0.028391301436931776, 'c_alpha': 0.0011776417896638177, 'k_t': 0.22579770275526476, 'k_b': 0.1756973555666438, 'k_u': 0.04493739338744583, 'R': 4.503506448554343, 'm1': 0.20352716679804678, 'm2': 0.16039496707280754, 'l1cg': 0.08020511647206403, 'l1': 0.1557093456007127, 'l2cg': 0.07084296351609609, 'I1z': 0.000446276790110565, 'I2x': 0.00036358994894655024, 'I2y': 2.5488878853387516e-05, 'I2z': 0.00042956715008007706}, 'init_theta_std_deg': 5.388899225215258, 'init_alpha_std_deg': 8.461333487205772, 'init_theta_dot_std': 0.251530651975186, 'init_alpha_dot_std': 0.2408333355498822, 'pwm_limit': 141.36981223554716, 'pwm_gain': 1.014702942932883, 'pwm_bias': -0.5012700704673915, 'pwm_deadzone': 2.9910154081139533, 'pwm_noise_sigma': 0.5486883764645704, 'actuator_tau': 0.00682748199140192, 'action_delay_steps': 0, 'theta_bias': -0.0010189171164115178, 'alpha_bias': 9.229774965513791e-05, 'theta_sigma': 0.0003049809444063461, 'alpha_sigma': 0.0027710088670246306, 'theta_dot_sigma': 0.048996803579252485, 'alpha_dot_sigma': 0.054917186457354376, 'encoder_quantization_rad': 0.00036297921858311204, 'velocity_lpf': 0.25, 'process_theta_dot_sigma': 0.0, 'process_alpha_dot_sigma': 0.0}"
3300000,3,randomization_0.30,0.3,"{'level': 0.3, 'physical': {'g': 9.727640608675276, 'c_theta': 0.021116757277973002, 'c_alpha': 0.0018606330620788648, 'k_t': 0.2187868333519846, 'k_b': 0.19406875984615274, 'k_u': 0.04971411730916486, 'R': 4.201896829867717, 'm1': 0.1969743949907951, 'm2': 0.1638970381789708, 'l1cg': 0.07706388652399253, 'l1': 0.15619295509069225, 'l2cg': 0.06256657371252566, 'I1z': 0.0005909019817146075, 'I2x': 0.00037093450322038237, 'I2y': 2.9013199969919656e-05, 'I2z': 0.00044413286366218606}, 'init_theta_std_deg': 4.351511313744117, 'init_alpha_std_deg': 8.786731055631872, 'init_theta_dot_std': 0.1993554735903197, 'init_alpha_dot_std': 0.1982365836921915, 'pwm_limit': 146.53617023686124, 'pwm_gain': 1.0186308594059923, 'pwm_bias': -0.12196971958736204, 'pwm_deadzone': 2.320928610287771, 'pwm_noise_sigma': 0.4743928468527652, 'actuator_tau': 0.0016573014411219535, 'action_delay_steps': 0, 'theta_bias': 0.0022959665269448, 'alpha_bias': -0.0005604675345467866, 'theta_sigma': 0.0015424622846037885, 'alpha_sigma': 0.005492419930487883, 'theta_dot_sigma': 0.006385373259306291, 'alpha_dot_sigma': 0.03723684145914598, 'encoder_quantization_rad': 0.0001980156516333079, 'velocity_lpf': 0.25, 'process_theta_dot_sigma': 0.0, 'process_alpha_dot_sigma': 0.0}"
3302000,3,randomization_0.30,0.3,"{'level': 0.3, 'physical': {'g': 9.713022827933868, 'c_theta': 0.04016795798670358, 'c_alpha': 0.0017513701792315323, 'k_t': 0.23528406995269183, 'k_b': 0.2010729587923536, 'k_u': 0.04695277005395551, 'R': 4.554026161473573, 'm1': 0.2214065741099943, 'm2': 0.15749553631474952, 'l1cg': 0.07779302739057392, 'l1': 0.15543189578074987, 'l2cg': 0.06550288803014816, 'I1z': 0.0005055079047133457, 'I2x': 0.0003718195178001072, 'I2y': 2.1199326178203975e-05, 'I2z': 0.0004221605248205056}, 'init_theta_std_deg': 4.222830192115324, 'init_alpha_std_deg': 8.675305079909995, 'init_theta_dot_std': 0.3702217966148362, 'init_alpha_dot_std': 0.27881659959167143, 'pwm_limit': 146.5493943967024, 'pwm_gain': 0.9827713140135435, 'pwm_bias': -1.1520816576480153, 'pwm_deadzone': 2.3229461937180815, 'pwm_noise_sigma': 0.44084004726233583, 'actuator_tau': 0.001799178985645141, 'action_delay_steps': 0, 'theta_bias': 0.0017734371101397123, 'alpha_bias': -0.0034364421635561418, 'theta_sigma': 0.001576553546058545, 'alpha_sigma': 0.0008187803747508833, 'theta_dot_sigma': 0.1006057236622659, 'alpha_dot_sigma': 0.10136609017927087, 'encoder_quantization_rad': 0.0002615614022124848, 'velocity_lpf': 0.25, 'process_theta_dot_sigma': 0.0, 'process_alpha_dot_sigma': 0.0}"
3304000,3,randomization_0.30,0.3,"{'level': 0.3, 'physical': {'g': 9.712070939023159, 'c_theta': 0.03955646295523457, 'c_alpha': 0.001701732015841609, 'k_t': 0.22009925311477943, 'k_b': 0.18645988398269447, 'k_u': 0.04995771224521307, 'R': 4.145274504417256, 'm1': 0.1969483152473118, 'm2': 0.1571342940463886, 'l1cg': 0.07810084947692984, 'l1': 0.15360048204429344, 'l2cg': 0.06678352377760724, 'I1z': 0.0005480655561990774, 'I2x': 0.00036702122798078213, 'I2y': 2.8623161038550456e-05, 'I2z': 0.0004275740146529608}, 'init_theta_std_deg': 6.364214111818976, 'init_alpha_std_deg': 10.382786855384925, 'init_theta_dot_std': 0.1879321413034363, 'init_alpha_dot_std': 0.526172235811592, 'pwm_limit': 141.91067946590624, 'pwm_gain': 1.0228614947848973, 'pwm_bias': -1.0677499834201802, 'pwm_deadzone': 0.9125009238350029, 'pwm_noise_sigma': 0.3685062341931524, 'actuator_tau': 0.006192777114631262, 'action_delay_steps': 0, 'theta_bias': 0.0005794045313632454, 'alpha_bias': -0.0017790877427263318, 'theta_sigma': 2.942380081511333e-05, 'alpha_sigma': 0.0019168860502568588, 'theta_dot_sigma': 0.04699926480395939, 'alpha_dot_sigma': 0.15075060889306272, 'encoder_quantization_rad': 0.0004025933592345898, 'velocity_lpf': 0.25, 'process_theta_dot_sigma': 0.0, 'process_alpha_dot_sigma': 0.0}"
3306000,3,randomization_0.30,0.3,"{'level': 0.3, 'physical': {'g': 9.882563294488358, 'c_theta': 0.03434718708038233, 'c_alpha': 0.0011661080013898567, 'k_t': 0.21819998763615184, 'k_b': 0.18040223890108187, 'k_u': 0.04856680370564489, 'R': 4.558598363573793, 'm1': 0.21923881979686155, 'm2': 0.15534966888580146, 'l1cg': 0.08249734862105078, 'l1': 0.156039782343969, 'l2cg': 0.06290144074530936, 'I1z': 0.0005030013187523926, 'I2x': 0.00034805633251204184, 'I2y': 2.9199068479611412e-05, 'I2z': 0.0003977061697231762}, 'init_theta_std_deg': 4.275270339938016, 'init_alpha_std_deg': 9.515716049391859, 'init_theta_dot_std': 0.07063594428654336, 'init_alpha_dot_std': 0.242939161551114, 'pwm_limit': 147.25220792792248, 'pwm_gain': 0.9791377468199262, 'pwm_bias': 1.135918417061775, 'pwm_deadzone': 0.22136174714671497, 'pwm_noise_sigma': 0.05813105399764642, 'actuator_tau': 0.001756177002612316, 'action_delay_steps': 0, 'theta_bias': -6.809065300018502e-05, 'alpha_bias': 0.0028400147618045483, 'theta_sigma': 0.000836275510632712, 'alpha_sigma': 0.0013859362761145782, 'theta_dot_sigma': 0.03785534090654925, 'alpha_dot_sigma': 0.007605727319645632, 'encoder_quantization_rad': 3.3691342490930507e-05, 'velocity_lpf': 0.25, 'process_theta_dot_sigma': 0.0, 'process_alpha_dot_sigma': 0.0}"
3308000,3,randomization_0.30,0.3,"{'level': 0.3, 'physical': {'g': 9.793721960312089, 'c_theta': 0.025746355642984366, 'c_alpha': 0.0009288441342788281, 'k_t': 0.2279779223908998, 'k_b': 0.17844248474188407, 'k_u': 0.043995612858505374, 'R': 4.59396064909294, 'm1': 0.19820306454487213, 'm2': 0.16179586427276962, 'l1cg': 0.08199711051385836, 'l1': 0.1491780534188466, 'l2cg': 0.06598935324288975, 'I1z': 0.0004374454669781717, 'I2x': 0.00036330982748432187, 'I2y': 2.730881614698663e-05, 'I2z': 0.0003297476618948662}, 'init_theta_std_deg': 4.972010585523478, 'init_alpha_std_deg': 10.269472691773899, 'init_theta_dot_std': 0.10694705860325639, 'init_alpha_dot_std': 0.42829494170220284, 'pwm_limit': 149.39580645091903, 'pwm_gain': 0.9816141898275349, 'pwm_bias': 0.19789632524711154, 'pwm_deadzone': 1.282867117731272, 'pwm_noise_sigma': 0.5089114493038871, 'actuator_tau': 0.008043353856885099, 'action_delay_steps': 0, 'theta_bias': -0.0015192453344244064, 'alpha_bias': -0.00018457092511970136, 'theta_sigma': 0.001686395425865008, 'alpha_sigma': 0.0008489725206051382, 'theta_dot_sigma': 0.04335350103063664, 'alpha_dot_sigma': 0.0977037736116317, 'encoder_quantization_rad': 1.9926013532854032e-05, 'velocity_lpf': 0.25, 'process_theta_dot_sigma': 0.0, 'process_alpha_dot_sigma': 0.0}"
3310000,3,randomization_0.30,0.3,"{'level': 0.3, 'physical': {'g': 9.79960780416568, 'c_theta': 0.04032462347381976, 'c_alpha': 0.00122357892554298, 'k_t': 0.22533353933540268, 'k_b': 0.17982604255557094, 'k_u': 0.045945414906650814, 'R': 4.332646124396057, 'm1': 0.2028082201944337, 'm2': 0.1587364464153762, 'l1cg': 0.08348878347080907, 'l1': 0.15521356631664124, 'l2cg': 0.07159871573385977, 'I1z': 0.000550276651299904, 'I2x': 0.00036079822596815376, 'I2y': 2.912236630748526e-05, 'I2z': 0.0003824664040989576}, 'init_theta_std_deg': 4.951785585110224, 'init_alpha_std_deg': 7.725333707777131, 'init_theta_dot_std': 0.41236235447604486, 'init_alpha_dot_std': 0.6447206648138323, 'pwm_limit': 146.33207264769413, 'pwm_gain': 0.986510340113826, 'pwm_bias': -0.27251120282941904, 'pwm_deadzone': 0.430537552257673, 'pwm_noise_sigma': 0.08693629271719953, 'actuator_tau': 0.0050182927223711635, 'action_delay_steps': 0, 'theta_bias': 0.0011325971269606967, 'alpha_bias': -0.0003992048400601676, 'theta_sigma': 0.00027080450473881447, 'alpha_sigma': 0.001834448138142484, 'theta_dot_sigma': 0.0028181736681873004, 'alpha_dot_sigma': 0.07700766133596125, 'encoder_quantization_rad': 0.00033833309609733285, 'velocity_lpf': 0.25, 'process_theta_dot_sigma': 0.0, 'process_alpha_dot_sigma': 0.0}"
3312000,3,randomization_0.30,0.3,"{'level': 0.3, 'physical': {'g': 9.921789003442829, 'c_theta': 0.03610762896326552, 'c_alpha': 0.001066701215321692, 'k_t': 0.24355046577790834, 'k_b': 0.17761843816623538, 'k_u': 0.04452030282871058, 'R': 4.3280491801689145, 'm1': 0.19798249966175957, 'm2': 0.15240201685795157, 'l1cg': 0.07959740998384113, 'l1': 0.14743844259467836, 'l2cg': 0.07025866447857022, 'I1z': 0.0005297974781308003, 'I2x': 0.00035597926018676436, 'I2y': 2.8976076448137946e-05, 'I2z': 0.0003255827362813446}, 'init_theta_std_deg': 5.951631733488242, 'init_alpha_std_deg': 8.902446491173068, 'init_theta_dot_std': 0.39678593174749427, 'init_alpha_dot_std': 0.3162124506788938, 'pwm_limit': 144.44797092640798, 'pwm_gain': 0.9952500626951551, 'pwm_bias': 0.869946869225267, 'pwm_deadzone': 2.29031955769013, 'pwm_noise_sigma': 0.40460380992846445, 'actuator_tau': 0.00718259404280724, 'action_delay_steps': 0, 'theta_bias': 0.0026665113346645173, 'alpha_bias': 0.0025216196280748388, 'theta_sigma': 0.0017759818578200097, 'alpha_sigma': 0.004203737928656256, 'theta_dot_sigma': 0.09252115873723754, 'alpha_dot_sigma': 0.17293789894382836, 'encoder_quantization_rad': 0.00020525667877218786, 'velocity_lpf': 0.25, 'process_theta_dot_sigma': 0.0, 'process_alpha_dot_sigma': 0.0}"
3314000,3,randomization_0.30,0.3,"{'level': 0.3, 'physical': {'g': 9.91782347778273, 'c_theta': 0.022158037574647793, 'c_alpha': 0.0019902653383127886, 'k_t': 0.24142997172469827, 'k_b': 0.19232433103755203, 'k_u': 0.04295442563108609, 'R': 4.568106569303788, 'm1': 0.21384822597921416, 'm2': 0.15806312510575915, 'l1cg': 0.08160076801115511, 'l1': 0.1520162362911452, 'l2cg': 0.06497884300815104, 'I1z': 0.00046408757857328283, 'I2x': 0.0003514646262844419, 'I2y': 2.491356482714749e-05, 'I2z': 0.0003520110820266876}, 'init_theta_std_deg': 5.580054695957068, 'init_alpha_std_deg': 6.904083983978683, 'init_theta_dot_std': 0.09131819422840223, 'init_alpha_dot_std': 0.031115729443976642, 'pwm_limit': 152.19496156105987, 'pwm_gain': 0.975892680582899, 'pwm_bias': -0.386569105218402, 'pwm_deadzone': 1.9813042332856918, 'pwm_noise_sigma': 0.4955613964340164, 'actuator_tau': 0.005787098930998784, 'action_delay_steps': 0, 'theta_bias': 0.002557064300897801, 'alpha_bias': -0.0012062604844507426, 'theta_sigma': 0.00024920233909562204, 'alpha_sigma': 0.002239071656841108, 'theta_dot_sigma': 0.0018009417520345654, 'alpha_dot_sigma': 0.10877166226863236, 'encoder_quantization_rad': 1.3029446256130622e-05, 'velocity_lpf': 0.25, 'process_theta_dot_sigma': 0.0, 'process_alpha_dot_sigma': 0.0}"
3316000,3,randomization_0.30,0.3,"{'level': 0.3, 'physical': {'g': 9.760072162834337, 'c_theta': 0.025863709252360995, 'c_alpha': 0.0014988711624988414, 'k_t': 0.21807189109986838, 'k_b': 0.18360944336254834, 'k_u': 0.04585916591258879, 'R': 4.323414043056866, 'm1': 0.20431479143198727, 'm2': 0.1585440522494369, 'l1cg': 0.07971345307451909, 'l1': 0.1500395604645032, 'l2cg': 0.06995264148391361, 'I1z': 0.00043546472494234546, 'I2x': 0.0003701611333225992, 'I2y': 2.7048719281611993e-05, 'I2z': 0.00035612178831100923}, 'init_theta_std_deg': 5.286313855819102, 'init_alpha_std_deg': 7.539541579180327, 'init_theta_dot_std': 0.05166389643222962, 'init_alpha_dot_std': 0.5281870128409123, 'pwm_limit': 145.562900518545, 'pwm_gain': 0.9769511882285224, 'pwm_bias': -0.42932160734581576, 'pwm_deadzone': 1.8541550231880581, 'pwm_noise_sigma': 0.37550048316570384, 'actuator_tau': 0.004951159675478234, 'action_delay_steps': 0, 'theta_bias': -0.0008266717419822205, 'alpha_bias': 0.000632964358776963, 'theta_sigma': 0.001673544822359102, 'alpha_sigma': 0.00031941590327593227, 'theta_dot_sigma': 0.008673425494078664, 'alpha_dot_sigma': 0.058816776796589636, 'encoder_quantization_rad': 0.00030269050801787364, 'velocity_lpf': 0.25, 'process_theta_dot_sigma': 0.0, 'process_alpha_dot_sigma': 0.0}"
3318000,3,randomization_0.30,0.3,"{'level': 0.3, 'physical': {'g': 9.779933199402699, 'c_theta': 0.02382722884932018, 'c_alpha': 0.0011443941401901184, 'k_t': 0.22500842296872955, 'k_b': 0.18297188794029023, 'k_u': 0.048856920497045264, 'R': 4.059449390638945, 'm1': 0.21726972800952954, 'm2': 0.1536157397423539, 'l1cg': 0.08153671264934355, 'l1': 0.1527260477311242, 'l2cg': 0.06625736577816839, 'I1z': 0.0005538219264116016, 'I2x': 0.00036798654443036136, 'I2y': 2.7196913523253844e-05, 'I2z': 0.0003208255298530539}, 'init_theta_std_deg': 4.585770460327223, 'init_alpha_std_deg': 7.212174990350339, 'init_theta_dot_std': 0.01691312839707516, 'init_alpha_dot_std': 0.5517142065971871, 'pwm_limit': 144.66595510930262, 'pwm_gain': 1.0289579215992128, 'pwm_bias': -0.30757064158877306, 'pwm_deadzone': 1.014945892513588, 'pwm_noise_sigma': 0.005583824848173169, 'actuator_tau': 0.0020742869696104803, 'action_delay_steps': 0, 'theta_bias': -0.0006251982379694489, 'alpha_bias': 0.001448414342385147, 'theta_sigma': 0.0001526182432977376, 'alpha_sigma': 0.00037060046123560755, 'theta_dot_sigma': 0.0038199482026184317, 'alpha_dot_sigma': 0.011186040194909921, 'encoder_quantization_rad': 8.983648782255835e-05, 'velocity_lpf': 0.25, 'process_theta_dot_sigma': 0.0, 'process_alpha_dot_sigma': 0.0}"
3320000,3,randomization_0.30,0.3,"{'level': 0.3, 'physical': {'g': 9.768493772975011, 'c_theta': 0.03634565524026199, 'c_alpha': 0.0008599122710543898, 'k_t': 0.23054125501091544, 'k_b': 0.19390834315390582, 'k_u': 0.04568883569444554, 'R': 4.392356384228411, 'm1': 0.21477971419627562, 'm2': 0.15337316411416882, 'l1cg': 0.08291410256448815, 'l1': 0.15107506589099795, 'l2cg': 0.06790826223055796, 'I1z': 0.0005932270749759133, 'I2x': 0.00037133160345930377, 'I2y': 2.7786596897386652e-05, 'I2z': 0.00032023870233342225}, 'init_theta_std_deg': 5.332726495459465, 'init_alpha_std_deg': 7.386536714333333, 'init_theta_dot_std': 0.34422285490570936, 'init_alpha_dot_std': 0.712707320529644, 'pwm_limit': 149.79701760871876, 'pwm_gain': 1.0297573881823459, 'pwm_bias': 0.14828187105760504, 'pwm_deadzone': 2.399089695217765, 'pwm_noise_sigma': 0.18923767645127157, 'actuator_tau': 0.006222229547358251, 'action_delay_steps': 0, 'theta_bias': 0.002409474561926832, 'alpha_bias': -0.00047692284689486355, 'theta_sigma': 0.0005949067778719865, 'alpha_sigma': 0.0023834575363600517, 'theta_dot_sigma': 0.09119879768567686, 'alpha_dot_sigma': 0.05751766700882638, 'encoder_quantization_rad': 0.0004155992350965922, 'velocity_lpf': 0.25, 'process_theta_dot_sigma': 0.0, 'process_alpha_dot_sigma': 0.0}"
3322000,3,randomization_0.30,0.3,"{'level': 0.3, 'physical': {'g': 9.655270288477471, 'c_theta': 0.030267356453326212, 'c_alpha': 0.001446752689669508, 'k_t': 0.22001869961528758, 'k_b': 0.18358033102713145, 'k_u': 0.05018995063388803, 'R': 4.477875352239676, 'm1': 0.21491574961958468, 'm2': 0.1615579972159053, 'l1cg': 0.07935433384864031, 'l1': 0.15177062370628167, 'l2cg': 0.07073800103891735, 'I1z': 0.00045973828422263144, 'I2x': 0.00038256143220930465, 'I2y': 2.5156057126216217e-05, 'I2z': 0.0003934629593846945}, 'init_theta_std_deg': 4.828993037470744, 'init_alpha_std_deg': 8.714500122344312, 'init_theta_dot_std': 0.0267306320729289, 'init_alpha_dot_std': 0.48738627375446747, 'pwm_limit': 146.133386031413, 'pwm_gain': 0.9940395609314938, 'pwm_bias': -0.3703144910235599, 'pwm_deadzone': 2.71694711677567, 'pwm_noise_sigma': 0.20226536901281578, 'actuator_tau': 0.007872189140887251, 'action_delay_steps': 0, 'theta_bias': 0.0015768476200624729, 'alpha_bias': 0.00043134300248812857, 'theta_sigma': 0.0001771623343995194, 'alpha_sigma': 0.005245470169917069, 'theta_dot_sigma': 0.08246180480430144, 'alpha_dot_sigma': 0.022916208603229016, 'encoder_quantization_rad': 0.0004070811280545986, 'velocity_lpf': 0.25, 'process_theta_dot_sigma': 0.0, 'process_alpha_dot_sigma': 0.0}"
3324000,3,randomization_0.30,0.3,"{'level': 0.3, 'physical': {'g': 9.699834003784703, 'c_theta': 0.0328265698751145, 'c_alpha': 0.002008304118815823, 'k_t': 0.2474154338135567, 'k_b': 0.17653942528680358, 'k_u': 0.051248926258407816, 'R': 4.167673993295349, 'm1': 0.20754988315400527, 'm2': 0.15736109797114298, 'l1cg': 0.07896415499485641, 'l1': 0.15194622860915216, 'l2cg': 0.06621248348011827, 'I1z': 0.0005840393103909311, 'I2x': 0.0003647519024207815, 'I2y': 2.36739534649153e-05, 'I2z': 0.00036362872416492237}, 'init_theta_std_deg': 5.5418168019854255, 'init_alpha_std_deg': 9.202044561210052, 'init_theta_dot_std': 0.022811331386642535, 'init_alpha_dot_std': 0.03286905652884406, 'pwm_limit': 150.7516691671567, 'pwm_gain': 0.9943861254560189, 'pwm_bias': 0.7575587738324074, 'pwm_deadzone': 1.8954788297759961, 'pwm_noise_sigma': 0.0507160377934283, 'actuator_tau': 0.001008718479456873, 'action_delay_steps': 0, 'theta_bias': 0.00233678627839448, 'alpha_bias': 0.0014830199244868123, 'theta_sigma': 0.00027721914858552544, 'alpha_sigma': 8.410681447989643e-05, 'theta_dot_sigma': 0.06073583815925227, 'alpha_dot_sigma': 0.05699629360381037, 'encoder_quantization_rad': 0.00039065890275042, 'velocity_lpf': 0.25, 'process_theta_dot_sigma': 0.0, 'process_alpha_dot_sigma': 0.0}"
3326000,3,randomization_0.30,0.3,"{'level': 0.3, 'physical': {'g': 9.904564723854126, 'c_theta': 0.029171071172147452, 'c_alpha': 0.0016755650935154208, 'k_t': 0.22926158052060455, 'k_b': 0.19429673057830305, 'k_u': 0.04322752782166448, 'R': 4.192439548219244, 'm1': 0.20952220064637758, 'm2': 0.15863341334484074, 'l1cg': 0.07902271346836853, 'l1': 0.15025351554294722, 'l2cg': 0.06180769144183868, 'I1z': 0.0004374864086522358, 'I2x': 0.0003511406652916406, 'I2y': 2.6534034127875873e-05, 'I2z': 0.00034856737757939113}, 'init_theta_std_deg': 5.320155538111884, 'init_alpha_std_deg': 8.212412215926708, 'init_theta_dot_std': 0.22507759858667925, 'init_alpha_dot_std': 0.5773973129770261, 'pwm_limit': 148.6094883095907, 'pwm_gain': 0.9714094045935554, 'pwm_bias': 0.6419343700095925, 'pwm_deadzone': 2.216812742182179, 'pwm_noise_sigma': 0.28250747019604944, 'actuator_tau': 0.00666857008477925, 'action_delay_steps': 0, 'theta_bias': -0.00010266053096410177, 'alpha_bias': -0.0029042190646434954, 'theta_sigma': 0.0013530391496392698, 'alpha_sigma': 0.0020654958205467916, 'theta_dot_sigma': 0.054296089689343664, 'alpha_dot_sigma': 0.1389896441603829, 'encoder_quantization_rad': 0.00042287718594946296, 'velocity_lpf': 0.25, 'process_theta_dot_sigma': 0.0, 'process_alpha_dot_sigma': 0.0}"
3328000,3,randomization_0.30,0.3,"{'level': 0.3, 'physical': {'g': 9.898396817610028, 'c_theta': 0.025123154007867327, 'c_alpha': 0.0011182832194494953, 'k_t': 0.2153930904230724, 'k_b': 0.19989092061024735, 'k_u': 0.046160696317267894, 'R': 4.605619880735665, 'm1': 0.21834814950684836, 'm2': 0.1596461250723513, 'l1cg': 0.07710881508833652, 'l1': 0.15507486788172675, 'l2cg': 0.06952780187512524, 'I1z': 0.0004601173260428485, 'I2x': 0.0003673670271419256, 'I2y': 2.0679899763789154e-05, 'I2z': 0.000312746765322669}, 'init_theta_std_deg': 4.194997313936811, 'init_alpha_std_deg': 9.211785457618191, 'init_theta_dot_std': 0.11472076460768008, 'init_alpha_dot_std': 0.4539404518388603, 'pwm_limit': 145.40489267119148, 'pwm_gain': 0.9857855538096791, 'pwm_bias': 0.4652871669907802, 'pwm_deadzone': 2.5726047311771953, 'pwm_noise_sigma': 0.1719059593930401, 'actuator_tau': 0.007895699658559716, 'action_delay_steps': 0, 'theta_bias': 0.002433073756873826, 'alpha_bias': -1.887526607690626e-05, 'theta_sigma': 0.00032550899259463443, 'alpha_sigma': 0.0024651169639884184, 'theta_dot_sigma': 0.1045502309515777, 'alpha_dot_sigma': 0.1618950402724049, 'encoder_quantization_rad': 0.00038575699656786383, 'velocity_lpf': 0.25, 'process_theta_dot_sigma': 0.0, 'process_alpha_dot_sigma': 0.0}"
3330000,3,randomization_0.30,0.3,"{'level': 0.3, 'physical': {'g': 9.762766456056443, 'c_theta': 0.0399137386123255, 'c_alpha': 0.0019345279346313536, 'k_t': 0.22136477113310335, 'k_b': 0.1827696670705059, 'k_u': 0.048324925060543714, 'R': 4.476466463831294, 'm1': 0.21215355982100242, 'm2': 0.15825551834649768, 'l1cg': 0.0804587414246803, 'l1': 0.15335514683263535, 'l2cg': 0.06736184845075782, 'I1z': 0.00043246614574970023, 'I2x': 0.00035178534516728697, 'I2y': 2.8954171186334684e-05, 'I2z': 0.0003457993240065938}, 'init_theta_std_deg': 4.8982864886238655, 'init_alpha_std_deg': 9.920777555053387, 'init_theta_dot_std': 0.19727024108475286, 'init_alpha_dot_std': 0.2703863521160149, 'pwm_limit': 151.64869031231422, 'pwm_gain': 1.0154183056897046, 'pwm_bias': 0.8993963796104439, 'pwm_deadzone': 2.8878767603266917, 'pwm_noise_sigma': 0.3108078247361448, 'actuator_tau': 0.00415455527741939, 'action_delay_steps': 0, 'theta_bias': 0.0002252949352202609, 'alpha_bias': -0.0034707876681162137, 'theta_sigma': 1.9621607793420635e-05, 'alpha_sigma': 0.003876237303543226, 'theta_dot_sigma': 0.019770488164869315, 'alpha_dot_sigma': 0.11200114689874657, 'encoder_quantization_rad': 4.284151974905378e-05, 'velocity_lpf': 0.25, 'process_theta_dot_sigma': 0.0, 'process_alpha_dot_sigma': 0.0}"
3332000,3,randomization_0.30,0.3,"{'level': 0.3, 'physical': {'g': 9.842802966768527, 'c_theta': 0.02214215324885329, 'c_alpha': 0.0007996270420286129, 'k_t': 0.24747774951159712, 'k_b': 0.20147023202095846, 'k_u': 0.04418626649951993, 'R': 4.4279791053743, 'm1': 0.2134227628314947, 'm2': 0.15685880311236808, 'l1cg': 0.08369260226952498, 'l1': 0.1516513954186662, 'l2cg': 0.07078308556030631, 'I1z': 0.000456873223333481, 'I2x': 0.00038396179520863174, 'I2y': 2.019406185157516e-05, 'I2z': 0.00032301604253397767}, 'init_theta_std_deg': 6.193646815331802, 'init_alpha_std_deg': 9.140490883543283, 'init_theta_dot_std': 0.2804063677411421, 'init_alpha_dot_std': 0.36431555788732356, 'pwm_limit': 150.27089830925348, 'pwm_gain': 0.9712997879831484, 'pwm_bias': -0.7536489678603867, 'pwm_deadzone': 0.6697998456816168, 'pwm_noise_sigma': 0.42450498456645663, 'actuator_tau': 0.0003341384238699293, 'action_delay_steps': 0, 'theta_bias': 0.00018790018242134866, 'alpha_bias': 0.002779174390057337, 'theta_sigma': 0.0015701426063922436, 'alpha_sigma': 0.0045131243741398505, 'theta_dot_sigma': 0.017419478967351763, 'alpha_dot_sigma': 0.12693008479457762, 'encoder_quantization_rad': 1.632363331404263e-05, 'velocity_lpf': 0.25, 'process_theta_dot_sigma': 0.0, 'process_alpha_dot_sigma': 0.0}"
3334000,3,randomization_0.30,0.3,"{'level': 0.3, 'physical': {'g': 9.756064082337769, 'c_theta': 0.02901569610954191, 'c_alpha': 0.0008393490538393971, 'k_t': 0.21835388262760527, 'k_b': 0.19048325621418105, 'k_u': 0.049830630923083326, 'R': 4.444455300174118, 'm1': 0.20849512667275383, 'm2': 0.16358911473810075, 'l1cg': 0.0828225338587318, 'l1': 0.15117703603704988, 'l2cg': 0.06792323707252074, 'I1z': 0.000548477075150175, 'I2x': 0.000366426920403466, 'I2y': 2.4931158960791208e-05, 'I2z': 0.0004280721737033792}, 'init_theta_std_deg': 4.274199900385941, 'init_alpha_std_deg': 7.013175617999536, 'init_theta_dot_std': 0.3854483052708471, 'init_alpha_dot_std': 0.20022589015396913, 'pwm_limit': 144.30177578500533, 'pwm_gain': 0.9966562878180045, 'pwm_bias': 0.18822753685153373, 'pwm_deadzone': 2.8820835344215787, 'pwm_noise_sigma': 0.24456517375468123, 'actuator_tau': 0.0002495338993638648, 'action_delay_steps': 0, 'theta_bias': 0.0019153728686613206, 'alpha_bias': -0.00210954968971692, 'theta_sigma': 0.00016545576895746629, 'alpha_sigma': 0.005611763263676088, 'theta_dot_sigma': 0.08820216183174573, 'alpha_dot_sigma': 0.10746314138349143, 'encoder_quantization_rad': 0.0002543779845659437, 'velocity_lpf': 0.25, 'process_theta_dot_sigma': 0.0, 'process_alpha_dot_sigma': 0.0}"
3336000,3,randomization_0.30,0.3,"{'level': 0.3, 'physical': {'g': 9.941165936108321, 'c_theta': 0.02611172654604825, 'c_alpha': 0.0014391541388061265, 'k_t': 0.23315697548427072, 'k_b': 0.18109121898558733, 'k_u': 0.047160159589653444, 'R': 4.2529119171304455, 'm1': 0.20571476973347094, 'm2': 0.1594740045047853, 'l1cg': 0.07692221914201648, 'l1': 0.15569756804987595, 'l2cg': 0.06584676970902009, 'I1z': 0.000573777085220895, 'I2x': 0.0003877893456430569, 'I2y': 2.7137935565240795e-05, 'I2z': 0.00032725054165546393}, 'init_theta_std_deg': 5.80806126138037, 'init_alpha_std_deg': 7.899725135336107, 'init_theta_dot_std': 0.22168667289629435, 'init_alpha_dot_std': 0.6694451227668401, 'pwm_limit': 141.57342176995172, 'pwm_gain': 1.0086184758988048, 'pwm_bias': 0.6303523892723414, 'pwm_deadzone': 0.9065845087947212, 'pwm_noise_sigma': 0.5350259287501296, 'actuator_tau': 0.007612025902517378, 'action_delay_steps': 0, 'theta_bias': 0.0016255621720914692, 'alpha_bias': -0.0009077365788606053, 'theta_sigma': 0.0013169561950725356, 'alpha_sigma': 0.00015998446190838102, 'theta_dot_sigma': 0.02483019563294013, 'alpha_dot_sigma': 0.15403766079712375, 'encoder_quantization_rad': 0.0003196511834217281, 'velocity_lpf': 0.25, 'process_theta_dot_sigma': 0.0, 'process_alpha_dot_sigma': 0.0}"
3338000,3,randomization_0.30,0.3,"{'level': 0.3, 'physical': {'g': 9.665215172830477, 'c_theta': 0.040358861670368416, 'c_alpha': 0.0014274751826550125, 'k_t': 0.24810012581390659, 'k_b': 0.196012368576641, 'k_u': 0.04923126039952025, 'R': 4.375865817215271, 'm1': 0.19443510843447073, 'm2': 0.15308296102713323, 'l1cg': 0.07707035543959453, 'l1': 0.15566931279036975, 'l2cg': 0.07134477260354999, 'I1z': 0.0005765987203469326, 'I2x': 0.0003886229564607792, 'I2y': 2.675630199449161e-05, 'I2z': 0.0004325277776377463}, 'init_theta_std_deg': 5.564976917449844, 'init_alpha_std_deg': 9.339219794012404, 'init_theta_dot_std': 0.34953092793837914, 'init_alpha_dot_std': 0.7461123854785887, 'pwm_limit': 144.4107614997121, 'pwm_gain': 1.0055349462174392, 'pwm_bias': 0.2175580891627036, 'pwm_deadzone': 2.51252401058205, 'pwm_noise_sigma': 0.36261752366012473, 'actuator_tau': 0.002154473842342253, 'action_delay_steps': 0, 'theta_bias': -0.00046289810509946315, 'alpha_bias': -0.0031120511631706964, 'theta_sigma': 0.00045398206543252807, 'alpha_sigma': 0.002553852241950597, 'theta_dot_sigma': 0.0562536069794587, 'alpha_dot_sigma': 0.14775920766720793, 'encoder_quantization_rad': 0.0001737819821902629, 'velocity_lpf': 0.25, 'process_theta_dot_sigma': 0.0, 'process_alpha_dot_sigma': 0.0}"
3340000,3,randomization_0.30,0.3,"{'level': 0.3, 'physical': {'g': 9.781142417534147, 'c_theta': 0.03400821263372438, 'c_alpha': 0.001247487571281015, 'k_t': 0.21426070620649398, 'k_b': 0.18983848824128297, 'k_u': 0.048259975791930476, 'R': 4.512142957940935, 'm1': 0.1932145044786244, 'm2': 0.1597508969909064, 'l1cg': 0.08048964304019951, 'l1': 0.1508460271176127, 'l2cg': 0.07062498143065976, 'I1z': 0.0005884789312097504, 'I2x': 0.000369957314330242, 'I2y': 2.0379016325859565e-05, 'I2z': 0.00035547887103385583}, 'init_theta_std_deg': 6.026506797748394, 'init_alpha_std_deg': 9.750501173320085, 'init_theta_dot_std': 0.2806454259847498, 'init_alpha_dot_std': 0.45106809672307824, 'pwm_limit': 141.5479267621445, 'pwm_gain': 0.9879550137196885, 'pwm_bias': 0.5320237828055625, 'pwm_deadzone': 2.0602907402481088, 'pwm_noise_sigma': 0.37271818789755556, 'actuator_tau': 0.0035573169642714388, 'action_delay_steps': 0, 'theta_bias': 0.001677364627332749, 'alpha_bias': 0.003354782416119264, 'theta_sigma': 6.859024187832787e-05, 'alpha_sigma': 0.005063559032522671, 'theta_dot_sigma': 0.03544986029321924, 'alpha_dot_sigma': 0.09362888598009965, 'encoder_quantization_rad': 0.0003457731349126145, 'velocity_lpf': 0.25, 'process_theta_dot_sigma': 0.0, 'process_alpha_dot_sigma': 0.0}"
3342000,3,randomization_0.30,0.3,"{'level': 0.3, 'physical': {'g': 9.69472933789455, 'c_theta': 0.025002481301053606, 'c_alpha': 0.000984450219470085, 'k_t': 0.2381779478531519, 'k_b': 0.19101882101572254, 'k_u': 0.042838046166784924, 'R': 4.319731743164615, 'm1': 0.20992533579919165, 'm2': 0.15506642793240233, 'l1cg': 0.08133845294624958, 'l1': 0.15368725949300477, 'l2cg': 0.06986059404749886, 'I1z': 0.000595256186820651, 'I2x': 0.0003674493006602947, 'I2y': 2.74455121515553e-05, 'I2z': 0.00037379514562579534}, 'init_theta_std_deg': 5.12043169376965, 'init_alpha_std_deg': 8.205416323833472, 'init_theta_dot_std': 0.02354111355829761, 'init_alpha_dot_std': 0.16933888472029318, 'pwm_limit': 142.66798313541508, 'pwm_gain': 0.9772194768130297, 'pwm_bias': 0.8854067857986821, 'pwm_deadzone': 2.859647644726002, 'pwm_noise_sigma': 0.43982753007192427, 'actuator_tau': 0.004663836389319381, 'action_delay_steps': 0, 'theta_bias': 0.002837085472514899, 'alpha_bias': 0.0016223027872282838, 'theta_sigma': 0.001486818073245156, 'alpha_sigma': 0.004897811967350972, 'theta_dot_sigma': 0.05751227889411972, 'alpha_dot_sigma': 0.0994550657958934, 'encoder_quantization_rad': 0.00035722008097220507, 'velocity_lpf': 0.25, 'process_theta_dot_sigma': 0.0, 'process_alpha_dot_sigma': 0.0}"
3344000,3,randomization_0.30,0.3,"{'level': 0.3, 'physical': {'g': 9.665286440817198, 'c_theta': 0.026246480992542537, 'c_alpha': 0.0014694044880301032, 'k_t': 0.2297036388606653, 'k_b': 0.1761720711869526, 'k_u': 0.04459958384146418, 'R': 4.052755575843675, 'm1': 0.22113017921731737, 'm2': 0.15376464293008094, 'l1cg': 0.07703345116966764, 'l1': 0.1539870242773826, 'l2cg': 0.0655471533965974, 'I1z': 0.00043416220775254177, 'I2x': 0.00034999399527548973, 'I2y': 2.022243459744494e-05, 'I2z': 0.0004374190279132201}, 'init_theta_std_deg': 4.128762349312582, 'init_alpha_std_deg': 10.085172646846402, 'init_theta_dot_std': 0.33663384042113204, 'init_alpha_dot_std': 0.6865307754521293, 'pwm_limit': 141.09321043274105, 'pwm_gain': 1.0189929203337234, 'pwm_bias': 1.1576764824684127, 'pwm_deadzone': 2.0217124326993314, 'pwm_noise_sigma': 0.5664946184117609, 'actuator_tau': 0.008122781877667547, 'action_delay_steps': 0, 'theta_bias': -0.0003427786192969802, 'alpha_bias': 0.003184304739413652, 'theta_sigma': 0.00015609092016106595, 'alpha_sigma': 0.002039355074834577, 'theta_dot_sigma': 0.07253185821882153, 'alpha_dot_sigma': 0.16346880751898324, 'encoder_quantization_rad': 0.00014313242583317956, 'velocity_lpf': 0.25, 'process_theta_dot_sigma': 0.0, 'process_alpha_dot_sigma': 0.0}"
3346000,3,randomization_0.30,0.3,"{'level': 0.3, 'physical': {'g': 9.670559606638978, 'c_theta': 0.04334568660487892, 'c_alpha': 0.0013414396583470713, 'k_t': 0.24412335727295315, 'k_b': 0.19782262020455887, 'k_u': 0.04883899447645982, 'R': 4.562343814252593, 'm1': 0.20399002567746535, 'm2': 0.16219961567826324, 'l1cg': 0.08379183956745011, 'l1': 0.14900294728560665, 'l2cg': 0.06182727744218466, 'I1z': 0.0004546495701860887, 'I2x': 0.0003653353545962178, 'I2y': 2.539788559668034e-05, 'I2z': 0.00038874275500724664}, 'init_theta_std_deg': 6.4128032245584965, 'init_alpha_std_deg': 7.347735174480493, 'init_theta_dot_std': 0.11307542464743708, 'init_alpha_dot_std': 0.6579754968014003, 'pwm_limit': 141.14320306872582, 'pwm_gain': 0.9736240103499659, 'pwm_bias': 0.9602801069196667, 'pwm_deadzone': 2.344266158947332, 'pwm_noise_sigma': 0.48587867358592574, 'actuator_tau': 0.007411201344644014, 'action_delay_steps': 0, 'theta_bias': 0.0018737181540913023, 'alpha_bias': 0.0019343953449895896, 'theta_sigma': 0.0005857364481220147, 'alpha_sigma': 0.003842452205371705, 'theta_dot_sigma': 0.06006434005333559, 'alpha_dot_sigma': 0.1297864472304351, 'encoder_quantization_rad': 0.00043679344094627525, 'velocity_lpf': 0.23815839875125663, 'process_theta_dot_sigma': 0.0, 'process_alpha_dot_sigma': 0.0}"
3348000,3,randomization_0.30,0.3,"{'level': 0.3, 'physical': {'g': 9.898980970048296, 'c_theta': 0.024369364171611452, 'c_alpha': 0.001881730722496284, 'k_t': 0.2473772663902117, 'k_b': 0.18493238275032242, 'k_u': 0.04493385160275095, 'R': 4.148800027316387, 'm1': 0.2009447502657942, 'm2': 0.16181244139148931, 'l1cg': 0.08052889076060292, 'l1': 0.14866615156976812, 'l2cg': 0.06855688637887582, 'I1z': 0.0005481584506444036, 'I2x': 0.00036186653260112333, 'I2y': 2.587866765935756e-05, 'I2z': 0.00035860814836679656}, 'init_theta_std_deg': 6.25420992394973, 'init_alpha_std_deg': 7.510823562813661, 'init_theta_dot_std': 0.30323109908538387, 'init_alpha_dot_std': 0.7360173869884359, 'pwm_limit': 149.3534895866556, 'pwm_gain': 0.9955892472661843, 'pwm_bias': -0.847000050322723, 'pwm_deadzone': 0.3614020636424624, 'pwm_noise_sigma': 0.04731995133124429, 'actuator_tau': 0.004874007311467489, 'action_delay_steps': 0, 'theta_bias': -0.00011161628298568482, 'alpha_bias': -0.0032853981509781346, 'theta_sigma': 0.0017608881756521013, 'alpha_sigma': 0.003733171257767948, 'theta_dot_sigma': 0.043206871890621036, 'alpha_dot_sigma': 0.06618221994307756, 'encoder_quantization_rad': 0.00042524246558942356, 'velocity_lpf': 0.25, 'process_theta_dot_sigma': 0.0, 'process_alpha_dot_sigma': 0.0}"
3350000,3,randomization_0.30,0.3,"{'level': 0.3, 'physical': {'g': 9.814618099409532, 'c_theta': 0.0240234526123409, 'c_alpha': 0.0018175846381295138, 'k_t': 0.24345084285162705, 'k_b': 0.1972052019693415, 'k_u': 0.04716979345370608, 'R': 4.055729586819554, 'm1': 0.20012630196200565, 'm2': 0.15154687645087786, 'l1cg': 0.08044853298071723, 'l1': 0.14812104971873669, 'l2cg': 0.06558417997807131, 'I1z': 0.0004665546895139711, 'I2x': 0.0003900518645493799, 'I2y': 2.926090318094293e-05, 'I2z': 0.00035334806653776794}, 'init_theta_std_deg': 4.182576129837722, 'init_alpha_std_deg': 9.24947055448847, 'init_theta_dot_std': 0.21900386643600442, 'init_alpha_dot_std': 0.05289181440212848, 'pwm_limit': 143.6151972248843, 'pwm_gain': 1.0034486186881313, 'pwm_bias': 0.09080825274704747, 'pwm_deadzone': 2.1577809750910686, 'pwm_noise_sigma': 0.399539088196882, 'actuator_tau': 0.0049691428038237265, 'action_delay_steps': 0, 'theta_bias': -0.0025605062640949787, 'alpha_bias': -0.0005025230721185383, 'theta_sigma': 0.0014408535149533, 'alpha_sigma': 0.002456787115030606, 'theta_dot_sigma': 0.019340308456468776, 'alpha_dot_sigma': 0.11960550814956268, 'encoder_quantization_rad': 2.587910191973073e-05, 'velocity_lpf': 0.25, 'process_theta_dot_sigma': 0.0, 'process_alpha_dot_sigma': 0.0}"
3352000,3,randomization_0.30,0.3,"{'level': 0.3, 'physical': {'g': 9.914686886946594, 'c_theta': 0.029066827239629944, 'c_alpha': 0.0008348142896518129, 'k_t': 0.2239637865446505, 'k_b': 0.19905437130168513, 'k_u': 0.04982494671315153, 'R': 4.254848330321819, 'm1': 0.19301853990411263, 'm2': 0.15588628354910095, 'l1cg': 0.07751854112296891, 'l1': 0.1510071445089863, 'l2cg': 0.07021488943648171, 'I1z': 0.000539722687540005, 'I2x': 0.00035709092051802553, 'I2y': 2.470516291885785e-05, 'I2z': 0.00042872208323750573}, 'init_theta_std_deg': 5.999830898922989, 'init_alpha_std_deg': 8.829666114595886, 'init_theta_dot_std': 0.029900258878684974, 'init_alpha_dot_std': 0.21285066560902335, 'pwm_limit': 147.07813227684647, 'pwm_gain': 1.0248799349910116, 'pwm_bias': 0.4745661178547094, 'pwm_deadzone': 0.9876517483944627, 'pwm_noise_sigma': 0.5383247303073326, 'actuator_tau': 0.007995370005535898, 'action_delay_steps': 0, 'theta_bias': -0.0015776803111199704, 'alpha_bias': -0.002109773790977302, 'theta_sigma': 0.00012557020362439643, 'alpha_sigma': 0.0016443834699610745, 'theta_dot_sigma': 0.05297104842683139, 'alpha_dot_sigma': 0.17803443760199797, 'encoder_quantization_rad': 0.0003494267371407451, 'velocity_lpf': 0.25, 'process_theta_dot_sigma': 0.0, 'process_alpha_dot_sigma': 0.0}"
3354000,3,randomization_0.30,0.3,"{'level': 0.3, 'physical': {'g': 9.93236714751832, 'c_theta': 0.03429902633853351, 'c_alpha': 0.0020125889429998367, 'k_t': 0.23920352684807425, 'k_b': 0.18990855857263933, 'k_u': 0.0478979211387619, 'R': 4.119592257079103, 'm1': 0.19155613890075754, 'm2': 0.15856408850962556, 'l1cg': 0.07713176904149555, 'l1': 0.15500668300821085, 'l2cg': 0.06199334084072239, 'I1z': 0.00058908342949191, 'I2x': 0.000389001895079229, 'I2y': 2.1847860696182402e-05, 'I2z': 0.00039693358171860355}, 'init_theta_std_deg': 4.348209413326768, 'init_alpha_std_deg': 7.103539059124341, 'init_theta_dot_std': 0.23702232957182096, 'init_alpha_dot_std': 0.08117554539149535, 'pwm_limit': 149.59792093317654, 'pwm_gain': 0.9770047574870878, 'pwm_bias': 0.6520243208396886, 'pwm_deadzone': 0.15227443102626226, 'pwm_noise_sigma': 0.4217017022953086, 'actuator_tau': 0.008483483186028925, 'action_delay_steps': 0, 'theta_bias': -0.0022908145126391308, 'alpha_bias': 0.0003210904953244706, 'theta_sigma': 0.001271169802848437, 'alpha_sigma': 0.0037017045054499632, 'theta_dot_sigma': 0.04474566510448248, 'alpha_dot_sigma': 0.03955435188313103, 'encoder_quantization_rad': 6.579929183717912e-05, 'velocity_lpf': 0.25, 'process_theta_dot_sigma': 0.0, 'process_alpha_dot_sigma': 0.0}"
3356000,3,randomization_0.30,0.3,"{'level': 0.3, 'physical': {'g': 9.860337400601537, 'c_theta': 0.030052525440121165, 'c_alpha': 0.0017071106438138375, 'k_t': 0.2464799549168558, 'k_b': 0.1844222054757015, 'k_u': 0.04953543081964583, 'R': 4.469793332616066, 'm1': 0.20884581086374834, 'm2': 0.15915997891394393, 'l1cg': 0.08324592173567816, 'l1': 0.1507720664005218, 'l2cg': 0.06440842719928042, 'I1z': 0.00047141603317434923, 'I2x': 0.0003892600889414581, 'I2y': 2.559908090614413e-05, 'I2z': 0.0004396927327832767}, 'init_theta_std_deg': 5.204928674477707, 'init_alpha_std_deg': 8.749506717298512, 'init_theta_dot_std': 0.09699387465069945, 'init_alpha_dot_std': 0.5888281514156619, 'pwm_limit': 148.77839344505205, 'pwm_gain': 0.9720459911969042, 'pwm_bias': -0.18621914787926644, 'pwm_deadzone': 1.4506307699038166, 'pwm_noise_sigma': 0.42981577436343776, 'actuator_tau': 0.0014406461644566554, 'action_delay_steps': 0, 'theta_bias': 0.0018260716617495912, 'alpha_bias': 0.00342333768222951, 'theta_sigma': 0.0015984172455753949, 'alpha_sigma': 0.0005122605472331841, 'theta_dot_sigma': 0.03070524247383573, 'alpha_dot_sigma': 0.01789356608146062, 'encoder_quantization_rad': 8.344294496719273e-05, 'velocity_lpf': 0.25, 'process_theta_dot_sigma': 0.0, 'process_alpha_dot_sigma': 0.0}"
3358000,3,randomization_0.30,0.3,"{'level': 0.3, 'physical': {'g': 9.672560977948104, 'c_theta': 0.0284692193855002, 'c_alpha': 0.0010486063972303809, 'k_t': 0.21885014441850723, 'k_b': 0.18241352251785978, 'k_u': 0.04355456543415027, 'R': 4.048779292515436, 'm1': 0.20416390209803661, 'm2': 0.16536244268419473, 'l1cg': 0.07742971904600005, 'l1': 0.14843635370907524, 'l2cg': 0.0672644300415671, 'I1z': 0.0005754748520097696, 'I2x': 0.0003897249766201391, 'I2y': 2.434114869481237e-05, 'I2z': 0.00041026410346389167}, 'init_theta_std_deg': 6.427125810407008, 'init_alpha_std_deg': 9.274110176505607, 'init_theta_dot_std': 0.34790426272961145, 'init_alpha_dot_std': 0.2985910638904971, 'pwm_limit': 143.24109780122706, 'pwm_gain': 0.9952565085848527, 'pwm_bias': -0.43934571161317787, 'pwm_deadzone': 2.1898027364372137, 'pwm_noise_sigma': 0.03075378748338853, 'actuator_tau': 0.0006345050854777639, 'action_delay_steps': 0, 'theta_bias': -0.0009432861762263076, 'alpha_bias': -0.0028066707981638504, 'theta_sigma': 0.0009194709097189335, 'alpha_sigma': 0.001715323034755348, 'theta_dot_sigma': 0.08886308714284875, 'alpha_dot_sigma': 0.141390467553023, 'encoder_quantization_rad': 0.00014337677316656546, 'velocity_lpf': 0.25, 'process_theta_dot_sigma': 0.0, 'process_alpha_dot_sigma': 0.0}"
3360000,3,randomization_0.30,0.3,"{'level': 0.3, 'physical': {'g': 9.895716278737995, 'c_theta': 0.020139542335704544, 'c_alpha': 0.0015330960072430587, 'k_t': 0.2421549878806148, 'k_b': 0.17866692076388815, 'k_u': 0.04774042212860998, 'R': 4.4822717153004925, 'm1': 0.19503064960953223, 'm2': 0.15408020583511928, 'l1cg': 0.07908136944476919, 'l1': 0.14963593538544606, 'l2cg': 0.06643199195930051, 'I1z': 0.0004324227536770788, 'I2x': 0.000361655985087683, 'I2y': 2.5740191430838494e-05, 'I2z': 0.0004465619139058508}, 'init_theta_std_deg': 4.5987173493751445, 'init_alpha_std_deg': 8.316668034360392, 'init_theta_dot_std': 0.23239334043787296, 'init_alpha_dot_std': 0.56535211806873, 'pwm_limit': 150.18593467847424, 'pwm_gain': 1.0223898193779006, 'pwm_bias': -0.8006811184324037, 'pwm_deadzone': 0.7937565850089013, 'pwm_noise_sigma': 0.08507613784845831, 'actuator_tau': 0.00047751406370696566, 'action_delay_steps': 0, 'theta_bias': 0.0007035531064773868, 'alpha_bias': 0.0032645798803485537, 'theta_sigma': 1.5677827018050026e-05, 'alpha_sigma': 0.004396261860239032, 'theta_dot_sigma': 0.07063042924415182, 'alpha_dot_sigma': 0.17879478663898374, 'encoder_quantization_rad': 0.00034052485030588287, 'velocity_lpf': 0.25, 'process_theta_dot_sigma': 0.0, 'process_alpha_dot_sigma': 0.0}"
3362000,3,randomization_0.30,0.3,"{'level': 0.3, 'physical': {'g': 9.794106388123819, 'c_theta': 0.02250138265508545, 'c_alpha': 0.0017793179740944309, 'k_t': 0.21943228076613558, 'k_b': 0.17752033433793588, 'k_u': 0.04865117655390684, 'R': 4.314009375886256, 'm1': 0.21649979437785175, 'm2': 0.15191731181731433, 'l1cg': 0.0803737998280242, 'l1': 0.1501405314192449, 'l2cg': 0.06706124784626258, 'I1z': 0.0005669629613110199, 'I2x': 0.00038091434399410603, 'I2y': 2.7043568418833857e-05, 'I2z': 0.0004048183051552316}, 'init_theta_std_deg': 5.3954464466053365, 'init_alpha_std_deg': 9.001234268288938, 'init_theta_dot_std': 0.2070285119648471, 'init_alpha_dot_std': 0.06454442699524712, 'pwm_limit': 149.73317809414658, 'pwm_gain': 0.976532152372305, 'pwm_bias': -0.08610856811574115, 'pwm_deadzone': 0.8632558927645522, 'pwm_noise_sigma': 0.16150639963427338, 'actuator_tau': 0.008635705649292901, 'action_delay_steps': 0, 'theta_bias': 0.002748441454785475, 'alpha_bias': 0.0020236893382913268, 'theta_sigma': 0.0005688646014948319, 'alpha_sigma': 0.004386097034963319, 'theta_dot_sigma': 0.05573697743829462, 'alpha_dot_sigma': 0.1590110505456396, 'encoder_quantization_rad': 7.642630856821811e-05, 'velocity_lpf': 0.25, 'process_theta_dot_sigma': 0.0, 'process_alpha_dot_sigma': 0.0}"
3364000,3,randomization_0.30,0.3,"{'level': 0.3, 'physical': {'g': 9.904555736944388, 'c_theta': 0.02307787778989023, 'c_alpha': 0.001201416243377629, 'k_t': 0.2438516201888828, 'k_b': 0.19596900591401484, 'k_u': 0.04965055301004763, 'R': 4.139495759417001, 'm1': 0.19610161579234572, 'm2': 0.15174003506277903, 'l1cg': 0.08128407915684754, 'l1': 0.15062360275224454, 'l2cg': 0.06257645882090947, 'I1z': 0.0005017846764916586, 'I2x': 0.0003554957247927655, 'I2y': 2.608600899750944e-05, 'I2z': 0.00033909548770690256}, 'init_theta_std_deg': 4.121767269643186, 'init_alpha_std_deg': 9.334917066799086, 'init_theta_dot_std': 0.2541862441661751, 'init_alpha_dot_std': 0.7412365456318443, 'pwm_limit': 151.63785303701337, 'pwm_gain': 1.013017269696849, 'pwm_bias': 0.405426609067753, 'pwm_deadzone': 2.9179625555601394, 'pwm_noise_sigma': 0.23159541934023203, 'actuator_tau': 0.008328454206674942, 'action_delay_steps': 0, 'theta_bias': -0.00047751595585275244, 'alpha_bias': -0.00298745789237011, 'theta_sigma': 0.0012490956562185474, 'alpha_sigma': 0.0023637663427088645, 'theta_dot_sigma': 0.04942309373431347, 'alpha_dot_sigma': 0.01575527512953291, 'encoder_quantization_rad': 0.00044046625182927546, 'velocity_lpf': 0.25, 'process_theta_dot_sigma': 0.0, 'process_alpha_dot_sigma': 0.0}"
3366000,3,randomization_0.30,0.3,"{'level': 0.3, 'physical': {'g': 9.73911984132563, 'c_theta': 0.04192019160239269, 'c_alpha': 0.0011174807873855993, 'k_t': 0.23172446157102508, 'k_b': 0.18072174835668803, 'k_u': 0.046318483956500366, 'R': 4.517872883547788, 'm1': 0.19144112238623878, 'm2': 0.15606819480533252, 'l1cg': 0.0794516608525864, 'l1': 0.14864504041694973, 'l2cg': 0.06198107611067569, 'I1z': 0.000574002269665273, 'I2x': 0.0003531686914735429, 'I2y': 2.8016102412356123e-05, 'I2z': 0.0003103960553183601}, 'init_theta_std_deg': 4.103598931979436, 'init_alpha_std_deg': 8.493270800292377, 'init_theta_dot_std': 0.3975773511363811, 'init_alpha_dot_std': 0.5384833999693893, 'pwm_limit': 145.1430569296955, 'pwm_gain': 0.9823960897334904, 'pwm_bias': 0.01991020558649783, 'pwm_deadzone': 1.18390019676449, 'pwm_noise_sigma': 0.41094085791795804, 'actuator_tau': 0.006407675614762685, 'action_delay_steps': 0, 'theta_bias': -0.0016370290689339069, 'alpha_bias': -0.0010186378854923313, 'theta_sigma': 2.5743110488065478e-05, 'alpha_sigma': 0.0009093238954019363, 'theta_dot_sigma': 0.0765549475001185, 'alpha_dot_sigma': 0.14983539037857618, 'encoder_quantization_rad': 0.00039449519229650307, 'velocity_lpf': 0.25, 'process_theta_dot_sigma': 0.0, 'process_alpha_dot_sigma': 0.0}"
3368000,3,randomization_0.30,0.3,"{'level': 0.3, 'physical': {'g': 9.815856145661812, 'c_theta': 0.04075626314670408, 'c_alpha': 0.001408958367417262, 'k_t': 0.22475137690157782, 'k_b': 0.19460027843404804, 'k_u': 0.04570601173357715, 'R': 4.067017297715751, 'm1': 0.21511984805002923, 'm2': 0.15530696174575837, 'l1cg': 0.08129610448428103, 'l1': 0.15540597669744613, 'l2cg': 0.06606084152777585, 'I1z': 0.00044852993707164015, 'I2x': 0.00035358952896221243, 'I2y': 2.6559993451884977e-05, 'I2z': 0.0004475920830932594}, 'init_theta_std_deg': 6.035904874965599, 'init_alpha_std_deg': 9.274776658951042, 'init_theta_dot_std': 0.23104571168265772, 'init_alpha_dot_std': 0.5644430978272095, 'pwm_limit': 147.85807126252107, 'pwm_gain': 1.0287306867575148, 'pwm_bias': -0.7546168220049813, 'pwm_deadzone': 0.9530570436661263, 'pwm_noise_sigma': 0.578875065574679, 'actuator_tau': 0.00643301352160036, 'action_delay_steps': 0, 'theta_bias': -0.0018601476230754874, 'alpha_bias': -0.0018695987251307726, 'theta_sigma': 0.0006870071988310807, 'alpha_sigma': 0.00225156639033345, 'theta_dot_sigma': 0.10204394625711076, 'alpha_dot_sigma': 0.01440942024868662, 'encoder_quantization_rad': 0.000395608004400299, 'velocity_lpf': 0.2649105331376832, 'process_theta_dot_sigma': 0.0, 'process_alpha_dot_sigma': 0.0}"
3370000,3,randomization_0.30,0.3,"{'level': 0.3, 'physical': {'g': 9.700075503964799, 'c_theta': 0.026551203257452277, 'c_alpha': 0.0019397053128357683, 'k_t': 0.22556529322933005, 'k_b': 0.1916862666469759, 'k_u': 0.04591069391003694, 'R': 4.418731778498041, 'm1': 0.2164651852211765, 'm2': 0.15864711946360008, 'l1cg': 0.07819805222315848, 'l1': 0.15578393727943604, 'l2cg': 0.07020958806901131, 'I1z': 0.0005398492635061424, 'I2x': 0.0003734921969672359, 'I2y': 2.6513074068244083e-05, 'I2z': 0.00036559009547022195}, 'init_theta_std_deg': 4.515193281623162, 'init_alpha_std_deg': 10.007950503531639, 'init_theta_dot_std': 0.005845841276521269, 'init_alpha_dot_std': 0.2353215084472921, 'pwm_limit': 142.61656299069205, 'pwm_gain': 1.0240702885016837, 'pwm_bias': 1.1796596806066695, 'pwm_deadzone': 0.35191551383414854, 'pwm_noise_sigma': 0.3606255477197954, 'actuator_tau': 0.0005386054198390658, 'action_delay_steps': 0, 'theta_bias': -0.002391280739878668, 'alpha_bias': 0.0018262835391221852, 'theta_sigma': 0.00021860966664471413, 'alpha_sigma': 0.0032336887179339265, 'theta_dot_sigma': 0.08353083558273633, 'alpha_dot_sigma': 0.14062564838256217, 'encoder_quantization_rad': 0.00027060460154696765, 'velocity_lpf': 0.25, 'process_theta_dot_sigma': 0.0, 'process_alpha_dot_sigma': 0.0}"
3372000,3,randomization_0.30,0.3,"{'level': 0.3, 'physical': {'g': 9.818012453320017, 'c_theta': 0.033263097038983266, 'c_alpha': 0.0019236946971366267, 'k_t': 0.24185310209641533, 'k_b': 0.20147337612058425, 'k_u': 0.04868284794213687, 'R': 4.082502542859362, 'm1': 0.21172687658975425, 'm2': 0.16336660708844006, 'l1cg': 0.07793337650693755, 'l1': 0.14954431875756166, 'l2cg': 0.06340063377605396, 'I1z': 0.0005904810810529263, 'I2x': 0.00035942299012994703, 'I2y': 2.3524416514302087e-05, 'I2z': 0.0003335990792201302}, 'init_theta_std_deg': 4.496103331637882, 'init_alpha_std_deg': 6.815718520297083, 'init_theta_dot_std': 0.19154378572764205, 'init_alpha_dot_std': 0.46037627196350817, 'pwm_limit': 151.23753328443166, 'pwm_gain': 0.9950331447342348, 'pwm_bias': 0.6433154918391639, 'pwm_deadzone': 1.9665939711764922, 'pwm_noise_sigma': 0.3618158710412391, 'actuator_tau': 0.0012033656691733923, 'action_delay_steps': 0, 'theta_bias': -0.0023586946107355053, 'alpha_bias': 0.0026910633991942515, 'theta_sigma': 0.0006148343030419545, 'alpha_sigma': 0.002699998986718547, 'theta_dot_sigma': 0.06694738869096074, 'alpha_dot_sigma': 0.17162050802142995, 'encoder_quantization_rad': 0.000331814374621671, 'velocity_lpf': 0.26016277225971, 'process_theta_dot_sigma': 0.0, 'process_alpha_dot_sigma': 0.0}"
3374000,3,randomization_0.30,0.3,"{'level': 0.3, 'physical': {'g': 9.909732326570209, 'c_theta': 0.03458621722512748, 'c_alpha': 0.0011959870292765741, 'k_t': 0.2392387745783898, 'k_b': 0.17828639568540558, 'k_u': 0.04813073089764387, 'R': 4.1701821324038635, 'm1': 0.20405928920676233, 'm2': 0.15880568964674793, 'l1cg': 0.08322350689842976, 'l1': 0.15621718235377272, 'l2cg': 0.06970429348252022, 'I1z': 0.0004364242138317293, 'I2x': 0.00038828591856217135, 'I2y': 2.5492948044228512e-05, 'I2z': 0.0004008371656198789}, 'init_theta_std_deg': 6.224451005309932, 'init_alpha_std_deg': 9.51220130886952, 'init_theta_dot_std': 0.01572352903107963, 'init_alpha_dot_std': 0.6832425076839973, 'pwm_limit': 151.81986808138447, 'pwm_gain': 1.0187754152794883, 'pwm_bias': 0.4468424310282881, 'pwm_deadzone': 1.9582861985830204, 'pwm_noise_sigma': 0.28675127327422795, 'actuator_tau': 0.0028972937261308855, 'action_delay_steps': 0, 'theta_bias': 0.0014114138289014352, 'alpha_bias': -0.00033696402020833786, 'theta_sigma': 0.0006198864670309448, 'alpha_sigma': 0.001101439164563906, 'theta_dot_sigma': 0.05285323231046999, 'alpha_dot_sigma': 0.14874360685413746, 'encoder_quantization_rad': 0.00015883334369067535, 'velocity_lpf': 0.25, 'process_theta_dot_sigma': 0.0, 'process_alpha_dot_sigma': 0.0}"
3376000,3,randomization_0.30,0.3,"{'level': 0.3, 'physical': {'g': 9.868968508317819, 'c_theta': 0.04121818110397024, 'c_alpha': 0.00201037435340769, 'k_t': 0.24018070018831927, 'k_b': 0.17384844145197315, 'k_u': 0.04872424309332651, 'R': 4.429236268579144, 'm1': 0.19575661994190333, 'm2': 0.1554590831780455, 'l1cg': 0.07813224356752073, 'l1': 0.15547130257484124, 'l2cg': 0.06896946249388022, 'I1z': 0.000443988251360458, 'I2x': 0.00037965192188179757, 'I2y': 2.6630855114898542e-05, 'I2z': 0.00030810776740067313}, 'init_theta_std_deg': 6.2639748977259, 'init_alpha_std_deg': 7.095713821520809, 'init_theta_dot_std': 0.2381655224578482, 'init_alpha_dot_std': 0.2585659376588309, 'pwm_limit': 149.52225386720238, 'pwm_gain': 1.0041818066314339, 'pwm_bias': -0.3640598573493788, 'pwm_deadzone': 0.8734739313486605, 'pwm_noise_sigma': 0.524903051404355, 'actuator_tau': 0.007614231232359285, 'action_delay_steps': 0, 'theta_bias': 0.0008370939486064955, 'alpha_bias': 8.904450050294131e-05, 'theta_sigma': 0.0013048517818466513, 'alpha_sigma': 0.005467562122285861, 'theta_dot_sigma': 0.044973789950485725, 'alpha_dot_sigma': 0.010650906428212033, 'encoder_quantization_rad': 0.00026549567017415947, 'velocity_lpf': 0.2589159252478206, 'process_theta_dot_sigma': 0.0, 'process_alpha_dot_sigma': 0.0}"
3378000,3,randomization_0.30,0.3,"{'level': 0.3, 'physical': {'g': 9.75835538650184, 'c_theta': 0.02508741773972456, 'c_alpha': 0.001628593208560519, 'k_t': 0.23413139239875994, 'k_b': 0.1923160808191659, 'k_u': 0.048188878764610116, 'R': 4.246059869543526, 'm1': 0.19493644001640195, 'm2': 0.15851419701112388, 'l1cg': 0.07848801076201158, 'l1': 0.1531692055528018, 'l2cg': 0.0626334687492409, 'I1z': 0.00051114519313435, 'I2x': 0.0003793094351269986, 'I2y': 2.7550233388120298e-05, 'I2z': 0.0003508021710249681}, 'init_theta_std_deg': 5.397519108886961, 'init_alpha_std_deg': 8.685334943361738, 'init_theta_dot_std': 0.2769371035835102, 'init_alpha_dot_std': 0.204151725099807, 'pwm_limit': 146.63989519269438, 'pwm_gain': 0.9920309828506172, 'pwm_bias': 1.0948676777592532, 'pwm_deadzone': 0.504695071447456, 'pwm_noise_sigma': 0.4279223044131347, 'actuator_tau': 0.004673490653790794, 'action_delay_steps': 0, 'theta_bias': -0.001721502815388851, 'alpha_bias': 0.0035448279986552036, 'theta_sigma': 0.001183609407115738, 'alpha_sigma': 0.000941314429494303, 'theta_dot_sigma': 0.00398173727810522, 'alpha_dot_sigma': 0.17837678759354936, 'encoder_quantization_rad': 5.4191882775788867e-05, 'velocity_lpf': 0.25, 'process_theta_dot_sigma': 0.0, 'process_alpha_dot_sigma': 0.0}"
3380000,3,randomization_0.30,0.3,"{'level': 0.3, 'physical': {'g': 9.670628310973871, 'c_theta': 0.02572619581705319, 'c_alpha': 0.0017445291949660516, 'k_t': 0.21867552775127805, 'k_b': 0.17912908052882676, 'k_u': 0.04454944147955575, 'R': 4.381613139917329, 'm1': 0.21121826453122824, 'm2': 0.15462861571922104, 'l1cg': 0.07815820364436771, 'l1': 0.14813823420962954, 'l2cg': 0.06240120146076475, 'I1z': 0.0005236951743124709, 'I2x': 0.0003648388157082302, 'I2y': 2.6162736798859877e-05, 'I2z': 0.00040425878985148706}, 'init_theta_std_deg': 4.1419926234232145, 'init_alpha_std_deg': 7.5714053018481495, 'init_theta_dot_std': 0.26597227769746357, 'init_alpha_dot_std': 0.5921062475160391, 'pwm_limit': 149.3085597291327, 'pwm_gain': 1.020956498470734, 'pwm_bias': -0.4164280784798942, 'pwm_deadzone': 0.22585778140799473, 'pwm_noise_sigma': 0.1927977275474301, 'actuator_tau': 0.0016148108014267962, 'action_delay_steps': 0, 'theta_bias': 0.0001414599012567286, 'alpha_bias': -0.0011964200217840797, 'theta_sigma': 0.00047583201655257786, 'alpha_sigma': 0.00529918146744382, 'theta_dot_sigma': 0.061870923974520896, 'alpha_dot_sigma': 0.0002561869497678448, 'encoder_quantization_rad': 0.0002574434838912424, 'velocity_lpf': 0.25, 'process_theta_dot_sigma': 0.0, 'process_alpha_dot_sigma': 0.0}"
3382000,3,randomization_0.30,0.3,"{'level': 0.3, 'physical': {'g': 9.942010530408018, 'c_theta': 0.042137885416903526, 'c_alpha': 0.0013759444629525336, 'k_t': 0.22824664660437158, 'k_b': 0.19140295059741758, 'k_u': 0.04593187400542497, 'R': 4.4724507492604575, 'm1': 0.1988373167405177, 'm2': 0.1615989419571558, 'l1cg': 0.08212852363937677, 'l1': 0.1480651080566278, 'l2cg': 0.06515593956539371, 'I1z': 0.0005120602057033765, 'I2x': 0.00038509183143821727, 'I2y': 2.0565066295561546e-05, 'I2z': 0.00043674455424678506}, 'init_theta_std_deg': 4.785877147051309, 'init_alpha_std_deg': 9.9040142832369, 'init_theta_dot_std': 0.40242973763063977, 'init_alpha_dot_std': 0.3066426856322141, 'pwm_limit': 147.52185791418148, 'pwm_gain': 1.0036443357769924, 'pwm_bias': -0.22032513294924722, 'pwm_deadzone': 2.75540974216418, 'pwm_noise_sigma': 0.569249926725148, 'actuator_tau': 0.0022717412029931256, 'action_delay_steps': 0, 'theta_bias': 0.000499790504801979, 'alpha_bias': 0.002340361772957499, 'theta_sigma': 0.0016721321272485789, 'alpha_sigma': 0.0024258555341641172, 'theta_dot_sigma': 0.06542838686133216, 'alpha_dot_sigma': 0.12682824049780594, 'encoder_quantization_rad': 4.373357093941298e-05, 'velocity_lpf': 0.25, 'process_theta_dot_sigma': 0.0, 'process_alpha_dot_sigma': 0.0}"
3384000,3,randomization_0.30,0.3,"{'level': 0.3, 'physical': {'g': 9.833638288843497, 'c_theta': 0.02943084193937455, 'c_alpha': 0.0013009777311326328, 'k_t': 0.22408359219091728, 'k_b': 0.18407455244124712, 'k_u': 0.048645707157157415, 'R': 4.454538992316556, 'm1': 0.21346255643305373, 'm2': 0.15970701279635427, 'l1cg': 0.08337100777687943, 'l1': 0.1560332482986806, 'l2cg': 0.06401797344685907, 'I1z': 0.0005408582347943399, 'I2x': 0.0003908531463432868, 'I2y': 2.8114283224100313e-05, 'I2z': 0.00031439435351655686}, 'init_theta_std_deg': 6.183059706604384, 'init_alpha_std_deg': 10.022771167096211, 'init_theta_dot_std': 0.3365659288789273, 'init_alpha_dot_std': 0.46360161556892576, 'pwm_limit': 147.54286819570976, 'pwm_gain': 0.9819985725818434, 'pwm_bias': -0.5321598081687904, 'pwm_deadzone': 1.8614047955397859, 'pwm_noise_sigma': 0.07069897061503667, 'actuator_tau': 0.007148127248549819, 'action_delay_steps': 0, 'theta_bias': -0.0012728796936097397, 'alpha_bias': 0.001002057663554907, 'theta_sigma': 0.0010021173884495417, 'alpha_sigma': 0.0044460396327038664, 'theta_dot_sigma': 0.04947709048470065, 'alpha_dot_sigma': 0.022854808702077505, 'encoder_quantization_rad': 0.00040083682772991365, 'velocity_lpf': 0.25, 'process_theta_dot_sigma': 0.0, 'process_alpha_dot_sigma': 0.0}"
3386000,3,randomization_0.30,0.3,"{'level': 0.3, 'physical': {'g': 9.822500585596885, 'c_theta': 0.0270116450837055, 'c_alpha': 0.0013518863474232998, 'k_t': 0.2316033369807373, 'k_b': 0.19980693253463688, 'k_u': 0.04699274176537695, 'R': 4.4585879581733545, 'm1': 0.21438780322876444, 'm2': 0.16159829302210085, 'l1cg': 0.0772275763930489, 'l1': 0.15468167955514045, 'l2cg': 0.0641180984902911, 'I1z': 0.0005288643966224288, 'I2x': 0.0003733645552478819, 'I2y': 2.2734465078612723e-05, 'I2z': 0.00042944735417445426}, 'init_theta_std_deg': 6.337701912934206, 'init_alpha_std_deg': 8.517021900159484, 'init_theta_dot_std': 0.2617485159078169, 'init_alpha_dot_std': 0.105036410191261, 'pwm_limit': 151.9364048281368, 'pwm_gain': 0.9956377576404117, 'pwm_bias': 1.006836519494531, 'pwm_deadzone': 0.44172444815931067, 'pwm_noise_sigma': 0.16820041308357261, 'actuator_tau': 0.007416563148927014, 'action_delay_steps': 0, 'theta_bias': -0.002510444196896733, 'alpha_bias': 0.0027289209855640294, 'theta_sigma': 0.0017558476037883033, 'alpha_sigma': 0.0017349082689645206, 'theta_dot_sigma': 0.05162002983137532, 'alpha_dot_sigma': 0.03930838330590532, 'encoder_quantization_rad': 3.216482124717385e-06, 'velocity_lpf': 0.25, 'process_theta_dot_sigma': 0.0, 'process_alpha_dot_sigma': 0.0}"
3388000,3,randomization_0.30,0.3,"{'level': 0.3, 'physical': {'g': 9.722077238517928, 'c_theta': 0.03699531176468046, 'c_alpha': 0.0010638760182399131, 'k_t': 0.2238762870013747, 'k_b': 0.17400526619163442, 'k_u': 0.04487275741238701, 'R': 4.180820404822024, 'm1': 0.19849341870127446, 'm2': 0.16382686523414616, 'l1cg': 0.07777068396028594, 'l1': 0.1488001797831421, 'l2cg': 0.06733498047692443, 'I1z': 0.0005547617436676322, 'I2x': 0.0003757058575881197, 'I2y': 2.6079761833200615e-05, 'I2z': 0.0003235429357768324}, 'init_theta_std_deg': 4.384773292867888, 'init_alpha_std_deg': 9.312789925991336, 'init_theta_dot_std': 0.23658612968044768, 'init_alpha_dot_std': 0.10634833617747735, 'pwm_limit': 149.0822985073051, 'pwm_gain': 0.9925976580571918, 'pwm_bias': -0.7833365260651177, 'pwm_deadzone': 2.7904464968251768, 'pwm_noise_sigma': 0.5873674503039484, 'actuator_tau': 0.00792671617302133, 'action_delay_steps': 0, 'theta_bias': 0.0014787611685196404, 'alpha_bias': 0.003332485032544897, 'theta_sigma': 0.001544133300710157, 'alpha_sigma': 0.004001690084072913, 'theta_dot_sigma': 0.07274296732471644, 'alpha_dot_sigma': 0.17635817670344406, 'encoder_quantization_rad': 2.7367337984843493e-05, 'velocity_lpf': 0.25, 'process_theta_dot_sigma': 0.0, 'process_alpha_dot_sigma': 0.0}"
3390000,3,randomization_0.30,0.3,"{'level': 0.3, 'physical': {'g': 9.920516791800498, 'c_theta': 0.038792772163942196, 'c_alpha': 0.0012568393304705052, 'k_t': 0.24626666089011637, 'k_b': 0.18838698160049228, 'k_u': 0.043451266014474584, 'R': 4.555372811722564, 'm1': 0.19751593600639117, 'm2': 0.16305666775085656, 'l1cg': 0.08112606077283671, 'l1': 0.1476843753065804, 'l2cg': 0.07158608137196276, 'I1z': 0.000539312389935374, 'I2x': 0.0003756848339629954, 'I2y': 2.234366989554745e-05, 'I2z': 0.0003659457028134679}, 'init_theta_std_deg': 6.161644571827531, 'init_alpha_std_deg': 8.779311295824954, 'init_theta_dot_std': 0.4225710043206309, 'init_alpha_dot_std': 0.4668212698385199, 'pwm_limit': 151.96118992422748, 'pwm_gain': 1.010080516281768, 'pwm_bias': 0.24708846662813266, 'pwm_deadzone': 2.054393004169709, 'pwm_noise_sigma': 0.12251329220827462, 'actuator_tau': 0.006749049573607637, 'action_delay_steps': 0, 'theta_bias': 0.000289037729336376, 'alpha_bias': 0.001333089484584076, 'theta_sigma': 0.001268417912915455, 'alpha_sigma': 0.0022815598185881693, 'theta_dot_sigma': 0.09471160354603927, 'alpha_dot_sigma': 0.12930050939486035, 'encoder_quantization_rad': 0.00023579851211459008, 'velocity_lpf': 0.25, 'process_theta_dot_sigma': 0.0, 'process_alpha_dot_sigma': 0.0}"
3392000,3,randomization_0.30,0.3,"{'level': 0.3, 'physical': {'g': 9.921875810287952, 'c_theta': 0.033780496620044925, 'c_alpha': 0.0012589717525574773, 'k_t': 0.24231744293457885, 'k_b': 0.18060413858770616, 'k_u': 0.04584949874172053, 'R': 4.381519149901719, 'm1': 0.20611041792054138, 'm2': 0.15212519016287496, 'l1cg': 0.0795074087300642, 'l1': 0.15068003346954686, 'l2cg': 0.06702699068125673, 'I1z': 0.0004955924355336104, 'I2x': 0.0003889201302972417, 'I2y': 2.3079613328934512e-05, 'I2z': 0.0003996354986047829}, 'init_theta_std_deg': 4.698396148693178, 'init_alpha_std_deg': 6.855157816016453, 'init_theta_dot_std': 0.2858190175840774, 'init_alpha_dot_std': 0.20001911532017286, 'pwm_limit': 151.71878336813208, 'pwm_gain': 0.979378617918282, 'pwm_bias': -0.043854625245947076, 'pwm_deadzone': 2.1103347137840496, 'pwm_noise_sigma': 0.21999439576735846, 'actuator_tau': 0.004067653925787166, 'action_delay_steps': 0, 'theta_bias': -0.0028974609400930166, 'alpha_bias': 0.0030658505444848987, 'theta_sigma': 0.0005921669581268579, 'alpha_sigma': 0.004880495308072063, 'theta_dot_sigma': 0.0013485862976012712, 'alpha_dot_sigma': 0.16871978323192546, 'encoder_quantization_rad': 0.0003598920683107004, 'velocity_lpf': 0.25, 'process_theta_dot_sigma': 0.0, 'process_alpha_dot_sigma': 0.0}"
3394000,3,randomization_0.30,0.3,"{'level': 0.3, 'physical': {'g': 9.914663467119283, 'c_theta': 0.04348069996413524, 'c_alpha': 0.0016312704466958062, 'k_t': 0.22247321915291213, 'k_b': 0.19754030831198333, 'k_u': 0.045884337708192856, 'R': 4.109668732689489, 'm1': 0.20689638107829328, 'm2': 0.16344387928772994, 'l1cg': 0.08292430831791922, 'l1': 0.15445607958289528, 'l2cg': 0.06706706614322198, 'I1z': 0.0005739784352690211, 'I2x': 0.0003860338938841971, 'I2y': 2.3137128032638133e-05, 'I2z': 0.0003720629749495321}, 'init_theta_std_deg': 4.676102342782488, 'init_alpha_std_deg': 7.815676428194291, 'init_theta_dot_std': 0.23763294825484155, 'init_alpha_dot_std': 0.01971810642829236, 'pwm_limit': 147.87390287736093, 'pwm_gain': 0.9736007220325263, 'pwm_bias': -1.1503986093242082, 'pwm_deadzone': 1.0428656745098879, 'pwm_noise_sigma': 0.2896426519276932, 'actuator_tau': 0.003569706844116345, 'action_delay_steps': 0, 'theta_bias': -0.0027093438458312097, 'alpha_bias': -0.0006656165323626308, 'theta_sigma': 0.0016805214366945194, 'alpha_sigma': 0.005158643217674199, 'theta_dot_sigma': 0.03237009073481359, 'alpha_dot_sigma': 0.1360203962049451, 'encoder_quantization_rad': 0.000247821656486269, 'velocity_lpf': 0.25, 'process_theta_dot_sigma': 0.0, 'process_alpha_dot_sigma': 0.0}"
3396000,3,randomization_0.30,0.3,"{'level': 0.3, 'physical': {'g': 9.722521331512977, 'c_theta': 0.027484686910137487, 'c_alpha': 0.0012843773731711307, 'k_t': 0.22637273605054564, 'k_b': 0.19578677822189466, 'k_u': 0.04605502670154069, 'R': 4.265046623504083, 'm1': 0.22011329483897982, 'm2': 0.15136338560857404, 'l1cg': 0.08233635102650445, 'l1': 0.15494358107159126, 'l2cg': 0.06701213401796773, 'I1z': 0.0005244995371386284, 'I2x': 0.00036783329643383253, 'I2y': 2.8420091946667892e-05, 'I2z': 0.00043201396192290887}, 'init_theta_std_deg': 4.660823176460038, 'init_alpha_std_deg': 9.981053671730503, 'init_theta_dot_std': 0.36269940592076266, 'init_alpha_dot_std': 0.4491558059701656, 'pwm_limit': 151.40788669065617, 'pwm_gain': 0.9930894867173677, 'pwm_bias': 0.11153598952626513, 'pwm_deadzone': 2.057402146212328, 'pwm_noise_sigma': 0.18199988548188467, 'actuator_tau': 0.0006388080776005686, 'action_delay_steps': 0, 'theta_bias': 0.0001264305761392106, 'alpha_bias': 0.001133637859772981, 'theta_sigma': 0.001312551711962801, 'alpha_sigma': 0.0043401180079104635, 'theta_dot_sigma': 0.05427614095769479, 'alpha_dot_sigma': 0.17045300454260007, 'encoder_quantization_rad': 0.00011346584019012709, 'velocity_lpf': 0.25, 'process_theta_dot_sigma': 0.0, 'process_alpha_dot_sigma': 0.0}"
3398000,3,randomization_0.30,0.3,"{'level': 0.3, 'physical': {'g': 9.86540320232644, 'c_theta': 0.034489473877965825, 'c_alpha': 0.0016258528122875275, 'k_t': 0.2251444845391506, 'k_b': 0.19606530640294717, 'k_u': 0.044747413082347295, 'R': 4.182776469071243, 'm1': 0.20543431841257656, 'm2': 0.1605522277479404, 'l1cg': 0.07958816564839521, 'l1': 0.15607579312998293, 'l2cg': 0.0688336684677531, 'I1z': 0.0004314076002281885, 'I2x': 0.00036667710081334225, 'I2y': 2.1999855312792574e-05, 'I2z': 0.0003442064328387366}, 'init_theta_std_deg': 6.084542475586195, 'init_alpha_std_deg': 6.8311571612131265, 'init_theta_dot_std': 0.4478514913989669, 'init_alpha_dot_std': 0.0180515886863295, 'pwm_limit': 149.87077267506515, 'pwm_gain': 1.0112501838864743, 'pwm_bias': 0.4441660023476108, 'pwm_deadzone': 2.698353878481806, 'pwm_noise_sigma': 0.16409519159092667, 'actuator_tau': 0.003104607939356678, 'action_delay_steps': 0, 'theta_bias': 0.00029302179559162256, 'alpha_bias': -0.002960806968436206, 'theta_sigma': 8.890506133619302e-06, 'alpha_sigma': 0.001108735446108427, 'theta_dot_sigma': 0.05133072449209051, 'alpha_dot_sigma': 0.1634407860153584, 'encoder_quantization_rad': 0.00021837207041213556, 'velocity_lpf': 0.25, 'process_theta_dot_sigma': 0.0, 'process_alpha_dot_sigma': 0.0}"
3400000,3,randomization_0.30,0.3,"{'level': 0.3, 'physical': {'g': 9.89611886528575, 'c_theta': 0.04103603457018996, 'c_alpha': 0.0010056208486572179, 'k_t': 0.24140841468184976, 'k_b': 0.19496770885896791, 'k_u': 0.04299992213684032, 'R': 4.193632096968855, 'm1': 0.20398372015472707, 'm2': 0.1653772043255361, 'l1cg': 0.08137577415090479, 'l1': 0.15173535997156676, 'l2cg': 0.06338605365147705, 'I1z': 0.0005060063218129026, 'I2x': 0.00037283783346817804, 'I2y': 2.79525767729369e-05, 'I2z': 0.00036917532129407356}, 'init_theta_std_deg': 4.142833736596753, 'init_alpha_std_deg': 7.319104286595567, 'init_theta_dot_std': 0.21218936419358117, 'init_alpha_dot_std': 0.7359887978991734, 'pwm_limit': 146.66578782007906, 'pwm_gain': 0.9720058253191973, 'pwm_bias': 0.07396320530532048, 'pwm_deadzone': 0.13270480706426802, 'pwm_noise_sigma': 0.5386132346565865, 'actuator_tau': 0.0005113890713758963, 'action_delay_steps': 0, 'theta_bias': -0.00037484421706856, 'alpha_bias': -0.003345130201263892, 'theta_sigma': 0.0014529853186926297, 'alpha_sigma': 0.0016270334191592034, 'theta_dot_sigma': 0.038083920707942046, 'alpha_dot_sigma': 0.101066332131881, 'encoder_quantization_rad': 0.0004000325781611584, 'velocity_lpf': 0.2565656036875087, 'process_theta_dot_sigma': 0.0, 'process_alpha_dot_sigma': 0.0}"
3402000,3,randomization_0.30,0.3,"{'level': 0.3, 'physical': {'g': 9.931481361371162, 'c_theta': 0.03506675184202446, 'c_alpha': 0.0007840932774967955, 'k_t': 0.23500796273658536, 'k_b': 0.1991198476118483, 'k_u': 0.042981976584009686, 'R': 4.2209829420851595, 'm1': 0.21280928483676131, 'm2': 0.15705580370022754, 'l1cg': 0.0809314176255889, 'l1': 0.14789731651899143, 'l2cg': 0.06703527995123698, 'I1z': 0.0005334314748127173, 'I2x': 0.0003738836275553802, 'I2y': 2.5364503569817216e-05, 'I2z': 0.0003749026830755966}, 'init_theta_std_deg': 4.5917221010778615, 'init_alpha_std_deg': 9.964441045981625, 'init_theta_dot_std': 0.3599693462273548, 'init_alpha_dot_std': 0.2004091849679707, 'pwm_limit': 151.66988520752798, 'pwm_gain': 1.0183459164625628, 'pwm_bias': 1.1613989469664037, 'pwm_deadzone': 0.489150118659485, 'pwm_noise_sigma': 0.011426986794319971, 'actuator_tau': 0.0017356006882559944, 'action_delay_steps': 0, 'theta_bias': -0.0022965462631765205, 'alpha_bias': -0.00017368178209968815, 'theta_sigma': 0.001753556622318742, 'alpha_sigma': 0.0007516102721301709, 'theta_dot_sigma': 0.07816989370401793, 'alpha_dot_sigma': 0.10252870269857114, 'encoder_quantization_rad': 0.00037298913171915593, 'velocity_lpf': 0.25, 'process_theta_dot_sigma': 0.0, 'process_alpha_dot_sigma': 0.0}"
3404000,3,randomization_0.30,0.3,"{'level': 0.3, 'physical': {'g': 9.654750104828913, 'c_theta': 0.03062360981604281, 'c_alpha': 0.0014633660586302324, 'k_t': 0.22789070531290734, 'k_b': 0.19205276829800122, 'k_u': 0.050303686563388635, 'R': 4.448093749024943, 'm1': 0.20439384465240104, 'm2': 0.16270311707853233, 'l1cg': 0.0828122015013262, 'l1': 0.15162611541757096, 'l2cg': 0.07076517297045672, 'I1z': 0.0004935654969308778, 'I2x': 0.00035446459486922205, 'I2y': 2.2745393482105392e-05, 'I2z': 0.0003306086995876702}, 'init_theta_std_deg': 5.9148711630422035, 'init_alpha_std_deg': 10.042289149166447, 'init_theta_dot_std': 0.027442300149274106, 'init_alpha_dot_std': 0.48666397880812184, 'pwm_limit': 141.22804601469156, 'pwm_gain': 1.0178971286116718, 'pwm_bias': 0.37803112124650934, 'pwm_deadzone': 2.8589294034265165, 'pwm_noise_sigma': 0.3580062787761155, 'actuator_tau': 0.003321273448311369, 'action_delay_steps': 0, 'theta_bias': -0.002576110345882347, 'alpha_bias': -0.0011461702951960687, 'theta_sigma': 6.153071418146718e-05, 'alpha_sigma': 0.002060996343770824, 'theta_dot_sigma': 0.07362531860442892, 'alpha_dot_sigma': 0.03590297838278062, 'encoder_quantization_rad': 6.591777890269867e-05, 'velocity_lpf': 0.25, 'process_theta_dot_sigma': 0.0, 'process_alpha_dot_sigma': 0.0}"
3406000,3,randomization_0.30,0.3,"{'level': 0.3, 'physical': {'g': 9.811876398346, 'c_theta': 0.036763757411755874, 'c_alpha': 0.0016777855468168429, 'k_t': 0.24335525681135345, 'k_b': 0.18023813495957058, 'k_u': 0.04531320379655114, 'R': 4.492900045030138, 'm1': 0.19910850176285677, 'm2': 0.1599209285492993, 'l1cg': 0.07860736200589638, 'l1': 0.15522800247540366, 'l2cg': 0.06798749155515264, 'I1z': 0.00046826026410576955, 'I2x': 0.0003631733819136367, 'I2y': 2.6356553118435893e-05, 'I2z': 0.00043768539517475874}, 'init_theta_std_deg': 6.1654883969199625, 'init_alpha_std_deg': 10.162572270737103, 'init_theta_dot_std': 0.27140763579688454, 'init_alpha_dot_std': 0.7480203612319435, 'pwm_limit': 144.8063347919004, 'pwm_gain': 1.0190439817621948, 'pwm_bias': -0.04564419536043322, 'pwm_deadzone': 1.208445691139887, 'pwm_noise_sigma': 0.20393714893707918, 'actuator_tau': 0.005516758088815988, 'action_delay_steps': 0, 'theta_bias': -0.0023905108254481896, 'alpha_bias': 4.971405956438737e-05, 'theta_sigma': 0.0017563752142994418, 'alpha_sigma': 0.0031910524220278816, 'theta_dot_sigma': 0.09229929154945446, 'alpha_dot_sigma': 0.08034555871429983, 'encoder_quantization_rad': 0.00014769539922686903, 'velocity_lpf': 0.24352813309105653, 'process_theta_dot_sigma': 0.0, 'process_alpha_dot_sigma': 0.0}"
3408000,3,randomization_0.30,0.3,"{'level': 0.3, 'physical': {'g': 9.727587028713767, 'c_theta': 0.039623656183026844, 'c_alpha': 0.001041976561515382, 'k_t': 0.21941087862066194, 'k_b': 0.17934439936766536, 'k_u': 0.05002865149983391, 'R': 4.245182137668086, 'm1': 0.19469134829863102, 'm2': 0.16425983915012468, 'l1cg': 0.08214756380558522, 'l1': 0.15410224671981582, 'l2cg': 0.06641270677707212, 'I1z': 0.00043023342778589424, 'I2x': 0.0003770360184110407, 'I2y': 2.791418545758487e-05, 'I2z': 0.0003081243872797233}, 'init_theta_std_deg': 4.240358213689138, 'init_alpha_std_deg': 7.993559269458182, 'init_theta_dot_std': 0.0417528833074204, 'init_alpha_dot_std': 0.5843647015667958, 'pwm_limit': 147.94525237714015, 'pwm_gain': 0.97989634553501, 'pwm_bias': -0.80412345419187, 'pwm_deadzone': 1.250974628077297, 'pwm_noise_sigma': 0.5185394497887658, 'actuator_tau': 0.007557442623142869, 'action_delay_steps': 0, 'theta_bias': -0.0009352757723693146, 'alpha_bias': 0.0005323437087933307, 'theta_sigma': 0.0015002511063085385, 'alpha_sigma': 0.005253393286820689, 'theta_dot_sigma': 0.06074125929819365, 'alpha_dot_sigma': 0.04579491802599331, 'encoder_quantization_rad': 0.00035996387298760244, 'velocity_lpf': 0.25, 'process_theta_dot_sigma': 0.0, 'process_alpha_dot_sigma': 0.0}"
3410000,3,randomization_0.30,0.3,"{'level': 0.3, 'physical': {'g': 9.837772559893473, 'c_theta': 0.023874261823036813, 'c_alpha': 0.0013125348454546756, 'k_t': 0.2307955665282209, 'k_b': 0.192098227941586, 'k_u': 0.0444305148312636, 'R': 4.057820223118088, 'm1': 0.20749039468637345, 'm2': 0.15224317009481014, 'l1cg': 0.07808104929623488, 'l1': 0.15385903285926858, 'l2cg': 0.06172994258930787, 'I1z': 0.0005557831428433991, 'I2x': 0.00037382467298155983, 'I2y': 2.733053150843953e-05, 'I2z': 0.00043682030145694576}, 'init_theta_std_deg': 5.140137249370644, 'init_alpha_std_deg': 8.145435024626554, 'init_theta_dot_std': 0.2536661161603704, 'init_alpha_dot_std': 0.18654708323872027, 'pwm_limit': 146.9485621187281, 'pwm_gain': 0.9773923352144138, 'pwm_bias': 0.2500407115246828, 'pwm_deadzone': 0.1860065676345244, 'pwm_noise_sigma': 0.469910351721046, 'actuator_tau': 0.0025928211614829285, 'action_delay_steps': 0, 'theta_bias': 0.000955994429092101, 'alpha_bias': 0.0010128642407936858, 'theta_sigma': 0.0008477222719059618, 'alpha_sigma': 0.000893948968403463, 'theta_dot_sigma': 0.013323480881790755, 'alpha_dot_sigma': 0.06533819829107754, 'encoder_quantization_rad': 0.00029441796998688167, 'velocity_lpf': 0.25, 'process_theta_dot_sigma': 0.0, 'process_alpha_dot_sigma': 0.0}"
3412000,3,randomization_0.30,0.3,"{'level': 0.3, 'physical': {'g': 9.862009357946228, 'c_theta': 0.033927292834875285, 'c_alpha': 0.001891580903316314, 'k_t': 0.24108914101305984, 'k_b': 0.17519980604802662, 'k_u': 0.04287816028659526, 'R': 4.47986866583383, 'm1': 0.19835102035472357, 'm2': 0.1567358137961754, 'l1cg': 0.0831610630363455, 'l1': 0.15422008467110548, 'l2cg': 0.06929112337534037, 'I1z': 0.000587334849602315, 'I2x': 0.000371822921712485, 'I2y': 2.782846589167886e-05, 'I2z': 0.0003281163011428904}, 'init_theta_std_deg': 5.539532033487745, 'init_alpha_std_deg': 10.115203126364337, 'init_theta_dot_std': 0.003003475228239949, 'init_alpha_dot_std': 0.7180388813421829, 'pwm_limit': 152.03309148925524, 'pwm_gain': 1.0280446148449789, 'pwm_bias': 0.779385232785874, 'pwm_deadzone': 1.4129219384819054, 'pwm_noise_sigma': 0.43777352689446186, 'actuator_tau': 0.004581194652531235, 'action_delay_steps': 0, 'theta_bias': 0.001980243562514209, 'alpha_bias': 0.002620693354889881, 'theta_sigma': 0.0014270409513322906, 'alpha_sigma': 0.003912296840430329, 'theta_dot_sigma': 0.006393168980994332, 'alpha_dot_sigma': 0.12870969863200862, 'encoder_quantization_rad': 0.0001706732339142165, 'velocity_lpf': 0.25, 'process_theta_dot_sigma': 0.0, 'process_alpha_dot_sigma': 0.0}"
3414000,3,randomization_0.30,0.3,"{'level': 0.3, 'physical': {'g': 9.663916199429398, 'c_theta': 0.04226106884377705, 'c_alpha': 0.001534613347558991, 'k_t': 0.22694165625214702, 'k_b': 0.19379449940147592, 'k_u': 0.04624068834052158, 'R': 4.462346680314275, 'm1': 0.2170004233313658, 'm2': 0.16282193039291656, 'l1cg': 0.07847973858113734, 'l1': 0.15632671770041728, 'l2cg': 0.0697909706185855, 'I1z': 0.0004906802553275181, 'I2x': 0.000373223630914884, 'I2y': 2.8446262501314056e-05, 'I2z': 0.0003668220743000111}, 'init_theta_std_deg': 5.217186989298724, 'init_alpha_std_deg': 7.528959168689235, 'init_theta_dot_std': 0.24672630943551774, 'init_alpha_dot_std': 0.6886390128624282, 'pwm_limit': 148.56361014980465, 'pwm_gain': 0.9763759004058405, 'pwm_bias': 0.11518023945959399, 'pwm_deadzone': 2.3583460610228983, 'pwm_noise_sigma': 0.5407276861194228, 'actuator_tau': 0.005817518244328097, 'action_delay_steps': 0, 'theta_bias': -0.0023863941651967127, 'alpha_bias': 0.0006537511754097934, 'theta_sigma': 0.0012191277650969834, 'alpha_sigma': 0.003066759335888932, 'theta_dot_sigma': 0.0693206369790071, 'alpha_dot_sigma': 0.014753144257269016, 'encoder_quantization_rad': 0.0004352038102824391, 'velocity_lpf': 0.25, 'process_theta_dot_sigma': 0.0, 'process_alpha_dot_sigma': 0.0}"
3416000,3,randomization_0.30,0.3,"{'level': 0.3, 'physical': {'g': 9.849862022841886, 'c_theta': 0.024513382689649695, 'c_alpha': 0.0015873792174606375, 'k_t': 0.2378981614312714, 'k_b': 0.18204209585851872, 'k_u': 0.04841155349537416, 'R': 4.36606390258091, 'm1': 0.19824294663683859, 'm2': 0.15247311711704173, 'l1cg': 0.08300824781902923, 'l1': 0.1550305958444506, 'l2cg': 0.061816105514713386, 'I1z': 0.0005707995077446468, 'I2x': 0.00035217780666296067, 'I2y': 2.3336474643909457e-05, 'I2z': 0.00043028294840269274}, 'init_theta_std_deg': 6.0303063810903765, 'init_alpha_std_deg': 8.169745313319433, 'init_theta_dot_std': 0.15309575274560408, 'init_alpha_dot_std': 0.1277417273542414, 'pwm_limit': 148.80563159990223, 'pwm_gain': 0.9947898430591345, 'pwm_bias': -0.017184063981210862, 'pwm_deadzone': 2.100476913331933, 'pwm_noise_sigma': 0.42743009387639325, 'actuator_tau': 0.004358895908808734, 'action_delay_steps': 0, 'theta_bias': 0.001480421069080563, 'alpha_bias': -0.002183489365526491, 'theta_sigma': 0.0009077906502846298, 'alpha_sigma': 0.0029574776849450894, 'theta_dot_sigma': 0.08538704329460417, 'alpha_dot_sigma': 0.03310545612544083, 'encoder_quantization_rad': 0.00012513511451508596, 'velocity_lpf': 0.25, 'process_theta_dot_sigma': 0.0, 'process_alpha_dot_sigma': 0.0}"
3418000,3,randomization_0.30,0.3,"{'level': 0.3, 'physical': {'g': 9.818726919488086, 'c_theta': 0.02051276982337031, 'c_alpha': 0.0014725657038784827, 'k_t': 0.23130814094584526, 'k_b': 0.18332982743971712, 'k_u': 0.04759143987644837, 'R': 4.270104982918129, 'm1': 0.2196102889112141, 'm2': 0.16334168935080945, 'l1cg': 0.07895090486326789, 'l1': 0.15532988702856237, 'l2cg': 0.06561747326929918, 'I1z': 0.0004999464300944682, 'I2x': 0.00038201352365376624, 'I2y': 2.8364803977913566e-05, 'I2z': 0.0003636381568889861}, 'init_theta_std_deg': 4.417761835627206, 'init_alpha_std_deg': 7.669492023839811, 'init_theta_dot_std': 0.23737980577881082, 'init_alpha_dot_std': 0.6767061430145807, 'pwm_limit': 142.08802708819346, 'pwm_gain': 0.9806148448587025, 'pwm_bias': 0.6347148182628467, 'pwm_deadzone': 1.3708538780942718, 'pwm_noise_sigma': 0.34973119257112445, 'actuator_tau': 0.0027603435413082237, 'action_delay_steps': 0, 'theta_bias': 0.00011142700471355371, 'alpha_bias': 0.0018069750331789329, 'theta_sigma': 0.001549541147028173, 'alpha_sigma': 0.0023564535526654964, 'theta_dot_sigma': 0.039658018476201574, 'alpha_dot_sigma': 0.17942600148157534, 'encoder_quantization_rad': 4.105138190865065e-05, 'velocity_lpf': 0.26463913442967346, 'process_theta_dot_sigma': 0.0, 'process_alpha_dot_sigma': 0.0}"
3420000,3,randomization_0.30,0.3,"{'level': 0.3, 'physical': {'g': 9.686782008850495, 'c_theta': 0.02486637428055745, 'c_alpha': 0.001623027531033058, 'k_t': 0.2310983472521352, 'k_b': 0.18312438040711854, 'k_u': 0.05043844024069213, 'R': 4.379395268820361, 'm1': 0.21527614236661644, 'm2': 0.1529588086730385, 'l1cg': 0.08257204238981115, 'l1': 0.1551757274171597, 'l2cg': 0.07107793980641001, 'I1z': 0.0004992297598323796, 'I2x': 0.0003709455870583676, 'I2y': 2.5797683115371958e-05, 'I2z': 0.00040968964240716644}, 'init_theta_std_deg': 5.8975035179169515, 'init_alpha_std_deg': 7.615872472537505, 'init_theta_dot_std': 0.37424673533825664, 'init_alpha_dot_std': 0.39046290393832955, 'pwm_limit': 146.58681887402184, 'pwm_gain': 1.0278851984749617, 'pwm_bias': 0.191166530484588, 'pwm_deadzone': 0.7802834972249442, 'pwm_noise_sigma': 0.08668233625923691, 'actuator_tau': 0.00018016952334155156, 'action_delay_steps': 0, 'theta_bias': -0.002125558508932834, 'alpha_bias': 0.0033162318514694173, 'theta_sigma': 0.0016688590799343803, 'alpha_sigma': 0.005948216769520663, 'theta_dot_sigma': 0.03693773342666411, 'alpha_dot_sigma': 0.16998774034477845, 'encoder_quantization_rad': 5.7378065129602854e-05, 'velocity_lpf': 0.25, 'process_theta_dot_sigma': 0.0, 'process_alpha_dot_sigma': 0.0}"
3422000,3,randomization_0.30,0.3,"{'level': 0.3, 'physical': {'g': 9.874697491243452, 'c_theta': 0.025901931995293104, 'c_alpha': 0.0007923137906024788, 'k_t': 0.24620565525203825, 'k_b': 0.1950863360749992, 'k_u': 0.04582011536007632, 'R': 4.097663273281452, 'm1': 0.20259841200258388, 'm2': 0.15434793050899825, 'l1cg': 0.08226903891919299, 'l1': 0.14902264356373204, 'l2cg': 0.06833150446903602, 'I1z': 0.00046849892255885616, 'I2x': 0.0003483340640673492, 'I2y': 2.315115380231108e-05, 'I2z': 0.0003995841841101569}, 'init_theta_std_deg': 5.0706508855244925, 'init_alpha_std_deg': 7.115728624544291, 'init_theta_dot_std': 0.42277182208739467, 'init_alpha_dot_std': 0.2132799703515629, 'pwm_limit': 148.5673673115548, 'pwm_gain': 0.9702889140504513, 'pwm_bias': -0.4005800061856815, 'pwm_deadzone': 0.034191032652572284, 'pwm_noise_sigma': 0.1256250673646972, 'actuator_tau': 0.0023072519260653912, 'action_delay_steps': 0, 'theta_bias': -8.197420844827663e-06, 'alpha_bias': -0.0004086110871444103, 'theta_sigma': 0.0009869032267290226, 'alpha_sigma': 0.004483288839000859, 'theta_dot_sigma': 0.09251416903269613, 'alpha_dot_sigma': 0.14919086820955355, 'encoder_quantization_rad': 0.0001853052228207455, 'velocity_lpf': 0.25, 'process_theta_dot_sigma': 0.0, 'process_alpha_dot_sigma': 0.0}"
3424000,3,randomization_0.30,0.3,"{'level': 0.3, 'physical': {'g': 9.655507798153398, 'c_theta': 0.03671007466833357, 'c_alpha': 0.0016310801215865553, 'k_t': 0.22717906833231233, 'k_b': 0.19296774682550571, 'k_u': 0.044225868184115016, 'R': 4.446388714319341, 'm1': 0.20567405184003398, 'm2': 0.1530189110372437, 'l1cg': 0.08309356163441224, 'l1': 0.14935770830796774, 'l2cg': 0.06543077709634942, 'I1z': 0.00046804196055119266, 'I2x': 0.0003755785977121994, 'I2y': 2.0181159532176412e-05, 'I2z': 0.0004298555814573922}, 'init_theta_std_deg': 4.166312682623111, 'init_alpha_std_deg': 9.114879370611625, 'init_theta_dot_std': 0.07868424482569056, 'init_alpha_dot_std': 0.48302732606318644, 'pwm_limit': 141.608471325907, 'pwm_gain': 1.0260525600638488, 'pwm_bias': -0.24233782969804646, 'pwm_deadzone': 1.8404173488152793, 'pwm_noise_sigma': 0.4232440576876774, 'actuator_tau': 0.006376941304468288, 'action_delay_steps': 0, 'theta_bias': 0.0022912147212534673, 'alpha_bias': -0.0025437323125243635, 'theta_sigma': 0.0013261260881807443, 'alpha_sigma': 6.863373339461276e-05, 'theta_dot_sigma': 0.08327380031877894, 'alpha_dot_sigma': 0.16127974329894224, 'encoder_quantization_rad': 0.00041172626929012927, 'velocity_lpf': 0.25, 'process_theta_dot_sigma': 0.0, 'process_alpha_dot_sigma': 0.0}"
3426000,3,randomization_0.30,0.3,"{'level': 0.3, 'physical': {'g': 9.930911519153813, 'c_theta': 0.02372319179974217, 'c_alpha': 0.0010010884686722677, 'k_t': 0.2466550634198874, 'k_b': 0.1902850634864327, 'k_u': 0.0464434795392733, 'R': 4.292064409329073, 'm1': 0.2058712230144035, 'm2': 0.15297167013456947, 'l1cg': 0.07709733379392451, 'l1': 0.15031477271698193, 'l2cg': 0.06274092971179934, 'I1z': 0.0005578679266407348, 'I2x': 0.00035577727918851177, 'I2y': 2.6904649882335794e-05, 'I2z': 0.00032704202899705166}, 'init_theta_std_deg': 5.555883724778377, 'init_alpha_std_deg': 9.937590218887989, 'init_theta_dot_std': 0.1558265267608315, 'init_alpha_dot_std': 0.49668255232147074, 'pwm_limit': 141.24624255437254, 'pwm_gain': 0.9911439957247209, 'pwm_bias': -0.4191898787524974, 'pwm_deadzone': 0.7551793637096899, 'pwm_noise_sigma': 0.29971111330643785, 'actuator_tau': 0.0077833937073892995, 'action_delay_steps': 0, 'theta_bias': -0.0005540339160698156, 'alpha_bias': -0.0014007239185423823, 'theta_sigma': 0.00010461496303983597, 'alpha_sigma': 0.002635619162695776, 'theta_dot_sigma': 0.024964968286968446, 'alpha_dot_sigma': 0.008676537088415147, 'encoder_quantization_rad': 0.000370338180602344, 'velocity_lpf': 0.25, 'process_theta_dot_sigma': 0.0, 'process_alpha_dot_sigma': 0.0}"
3428000,3,randomization_0.30,0.3,"{'level': 0.3, 'physical': {'g': 9.853788427869144, 'c_theta': 0.04064605058533244, 'c_alpha': 0.001077512670122525, 'k_t': 0.21823781263959638, 'k_b': 0.18723545275844572, 'k_u': 0.05091296268463871, 'R': 4.56763942397743, 'm1': 0.21407061041164666, 'm2': 0.1605692814772123, 'l1cg': 0.07800493132099288, 'l1': 0.15626420243597838, 'l2cg': 0.07154085961244185, 'I1z': 0.0005375953367826198, 'I2x': 0.0003793181975496406, 'I2y': 2.1781273216653542e-05, 'I2z': 0.0003996782776916279}, 'init_theta_std_deg': 4.7561594074061935, 'init_alpha_std_deg': 9.212483360177401, 'init_theta_dot_std': 0.07148669682067076, 'init_alpha_dot_std': 0.32361885244664806, 'pwm_limit': 146.31498137590597, 'pwm_gain': 1.0269015429069202, 'pwm_bias': -0.16455788795397924, 'pwm_deadzone': 0.21901336477621824, 'pwm_noise_sigma': 0.5868776158148614, 'actuator_tau': 0.003754805281053946, 'action_delay_steps': 0, 'theta_bias': 0.0010990898231572237, 'alpha_bias': 0.0024616800899709313, 'theta_sigma': 0.00023127144184693975, 'alpha_sigma': 0.002571231237216437, 'theta_dot_sigma': 0.032960666800802105, 'alpha_dot_sigma': 0.08853844320160796, 'encoder_quantization_rad': 0.00023945090727854796, 'velocity_lpf': 0.25, 'process_theta_dot_sigma': 0.0, 'process_alpha_dot_sigma': 0.0}"
3430000,3,randomization_0.30,0.3,"{'level': 0.3, 'physical': {'g': 9.818594698629484, 'c_theta': 0.03052495815691845, 'c_alpha': 0.0015048148942214416, 'k_t': 0.23428935253003041, 'k_b': 0.1863587040056393, 'k_u': 0.04544032044449574, 'R': 4.47150666195229, 'm1': 0.20001925834541898, 'm2': 0.15232401547076616, 'l1cg': 0.07692482272336404, 'l1': 0.1535507255768954, 'l2cg': 0.07097386495580599, 'I1z': 0.000541185572524369, 'I2x': 0.0003806404788954265, 'I2y': 2.7567622085152443e-05, 'I2z': 0.00036402740461432013}, 'init_theta_std_deg': 5.059164040170774, 'init_alpha_std_deg': 7.573739441386849, 'init_theta_dot_std': 0.3419473688852526, 'init_alpha_dot_std': 0.058420657422423694, 'pwm_limit': 144.8708169882748, 'pwm_gain': 0.9905364839191679, 'pwm_bias': 0.10831351782479093, 'pwm_deadzone': 1.2277234740290348, 'pwm_noise_sigma': 0.5460744014453424, 'actuator_tau': 0.008484896793912254, 'action_delay_steps': 0, 'theta_bias': -0.000345073175138773, 'alpha_bias': -0.0018885196986177107, 'theta_sigma': 0.0007640313022893575, 'alpha_sigma': 0.004063262450087499, 'theta_dot_sigma': 0.013501738449210108, 'alpha_dot_sigma': 0.15217210630555758, 'encoder_quantization_rad': 0.0003910306599622933, 'velocity_lpf': 0.25, 'process_theta_dot_sigma': 0.0, 'process_alpha_dot_sigma': 0.0}"
3432000,3,randomization_0.30,0.3,"{'level': 0.3, 'physical': {'g': 9.854030113544708, 'c_theta': 0.0315554625105624, 'c_alpha': 0.0008961490789458386, 'k_t': 0.22348392886388982, 'k_b': 0.19073757756830784, 'k_u': 0.04573233511791941, 'R': 4.490377215959003, 'm1': 0.21993964914436961, 'm2': 0.16454549254057835, 'l1cg': 0.08246915213214387, 'l1': 0.15170541515137517, 'l2cg': 0.06521904352217595, 'I1z': 0.00043898076262917466, 'I2x': 0.0003751523191333893, 'I2y': 2.9004304693366958e-05, 'I2z': 0.0003636381932969806}, 'init_theta_std_deg': 5.248575151132514, 'init_alpha_std_deg': 9.299737496999775, 'init_theta_dot_std': 0.2170264243568066, 'init_alpha_dot_std': 0.4695317838344435, 'pwm_limit': 147.48054326430176, 'pwm_gain': 1.0136546679303224, 'pwm_bias': -0.09073826506677544, 'pwm_deadzone': 2.8635379630696582, 'pwm_noise_sigma': 0.5072109760215495, 'actuator_tau': 0.004848794958251473, 'action_delay_steps': 0, 'theta_bias': -0.00019902468237292358, 'alpha_bias': -0.0019613065376353155, 'theta_sigma': 0.0006634033919887682, 'alpha_sigma': 0.00023210652227312933, 'theta_dot_sigma': 0.051237178946329565, 'alpha_dot_sigma': 0.07365415458632482, 'encoder_quantization_rad': 4.193813666915501e-05, 'velocity_lpf': 0.25, 'process_theta_dot_sigma': 0.0, 'process_alpha_dot_sigma': 0.0}"
3434000,3,randomization_0.30,0.3,"{'level': 0.3, 'physical': {'g': 9.90908137601884, 'c_theta': 0.02433852715188999, 'c_alpha': 0.0011048049978320666, 'k_t': 0.2475764827489761, 'k_b': 0.17437665044213713, 'k_u': 0.04837238781170721, 'R': 4.139140914330719, 'm1': 0.20087156288034266, 'm2': 0.15238202035980153, 'l1cg': 0.07728679323389476, 'l1': 0.15168727682597202, 'l2cg': 0.06496292505145626, 'I1z': 0.0004692328034271047, 'I2x': 0.0003524525512708474, 'I2y': 2.561054542595507e-05, 'I2z': 0.00036664641639655877}, 'init_theta_std_deg': 5.329444787870179, 'init_alpha_std_deg': 7.115139039422507, 'init_theta_dot_std': 0.1761023991768176, 'init_alpha_dot_std': 0.6490601542049799, 'pwm_limit': 146.74990415986792, 'pwm_gain': 1.028762361640139, 'pwm_bias': -1.016352608258834, 'pwm_deadzone': 2.3165230170687745, 'pwm_noise_sigma': 0.5691566995798598, 'actuator_tau': 0.005741653024281904, 'action_delay_steps': 0, 'theta_bias': 0.0021683589226812027, 'alpha_bias': 0.0032647048674063987, 'theta_sigma': 0.0007224956103384278, 'alpha_sigma': 0.00014234509427178698, 'theta_dot_sigma': 0.09040075141978757, 'alpha_dot_sigma': 0.003555737079168848, 'encoder_quantization_rad': 7.04163762791109e-05, 'velocity_lpf': 0.25, 'process_theta_dot_sigma': 0.0, 'process_alpha_dot_sigma': 0.0}"
3436000,3,randomization_0.30,0.3,"{'level': 0.3, 'physical': {'g': 9.693274316448521, 'c_theta': 0.042970327084047244, 'c_alpha': 0.0018040307999612727, 'k_t': 0.22589775560091568, 'k_b': 0.19683858954369574, 'k_u': 0.04891255310869573, 'R': 4.053249347230755, 'm1': 0.2098336114623112, 'm2': 0.1617573634247676, 'l1cg': 0.08177412366517686, 'l1': 0.14843362366097265, 'l2cg': 0.07149573708964417, 'I1z': 0.0005109481206392786, 'I2x': 0.0003774867314853562, 'I2y': 2.193640607512797e-05, 'I2z': 0.00030832800315773625}, 'init_theta_std_deg': 4.492734953812947, 'init_alpha_std_deg': 8.910697793901225, 'init_theta_dot_std': 0.0495788871564005, 'init_alpha_dot_std': 0.48777871335184864, 'pwm_limit': 151.07900261481205, 'pwm_gain': 0.9716178350126946, 'pwm_bias': 0.4484377824897535, 'pwm_deadzone': 2.549413168197771, 'pwm_noise_sigma': 0.5938892014849679, 'actuator_tau': 0.008745258694326742, 'action_delay_steps': 0, 'theta_bias': -0.0024744308114314334, 'alpha_bias': 0.001752464584256485, 'theta_sigma': 0.0003359889045576481, 'alpha_sigma': 0.004823482046010184, 'theta_dot_sigma': 0.0339116786679562, 'alpha_dot_sigma': 0.062102167253075574, 'encoder_quantization_rad': 0.00019210837138239697, 'velocity_lpf': 0.2579122474077924, 'process_theta_dot_sigma': 0.0, 'process_alpha_dot_sigma': 0.0}"
3438000,3,randomization_0.30,0.3,"{'level': 0.3, 'physical': {'g': 9.822967603728706, 'c_theta': 0.03843164866358137, 'c_alpha': 0.0011540362293994135, 'k_t': 0.24250417947798308, 'k_b': 0.17944229471937573, 'k_u': 0.044544945450367024, 'R': 4.074484195782045, 'm1': 0.20686490078140507, 'm2': 0.1638949589807342, 'l1cg': 0.08012539236289314, 'l1': 0.15509378578811436, 'l2cg': 0.06475605403298472, 'I1z': 0.000429675365843921, 'I2x': 0.0003751954976895061, 'I2y': 2.1132299499929516e-05, 'I2z': 0.00031180011396489616}, 'init_theta_std_deg': 5.399045787557156, 'init_alpha_std_deg': 10.323533842289457, 'init_theta_dot_std': 0.13359831924447907, 'init_alpha_dot_std': 0.23419882048847557, 'pwm_limit': 148.97996876748968, 'pwm_gain': 0.9833866041789205, 'pwm_bias': -0.2226133194801247, 'pwm_deadzone': 1.9292243651194694, 'pwm_noise_sigma': 0.16080504236805723, 'actuator_tau': 0.0005573637757510311, 'action_delay_steps': 0, 'theta_bias': 0.001788578600254741, 'alpha_bias': -0.0010180063054097879, 'theta_sigma': 0.000191094546826713, 'alpha_sigma': 0.005404420957348461, 'theta_dot_sigma': 0.022357476279867578, 'alpha_dot_sigma': 0.12873335930274593, 'encoder_quantization_rad': 0.0002018904356434384, 'velocity_lpf': 0.25, 'process_theta_dot_sigma': 0.0, 'process_alpha_dot_sigma': 0.0}"
3440000,3,randomization_0.30,0.3,"{'level': 0.3, 'physical': {'g': 9.679475670547601, 'c_theta': 0.023976079279403165, 'c_alpha': 0.0011985035822912316, 'k_t': 0.23766432523042208, 'k_b': 0.1809439681605386, 'k_u': 0.048591856002284654, 'R': 4.3764356944931215, 'm1': 0.2071839859625033, 'm2': 0.15191173602722938, 'l1cg': 0.0832053891013558, 'l1': 0.15236936089604233, 'l2cg': 0.061800428441204674, 'I1z': 0.0004305322287932641, 'I2x': 0.0003631299416848786, 'I2y': 2.5677886628942135e-05, 'I2z': 0.00043219488241485934}, 'init_theta_std_deg': 5.209896494733178, 'init_alpha_std_deg': 9.302014989277437, 'init_theta_dot_std': 0.31398159361598976, 'init_alpha_dot_std': 0.4361915728951163, 'pwm_limit': 150.0831491726385, 'pwm_gain': 1.0005344378723489, 'pwm_bias': 0.29356652430993063, 'pwm_deadzone': 2.2883071968014868, 'pwm_noise_sigma': 0.5880037723856456, 'actuator_tau': 0.007782273388151257, 'action_delay_steps': 0, 'theta_bias': -0.0021905861857416855, 'alpha_bias': 0.0030530692339810713, 'theta_sigma': 6.56060485388287e-05, 'alpha_sigma': 0.004234317899175167, 'theta_dot_sigma': 0.08864431018438033, 'alpha_dot_sigma': 0.17710863482063732, 'encoder_quantization_rad': 0.00012345025850701928, 'velocity_lpf': 0.25, 'process_theta_dot_sigma': 0.0, 'process_alpha_dot_sigma': 0.0}"
3442000,3,randomization_0.30,0.3,"{'level': 0.3, 'physical': {'g': 9.85152351241597, 'c_theta': 0.040838004201117446, 'c_alpha': 0.0012824850745042217, 'k_t': 0.22120266052565515, 'k_b': 0.1871429102482997, 'k_u': 0.04646484383031807, 'R': 4.268789842403393, 'm1': 0.2005724613355966, 'm2': 0.15186671931711734, 'l1cg': 0.08225511705268085, 'l1': 0.15061358870716357, 'l2cg': 0.06459863042769205, 'I1z': 0.000589012629426777, 'I2x': 0.00037065791269181187, 'I2y': 2.667222646623253e-05, 'I2z': 0.0004355958611497152}, 'init_theta_std_deg': 6.478636291492586, 'init_alpha_std_deg': 9.599409522485315, 'init_theta_dot_std': 0.21757418609553703, 'init_alpha_dot_std': 0.39725686412393674, 'pwm_limit': 144.42462768230706, 'pwm_gain': 0.9947397155375053, 'pwm_bias': -0.7028524823401435, 'pwm_deadzone': 0.47377848151490964, 'pwm_noise_sigma': 0.3186804571071649, 'actuator_tau': 0.0006242280076188995, 'action_delay_steps': 0, 'theta_bias': -0.0009730897477027703, 'alpha_bias': -0.0026324662623318476, 'theta_sigma': 0.0010680076037893592, 'alpha_sigma': 0.0056261888035021405, 'theta_dot_sigma': 0.030181275883600273, 'alpha_dot_sigma': 0.1353881350303741, 'encoder_quantization_rad': 0.00019915000885153416, 'velocity_lpf': 0.25, 'process_theta_dot_sigma': 0.0, 'process_alpha_dot_sigma': 0.0}"
3444000,3,randomization_0.30,0.3,"{'level': 0.3, 'physical': {'g': 9.868722359580737, 'c_theta': 0.039515698340147516, 'c_alpha': 0.0008770962648558417, 'k_t': 0.22388098762201294, 'k_b': 0.183126521752242, 'k_u': 0.04286592470765186, 'R': 4.028790520031471, 'm1': 0.20741083929487836, 'm2': 0.16079111760853645, 'l1cg': 0.07757427775731933, 'l1': 0.14846982649023596, 'l2cg': 0.06513334098337971, 'I1z': 0.0004422012207310953, 'I2x': 0.00038808818997860975, 'I2y': 2.5694272042071265e-05, 'I2z': 0.00041093757549563314}, 'init_theta_std_deg': 6.2694675093812755, 'init_alpha_std_deg': 9.288358829060348, 'init_theta_dot_std': 0.19231674074211685, 'init_alpha_dot_std': 0.6820370271936137, 'pwm_limit': 152.17862859851508, 'pwm_gain': 0.9873366212946643, 'pwm_bias': -0.5255412065063559, 'pwm_deadzone': 0.4770861058154715, 'pwm_noise_sigma': 0.16853560442720134, 'actuator_tau': 0.006271326501890373, 'action_delay_steps': 0, 'theta_bias': -0.0006088337117545029, 'alpha_bias': 0.003456975482382764, 'theta_sigma': 0.00113919322433238, 'alpha_sigma': 0.002354994456272589, 'theta_dot_sigma': 0.07707059941213026, 'alpha_dot_sigma': 0.11634815586209356, 'encoder_quantization_rad': 0.00019495373909709878, 'velocity_lpf': 0.2500938666957461, 'process_theta_dot_sigma': 0.0, 'process_alpha_dot_sigma': 0.0}"
3446000,3,randomization_0.30,0.3,"{'level': 0.3, 'physical': {'g': 9.783109927607658, 'c_theta': 0.021255554820406253, 'c_alpha': 0.0016117222492944272, 'k_t': 0.21716849790679346, 'k_b': 0.17722005031305837, 'k_u': 0.04511251984671614, 'R': 4.170699381798251, 'm1': 0.20053339912399173, 'm2': 0.15210670588342265, 'l1cg': 0.07746248639833586, 'l1': 0.15130151168318445, 'l2cg': 0.06253573846185041, 'I1z': 0.000514418930339947, 'I2x': 0.00034755165811592556, 'I2y': 2.7594247225057836e-05, 'I2z': 0.00038922674007505577}, 'init_theta_std_deg': 5.462900279544582, 'init_alpha_std_deg': 9.361895834060919, 'init_theta_dot_std': 0.1720062897462604, 'init_alpha_dot_std': 0.2659831353481222, 'pwm_limit': 150.37289504154074, 'pwm_gain': 0.9908350433368159, 'pwm_bias': 0.8333287985411492, 'pwm_deadzone': 1.368222298742956, 'pwm_noise_sigma': 0.43445033399672256, 'actuator_tau': 0.0016123164274784983, 'action_delay_steps': 0, 'theta_bias': 0.0024670751185307486, 'alpha_bias': -0.0018400226770247153, 'theta_sigma': 0.0002480539528916567, 'alpha_sigma': 0.0009345066143567899, 'theta_dot_sigma': 0.03568724638665046, 'alpha_dot_sigma': 0.1590006753273356, 'encoder_quantization_rad': 0.0003851550451488291, 'velocity_lpf': 0.25, 'process_theta_dot_sigma': 0.0, 'process_alpha_dot_sigma': 0.0}"
3448000,3,randomization_0.30,0.3,"{'level': 0.3, 'physical': {'g': 9.691170565615947, 'c_theta': 0.04208277411060987, 'c_alpha': 0.001140250402910272, 'k_t': 0.23216349653659385, 'k_b': 0.20000821942533664, 'k_u': 0.04478110119166901, 'R': 4.324304897829802, 'm1': 0.21291052327102522, 'm2': 0.1581439543835616, 'l1cg': 0.07796318078929645, 'l1': 0.15184385151829205, 'l2cg': 0.06386760246647427, 'I1z': 0.0005865105204406724, 'I2x': 0.0003597505995503289, 'I2y': 2.1964034065029696e-05, 'I2z': 0.0003144660885194587}, 'init_theta_std_deg': 5.214712631484186, 'init_alpha_std_deg': 6.963194996930904, 'init_theta_dot_std': 0.07292585854864121, 'init_alpha_dot_std': 0.4401519913354397, 'pwm_limit': 150.16413236508524, 'pwm_gain': 0.995499879659717, 'pwm_bias': -0.972233407074968, 'pwm_deadzone': 0.3712119701072768, 'pwm_noise_sigma': 0.12277335748688364, 'actuator_tau': 0.002004525993727436, 'action_delay_steps': 0, 'theta_bias': 3.884798277193346e-05, 'alpha_bias': -0.00045019957201541434, 'theta_sigma': 0.0010832833516521596, 'alpha_sigma': 0.005601309543915954, 'theta_dot_sigma': 0.010855001635805299, 'alpha_dot_sigma': 0.0936428873538214, 'encoder_quantization_rad': 0.0004269617497748569, 'velocity_lpf': 0.25, 'process_theta_dot_sigma': 0.0, 'process_alpha_dot_sigma': 0.0}"
3450000,3,randomization_0.30,0.3,"{'level': 0.3, 'physical': {'g': 9.806070515012728, 'c_theta': 0.034744030614805264, 'c_alpha': 0.0013410423518620358, 'k_t': 0.23614721625483226, 'k_b': 0.1901788176328007, 'k_u': 0.045028758312787104, 'R': 4.572904637251458, 'm1': 0.21578167238495902, 'm2': 0.15672084590134486, 'l1cg': 0.0775408946979367, 'l1': 0.15295609315711656, 'l2cg': 0.06298923144617541, 'I1z': 0.0005348732137063527, 'I2x': 0.000389559871227529, 'I2y': 2.094932677026658e-05, 'I2z': 0.0004074925166130538}, 'init_theta_std_deg': 5.459254325457419, 'init_alpha_std_deg': 9.578724276543939, 'init_theta_dot_std': 0.03696413244173668, 'init_alpha_dot_std': 0.1729339907710225, 'pwm_limit': 149.44048699270394, 'pwm_gain': 0.9993453803200087, 'pwm_bias': 0.95375559655412, 'pwm_deadzone': 1.285067197323113, 'pwm_noise_sigma': 0.07762969225566256, 'actuator_tau': 0.0036089922668880873, 'action_delay_steps': 0, 'theta_bias': 0.0006833170690625621, 'alpha_bias': -0.0016216594858830433, 'theta_sigma': 0.0005213122096459049, 'alpha_sigma': 0.0009441897622775149, 'theta_dot_sigma': 0.016533137304495814, 'alpha_dot_sigma': 0.1122375296402127, 'encoder_quantization_rad': 0.0002757226993845373, 'velocity_lpf': 0.25, 'process_theta_dot_sigma': 0.0, 'process_alpha_dot_sigma': 0.0}"
3452000,3,randomization_0.30,0.3,"{'level': 0.3, 'physical': {'g': 9.679005904037568, 'c_theta': 0.03042163013829124, 'c_alpha': 0.00153422303689378, 'k_t': 0.22922933359153685, 'k_b': 0.1786602611843756, 'k_u': 0.04886379638037602, 'R': 4.484018128528769, 'm1': 0.2053363498735744, 'm2': 0.15824590959533122, 'l1cg': 0.08287279084711258, 'l1': 0.1507714166354804, 'l2cg': 0.06647886582303268, 'I1z': 0.0005809427993288005, 'I2x': 0.00038614118903452984, 'I2y': 2.291678904700176e-05, 'I2z': 0.0003240014964940144}, 'init_theta_std_deg': 4.2974341773504, 'init_alpha_std_deg': 8.914864731151773, 'init_theta_dot_std': 0.41608394602813875, 'init_alpha_dot_std': 0.6064843061593164, 'pwm_limit': 148.33942109597766, 'pwm_gain': 0.9788466248156187, 'pwm_bias': 0.6270697153573411, 'pwm_deadzone': 0.2658213631595414, 'pwm_noise_sigma': 0.08041733847915788, 'actuator_tau': 0.006829911590944637, 'action_delay_steps': 0, 'theta_bias': -0.0004862542791781346, 'alpha_bias': -0.003368844630714194, 'theta_sigma': 0.0010469889136458348, 'alpha_sigma': 0.0008751638748771485, 'theta_dot_sigma': 0.07893959295967225, 'alpha_dot_sigma': 0.15992585932012676, 'encoder_quantization_rad': 1.0791528002168787e-05, 'velocity_lpf': 0.25, 'process_theta_dot_sigma': 0.0, 'process_alpha_dot_sigma': 0.0}"
3454000,3,randomization_0.30,0.3,"{'level': 0.3, 'physical': {'g': 9.780580352648167, 'c_theta': 0.02277271564493858, 'c_alpha': 0.0018040955058263607, 'k_t': 0.2456844847032724, 'k_b': 0.17711340601556524, 'k_u': 0.04721413823732147, 'R': 4.118130960319912, 'm1': 0.19155085225518528, 'm2': 0.15782483618154425, 'l1cg': 0.08030121724717047, 'l1': 0.15215374219890807, 'l2cg': 0.06541044099540481, 'I1z': 0.0004903450759909634, 'I2x': 0.0003561549937070348, 'I2y': 2.6401365005119327e-05, 'I2z': 0.00032173793938655346}, 'init_theta_std_deg': 5.547696844100072, 'init_alpha_std_deg': 9.231234730427074, 'init_theta_dot_std': 0.33445669418295987, 'init_alpha_dot_std': 0.6449418118289502, 'pwm_limit': 150.8250139453669, 'pwm_gain': 1.0267902007184542, 'pwm_bias': -0.851750109855198, 'pwm_deadzone': 1.2296252000369103, 'pwm_noise_sigma': 0.3737541206877633, 'actuator_tau': 0.008479717561986976, 'action_delay_steps': 0, 'theta_bias': -0.0007808331173569414, 'alpha_bias': 0.0006384535774795713, 'theta_sigma': 0.0005389160647480873, 'alpha_sigma': 0.0016936139628727107, 'theta_dot_sigma': 0.028853069341472304, 'alpha_dot_sigma': 0.06958390624817841, 'encoder_quantization_rad': 8.098006304587981e-05, 'velocity_lpf': 0.25, 'process_theta_dot_sigma': 0.0, 'process_alpha_dot_sigma': 0.0}"
3456000,3,randomization_0.30,0.3,"{'level': 0.3, 'physical': {'g': 9.777574189641802, 'c_theta': 0.04267905629244693, 'c_alpha': 0.001138047082021559, 'k_t': 0.24603357674783666, 'k_b': 0.1778625462275746, 'k_u': 0.04610577941357827, 'R': 4.554409176021805, 'm1': 0.19751044015052344, 'm2': 0.1531369227972237, 'l1cg': 0.0827751280368021, 'l1': 0.1528229574377378, 'l2cg': 0.06512569108528894, 'I1z': 0.0005870044071413876, 'I2x': 0.0003781701367441831, 'I2y': 2.6700213519804426e-05, 'I2z': 0.0003448511066491292}, 'init_theta_std_deg': 4.700423101038481, 'init_alpha_std_deg': 9.790465960625566, 'init_theta_dot_std': 0.16250894489986328, 'init_alpha_dot_std': 0.7288851525216263, 'pwm_limit': 147.16303299871112, 'pwm_gain': 0.9700480873268762, 'pwm_bias': -1.0838458046537336, 'pwm_deadzone': 0.5988002411746449, 'pwm_noise_sigma': 0.011561130019548727, 'actuator_tau': 0.0015991101707098017, 'action_delay_steps': 0, 'theta_bias': -0.0007860938940433531, 'alpha_bias': -0.0035490797230764396, 'theta_sigma': 0.0013314252465040396, 'alpha_sigma': 8.032288512979102e-06, 'theta_dot_sigma': 0.021901315763317133, 'alpha_dot_sigma': 0.03579405378487537, 'encoder_quantization_rad': 0.00040177271862244595, 'velocity_lpf': 0.25, 'process_theta_dot_sigma': 0.0, 'process_alpha_dot_sigma': 0.0}"
3458000,3,randomization_0.30,0.3,"{'level': 0.3, 'physical': {'g': 9.714463716336397, 'c_theta': 0.04168520252451283, 'c_alpha': 0.0013681318089937527, 'k_t': 0.22388209859566416, 'k_b': 0.18401178579845995, 'k_u': 0.0508795577763341, 'R': 4.176519380232681, 'm1': 0.2188434921120431, 'm2': 0.16316929881591316, 'l1cg': 0.07992109520649875, 'l1': 0.15066219365789765, 'l2cg': 0.06486923073225109, 'I1z': 0.0005351025795827411, 'I2x': 0.00037558053909001723, 'I2y': 2.882570847112003e-05, 'I2z': 0.0003578053267330898}, 'init_theta_std_deg': 4.426756123705168, 'init_alpha_std_deg': 7.6747956261757455, 'init_theta_dot_std': 0.1752359072122593, 'init_alpha_dot_std': 0.12046489766952481, 'pwm_limit': 141.34718593419032, 'pwm_gain': 0.9775926716550745, 'pwm_bias': -0.23318062780988597, 'pwm_deadzone': 1.2480541354287489, 'pwm_noise_sigma': 0.5169714920082389, 'actuator_tau': 0.0016547812240504734, 'action_delay_steps': 0, 'theta_bias': 0.0015839591970475914, 'alpha_bias': 0.003484775280585748, 'theta_sigma': 0.0012594241137199225, 'alpha_sigma': 0.004020413472276279, 'theta_dot_sigma': 0.05399135578894983, 'alpha_dot_sigma': 0.08313109864545339, 'encoder_quantization_rad': 0.0001121498920786507, 'velocity_lpf': 0.24705970804815114, 'process_theta_dot_sigma': 0.0, 'process_alpha_dot_sigma': 0.0}"
3460000,3,randomization_0.30,0.3,"{'level': 0.3, 'physical': {'g': 9.80807135980676, 'c_theta': 0.02092819877577605, 'c_alpha': 0.0010464652850757374, 'k_t': 0.22668475800140664, 'k_b': 0.2010148611511447, 'k_u': 0.047335831946395845, 'R': 4.227260475533227, 'm1': 0.2042905179665199, 'm2': 0.15514201993667662, 'l1cg': 0.07674323538424756, 'l1': 0.155939883123865, 'l2cg': 0.0684350848766524, 'I1z': 0.00043201724056071385, 'I2x': 0.0003784084548927059, 'I2y': 2.7589412234054716e-05, 'I2z': 0.00044664121376194565}, 'init_theta_std_deg': 6.104406660191051, 'init_alpha_std_deg': 7.614884791108296, 'init_theta_dot_std': 0.271956282435423, 'init_alpha_dot_std': 0.3579246854644318, 'pwm_limit': 143.02063106855604, 'pwm_gain': 0.9813801056651997, 'pwm_bias': 0.21939560624114599, 'pwm_deadzone': 1.1087171721878049, 'pwm_noise_sigma': 0.02060680015396805, 'actuator_tau': 0.0009548405036094494, 'action_delay_steps': 0, 'theta_bias': 0.0024049128599746322, 'alpha_bias': -0.0022526512687534245, 'theta_sigma': 0.0015965134102438286, 'alpha_sigma': 0.0009980590688083285, 'theta_dot_sigma': 0.05877425697841638, 'alpha_dot_sigma': 0.07511870627440886, 'encoder_quantization_rad': 6.0454234975641356e-05, 'velocity_lpf': 0.24624184961950998, 'process_theta_dot_sigma': 0.0, 'process_alpha_dot_sigma': 0.0}"
3462000,3,randomization_0.30,0.3,"{'level': 0.3, 'physical': {'g': 9.660009026924536, 'c_theta': 0.04195157652744429, 'c_alpha': 0.0018715034899015734, 'k_t': 0.23983514855006907, 'k_b': 0.1822789031247765, 'k_u': 0.04309045086198702, 'R': 4.093454612423416, 'm1': 0.2026797785592724, 'm2': 0.15560905943818698, 'l1cg': 0.08055029636815861, 'l1': 0.15445027616914342, 'l2cg': 0.06873308255822358, 'I1z': 0.0004938102953638116, 'I2x': 0.0003590027232885555, 'I2y': 2.4810466998246427e-05, 'I2z': 0.00043409619810513074}, 'init_theta_std_deg': 4.958751960554862, 'init_alpha_std_deg': 8.807748781214912, 'init_theta_dot_std': 0.16356030333428692, 'init_alpha_dot_std': 0.2856115078294289, 'pwm_limit': 141.68726325919906, 'pwm_gain': 0.9916324505227191, 'pwm_bias': -1.130796650498926, 'pwm_deadzone': 0.06475764345834611, 'pwm_noise_sigma': 0.4775635188979333, 'actuator_tau': 0.007007310421101603, 'action_delay_steps': 0, 'theta_bias': -0.0006833279377125481, 'alpha_bias': 0.0017273102459762987, 'theta_sigma': 0.0015434358611006612, 'alpha_sigma': 0.0013441034719506694, 'theta_dot_sigma': 0.03879294810440238, 'alpha_dot_sigma': 0.12856925673257238, 'encoder_quantization_rad': 0.000264147722976315, 'velocity_lpf': 0.2358183263344077, 'process_theta_dot_sigma': 0.0, 'process_alpha_dot_sigma': 0.0}"
3464000,3,randomization_0.30,0.3,"{'level': 0.3, 'physical': {'g': 9.850559023438723, 'c_theta': 0.032085491871375146, 'c_alpha': 0.0011192163957726164, 'k_t': 0.2160029344727133, 'k_b': 0.17372483988798024, 'k_u': 0.04361886161125456, 'R': 4.220936058347593, 'm1': 0.1971441760277792, 'm2': 0.15414511109615028, 'l1cg': 0.07955686626983575, 'l1': 0.15464105107225348, 'l2cg': 0.0664180005741332, 'I1z': 0.0005677668341629833, 'I2x': 0.00038964668811108385, 'I2y': 2.0233668233900835e-05, 'I2z': 0.00040766655021717797}, 'init_theta_std_deg': 5.589827206432954, 'init_alpha_std_deg': 8.986542109453664, 'init_theta_dot_std': 0.12703636337190002, 'init_alpha_dot_std': 0.6716650987538707, 'pwm_limit': 142.32188182173917, 'pwm_gain': 0.9753877880090501, 'pwm_bias': 0.6101864279422543, 'pwm_deadzone': 2.1284958076134943, 'pwm_noise_sigma': 0.1709519809710263, 'actuator_tau': 0.008369519749998675, 'action_delay_steps': 0, 'theta_bias': 0.0005477222502041421, 'alpha_bias': -0.0007580636115806479, 'theta_sigma': 0.0006067927077644239, 'alpha_sigma': 0.0020550948452259777, 'theta_dot_sigma': 0.0286387848833722, 'alpha_dot_sigma': 0.12299323092060145, 'encoder_quantization_rad': 0.0002692635159077179, 'velocity_lpf': 0.25, 'process_theta_dot_sigma': 0.0, 'process_alpha_dot_sigma': 0.0}"
3466000,3,randomization_0.30,0.3,"{'level': 0.3, 'physical': {'g': 9.698784418601143, 'c_theta': 0.031051047736029697, 'c_alpha': 0.0015427588617435992, 'k_t': 0.21905306339390235, 'k_b': 0.1987745947600557, 'k_u': 0.049338307380902974, 'R': 4.353201250445796, 'm1': 0.2005653175672438, 'm2': 0.15441447733971383, 'l1cg': 0.07762560746058662, 'l1': 0.14818954880852736, 'l2cg': 0.06363409217891965, 'I1z': 0.00046270649435841375, 'I2x': 0.0003585896966412124, 'I2y': 2.856141840635527e-05, 'I2z': 0.0003748356786737214}, 'init_theta_std_deg': 4.415323420151402, 'init_alpha_std_deg': 9.597234036329919, 'init_theta_dot_std': 0.22787834675368224, 'init_alpha_dot_std': 0.3889080056721907, 'pwm_limit': 147.21142809309853, 'pwm_gain': 0.9953001469363694, 'pwm_bias': 0.6412058141553739, 'pwm_deadzone': 2.4626260710934553, 'pwm_noise_sigma': 0.3545130844158972, 'actuator_tau': 0.00884067777606779, 'action_delay_steps': 0, 'theta_bias': -0.0013971874524807697, 'alpha_bias': -0.003494454380294432, 'theta_sigma': 0.000679637504466647, 'alpha_sigma': 0.002821129556368497, 'theta_dot_sigma': 0.025294792195803786, 'alpha_dot_sigma': 0.0862655077238378, 'encoder_quantization_rad': 0.00011454787450229909, 'velocity_lpf': 0.25, 'process_theta_dot_sigma': 0.0, 'process_alpha_dot_sigma': 0.0}"
3468000,3,randomization_0.30,0.3,"{'level': 0.3, 'physical': {'g': 9.726902402345566, 'c_theta': 0.02721047515211042, 'c_alpha': 0.0014958585839270641, 'k_t': 0.24580544464828702, 'k_b': 0.1955147349831993, 'k_u': 0.04907854873244947, 'R': 4.388960870380784, 'm1': 0.2089170762610178, 'm2': 0.15903095450745416, 'l1cg': 0.08329539260483411, 'l1': 0.155597877690207, 'l2cg': 0.06980396627776465, 'I1z': 0.000441946990396239, 'I2x': 0.00036359686944606597, 'I2y': 2.5817752238052797e-05, 'I2z': 0.0003493014603907305}, 'init_theta_std_deg': 4.624257548905986, 'init_alpha_std_deg': 8.72092204812241, 'init_theta_dot_std': 0.15496521874172994, 'init_alpha_dot_std': 0.4715050127238103, 'pwm_limit': 145.0627798210827, 'pwm_gain': 1.0229065261677661, 'pwm_bias': -0.8807543743663147, 'pwm_deadzone': 2.8387138533224068, 'pwm_noise_sigma': 0.14227174218494376, 'actuator_tau': 0.0019421449161326843, 'action_delay_steps': 0, 'theta_bias': -0.0011022414917592456, 'alpha_bias': 0.001194075583208769, 'theta_sigma': 0.0015743655192247794, 'alpha_sigma': 0.00017811560286324846, 'theta_dot_sigma': 0.029972544992340328, 'alpha_dot_sigma': 0.10214899258746254, 'encoder_quantization_rad': 1.736190694384545e-05, 'velocity_lpf': 0.25, 'process_theta_dot_sigma': 0.0, 'process_alpha_dot_sigma': 0.0}"
3470000,3,randomization_0.30,0.3,"{'level': 0.3, 'physical': {'g': 9.934613453213917, 'c_theta': 0.019926358789073825, 'c_alpha': 0.001912638735589098, 'k_t': 0.2178844062168737, 'k_b': 0.1887889537703656, 'k_u': 0.05106681803270822, 'R': 4.526541197204633, 'm1': 0.1986316729765678, 'm2': 0.1571374104467995, 'l1cg': 0.07852638134333087, 'l1': 0.15110309094721472, 'l2cg': 0.06742380384611625, 'I1z': 0.0005108454221069269, 'I2x': 0.00037352749156029726, 'I2y': 2.8830469457572615e-05, 'I2z': 0.0003957548366647607}, 'init_theta_std_deg': 5.616310983390403, 'init_alpha_std_deg': 8.954500772436687, 'init_theta_dot_std': 0.380521212473179, 'init_alpha_dot_std': 0.09227871183656586, 'pwm_limit': 141.96378755169468, 'pwm_gain': 0.9783302880567742, 'pwm_bias': 0.33135631058774645, 'pwm_deadzone': 2.8321233306145293, 'pwm_noise_sigma': 0.15550278489903196, 'actuator_tau': 0.004883649685234033, 'action_delay_steps': 0, 'theta_bias': -0.0006909859022253548, 'alpha_bias': -0.0020495019363436858, 'theta_sigma': 0.0014920758277574948, 'alpha_sigma': 0.0015097091021838776, 'theta_dot_sigma': 0.08469179183545188, 'alpha_dot_sigma': 0.12038038728483526, 'encoder_quantization_rad': 0.00015991136083134226, 'velocity_lpf': 0.2611131263593774, 'process_theta_dot_sigma': 0.0, 'process_alpha_dot_sigma': 0.0}"
3472000,3,randomization_0.30,0.3,"{'level': 0.3, 'physical': {'g': 9.703626955952984, 'c_theta': 0.04114676283579337, 'c_alpha': 0.0010319981111370092, 'k_t': 0.24404992787648153, 'k_b': 0.19376570196434945, 'k_u': 0.048885415238315494, 'R': 4.257468770850417, 'm1': 0.19573104349574386, 'm2': 0.1515369411559248, 'l1cg': 0.08161448697382578, 'l1': 0.1544917058782608, 'l2cg': 0.0682651335592536, 'I1z': 0.0005567941827192524, 'I2x': 0.00036880096373383825, 'I2y': 2.469779725742074e-05, 'I2z': 0.0003385374256367787}, 'init_theta_std_deg': 6.141015059522495, 'init_alpha_std_deg': 10.003049473947222, 'init_theta_dot_std': 0.09603555396009089, 'init_alpha_dot_std': 0.36050025685939413, 'pwm_limit': 147.54829008263803, 'pwm_gain': 1.023952383445528, 'pwm_bias': 0.20440906192154049, 'pwm_deadzone': 0.3256603270686983, 'pwm_noise_sigma': 0.3959779519424805, 'actuator_tau': 0.005144310975890374, 'action_delay_steps': 0, 'theta_bias': 0.0006346867147379316, 'alpha_bias': 0.0020673719299718523, 'theta_sigma': 0.0009557702014284301, 'alpha_sigma': 0.000583042741224618, 'theta_dot_sigma': 0.08544975795692046, 'alpha_dot_sigma': 0.08610356747494144, 'encoder_quantization_rad': 5.3699602597422985e-05, 'velocity_lpf': 0.25, 'process_theta_dot_sigma': 0.0, 'process_alpha_dot_sigma': 0.0}"
3474000,3,randomization_0.30,0.3,"{'level': 0.3, 'physical': {'g': 9.8470037289503, 'c_theta': 0.039573120337793664, 'c_alpha': 0.0016046898187980334, 'k_t': 0.23670657276291338, 'k_b': 0.19694110877043336, 'k_u': 0.04557122121330056, 'R': 4.4891380182765666, 'm1': 0.22057763489269175, 'm2': 0.16148451436686925, 'l1cg': 0.08000934531671086, 'l1': 0.14947957411584598, 'l2cg': 0.06858226527183653, 'I1z': 0.0004315625599798782, 'I2x': 0.00037286643734425935, 'I2y': 2.6679534826900865e-05, 'I2z': 0.0003356863408610493}, 'init_theta_std_deg': 5.241905925139689, 'init_alpha_std_deg': 8.593886679215617, 'init_theta_dot_std': 0.3636954475879363, 'init_alpha_dot_std': 0.38000099480355176, 'pwm_limit': 145.15126121839796, 'pwm_gain': 1.0116940984031468, 'pwm_bias': -0.5974565877615062, 'pwm_deadzone': 0.7207766440858282, 'pwm_noise_sigma': 0.05957457383257498, 'actuator_tau': 0.008497278621413666, 'action_delay_steps': 0, 'theta_bias': -0.0010077697484784745, 'alpha_bias': 0.001746990635228523, 'theta_sigma': 0.0008005228777583388, 'alpha_sigma': 0.0018822908617987049, 'theta_dot_sigma': 0.04038877596936306, 'alpha_dot_sigma': 0.11885793282668641, 'encoder_quantization_rad': 5.896714650902897e-05, 'velocity_lpf': 0.2581871854560102, 'process_theta_dot_sigma': 0.0, 'process_alpha_dot_sigma': 0.0}"
3476000,3,randomization_0.30,0.3,"{'level': 0.3, 'physical': {'g': 9.716169284088803, 'c_theta': 0.0425960492144255, 'c_alpha': 0.0009769953830522085, 'k_t': 0.2216214031652605, 'k_b': 0.18073317935942634, 'k_u': 0.04386165653583918, 'R': 4.108832253737924, 'm1': 0.19430747475528484, 'm2': 0.16087961851372853, 'l1cg': 0.07886069690834727, 'l1': 0.14905160595057748, 'l2cg': 0.07119890717228577, 'I1z': 0.000565372926106491, 'I2x': 0.00039032390206595826, 'I2y': 2.471855694314906e-05, 'I2z': 0.00036331656869845283}, 'init_theta_std_deg': 5.283329593926425, 'init_alpha_std_deg': 8.342252650048149, 'init_theta_dot_std': 0.3443351082632818, 'init_alpha_dot_std': 0.1969935707428307, 'pwm_limit': 149.68762526992154, 'pwm_gain': 0.9947531954553063, 'pwm_bias': 0.9827540931393172, 'pwm_deadzone': 2.6785330224218793, 'pwm_noise_sigma': 0.3690865688386616, 'actuator_tau': 0.007776559746229906, 'action_delay_steps': 0, 'theta_bias': 0.0019220179739594338, 'alpha_bias': 0.0016376303167940248, 'theta_sigma': 0.0013041380570404278, 'alpha_sigma': 0.0055810210248451175, 'theta_dot_sigma': 0.08422079273457887, 'alpha_dot_sigma': 0.1000088041481206, 'encoder_quantization_rad': 0.00020399011362656175, 'velocity_lpf': 0.25, 'process_theta_dot_sigma': 0.0, 'process_alpha_dot_sigma': 0.0}"
3478000,3,randomization_0.30,0.3,"{'level': 0.3, 'physical': {'g': 9.816900387224877, 'c_theta': 0.040213498060757503, 'c_alpha': 0.0016206084587697765, 'k_t': 0.22772709770587674, 'k_b': 0.18455320960887603, 'k_u': 0.04320904406568864, 'R': 4.516523696625006, 'm1': 0.21322150150750607, 'm2': 0.15988171736366202, 'l1cg': 0.08223828595204309, 'l1': 0.14744393841352554, 'l2cg': 0.06195982711228088, 'I1z': 0.00048763907632873744, 'I2x': 0.0003629065066014299, 'I2y': 2.710377722584334e-05, 'I2z': 0.00034908092786580213}, 'init_theta_std_deg': 6.305557296360789, 'init_alpha_std_deg': 7.097460589726548, 'init_theta_dot_std': 0.40193966924597613, 'init_alpha_dot_std': 0.28494548455399765, 'pwm_limit': 146.2952245717569, 'pwm_gain': 0.9829734441643574, 'pwm_bias': -0.8144246475506486, 'pwm_deadzone': 0.07262847527997429, 'pwm_noise_sigma': 0.029034512389591448, 'actuator_tau': 0.0011294382061073176, 'action_delay_steps': 0, 'theta_bias': 0.0009090807361181428, 'alpha_bias': 0.0005158152733280361, 'theta_sigma': 0.0014680884285178473, 'alpha_sigma': 0.00039017959687874916, 'theta_dot_sigma': 0.018422951389665116, 'alpha_dot_sigma': 0.026704703779548762, 'encoder_quantization_rad': 9.953946800981707e-05, 'velocity_lpf': 0.25, 'process_theta_dot_sigma': 0.0, 'process_alpha_dot_sigma': 0.0}"
3480000,3,randomization_0.30,0.3,"{'level': 0.3, 'physical': {'g': 9.898993738392406, 'c_theta': 0.02857865246116334, 'c_alpha': 0.001006956868874417, 'k_t': 0.2379273783180765, 'k_b': 0.1816697263532962, 'k_u': 0.04619299018404604, 'R': 4.259968059259449, 'm1': 0.22149959820734436, 'm2': 0.15956939630704992, 'l1cg': 0.0810767791066098, 'l1': 0.14931622950660145, 'l2cg': 0.06813463407173503, 'I1z': 0.0004901771471616093, 'I2x': 0.00037794020033302833, 'I2y': 2.2093676344504904e-05, 'I2z': 0.0004386623614573089}, 'init_theta_std_deg': 5.959688941406829, 'init_alpha_std_deg': 9.800678486476759, 'init_theta_dot_std': 0.379305609407573, 'init_alpha_dot_std': 0.3881353584665502, 'pwm_limit': 144.7652907722149, 'pwm_gain': 0.9840060680520556, 'pwm_bias': -0.8674110372401502, 'pwm_deadzone': 1.1548620850715112, 'pwm_noise_sigma': 0.32214839325876937, 'actuator_tau': 0.008507123860965415, 'action_delay_steps': 0, 'theta_bias': -0.0027674669064344684, 'alpha_bias': -0.0034133527788428224, 'theta_sigma': 0.0016785591604988152, 'alpha_sigma': 0.002704886597698693, 'theta_dot_sigma': 0.018778160688452315, 'alpha_dot_sigma': 0.013957587618882042, 'encoder_quantization_rad': 0.00027550309117888803, 'velocity_lpf': 0.25, 'process_theta_dot_sigma': 0.0, 'process_alpha_dot_sigma': 0.0}"
3482000,3,randomization_0.30,0.3,"{'level': 0.3, 'physical': {'g': 9.840407374503583, 'c_theta': 0.039494926153415155, 'c_alpha': 0.0012205057971878563, 'k_t': 0.22201452325230575, 'k_b': 0.18243485841962295, 'k_u': 0.048949852336821933, 'R': 4.531761829935741, 'm1': 0.21700084159863461, 'm2': 0.1617894115373004, 'l1cg': 0.07738835427447285, 'l1': 0.15615693326374191, 'l2cg': 0.07026429359800852, 'I1z': 0.0005835953944238479, 'I2x': 0.00036132776571720713, 'I2y': 2.096160986814666e-05, 'I2z': 0.0004040488110856552}, 'init_theta_std_deg': 5.565593791376758, 'init_alpha_std_deg': 8.42038510840408, 'init_theta_dot_std': 0.24285348260280942, 'init_alpha_dot_std': 0.31239000788860377, 'pwm_limit': 146.76673859982324, 'pwm_gain': 0.986889236514095, 'pwm_bias': -0.3283771890375153, 'pwm_deadzone': 2.81407777926948, 'pwm_noise_sigma': 0.38361307485320156, 'actuator_tau': 0.007750365538488888, 'action_delay_steps': 0, 'theta_bias': -0.0027856216138078724, 'alpha_bias': -0.003377021477310219, 'theta_sigma': 0.0009136094446363593, 'alpha_sigma': 0.0034732999434953045, 'theta_dot_sigma': 0.09631677900293599, 'alpha_dot_sigma': 0.12390772645792177, 'encoder_quantization_rad': 0.0001055194072419392, 'velocity_lpf': 0.25, 'process_theta_dot_sigma': 0.0, 'process_alpha_dot_sigma': 0.0}"
3484000,3,randomization_0.30,0.3,"{'level': 0.3, 'physical': {'g': 9.72022043731974, 'c_theta': 0.02527770081663462, 'c_alpha': 0.0020443263560297495, 'k_t': 0.24814761520479992, 'k_b': 0.1862679950883706, 'k_u': 0.04520117723557465, 'R': 4.47973153498269, 'm1': 0.19384363956398398, 'm2': 0.1528032318839227, 'l1cg': 0.0799995809000032, 'l1': 0.1555966978802263, 'l2cg': 0.06905946050701386, 'I1z': 0.0004263183024731923, 'I2x': 0.00038223883387554156, 'I2y': 2.728287735445656e-05, 'I2z': 0.0003275478790847155}, 'init_theta_std_deg': 5.750625195389198, 'init_alpha_std_deg': 8.06301305510118, 'init_theta_dot_std': 0.14588343098196005, 'init_alpha_dot_std': 0.6390415239845789, 'pwm_limit': 149.06011035777132, 'pwm_gain': 0.9707813258279494, 'pwm_bias': 0.5099033834851632, 'pwm_deadzone': 1.7301624544062384, 'pwm_noise_sigma': 0.44620589040497277, 'actuator_tau': 0.004877313801689867, 'action_delay_steps': 0, 'theta_bias': -0.002502184228659551, 'alpha_bias': -0.0009248379644109839, 'theta_sigma': 0.0013996784696071688, 'alpha_sigma': 0.0036971363871157992, 'theta_dot_sigma': 0.08256477163570135, 'alpha_dot_sigma': 0.1728272970284476, 'encoder_quantization_rad': 0.0002766724072802041, 'velocity_lpf': 0.25, 'process_theta_dot_sigma': 0.0, 'process_alpha_dot_sigma': 0.0}"
3486000,3,randomization_0.30,0.3,"{'level': 0.3, 'physical': {'g': 9.853403408782299, 'c_theta': 0.04147227550176372, 'c_alpha': 0.0011680469413459169, 'k_t': 0.23522823218268055, 'k_b': 0.18248160225764481, 'k_u': 0.04752942984562729, 'R': 4.190124695231513, 'm1': 0.21569940258923584, 'm2': 0.15933806694428532, 'l1cg': 0.08233761688963086, 'l1': 0.1510169136603811, 'l2cg': 0.06330232664299075, 'I1z': 0.0005097289117080918, 'I2x': 0.0003607416141560405, 'I2y': 2.6961090166558737e-05, 'I2z': 0.0004084167079210482}, 'init_theta_std_deg': 4.8547455526241805, 'init_alpha_std_deg': 9.813749461562015, 'init_theta_dot_std': 0.22433107713726685, 'init_alpha_dot_std': 0.3761525346778688, 'pwm_limit': 141.23478078823703, 'pwm_gain': 0.984179198123151, 'pwm_bias': 0.42999524054297317, 'pwm_deadzone': 2.739981806263729, 'pwm_noise_sigma': 0.39569098514223777, 'actuator_tau': 0.005075370846364034, 'action_delay_steps': 0, 'theta_bias': 0.0005782300880402496, 'alpha_bias': 0.0025251338751850526, 'theta_sigma': 0.0009687623165100465, 'alpha_sigma': 0.00014923075673919505, 'theta_dot_sigma': 0.08909854469136372, 'alpha_dot_sigma': 0.08256815523753713, 'encoder_quantization_rad': 0.00040523383607325844, 'velocity_lpf': 0.25, 'process_theta_dot_sigma': 0.0, 'process_alpha_dot_sigma': 0.0}"
3488000,3,randomization_0.30,0.3,"{'level': 0.3, 'physical': {'g': 9.808473646041877, 'c_theta': 0.02141760327087324, 'c_alpha': 0.0008058156523781022, 'k_t': 0.24181518932919308, 'k_b': 0.20108504563604426, 'k_u': 0.04743559697437083, 'R': 4.494718435139343, 'm1': 0.2211662665114998, 'm2': 0.16089674664441114, 'l1cg': 0.08382490997628705, 'l1': 0.1555219837031573, 'l2cg': 0.06890220421839333, 'I1z': 0.0004506587144765663, 'I2x': 0.00036043256985294933, 'I2y': 2.902914798845011e-05, 'I2z': 0.00039549338859823445}, 'init_theta_std_deg': 5.681276879933026, 'init_alpha_std_deg': 6.914204914745735, 'init_theta_dot_std': 0.0992176633131755, 'init_alpha_dot_std': 0.565001496513321, 'pwm_limit': 142.3541318204886, 'pwm_gain': 1.0281409012363218, 'pwm_bias': 0.6747188157123393, 'pwm_deadzone': 0.971719615574442, 'pwm_noise_sigma': 0.10701565006105948, 'actuator_tau': 0.00632344258668439, 'action_delay_steps': 0, 'theta_bias': -0.0014249981298027493, 'alpha_bias': 6.222462838819424e-05, 'theta_sigma': 0.0006730440683436271, 'alpha_sigma': 0.0008633004454306559, 'theta_dot_sigma': 0.03315119131496288, 'alpha_dot_sigma': 0.10280402218795963, 'encoder_quantization_rad': 0.0002331457138261975, 'velocity_lpf': 0.25, 'process_theta_dot_sigma': 0.0, 'process_alpha_dot_sigma': 0.0}"
3490000,3,randomization_0.30,0.3,"{'level': 0.3, 'physical': {'g': 9.690380877851801, 'c_theta': 0.0380926977875676, 'c_alpha': 0.0008305116537061217, 'k_t': 0.22243711297428045, 'k_b': 0.17782712159929076, 'k_u': 0.044403105462188196, 'R': 4.60327505393637, 'm1': 0.21570535412236364, 'm2': 0.1555763634456004, 'l1cg': 0.07841441793146398, 'l1': 0.15124335808609254, 'l2cg': 0.06990350775662942, 'I1z': 0.00043987401284912176, 'I2x': 0.00038729228394182965, 'I2y': 2.600944411968108e-05, 'I2z': 0.0004430912500890355}, 'init_theta_std_deg': 4.318949303475605, 'init_alpha_std_deg': 8.767164318742406, 'init_theta_dot_std': 0.4049739018153194, 'init_alpha_dot_std': 0.49564160078174535, 'pwm_limit': 141.8854095520744, 'pwm_gain': 0.9786521459454433, 'pwm_bias': -0.5300868742443081, 'pwm_deadzone': 1.4634103421270037, 'pwm_noise_sigma': 0.4069440466549514, 'actuator_tau': 0.00272288403761069, 'action_delay_steps': 0, 'theta_bias': -0.0020181257362299433, 'alpha_bias': -0.0034708856713020764, 'theta_sigma': 0.0005157841660951289, 'alpha_sigma': 0.0022881715202381645, 'theta_dot_sigma': 0.02396701686641782, 'alpha_dot_sigma': 0.07247777343974024, 'encoder_quantization_rad': 2.950973202272116e-05, 'velocity_lpf': 0.25, 'process_theta_dot_sigma': 0.0, 'process_alpha_dot_sigma': 0.0}"
3492000,3,randomization_0.30,0.3,"{'level': 0.3, 'physical': {'g': 9.85163760818848, 'c_theta': 0.03292859496181071, 'c_alpha': 0.0018543759010486278, 'k_t': 0.24559016472189732, 'k_b': 0.17491294580649966, 'k_u': 0.04709492758326991, 'R': 4.178032703629851, 'm1': 0.20553825861805003, 'm2': 0.152977851350593, 'l1cg': 0.08151579922709126, 'l1': 0.15426816068193128, 'l2cg': 0.06533322955723536, 'I1z': 0.0005624142706825007, 'I2x': 0.0003840818270956627, 'I2y': 2.240881506781452e-05, 'I2z': 0.00031908438203241414}, 'init_theta_std_deg': 4.240011352344066, 'init_alpha_std_deg': 10.120621726972526, 'init_theta_dot_std': 0.14766029350584384, 'init_alpha_dot_std': 0.17689478814606113, 'pwm_limit': 144.3806850867099, 'pwm_gain': 1.017297064959428, 'pwm_bias': -0.31764012798179203, 'pwm_deadzone': 1.8904142440777871, 'pwm_noise_sigma': 0.0957199397354391, 'actuator_tau': 0.0015936362218674366, 'action_delay_steps': 0, 'theta_bias': 0.00043021097878997506, 'alpha_bias': 0.0013521394898297233, 'theta_sigma': 0.0006736454483421011, 'alpha_sigma': 0.0017275159132308386, 'theta_dot_sigma': 0.06379517700314949, 'alpha_dot_sigma': 0.14797302863009532, 'encoder_quantization_rad': 0.00031954465179812833, 'velocity_lpf': 0.25, 'process_theta_dot_sigma': 0.0, 'process_alpha_dot_sigma': 0.0}"
3494000,3,randomization_0.30,0.3,"{'level': 0.3, 'physical': {'g': 9.939019350031732, 'c_theta': 0.04144454874817413, 'c_alpha': 0.0008705659035758871, 'k_t': 0.2432164948070335, 'k_b': 0.1774619598272206, 'k_u': 0.047246816688761455, 'R': 4.414680987312944, 'm1': 0.22127746379229993, 'm2': 0.16354973304879028, 'l1cg': 0.07852298989502011, 'l1': 0.15418478926133647, 'l2cg': 0.06562130471768607, 'I1z': 0.0005881838576034634, 'I2x': 0.00037317100549440603, 'I2y': 2.117916019799594e-05, 'I2z': 0.0004205268817408586}, 'init_theta_std_deg': 6.054466658100285, 'init_alpha_std_deg': 9.247206686570523, 'init_theta_dot_std': 0.3910039461758314, 'init_alpha_dot_std': 0.19316976468546257, 'pwm_limit': 144.37716018145977, 'pwm_gain': 0.9934861686017395, 'pwm_bias': 0.6346222372109147, 'pwm_deadzone': 1.6090654094901797, 'pwm_noise_sigma': 0.06121027536799246, 'actuator_tau': 0.00714700665935554, 'action_delay_steps': 0, 'theta_bias': 0.0026439106473618167, 'alpha_bias': -0.0031490114919728385, 'theta_sigma': 0.001705013785815172, 'alpha_sigma': 0.004667330027165823, 'theta_dot_sigma': 0.07991046193986594, 'alpha_dot_sigma': 0.1733013118070187, 'encoder_quantization_rad': 0.00042973659919076385, 'velocity_lpf': 0.25, 'process_theta_dot_sigma': 0.0, 'process_alpha_dot_sigma': 0.0}"
3496000,3,randomization_0.30,0.3,"{'level': 0.3, 'physical': {'g': 9.832501855919386, 'c_theta': 0.0417662047839013, 'c_alpha': 0.0012483874479525833, 'k_t': 0.23485871750152912, 'k_b': 0.19475117124163904, 'k_u': 0.04689555170628738, 'R': 4.276724653738839, 'm1': 0.21352343013843295, 'm2': 0.1578274861067587, 'l1cg': 0.0788853090293283, 'l1': 0.14987513480948458, 'l2cg': 0.06817560937678849, 'I1z': 0.0004752918452935699, 'I2x': 0.00037117413878569956, 'I2y': 2.605765980858557e-05, 'I2z': 0.00033492604067681986}, 'init_theta_std_deg': 5.70658619020086, 'init_alpha_std_deg': 8.234461671004594, 'init_theta_dot_std': 0.2656957264919307, 'init_alpha_dot_std': 0.2570467932517329, 'pwm_limit': 150.14122454771282, 'pwm_gain': 0.9917157745729247, 'pwm_bias': 1.1480930984651418, 'pwm_deadzone': 2.8598843012526842, 'pwm_noise_sigma': 0.45117160258799216, 'actuator_tau': 0.0048437443577006665, 'action_delay_steps': 0, 'theta_bias': -0.0007903676312336197, 'alpha_bias': 0.0013975549075663299, 'theta_sigma': 0.0008369928634639105, 'alpha_sigma': 0.0022576993134859583, 'theta_dot_sigma': 0.02093800909289733, 'alpha_dot_sigma': 0.1730134213633382, 'encoder_quantization_rad': 4.612606938159699e-05, 'velocity_lpf': 0.25, 'process_theta_dot_sigma': 0.0, 'process_alpha_dot_sigma': 0.0}"
3498000,3,randomization_0.30,0.3,"{'level': 0.3, 'physical': {'g': 9.843926041041357, 'c_theta': 0.032739096991667896, 'c_alpha': 0.0016560171726175796, 'k_t': 0.21836765734615407, 'k_b': 0.1945453202347462, 'k_u': 0.04286486643476107, 'R': 4.0866705217233745, 'm1': 0.19105574370776024, 'm2': 0.16453236585928804, 'l1cg': 0.08313925563471769, 'l1': 0.15377589126767535, 'l2cg': 0.06484096905835873, 'I1z': 0.000457780416569414, 'I2x': 0.00036245639065286123, 'I2y': 2.5932835082113314e-05, 'I2z': 0.0003123102481427266}, 'init_theta_std_deg': 5.496544953178496, 'init_alpha_std_deg': 9.991419853906235, 'init_theta_dot_std': 0.3613533831113441, 'init_alpha_dot_std': 0.551853386917517, 'pwm_limit': 145.6196335750796, 'pwm_gain': 0.9925589010710311, 'pwm_bias': 0.20728791824998938, 'pwm_deadzone': 1.2846012325584, 'pwm_noise_sigma': 0.5986943466497504, 'actuator_tau': 0.008134812485019663, 'action_delay_steps': 0, 'theta_bias': -0.0014670647699325083, 'alpha_bias': -0.0010031991099152266, 'theta_sigma': 0.00010776620577090727, 'alpha_sigma': 0.0030252745575314586, 'theta_dot_sigma': 0.07562900237519718, 'alpha_dot_sigma': 0.1461048876996788, 'encoder_quantization_rad': 0.0003062950340279328, 'velocity_lpf': 0.25, 'process_theta_dot_sigma': 0.0, 'process_alpha_dot_sigma': 0.0}"
3500000,3,randomization_0.30,0.3,"{'level': 0.3, 'physical': {'g': 9.80203441618681, 'c_theta': 0.03147019949398589, 'c_alpha': 0.0009541415525296377, 'k_t': 0.21385487450113633, 'k_b': 0.17764872253571004, 'k_u': 0.04569712628306306, 'R': 4.10833817961441, 'm1': 0.21419731435695086, 'm2': 0.15567511995861075, 'l1cg': 0.07966986645437198, 'l1': 0.15404780800279436, 'l2cg': 0.06468147001935926, 'I1z': 0.0005704681691141218, 'I2x': 0.00037761725345656635, 'I2y': 2.3013007245919405e-05, 'I2z': 0.00031583152984684406}, 'init_theta_std_deg': 4.390421784477858, 'init_alpha_std_deg': 9.299985990539213, 'init_theta_dot_std': 0.03458141486749364, 'init_alpha_dot_std': 0.4434098293966414, 'pwm_limit': 147.3632567210953, 'pwm_gain': 0.9935990383631592, 'pwm_bias': 0.39507571329166097, 'pwm_deadzone': 0.3643585636143778, 'pwm_noise_sigma': 0.19318407602032855, 'actuator_tau': 0.005097913398081045, 'action_delay_steps': 0, 'theta_bias': 0.002989148722121962, 'alpha_bias': 0.002764157172992953, 'theta_sigma': 0.00015109606746055158, 'alpha_sigma': 0.004757120173678388, 'theta_dot_sigma': 0.013234168574844538, 'alpha_dot_sigma': 0.029905565711550754, 'encoder_quantization_rad': 0.00019875651277364873, 'velocity_lpf': 0.25, 'process_theta_dot_sigma': 0.0, 'process_alpha_dot_sigma': 0.0}"
3502000,3,randomization_0.30,0.3,"{'level': 0.3, 'physical': {'g': 9.873538200930506, 'c_theta': 0.04256196366876621, 'c_alpha': 0.0017744223622140761, 'k_t': 0.23464917956714115, 'k_b': 0.177000628764768, 'k_u': 0.04772209433896163, 'R': 4.59591620886025, 'm1': 0.19718538718711004, 'm2': 0.16371513011091282, 'l1cg': 0.08284373151605925, 'l1': 0.1538901122748365, 'l2cg': 0.06608097047572699, 'I1z': 0.00046445070880221987, 'I2x': 0.0003665966273895324, 'I2y': 2.7163941822670103e-05, 'I2z': 0.00042787559057144936}, 'init_theta_std_deg': 6.435745677764255, 'init_alpha_std_deg': 7.473233011479991, 'init_theta_dot_std': 0.02972541371067241, 'init_alpha_dot_std': 0.627652564114603, 'pwm_limit': 151.8725433295629, 'pwm_gain': 1.0087047576045953, 'pwm_bias': 0.5820154087029257, 'pwm_deadzone': 0.33847054453252856, 'pwm_noise_sigma': 0.2597941926610847, 'actuator_tau': 0.006283398384899818, 'action_delay_steps': 0, 'theta_bias': 0.0005880302229326604, 'alpha_bias': 1.9935977322079166e-05, 'theta_sigma': 0.0017868959058902217, 'alpha_sigma': 0.0008431257907777992, 'theta_dot_sigma': 0.03491485461383586, 'alpha_dot_sigma': 0.10534657183917776, 'encoder_quantization_rad': 0.0004047788660234044, 'velocity_lpf': 0.25, 'process_theta_dot_sigma': 0.0, 'process_alpha_dot_sigma': 0.0}"
3504000,3,randomization_0.30,0.3,"{'level': 0.3, 'physical': {'g': 9.778594877028205, 'c_theta': 0.04216009915396802, 'c_alpha': 0.0012947285378710305, 'k_t': 0.23824665044169663, 'k_b': 0.192703876655078, 'k_u': 0.045843883840277974, 'R': 4.44426677505258, 'm1': 0.1912064587497484, 'm2': 0.16366519566957632, 'l1cg': 0.08025197946489443, 'l1': 0.14987845302069672, 'l2cg': 0.06587953265774724, 'I1z': 0.0005552170163960838, 'I2x': 0.0003866782322991662, 'I2y': 2.198871694495826e-05, 'I2z': 0.00043430752457070186}, 'init_theta_std_deg': 5.748740241846204, 'init_alpha_std_deg': 9.541077564253515, 'init_theta_dot_std': 0.41401834660927356, 'init_alpha_dot_std': 0.11656060063191293, 'pwm_limit': 151.1478616926215, 'pwm_gain': 0.971919828306562, 'pwm_bias': 0.1157864068084434, 'pwm_deadzone': 2.3680941221058767, 'pwm_noise_sigma': 0.5824229207238923, 'actuator_tau': 0.004065444412646754, 'action_delay_steps': 0, 'theta_bias': 0.0020292955784035616, 'alpha_bias': 0.0014605211726183254, 'theta_sigma': 0.00034711861038937787, 'alpha_sigma': 0.003202075085484415, 'theta_dot_sigma': 0.08048915016931651, 'alpha_dot_sigma': 0.015168447804408201, 'encoder_quantization_rad': 0.00015827790533128378, 'velocity_lpf': 0.25, 'process_theta_dot_sigma': 0.0, 'process_alpha_dot_sigma': 0.0}"
3506000,3,randomization_0.30,0.3,"{'level': 0.3, 'physical': {'g': 9.932080147326074, 'c_theta': 0.031086444914904077, 'c_alpha': 0.0015834534432017941, 'k_t': 0.23910089787036393, 'k_b': 0.18943546773204423, 'k_u': 0.04887960638072965, 'R': 4.296203332753719, 'm1': 0.21612796123697114, 'm2': 0.15884269348452326, 'l1cg': 0.0825405845658805, 'l1': 0.14741044351885008, 'l2cg': 0.065184300154574, 'I1z': 0.0005333460789097394, 'I2x': 0.0003667202992246022, 'I2y': 2.5537159787584998e-05, 'I2z': 0.0003988140308707546}, 'init_theta_std_deg': 4.84316880938305, 'init_alpha_std_deg': 7.48178352491124, 'init_theta_dot_std': 0.18110200840968, 'init_alpha_dot_std': 0.29383972982468975, 'pwm_limit': 152.17720581226175, 'pwm_gain': 0.9756347350994222, 'pwm_bias': 0.704243389566549, 'pwm_deadzone': 0.7740328314794784, 'pwm_noise_sigma': 0.5929967698350403, 'actuator_tau': 0.004958228275330043, 'action_delay_steps': 0, 'theta_bias': 0.002857145633283754, 'alpha_bias': 0.002251214807976105, 'theta_sigma': 0.00029569456114534367, 'alpha_sigma': 0.005760520245382978, 'theta_dot_sigma': 0.07595780136008336, 'alpha_dot_sigma': 0.04032749267394634, 'encoder_quantization_rad': 7.622873115239471e-05, 'velocity_lpf': 0.2414537612440328, 'process_theta_dot_sigma': 0.0, 'process_alpha_dot_sigma': 0.0}"
3508000,3,randomization_0.30,0.3,"{'level': 0.3, 'physical': {'g': 9.684695141222075, 'c_theta': 0.032358809065413115, 'c_alpha': 0.001677737229760228, 'k_t': 0.22966557945131252, 'k_b': 0.17829747487160263, 'k_u': 0.04623970722071535, 'R': 4.0444216592282105, 'm1': 0.2073685497864638, 'm2': 0.16322342956897162, 'l1cg': 0.08230983464095973, 'l1': 0.14805836236243827, 'l2cg': 0.07034057760501754, 'I1z': 0.0004943448808792431, 'I2x': 0.00034829045222322096, 'I2y': 2.7888809830279816e-05, 'I2z': 0.0003537345906696787}, 'init_theta_std_deg': 6.363750554848463, 'init_alpha_std_deg': 10.103368883524888, 'init_theta_dot_std': 0.1138073728883022, 'init_alpha_dot_std': 0.6748225714533375, 'pwm_limit': 142.0298640617355, 'pwm_gain': 0.9960719729545656, 'pwm_bias': 1.0190844809936987, 'pwm_deadzone': 2.8339849385381255, 'pwm_noise_sigma': 0.2506472529084922, 'actuator_tau': 0.0071586516025051025, 'action_delay_steps': 0, 'theta_bias': 0.0009260857514173981, 'alpha_bias': 0.0026289742333318144, 'theta_sigma': 0.0004064160483145334, 'alpha_sigma': 0.004636842136301839, 'theta_dot_sigma': 0.016319298431555843, 'alpha_dot_sigma': 0.00863924010771557, 'encoder_quantization_rad': 0.00019187248405212582, 'velocity_lpf': 0.25, 'process_theta_dot_sigma': 0.0, 'process_alpha_dot_sigma': 0.0}"
3510000,3,randomization_0.30,0.3,"{'level': 0.3, 'physical': {'g': 9.825264953777795, 'c_theta': 0.03280143447408747, 'c_alpha': 0.0013413243579361502, 'k_t': 0.22196466425352762, 'k_b': 0.1865968308024653, 'k_u': 0.051096538357105314, 'R': 4.436886241327583, 'm1': 0.191612204388987, 'm2': 0.16453711124304785, 'l1cg': 0.0774073013233584, 'l1': 0.14914363072122017, 'l2cg': 0.06219517264788995, 'I1z': 0.0004995393224190942, 'I2x': 0.0003792799692286865, 'I2y': 2.5080364275713306e-05, 'I2z': 0.0004461126808048384}, 'init_theta_std_deg': 5.406675692108639, 'init_alpha_std_deg': 8.294946857149785, 'init_theta_dot_std': 0.047625125297323816, 'init_alpha_dot_std': 0.7089448871226772, 'pwm_limit': 151.66115517504772, 'pwm_gain': 1.019461562733426, 'pwm_bias': -0.26879230501007256, 'pwm_deadzone': 1.1106743223546651, 'pwm_noise_sigma': 0.43198553526994765, 'actuator_tau': 0.002114743587957247, 'action_delay_steps': 0, 'theta_bias': 0.0022099706995160006, 'alpha_bias': 0.0026155032797749687, 'theta_sigma': 0.000766319033940676, 'alpha_sigma': 0.0046310846907851285, 'theta_dot_sigma': 0.035034286874313966, 'alpha_dot_sigma': 0.07424535338093088, 'encoder_quantization_rad': 0.00036658228720967673, 'velocity_lpf': 0.25, 'process_theta_dot_sigma': 0.0, 'process_alpha_dot_sigma': 0.0}"
3512000,3,randomization_0.30,0.3,"{'level': 0.3, 'physical': {'g': 9.803091922636094, 'c_theta': 0.02272567558250095, 'c_alpha': 0.0018466207014536124, 'k_t': 0.2445061085700121, 'k_b': 0.175416865577956, 'k_u': 0.044936185062400366, 'R': 4.394093549847747, 'm1': 0.2113587339811985, 'm2': 0.15441915328337408, 'l1cg': 0.08292566054775913, 'l1': 0.1516212622192381, 'l2cg': 0.06771105904514348, 'I1z': 0.0004702392107442025, 'I2x': 0.0003736208908494872, 'I2y': 2.3611020637265112e-05, 'I2z': 0.00033109466986555515}, 'init_theta_std_deg': 6.150857593091584, 'init_alpha_std_deg': 6.844584950928332, 'init_theta_dot_std': 0.13382462530618477, 'init_alpha_dot_std': 0.10409190979044575, 'pwm_limit': 148.25798095512712, 'pwm_gain': 0.9790880935402602, 'pwm_bias': 0.9054024705339293, 'pwm_deadzone': 2.5328462955231497, 'pwm_noise_sigma': 0.27243137392988487, 'actuator_tau': 0.0003358397319676506, 'action_delay_steps': 0, 'theta_bias': -0.0029953563200570644, 'alpha_bias': -0.002412636533894869, 'theta_sigma': 8.549586275423899e-05, 'alpha_sigma': 0.0010989931104414825, 'theta_dot_sigma': 0.05897758464312908, 'alpha_dot_sigma': 0.004719934026920547, 'encoder_quantization_rad': 0.0003851436439293587, 'velocity_lpf': 0.25, 'process_theta_dot_sigma': 0.0, 'process_alpha_dot_sigma': 0.0}"
3514000,3,randomization_0.30,0.3,"{'level': 0.3, 'physical': {'g': 9.732126813790112, 'c_theta': 0.03402567086958651, 'c_alpha': 0.0008924552765313768, 'k_t': 0.24124453222214157, 'k_b': 0.18924411897901577, 'k_u': 0.04988414688480701, 'R': 4.299547954981834, 'm1': 0.20368368914018747, 'm2': 0.15639472965389348, 'l1cg': 0.08315936134399887, 'l1': 0.15510578804371486, 'l2cg': 0.07097459844327252, 'I1z': 0.0005364499717299803, 'I2x': 0.00035036925972842855, 'I2y': 2.8200303466035386e-05, 'I2z': 0.00031483537262531815}, 'init_theta_std_deg': 6.418914517772025, 'init_alpha_std_deg': 7.3638802735648365, 'init_theta_dot_std': 0.15778254760276353, 'init_alpha_dot_std': 0.08078045948234605, 'pwm_limit': 141.03711940563366, 'pwm_gain': 1.0246891738234134, 'pwm_bias': 0.37730698170529614, 'pwm_deadzone': 1.298622624671735, 'pwm_noise_sigma': 0.06872314906320695, 'actuator_tau': 0.007846374695844226, 'action_delay_steps': 0, 'theta_bias': -0.002921388342869729, 'alpha_bias': 0.0001635873039429014, 'theta_sigma': 0.00010691321647461181, 'alpha_sigma': 0.004409651174498502, 'theta_dot_sigma': 0.07473179615534707, 'alpha_dot_sigma': 0.08903047359089787, 'encoder_quantization_rad': 0.0003228616715414093, 'velocity_lpf': 0.25, 'process_theta_dot_sigma': 0.0, 'process_alpha_dot_sigma': 0.0}"
3516000,3,randomization_0.30,0.3,"{'level': 0.3, 'physical': {'g': 9.81542514812774, 'c_theta': 0.03122167291983879, 'c_alpha': 0.0010199526083627913, 'k_t': 0.2344133904284267, 'k_b': 0.1879351489712286, 'k_u': 0.04903203853718996, 'R': 4.227740499813784, 'm1': 0.2169875456995444, 'm2': 0.1611254440068039, 'l1cg': 0.07757534831469268, 'l1': 0.1481768134407689, 'l2cg': 0.06724316371756649, 'I1z': 0.00044698019575969907, 'I2x': 0.00038640608239994315, 'I2y': 2.3770637743255057e-05, 'I2z': 0.00035597462928967593}, 'init_theta_std_deg': 4.538581016483369, 'init_alpha_std_deg': 7.265781715103044, 'init_theta_dot_std': 0.00018005602878644054, 'init_alpha_dot_std': 0.5139570735492099, 'pwm_limit': 145.99156714802646, 'pwm_gain': 1.0256800101268557, 'pwm_bias': -0.00762808111121096, 'pwm_deadzone': 0.1746142572448468, 'pwm_noise_sigma': 0.37660376429296194, 'actuator_tau': 0.0039845391671297446, 'action_delay_steps': 0, 'theta_bias': -0.002620359898120598, 'alpha_bias': 0.0020794348917689597, 'theta_sigma': 0.00042590744256802324, 'alpha_sigma': 0.00015334581133580728, 'theta_dot_sigma': 0.03636188306747996, 'alpha_dot_sigma': 0.04094248970797442, 'encoder_quantization_rad': 0.000424322298166451, 'velocity_lpf': 0.25, 'process_theta_dot_sigma': 0.0, 'process_alpha_dot_sigma': 0.0}"
3518000,3,randomization_0.30,0.3,"{'level': 0.3, 'physical': {'g': 9.90109351052244, 'c_theta': 0.03627423673438292, 'c_alpha': 0.0014834542372254085, 'k_t': 0.22459003684461923, 'k_b': 0.19023780441961324, 'k_u': 0.050034760050244334, 'R': 4.450988034875224, 'm1': 0.20870761145907935, 'm2': 0.16511228878727763, 'l1cg': 0.07980205067439397, 'l1': 0.14814229653757965, 'l2cg': 0.06789441565629635, 'I1z': 0.0005202562838462039, 'I2x': 0.0003508163697225282, 'I2y': 2.3524990551874002e-05, 'I2z': 0.0004121328150404041}, 'init_theta_std_deg': 5.940343052807103, 'init_alpha_std_deg': 9.323592128429013, 'init_theta_dot_std': 0.18416355591586325, 'init_alpha_dot_std': 0.2303964519171057, 'pwm_limit': 146.59163613298708, 'pwm_gain': 0.9700037588771294, 'pwm_bias': 0.8055908483400419, 'pwm_deadzone': 1.0811335869929357, 'pwm_noise_sigma': 0.0995158444641929, 'actuator_tau': 0.003521008273785218, 'action_delay_steps': 0, 'theta_bias': 0.0012838580858057845, 'alpha_bias': 0.002479388573728761, 'theta_sigma': 7.181017113454456e-05, 'alpha_sigma': 0.0008399769195649663, 'theta_dot_sigma': 0.07051202883264318, 'alpha_dot_sigma': 0.031335894456173956, 'encoder_quantization_rad': 0.00022904698032087144, 'velocity_lpf': 0.25, 'process_theta_dot_sigma': 0.0, 'process_alpha_dot_sigma': 0.0}"
3520000,3,randomization_0.30,0.3,"{'level': 0.3, 'physical': {'g': 9.761923107792626, 'c_theta': 0.03879709280662256, 'c_alpha': 0.0009261084829268467, 'k_t': 0.21928719942170305, 'k_b': 0.18729318675211354, 'k_u': 0.044627860348774875, 'R': 4.460349832226932, 'm1': 0.21213253134414486, 'm2': 0.16389846245444553, 'l1cg': 0.08044812357496248, 'l1': 0.1504084909915078, 'l2cg': 0.06590725666262626, 'I1z': 0.0005861943807503696, 'I2x': 0.0003700447449618268, 'I2y': 2.9040139424033347e-05, 'I2z': 0.00042806796101638764}, 'init_theta_std_deg': 4.498689531510547, 'init_alpha_std_deg': 6.895643596136684, 'init_theta_dot_std': 0.15646527586596223, 'init_alpha_dot_std': 0.5476815346555964, 'pwm_limit': 142.25565128699725, 'pwm_gain': 1.0035801609446349, 'pwm_bias': 0.6466689466713736, 'pwm_deadzone': 2.460982641357225, 'pwm_noise_sigma': 0.44563953917999016, 'actuator_tau': 0.0015715870348135255, 'action_delay_steps': 0, 'theta_bias': 0.0009722957606979281, 'alpha_bias': -0.0005512314448139386, 'theta_sigma': 0.000878256302851027, 'alpha_sigma': 0.00580212367138344, 'theta_dot_sigma': 0.007451005376636658, 'alpha_dot_sigma': 0.1418853431500293, 'encoder_quantization_rad': 2.62953071483562e-05, 'velocity_lpf': 0.23615472359802023, 'process_theta_dot_sigma': 0.0, 'process_alpha_dot_sigma': 0.0}"
3522000,3,randomization_0.30,0.3,"{'level': 0.3, 'physical': {'g': 9.7952310550196, 'c_theta': 0.037166152903645014, 'c_alpha': 0.0010228988485261597, 'k_t': 0.24589140376002758, 'k_b': 0.1816453765578578, 'k_u': 0.0488204233181111, 'R': 4.576542368305899, 'm1': 0.2005703890909282, 'm2': 0.16228825679697598, 'l1cg': 0.08263080409501494, 'l1': 0.14934936824212036, 'l2cg': 0.07030088997671134, 'I1z': 0.00046108998375844523, 'I2x': 0.00038802353361604814, 'I2y': 2.7518273368575545e-05, 'I2z': 0.0003160174884516723}, 'init_theta_std_deg': 6.027147823881057, 'init_alpha_std_deg': 8.011959294759954, 'init_theta_dot_std': 0.37387260436573416, 'init_alpha_dot_std': 0.02245483200142076, 'pwm_limit': 151.91288473150126, 'pwm_gain': 0.974453898984021, 'pwm_bias': 0.9542701417844631, 'pwm_deadzone': 2.489242329114247, 'pwm_noise_sigma': 0.1696778481562906, 'actuator_tau': 0.003482499998275166, 'action_delay_steps': 0, 'theta_bias': -0.0012293132433198713, 'alpha_bias': 0.0008080820412240735, 'theta_sigma': 0.00038424369933353015, 'alpha_sigma': 0.002652685137164726, 'theta_dot_sigma': 0.09394244467436041, 'alpha_dot_sigma': 0.03852052497889661, 'encoder_quantization_rad': 0.00028629129467361086, 'velocity_lpf': 0.25, 'process_theta_dot_sigma': 0.0, 'process_alpha_dot_sigma': 0.0}"
3524000,3,randomization_0.30,0.3,"{'level': 0.3, 'physical': {'g': 9.74856355412928, 'c_theta': 0.03881328669513856, 'c_alpha': 0.0015558936346345734, 'k_t': 0.23168167697410222, 'k_b': 0.18686242926299904, 'k_u': 0.044277708699215435, 'R': 4.415074313909553, 'm1': 0.19511505341214896, 'm2': 0.1610778008580426, 'l1cg': 0.07694531387047406, 'l1': 0.1522907452303481, 'l2cg': 0.07075097026031264, 'I1z': 0.00047547566870466916, 'I2x': 0.0003871074286521352, 'I2y': 2.7860285884734052e-05, 'I2z': 0.0003187834813472637}, 'init_theta_std_deg': 5.099718752536046, 'init_alpha_std_deg': 8.228684869348022, 'init_theta_dot_std': 0.4335046738514852, 'init_alpha_dot_std': 0.04064367187993689, 'pwm_limit': 148.51350871251634, 'pwm_gain': 1.0010550809297656, 'pwm_bias': -0.0795140416182928, 'pwm_deadzone': 0.7900507156045006, 'pwm_noise_sigma': 0.46342338562837615, 'actuator_tau': 0.0017753629725740909, 'action_delay_steps': 0, 'theta_bias': 0.0019798151410995667, 'alpha_bias': -0.00248037615151118, 'theta_sigma': 0.0008970818914412135, 'alpha_sigma': 0.005656009006693149, 'theta_dot_sigma': 0.01627928424092103, 'alpha_dot_sigma': 0.09652876769501648, 'encoder_quantization_rad': 0.00032339410992240886, 'velocity_lpf': 0.25, 'process_theta_dot_sigma': 0.0, 'process_alpha_dot_sigma': 0.0}"
3526000,3,randomization_0.30,0.3,"{'level': 0.3, 'physical': {'g': 9.933181539256891, 'c_theta': 0.02989889788742625, 'c_alpha': 0.0017445277817863167, 'k_t': 0.24513518648942678, 'k_b': 0.19779568829505387, 'k_u': 0.05029643569280799, 'R': 4.242163147827959, 'm1': 0.19960546450681743, 'm2': 0.16047280058326946, 'l1cg': 0.08280344240663098, 'l1': 0.15246126624836112, 'l2cg': 0.062429815896763684, 'I1z': 0.00045058854886035374, 'I2x': 0.0003475114179944191, 'I2y': 2.308677495253822e-05, 'I2z': 0.0003179462963892254}, 'init_theta_std_deg': 4.520941154819457, 'init_alpha_std_deg': 9.77641687135184, 'init_theta_dot_std': 0.2426721803836714, 'init_alpha_dot_std': 0.4551801480580512, 'pwm_limit': 150.0855846339619, 'pwm_gain': 1.0155047086136015, 'pwm_bias': 0.6301718934844948, 'pwm_deadzone': 1.304436476261987, 'pwm_noise_sigma': 0.49933503408707025, 'actuator_tau': 0.0027139848447165697, 'action_delay_steps': 0, 'theta_bias': -0.0027656861905412194, 'alpha_bias': 0.0031325124640296746, 'theta_sigma': 0.0005169514609847409, 'alpha_sigma': 0.0007915023974743851, 'theta_dot_sigma': 0.004645099410397883, 'alpha_dot_sigma': 0.1392020686613172, 'encoder_quantization_rad': 0.00027647254744731376, 'velocity_lpf': 0.25, 'process_theta_dot_sigma': 0.0, 'process_alpha_dot_sigma': 0.0}"
3528000,3,randomization_0.30,0.3,"{'level': 0.3, 'physical': {'g': 9.759730037710925, 'c_theta': 0.030159943420224142, 'c_alpha': 0.001611199519495185, 'k_t': 0.2215022214650759, 'k_b': 0.19959857710457427, 'k_u': 0.0437669592785574, 'R': 4.439170909059195, 'm1': 0.19356323283283913, 'm2': 0.16090032003091873, 'l1cg': 0.08054403815605983, 'l1': 0.14930464628067797, 'l2cg': 0.06760579346677846, 'I1z': 0.0004839362731092695, 'I2x': 0.0003882940273175287, 'I2y': 2.5804876429397876e-05, 'I2z': 0.00040978687414665505}, 'init_theta_std_deg': 5.486731686084169, 'init_alpha_std_deg': 7.896563926069814, 'init_theta_dot_std': 0.3666789047886132, 'init_alpha_dot_std': 0.10295283881949496, 'pwm_limit': 147.13534532150433, 'pwm_gain': 1.0122172450885856, 'pwm_bias': 0.5750543482448944, 'pwm_deadzone': 0.388280726107295, 'pwm_noise_sigma': 0.028120488717492443, 'actuator_tau': 0.00039820018490813056, 'action_delay_steps': 0, 'theta_bias': -0.0020739106365880258, 'alpha_bias': 0.0011356550595964115, 'theta_sigma': 0.0013141937574990983, 'alpha_sigma': 0.005517092118652961, 'theta_dot_sigma': 0.07606724616666885, 'alpha_dot_sigma': 0.1059568926189276, 'encoder_quantization_rad': 0.00016094089987169695, 'velocity_lpf': 0.25, 'process_theta_dot_sigma': 0.0, 'process_alpha_dot_sigma': 0.0}"
3530000,3,randomization_0.30,0.3,"{'level': 0.3, 'physical': {'g': 9.778839944634102, 'c_theta': 0.028052153879089582, 'c_alpha': 0.0020471390797664464, 'k_t': 0.2478103910912447, 'k_b': 0.19860916686881722, 'k_u': 0.0488361619843782, 'R': 4.141479929907109, 'm1': 0.2177967701310609, 'm2': 0.15429790171625105, 'l1cg': 0.07981558987452074, 'l1': 0.14786035367709252, 'l2cg': 0.06671168205110556, 'I1z': 0.0005089436239641748, 'I2x': 0.00038604689142115344, 'I2y': 2.8511997621900778e-05, 'I2z': 0.00041007385488776063}, 'init_theta_std_deg': 4.886504680816897, 'init_alpha_std_deg': 8.662551037627793, 'init_theta_dot_std': 0.0034245075424145454, 'init_alpha_dot_std': 0.4047255629659441, 'pwm_limit': 148.9742227128186, 'pwm_gain': 0.9952093554361144, 'pwm_bias': -0.9810116948447405, 'pwm_deadzone': 1.4517265142269675, 'pwm_noise_sigma': 0.3228578470076559, 'actuator_tau': 0.006607131210959986, 'action_delay_steps': 0, 'theta_bias': -0.0007286158652292294, 'alpha_bias': -0.0009476324500550191, 'theta_sigma': 0.0011203134095558805, 'alpha_sigma': 0.0035887374580738677, 'theta_dot_sigma': 0.046343038939686124, 'alpha_dot_sigma': 0.02379533672100401, 'encoder_quantization_rad': 0.00039704974062863797, 'velocity_lpf': 0.25, 'process_theta_dot_sigma': 0.0, 'process_alpha_dot_sigma': 0.0}"
3532000,3,randomization_0.30,0.3,"{'level': 0.3, 'physical': {'g': 9.90658506459762, 'c_theta': 0.02830726716425876, 'c_alpha': 0.0010642433629510924, 'k_t': 0.21707537740631175, 'k_b': 0.1761456003879818, 'k_u': 0.04695732647675, 'R': 4.291445989385569, 'm1': 0.2018814692767928, 'm2': 0.1514507758769587, 'l1cg': 0.08057287331604691, 'l1': 0.15047872705858872, 'l2cg': 0.06231483767057239, 'I1z': 0.0004496980409804377, 'I2x': 0.0003587350108698752, 'I2y': 2.3987674470016746e-05, 'I2z': 0.0003562299239888219}, 'init_theta_std_deg': 4.7592521137304376, 'init_alpha_std_deg': 8.687102238552173, 'init_theta_dot_std': 0.09012862085964816, 'init_alpha_dot_std': 0.2808848768960957, 'pwm_limit': 144.38212773588702, 'pwm_gain': 0.9782894190407571, 'pwm_bias': 0.5228207518248851, 'pwm_deadzone': 2.101554408993467, 'pwm_noise_sigma': 0.11772936231179944, 'actuator_tau': 0.00529444717119996, 'action_delay_steps': 0, 'theta_bias': -0.0007323988927717989, 'alpha_bias': -0.0030481628985807347, 'theta_sigma': 0.0010668514644434377, 'alpha_sigma': 0.004205530461741286, 'theta_dot_sigma': 0.10444344005144213, 'alpha_dot_sigma': 0.013220663300492907, 'encoder_quantization_rad': 0.0003696123017916956, 'velocity_lpf': 0.25, 'process_theta_dot_sigma': 0.0, 'process_alpha_dot_sigma': 0.0}"
3534000,3,randomization_0.30,0.3,"{'level': 0.3, 'physical': {'g': 9.942342558158284, 'c_theta': 0.03731169451591779, 'c_alpha': 0.0011322444288313844, 'k_t': 0.22793494948127205, 'k_b': 0.17983815526094585, 'k_u': 0.045749701763453346, 'R': 4.348195663444384, 'm1': 0.19457243941397873, 'm2': 0.15868942460844007, 'l1cg': 0.0777764027308871, 'l1': 0.15176492396151683, 'l2cg': 0.06733587517023246, 'I1z': 0.0004939521135299661, 'I2x': 0.00035570980901328497, 'I2y': 2.5167479559139735e-05, 'I2z': 0.00031712800893085927}, 'init_theta_std_deg': 4.7459398155670485, 'init_alpha_std_deg': 9.377114940456664, 'init_theta_dot_std': 0.1928951902366434, 'init_alpha_dot_std': 0.26017090220869815, 'pwm_limit': 145.96190639116264, 'pwm_gain': 1.0189408521624341, 'pwm_bias': -1.1148926477747882, 'pwm_deadzone': 0.2871825732386061, 'pwm_noise_sigma': 0.49639798449676564, 'actuator_tau': 0.004989350967415067, 'action_delay_steps': 0, 'theta_bias': 0.0024565091172938044, 'alpha_bias': 0.0012842793286597432, 'theta_sigma': 0.0017710575347939974, 'alpha_sigma': 0.0011471216694386617, 'theta_dot_sigma': 0.00018606295197607482, 'alpha_dot_sigma': 0.03069163923650683, 'encoder_quantization_rad': 4.8004394168699264e-05, 'velocity_lpf': 0.24047291329772214, 'process_theta_dot_sigma': 0.0, 'process_alpha_dot_sigma': 0.0}"
3536000,3,randomization_0.30,0.3,"{'level': 0.3, 'physical': {'g': 9.706744372730915, 'c_theta': 0.033366982973396755, 'c_alpha': 0.0011453679605178382, 'k_t': 0.24764459778268716, 'k_b': 0.18920234385667345, 'k_u': 0.04348583732985857, 'R': 4.2037398153337495, 'm1': 0.20275089063096666, 'm2': 0.16447633181211171, 'l1cg': 0.08065321271917138, 'l1': 0.1549443410762237, 'l2cg': 0.0691799956942023, 'I1z': 0.0004827529647718319, 'I2x': 0.0003687353657459348, 'I2y': 2.6750939524768273e-05, 'I2z': 0.0003798625649915511}, 'init_theta_std_deg': 4.20873792684124, 'init_alpha_std_deg': 10.226971940400574, 'init_theta_dot_std': 0.2837447351490388, 'init_alpha_dot_std': 0.25023568655187595, 'pwm_limit': 145.96665757591035, 'pwm_gain': 0.9812983943056373, 'pwm_bias': 0.2712083154697154, 'pwm_deadzone': 2.6993829546470405, 'pwm_noise_sigma': 0.5738520219183202, 'actuator_tau': 0.007237070404286456, 'action_delay_steps': 0, 'theta_bias': 0.0004909066587509086, 'alpha_bias': 0.0030131469749963904, 'theta_sigma': 0.0008699169224198029, 'alpha_sigma': 0.0028262024658896757, 'theta_dot_sigma': 0.09053874958467564, 'alpha_dot_sigma': 0.13108306326561717, 'encoder_quantization_rad': 0.0002867836116998126, 'velocity_lpf': 0.25, 'process_theta_dot_sigma': 0.0, 'process_alpha_dot_sigma': 0.0}"
3538000,3,randomization_0.30,0.3,"{'level': 0.3, 'physical': {'g': 9.764611764814704, 'c_theta': 0.02226299495958399, 'c_alpha': 0.0015968976896746547, 'k_t': 0.23854361629777412, 'k_b': 0.1943535601932049, 'k_u': 0.04712888895170761, 'R': 4.363022863124544, 'm1': 0.19864404521411233, 'm2': 0.15151027544938972, 'l1cg': 0.07693241499598405, 'l1': 0.15495022119136861, 'l2cg': 0.06871367407682119, 'I1z': 0.0004905402643230957, 'I2x': 0.0003846001210210709, 'I2y': 2.332783780905503e-05, 'I2z': 0.0004172477287382449}, 'init_theta_std_deg': 6.299247283382111, 'init_alpha_std_deg': 8.347784186214536, 'init_theta_dot_std': 0.34708249702255406, 'init_alpha_dot_std': 0.7076684875212328, 'pwm_limit': 145.24259214311317, 'pwm_gain': 1.0260588923108909, 'pwm_bias': 0.3718759982095906, 'pwm_deadzone': 0.28389660629831304, 'pwm_noise_sigma': 0.5038291616353815, 'actuator_tau': 0.004087679090204956, 'action_delay_steps': 0, 'theta_bias': -0.002572213991787262, 'alpha_bias': 0.002776814410498713, 'theta_sigma': 0.0006401853762079637, 'alpha_sigma': 0.0041006656755983905, 'theta_dot_sigma': 0.03733463340688323, 'alpha_dot_sigma': 0.16974542059997433, 'encoder_quantization_rad': 0.0002742109485034966, 'velocity_lpf': 0.25, 'process_theta_dot_sigma': 0.0, 'process_alpha_dot_sigma': 0.0}"
3540000,3,randomization_0.30,0.3,"{'level': 0.3, 'physical': {'g': 9.945895147769559, 'c_theta': 0.019393439656053002, 'c_alpha': 0.0007863239167881287, 'k_t': 0.222714961655405, 'k_b': 0.17374245515033612, 'k_u': 0.0465717311530081, 'R': 4.312398649453695, 'm1': 0.22134791215489244, 'm2': 0.15228809521465034, 'l1cg': 0.08297955045370968, 'l1': 0.15606131610285823, 'l2cg': 0.0663767963826274, 'I1z': 0.0005556075585901023, 'I2x': 0.0003865085150279493, 'I2y': 2.1599510238143235e-05, 'I2z': 0.00031069551951755603}, 'init_theta_std_deg': 4.704365276367675, 'init_alpha_std_deg': 8.712832840128033, 'init_theta_dot_std': 0.19973550311370514, 'init_alpha_dot_std': 0.2359683488421775, 'pwm_limit': 144.37502773416293, 'pwm_gain': 1.002518909500412, 'pwm_bias': -0.9205138148943866, 'pwm_deadzone': 2.7938537635034657, 'pwm_noise_sigma': 0.4949553422579641, 'actuator_tau': 0.0019088396530692988, 'action_delay_steps': 0, 'theta_bias': 0.0029329695232699986, 'alpha_bias': -0.002436986934277885, 'theta_sigma': 0.0007378847186232871, 'alpha_sigma': 0.0027656301651993414, 'theta_dot_sigma': 0.06346518622875862, 'alpha_dot_sigma': 0.10565796836679431, 'encoder_quantization_rad': 5.3035413773143715e-05, 'velocity_lpf': 0.25, 'process_theta_dot_sigma': 0.0, 'process_alpha_dot_sigma': 0.0}"
3542000,3,randomization_0.30,0.3,"{'level': 0.3, 'physical': {'g': 9.811451766586217, 'c_theta': 0.04290609605213024, 'c_alpha': 0.0017899655895072533, 'k_t': 0.23093361137510043, 'k_b': 0.17974220351836348, 'k_u': 0.045831988684056774, 'R': 4.191717407251686, 'm1': 0.21568977796427474, 'm2': 0.15781027988882915, 'l1cg': 0.07855662967805135, 'l1': 0.153937900643674, 'l2cg': 0.0627212349330984, 'I1z': 0.0004458616531036256, 'I2x': 0.0003591662990591542, 'I2y': 2.077163915414e-05, 'I2z': 0.0003316582166423015}, 'init_theta_std_deg': 6.2082591457243375, 'init_alpha_std_deg': 8.403549039527348, 'init_theta_dot_std': 0.4367135266241841, 'init_alpha_dot_std': 0.5304315096446477, 'pwm_limit': 149.69214636050722, 'pwm_gain': 1.0291602879911885, 'pwm_bias': -0.7016028125500318, 'pwm_deadzone': 1.806678565748419, 'pwm_noise_sigma': 0.4221833520061068, 'actuator_tau': 0.004189700333973212, 'action_delay_steps': 0, 'theta_bias': -0.0017382354052633674, 'alpha_bias': 0.0001171813952375202, 'theta_sigma': 5.511580574844852e-05, 'alpha_sigma': 0.004137457173492778, 'theta_dot_sigma': 0.06774194440179751, 'alpha_dot_sigma': 0.09669763197534124, 'encoder_quantization_rad': 1.935416173672286e-05, 'velocity_lpf': 0.25, 'process_theta_dot_sigma': 0.0, 'process_alpha_dot_sigma': 0.0}"
3544000,3,randomization_0.30,0.3,"{'level': 0.3, 'physical': {'g': 9.935899969545938, 'c_theta': 0.03225796083878046, 'c_alpha': 0.002030443549399716, 'k_t': 0.23094324596180404, 'k_b': 0.1934087332883356, 'k_u': 0.05016724333112303, 'R': 4.445937535023599, 'm1': 0.19696360722126957, 'm2': 0.15769144442629013, 'l1cg': 0.07970647272869931, 'l1': 0.15170926798505968, 'l2cg': 0.06366226479800366, 'I1z': 0.0005559750119464023, 'I2x': 0.0003709703362947582, 'I2y': 2.8901712956008775e-05, 'I2z': 0.00041760901757163473}, 'init_theta_std_deg': 4.448284700605282, 'init_alpha_std_deg': 6.977890092084241, 'init_theta_dot_std': 0.16304235882483295, 'init_alpha_dot_std': 0.2175157024349276, 'pwm_limit': 141.3882924021845, 'pwm_gain': 0.9923842632252993, 'pwm_bias': -0.7151781111379065, 'pwm_deadzone': 1.4497933808119936, 'pwm_noise_sigma': 0.18511450858042114, 'actuator_tau': 0.001964864588730382, 'action_delay_steps': 0, 'theta_bias': 0.001744738515545644, 'alpha_bias': 0.003576179077423597, 'theta_sigma': 0.0005289434281162347, 'alpha_sigma': 0.001022065715002559, 'theta_dot_sigma': 0.02173545734853695, 'alpha_dot_sigma': 0.042846903082028195, 'encoder_quantization_rad': 0.0002006438749326879, 'velocity_lpf': 0.25, 'process_theta_dot_sigma': 0.0, 'process_alpha_dot_sigma': 0.0}"
3546000,3,randomization_0.30,0.3,"{'level': 0.3, 'physical': {'g': 9.65809030009695, 'c_theta': 0.02582404828512105, 'c_alpha': 0.001124103688079132, 'k_t': 0.23205165215986878, 'k_b': 0.18129914909430067, 'k_u': 0.046247178961436965, 'R': 4.247122651699427, 'm1': 0.1959447265187371, 'm2': 0.15353148352634136, 'l1cg': 0.08164004613689559, 'l1': 0.15044973245670423, 'l2cg': 0.06788124598733833, 'I1z': 0.0004629709771200636, 'I2x': 0.000353026586822812, 'I2y': 2.7527136266803043e-05, 'I2z': 0.0004082617064267422}, 'init_theta_std_deg': 5.220391792170051, 'init_alpha_std_deg': 7.0523992694412065, 'init_theta_dot_std': 0.0923862092330028, 'init_alpha_dot_std': 0.1436079869934074, 'pwm_limit': 143.2736501248773, 'pwm_gain': 0.9939352718514346, 'pwm_bias': 1.0279413313635288, 'pwm_deadzone': 1.935168862443715, 'pwm_noise_sigma': 0.15745962473672773, 'actuator_tau': 0.00675671183522796, 'action_delay_steps': 0, 'theta_bias': 0.000851337295106061, 'alpha_bias': 0.0033073966977345283, 'theta_sigma': 0.0003648030959558842, 'alpha_sigma': 0.005993862383635135, 'theta_dot_sigma': 0.0018633890471619406, 'alpha_dot_sigma': 0.13759453682345146, 'encoder_quantization_rad': 0.00038852206894235186, 'velocity_lpf': 0.25, 'process_theta_dot_sigma': 0.0, 'process_alpha_dot_sigma': 0.0}"
3548000,3,randomization_0.30,0.3,"{'level': 0.3, 'physical': {'g': 9.75622814328471, 'c_theta': 0.03513553470718949, 'c_alpha': 0.0014364917095067726, 'k_t': 0.24686936981302127, 'k_b': 0.17562415564852712, 'k_u': 0.0472699863627879, 'R': 4.545222121398982, 'm1': 0.20155786470081669, 'm2': 0.15225341196293726, 'l1cg': 0.07893222569280717, 'l1': 0.15349123483742771, 'l2cg': 0.06824448415181948, 'I1z': 0.0005615473174613062, 'I2x': 0.0003806241008027128, 'I2y': 2.83768867614563e-05, 'I2z': 0.0004194086520879969}, 'init_theta_std_deg': 4.30400001805067, 'init_alpha_std_deg': 7.902667164156647, 'init_theta_dot_std': 0.43797576507232155, 'init_alpha_dot_std': 0.3456406858525759, 'pwm_limit': 145.998426978226, 'pwm_gain': 0.9731203761945662, 'pwm_bias': -0.2064186978816698, 'pwm_deadzone': 2.0767686171540527, 'pwm_noise_sigma': 0.4959072152172567, 'actuator_tau': 0.0006568832714214215, 'action_delay_steps': 0, 'theta_bias': 0.002518555095141161, 'alpha_bias': -0.0013839024502518532, 'theta_sigma': 0.0012755988777484277, 'alpha_sigma': 0.003488204258506274, 'theta_dot_sigma': 0.06198602296875113, 'alpha_dot_sigma': 0.06857048607026929, 'encoder_quantization_rad': 0.0002953835242015017, 'velocity_lpf': 0.25, 'process_theta_dot_sigma': 0.0, 'process_alpha_dot_sigma': 0.0}"
3550000,3,randomization_0.30,0.3,"{'level': 0.3, 'physical': {'g': 9.909787269228541, 'c_theta': 0.0207388395106274, 'c_alpha': 0.0007814991625966726, 'k_t': 0.21958116640441333, 'k_b': 0.1886384274129192, 'k_u': 0.047746221073498636, 'R': 4.042960355140085, 'm1': 0.19535325027202874, 'm2': 0.16386816228239257, 'l1cg': 0.07858046117958108, 'l1': 0.14958978409546392, 'l2cg': 0.06376808560044857, 'I1z': 0.0004306102700196999, 'I2x': 0.0003504642626512865, 'I2y': 2.474277798463357e-05, 'I2z': 0.0003415812609532905}, 'init_theta_std_deg': 4.323022131810524, 'init_alpha_std_deg': 8.560943346223315, 'init_theta_dot_std': 0.021047230723265087, 'init_alpha_dot_std': 0.1731987317737106, 'pwm_limit': 144.0059275756944, 'pwm_gain': 0.9937163840725832, 'pwm_bias': -0.9797856224059718, 'pwm_deadzone': 0.076918096328349, 'pwm_noise_sigma': 0.443227770408785, 'actuator_tau': 0.0022899149771876347, 'action_delay_steps': 0, 'theta_bias': 0.001932239604108896, 'alpha_bias': -0.002649897473712669, 'theta_sigma': 0.0002706772740738295, 'alpha_sigma': 0.004900914329931172, 'theta_dot_sigma': 0.026915573146663777, 'alpha_dot_sigma': 0.015609523064475612, 'encoder_quantization_rad': 0.00021498628133791796, 'velocity_lpf': 0.262997061493015, 'process_theta_dot_sigma': 0.0, 'process_alpha_dot_sigma': 0.0}"
3552000,3,randomization_0.30,0.3,"{'level': 0.3, 'physical': {'g': 9.816110863815906, 'c_theta': 0.039632613482913165, 'c_alpha': 0.001888045635703417, 'k_t': 0.23601263689106952, 'k_b': 0.18689507425800328, 'k_u': 0.04407832058458432, 'R': 4.316058146534983, 'm1': 0.20662775987898438, 'm2': 0.16041380945042605, 'l1cg': 0.07688585786806387, 'l1': 0.15100418106505137, 'l2cg': 0.06249874058566825, 'I1z': 0.000504662983489471, 'I2x': 0.00036687595022882695, 'I2y': 2.7025403095961425e-05, 'I2z': 0.0004356058796228541}, 'init_theta_std_deg': 5.856936803854754, 'init_alpha_std_deg': 9.892371957155605, 'init_theta_dot_std': 0.44900166537780983, 'init_alpha_dot_std': 0.6865012296479881, 'pwm_limit': 141.78091383056847, 'pwm_gain': 0.972515027489453, 'pwm_bias': -0.31394323031570737, 'pwm_deadzone': 0.23712214910463625, 'pwm_noise_sigma': 0.5574817425291679, 'actuator_tau': 0.0023028868364828935, 'action_delay_steps': 0, 'theta_bias': 0.00026277663065965817, 'alpha_bias': 0.0034803870046709335, 'theta_sigma': 0.0011220887077698924, 'alpha_sigma': 0.00046107248938884274, 'theta_dot_sigma': 0.015417648524758836, 'alpha_dot_sigma': 0.035278916247564636, 'encoder_quantization_rad': 0.0003465437105353416, 'velocity_lpf': 0.25, 'process_theta_dot_sigma': 0.0, 'process_alpha_dot_sigma': 0.0}"
3554000,3,randomization_0.30,0.3,"{'level': 0.3, 'physical': {'g': 9.891068104951605, 'c_theta': 0.04367662270382555, 'c_alpha': 0.0011690716288068734, 'k_t': 0.24458083974575404, 'k_b': 0.19415784416447698, 'k_u': 0.04552212232566095, 'R': 4.539921337237026, 'm1': 0.21675404100282375, 'm2': 0.15554610835921656, 'l1cg': 0.08121855494132138, 'l1': 0.14821327956165656, 'l2cg': 0.06560613153118652, 'I1z': 0.0005761066818080467, 'I2x': 0.00036721206998335397, 'I2y': 2.8726011235338532e-05, 'I2z': 0.0003368973574556425}, 'init_theta_std_deg': 6.212037477856802, 'init_alpha_std_deg': 9.83745498124791, 'init_theta_dot_std': 0.05737258131339912, 'init_alpha_dot_std': 0.6854528458405637, 'pwm_limit': 147.43448744607392, 'pwm_gain': 1.023758686953938, 'pwm_bias': -0.4696223297773325, 'pwm_deadzone': 1.4179255282197725, 'pwm_noise_sigma': 0.02105866221632304, 'actuator_tau': 0.0015727123992857514, 'action_delay_steps': 0, 'theta_bias': -0.0015470726500890668, 'alpha_bias': -0.0019875015256558934, 'theta_sigma': 0.0005665425965458763, 'alpha_sigma': 0.0015778072717036315, 'theta_dot_sigma': 0.012427465592724294, 'alpha_dot_sigma': 0.02848684065914414, 'encoder_quantization_rad': 0.00010605267221126746, 'velocity_lpf': 0.25, 'process_theta_dot_sigma': 0.0, 'process_alpha_dot_sigma': 0.0}"
3556000,3,randomization_0.30,0.3,"{'level': 0.3, 'physical': {'g': 9.862650063758384, 'c_theta': 0.04075911020596965, 'c_alpha': 0.0013663942534990234, 'k_t': 0.21686821021146788, 'k_b': 0.17601198469800672, 'k_u': 0.05053655331778393, 'R': 4.521578756563639, 'm1': 0.19982847213370286, 'm2': 0.1644159908231293, 'l1cg': 0.08301826394243042, 'l1': 0.14772276882879873, 'l2cg': 0.06967330302292592, 'I1z': 0.0005190184264776232, 'I2x': 0.0003704434752403846, 'I2y': 2.7526594212153932e-05, 'I2z': 0.0003437734522246703}, 'init_theta_std_deg': 5.1805692835816695, 'init_alpha_std_deg': 7.014212539120853, 'init_theta_dot_std': 0.4191048432292404, 'init_alpha_dot_std': 0.38925582322323643, 'pwm_limit': 149.87639698534397, 'pwm_gain': 1.0171635753352923, 'pwm_bias': -1.044016486022817, 'pwm_deadzone': 1.0693053641303525, 'pwm_noise_sigma': 0.08360713658369198, 'actuator_tau': 0.00013893060692935167, 'action_delay_steps': 0, 'theta_bias': -0.0009191511571586293, 'alpha_bias': -0.003546065358735145, 'theta_sigma': 0.0016160496073380263, 'alpha_sigma': 0.0014075205739792892, 'theta_dot_sigma': 0.025012244802344763, 'alpha_dot_sigma': 0.12941120809912462, 'encoder_quantization_rad': 0.000163391480106272, 'velocity_lpf': 0.25, 'process_theta_dot_sigma': 0.0, 'process_alpha_dot_sigma': 0.0}"
3558000,3,randomization_0.30,0.3,"{'level': 0.3, 'physical': {'g': 9.719766855826416, 'c_theta': 0.03143994382850473, 'c_alpha': 0.001478848688049742, 'k_t': 0.24188549794834793, 'k_b': 0.18889285664840239, 'k_u': 0.04671909226326515, 'R': 4.164772320752011, 'm1': 0.20235828624638483, 'm2': 0.16279518258328263, 'l1cg': 0.08074787194144054, 'l1': 0.15032721545221914, 'l2cg': 0.06256636853760175, 'I1z': 0.0005717808037377744, 'I2x': 0.000360950381608566, 'I2y': 2.337019665465699e-05, 'I2z': 0.0003300857613054186}, 'init_theta_std_deg': 5.747584989796528, 'init_alpha_std_deg': 7.173128321653011, 'init_theta_dot_std': 0.27131949573433994, 'init_alpha_dot_std': 0.2519911940838659, 'pwm_limit': 147.34510368335603, 'pwm_gain': 0.9744666899848832, 'pwm_bias': -1.022866004059868, 'pwm_deadzone': 0.09215351166721086, 'pwm_noise_sigma': 0.2989992088409205, 'actuator_tau': 0.004526612760094621, 'action_delay_steps': 0, 'theta_bias': -0.0009502393920078783, 'alpha_bias': -0.0007182866507221975, 'theta_sigma': 0.00016848292774839194, 'alpha_sigma': 0.00454475362702656, 'theta_dot_sigma': 0.08576931632625096, 'alpha_dot_sigma': 0.03258044147239257, 'encoder_quantization_rad': 0.00040910858211167574, 'velocity_lpf': 0.25, 'process_theta_dot_sigma': 0.0, 'process_alpha_dot_sigma': 0.0}"
3560000,3,randomization_0.30,0.3,"{'level': 0.3, 'physical': {'g': 9.690097011448573, 'c_theta': 0.031528358314127286, 'c_alpha': 0.001759770664567795, 'k_t': 0.22251284116460687, 'k_b': 0.19575602004734582, 'k_u': 0.04384279832464028, 'R': 4.367475075082654, 'm1': 0.21477409570446496, 'm2': 0.16540653607669936, 'l1cg': 0.08082824371031563, 'l1': 0.15290718725024277, 'l2cg': 0.06377700037054705, 'I1z': 0.00043460242583158356, 'I2x': 0.0003528488663702684, 'I2y': 2.550851194941221e-05, 'I2z': 0.00038417961869269377}, 'init_theta_std_deg': 5.000430163395957, 'init_alpha_std_deg': 6.9796068554626585, 'init_theta_dot_std': 0.28086403354877193, 'init_alpha_dot_std': 0.5962870271219008, 'pwm_limit': 151.1681721483443, 'pwm_gain': 1.0083993880257716, 'pwm_bias': -0.8804331679317473, 'pwm_deadzone': 2.5657827662564507, 'pwm_noise_sigma': 0.5939901574687021, 'actuator_tau': 0.004735757539608851, 'action_delay_steps': 0, 'theta_bias': 0.0014751980461763213, 'alpha_bias': 8.305484241071931e-05, 'theta_sigma': 0.0005913637470123085, 'alpha_sigma': 0.004618453550895678, 'theta_dot_sigma': 0.0892991230851723, 'alpha_dot_sigma': 0.13538950591093002, 'encoder_quantization_rad': 0.0004007367316355444, 'velocity_lpf': 0.25, 'process_theta_dot_sigma': 0.0, 'process_alpha_dot_sigma': 0.0}"
3562000,3,randomization_0.30,0.3,"{'level': 0.3, 'physical': {'g': 9.936105906293449, 'c_theta': 0.03619786277158107, 'c_alpha': 0.0014257033420046576, 'k_t': 0.24525673469708043, 'k_b': 0.19767578676759906, 'k_u': 0.04959633746174424, 'R': 4.295918242824082, 'm1': 0.20020584567278502, 'm2': 0.1534286605083052, 'l1cg': 0.07900978266193429, 'l1': 0.1511882110619669, 'l2cg': 0.06391517300431682, 'I1z': 0.00046112942003053803, 'I2x': 0.0003906390793949865, 'I2y': 2.397162017519469e-05, 'I2z': 0.00031367848057905595}, 'init_theta_std_deg': 6.382761409000616, 'init_alpha_std_deg': 9.50431926067176, 'init_theta_dot_std': 0.4104821686508296, 'init_alpha_dot_std': 0.19587605870539276, 'pwm_limit': 144.833022845965, 'pwm_gain': 0.985040716707357, 'pwm_bias': -0.5578230203992616, 'pwm_deadzone': 2.5747206723326586, 'pwm_noise_sigma': 0.4587269068177607, 'actuator_tau': 0.007721491122557224, 'action_delay_steps': 0, 'theta_bias': 0.002705241381281336, 'alpha_bias': 0.00236103761832904, 'theta_sigma': 0.0015598308259531929, 'alpha_sigma': 0.0011425087005493052, 'theta_dot_sigma': 0.07956548239228291, 'alpha_dot_sigma': 0.06813176362867267, 'encoder_quantization_rad': 0.00037480757521745993, 'velocity_lpf': 0.25, 'process_theta_dot_sigma': 0.0, 'process_alpha_dot_sigma': 0.0}"
3564000,3,randomization_0.30,0.3,"{'level': 0.3, 'physical': {'g': 9.662380047779541, 'c_theta': 0.019492462045184344, 'c_alpha': 0.0010237920161090214, 'k_t': 0.223131902093944, 'k_b': 0.2002700951135143, 'k_u': 0.047947747114418175, 'R': 4.158185684303772, 'm1': 0.19697708321519683, 'm2': 0.1639695031858676, 'l1cg': 0.08318983373242626, 'l1': 0.15124139570410247, 'l2cg': 0.06416270200622456, 'I1z': 0.0005954219133167874, 'I2x': 0.0003494096142343159, 'I2y': 2.6614447483777527e-05, 'I2z': 0.00037106861466160043}, 'init_theta_std_deg': 6.456927068299445, 'init_alpha_std_deg': 7.96821983608488, 'init_theta_dot_std': 0.13764806325234655, 'init_alpha_dot_std': 0.054850970842105495, 'pwm_limit': 149.15873510532552, 'pwm_gain': 0.9975785068879658, 'pwm_bias': 1.0367922801638312, 'pwm_deadzone': 1.8972936377230603, 'pwm_noise_sigma': 0.40842390362850756, 'actuator_tau': 0.0061092009346528624, 'action_delay_steps': 0, 'theta_bias': 0.00252791078988692, 'alpha_bias': -0.00021662691350313502, 'theta_sigma': 0.0017024371311814318, 'alpha_sigma': 0.0020235132554256297, 'theta_dot_sigma': 0.00884935073644005, 'alpha_dot_sigma': 0.0673425827099064, 'encoder_quantization_rad': 0.00028018267978432624, 'velocity_lpf': 0.25, 'process_theta_dot_sigma': 0.0, 'process_alpha_dot_sigma': 0.0}"
3566000,3,randomization_0.30,0.3,"{'level': 0.3, 'physical': {'g': 9.909620600758517, 'c_theta': 0.01958817900757516, 'c_alpha': 0.0018550594418366173, 'k_t': 0.22714477703993108, 'k_b': 0.19750803353461466, 'k_u': 0.05087262783424183, 'R': 4.465623308090877, 'm1': 0.19986251005410816, 'm2': 0.1564375316829559, 'l1cg': 0.07746298920250029, 'l1': 0.1559377122743651, 'l2cg': 0.06715011863031409, 'I1z': 0.0004977049544452445, 'I2x': 0.00034767854761904503, 'I2y': 2.855288534932332e-05, 'I2z': 0.00039374011717293114}, 'init_theta_std_deg': 6.479901406840157, 'init_alpha_std_deg': 9.3745635117638, 'init_theta_dot_std': 0.16070528324310135, 'init_alpha_dot_std': 0.01568707017672738, 'pwm_limit': 144.23145265793744, 'pwm_gain': 0.9928891377332576, 'pwm_bias': -1.0056595655452936, 'pwm_deadzone': 1.7647867058507873, 'pwm_noise_sigma': 0.18706265676143016, 'actuator_tau': 0.006106451501809803, 'action_delay_steps': 0, 'theta_bias': 0.0025907930417583577, 'alpha_bias': -0.0005278058404976772, 'theta_sigma': 0.00046248189061150516, 'alpha_sigma': 0.0024636823783926957, 'theta_dot_sigma': 0.09661027946335038, 'alpha_dot_sigma': 0.122580514550998, 'encoder_quantization_rad': 0.0004473667672813177, 'velocity_lpf': 0.25, 'process_theta_dot_sigma': 0.0, 'process_alpha_dot_sigma': 0.0}"
3568000,3,randomization_0.30,0.3,"{'level': 0.3, 'physical': {'g': 9.776202662894281, 'c_theta': 0.028992515244387985, 'c_alpha': 0.0014944800782409795, 'k_t': 0.23018915845842075, 'k_b': 0.18784156409641528, 'k_u': 0.05056687276294703, 'R': 4.4310621815960864, 'm1': 0.22008520360981493, 'm2': 0.16510305046896326, 'l1cg': 0.08337719974372458, 'l1': 0.15431933664526729, 'l2cg': 0.06208714385273423, 'I1z': 0.000452677691672592, 'I2x': 0.0003580046894953768, 'I2y': 2.1947281322052132e-05, 'I2z': 0.0003877042177777202}, 'init_theta_std_deg': 4.523670436091738, 'init_alpha_std_deg': 10.367227876940879, 'init_theta_dot_std': 0.025739353863354724, 'init_alpha_dot_std': 0.7120958417318836, 'pwm_limit': 143.00135889614924, 'pwm_gain': 1.0250380414748788, 'pwm_bias': -0.41815044502448123, 'pwm_deadzone': 0.5507542833380779, 'pwm_noise_sigma': 0.36890000116691796, 'actuator_tau': 0.006086847945523527, 'action_delay_steps': 0, 'theta_bias': 0.001756420025102354, 'alpha_bias': -0.0012921316641639272, 'theta_sigma': 0.0009358064419365656, 'alpha_sigma': 0.00394326326376035, 'theta_dot_sigma': 0.09367504753056231, 'alpha_dot_sigma': 0.10752181449827206, 'encoder_quantization_rad': 0.00013538756610195646, 'velocity_lpf': 0.25, 'process_theta_dot_sigma': 0.0, 'process_alpha_dot_sigma': 0.0}"
3570000,3,randomization_0.30,0.3,"{'level': 0.3, 'physical': {'g': 9.807836667756613, 'c_theta': 0.020602848550691766, 'c_alpha': 0.0010998822854171042, 'k_t': 0.21858892371242405, 'k_b': 0.19976452977739678, 'k_u': 0.050106849626685226, 'R': 4.447808064833361, 'm1': 0.20551966128078647, 'm2': 0.15486299314883364, 'l1cg': 0.08099616818944186, 'l1': 0.15062858708751398, 'l2cg': 0.06557684306663626, 'I1z': 0.0005301913066074437, 'I2x': 0.00036060525240994744, 'I2y': 2.1639581743795027e-05, 'I2z': 0.00041431326093411386}, 'init_theta_std_deg': 5.482429179029587, 'init_alpha_std_deg': 9.454093837668065, 'init_theta_dot_std': 0.1553075598061483, 'init_alpha_dot_std': 0.45373926947397747, 'pwm_limit': 144.8764807942726, 'pwm_gain': 1.014493077588499, 'pwm_bias': -0.06596752517162442, 'pwm_deadzone': 2.745173154456036, 'pwm_noise_sigma': 0.14032246917049973, 'actuator_tau': 0.008855725245020759, 'action_delay_steps': 0, 'theta_bias': 0.0027876743059987576, 'alpha_bias': -0.0011507526513383833, 'theta_sigma': 0.00024463011515458836, 'alpha_sigma': 0.004610995974269609, 'theta_dot_sigma': 0.10197363919278991, 'alpha_dot_sigma': 0.05617824719710799, 'encoder_quantization_rad': 0.00023020020344415666, 'velocity_lpf': 0.25, 'process_theta_dot_sigma': 0.0, 'process_alpha_dot_sigma': 0.0}"
3572000,3,randomization_0.30,0.3,"{'level': 0.3, 'physical': {'g': 9.75605966248115, 'c_theta': 0.02590832776963325, 'c_alpha': 0.0007832928323245805, 'k_t': 0.2360573513515464, 'k_b': 0.17606081154316044, 'k_u': 0.04835933279967574, 'R': 4.03046611863295, 'm1': 0.1990133194435351, 'm2': 0.16214427637129528, 'l1cg': 0.08004483713257375, 'l1': 0.14860479786467867, 'l2cg': 0.06377394623989688, 'I1z': 0.0005366614391663053, 'I2x': 0.0003848312208090622, 'I2y': 2.0762302971102147e-05, 'I2z': 0.00030825077819699945}, 'init_theta_std_deg': 5.499579083616383, 'init_alpha_std_deg': 8.39752867647687, 'init_theta_dot_std': 0.41889367011389966, 'init_alpha_dot_std': 0.5077185022601093, 'pwm_limit': 142.8523400396973, 'pwm_gain': 1.0279926821631828, 'pwm_bias': -0.34868799855131644, 'pwm_deadzone': 0.49550124872663814, 'pwm_noise_sigma': 0.4868448077336508, 'actuator_tau': 0.004252325372166414, 'action_delay_steps': 0, 'theta_bias': -0.0016328901165701655, 'alpha_bias': -0.0022614063122377496, 'theta_sigma': 0.0016676878369988484, 'alpha_sigma': 0.0037458424345195173, 'theta_dot_sigma': 0.015395270076032669, 'alpha_dot_sigma': 0.1493587418138663, 'encoder_quantization_rad': 6.667329110125633e-05, 'velocity_lpf': 0.25, 'process_theta_dot_sigma': 0.0, 'process_alpha_dot_sigma': 0.0}"
3574000,3,randomization_0.30,0.3,"{'level': 0.3, 'physical': {'g': 9.931394992928988, 'c_theta': 0.024467105003585097, 'c_alpha': 0.001403904105067283, 'k_t': 0.21833832481619656, 'k_b': 0.19393579049085038, 'k_u': 0.04311837085062069, 'R': 4.361423243675024, 'm1': 0.1910859739283935, 'm2': 0.15447557375468784, 'l1cg': 0.07936369962276288, 'l1': 0.15068192875917558, 'l2cg': 0.06587131292276888, 'I1z': 0.0005125368401169396, 'I2x': 0.00037441932407142683, 'I2y': 2.5712547460057082e-05, 'I2z': 0.00044137649319656795}, 'init_theta_std_deg': 4.170813456104901, 'init_alpha_std_deg': 9.638833845687891, 'init_theta_dot_std': 0.42304811727095787, 'init_alpha_dot_std': 0.24560073038188457, 'pwm_limit': 146.84039010583754, 'pwm_gain': 1.0101047209050622, 'pwm_bias': -0.9676687129721663, 'pwm_deadzone': 1.219576815205507, 'pwm_noise_sigma': 0.4874882718075479, 'actuator_tau': 0.0050244405962111315, 'action_delay_steps': 0, 'theta_bias': -0.0025387532477639005, 'alpha_bias': 0.002362480678509367, 'theta_sigma': 0.0006299617563328099, 'alpha_sigma': 0.00023486130515589055, 'theta_dot_sigma': 0.01057394858325003, 'alpha_dot_sigma': 0.1552984197394096, 'encoder_quantization_rad': 0.00022509096906237234, 'velocity_lpf': 0.23647769751018613, 'process_theta_dot_sigma': 0.0, 'process_alpha_dot_sigma': 0.0}"
3576000,3,randomization_0.30,0.3,"{'level': 0.3, 'physical': {'g': 9.771950853734575, 'c_theta': 0.023627353245289615, 'c_alpha': 0.001853344138674658, 'k_t': 0.2286922549398252, 'k_b': 0.20080056719388667, 'k_u': 0.04313152358117425, 'R': 4.415218488500599, 'm1': 0.2048602251952274, 'm2': 0.16263651656881314, 'l1cg': 0.08053772194741388, 'l1': 0.15294897153879838, 'l2cg': 0.07016009631968749, 'I1z': 0.0005255433555683139, 'I2x': 0.0003557523040980883, 'I2y': 2.611884597721498e-05, 'I2z': 0.00031010771342449174}, 'init_theta_std_deg': 5.119036647102925, 'init_alpha_std_deg': 8.874912979845531, 'init_theta_dot_std': 0.008959143592451818, 'init_alpha_dot_std': 0.38380113585440884, 'pwm_limit': 148.31965547664961, 'pwm_gain': 1.0272396440875056, 'pwm_bias': -0.06811841948669972, 'pwm_deadzone': 2.853233427097745, 'pwm_noise_sigma': 0.5639608464319877, 'actuator_tau': 0.006512337770862781, 'action_delay_steps': 0, 'theta_bias': 0.002894356191359656, 'alpha_bias': -0.0025382519323139115, 'theta_sigma': 0.0006262778604428939, 'alpha_sigma': 0.005015668814850337, 'theta_dot_sigma': 0.024419895754547283, 'alpha_dot_sigma': 0.14209406762125865, 'encoder_quantization_rad': 0.00030555674739589226, 'velocity_lpf': 0.25, 'process_theta_dot_sigma': 0.0, 'process_alpha_dot_sigma': 0.0}"
3578000,3,randomization_0.30,0.3,"{'level': 0.3, 'physical': {'g': 9.692380717849543, 'c_theta': 0.04019820893606283, 'c_alpha': 0.0013612067783530116, 'k_t': 0.2242980292222297, 'k_b': 0.19993789893458108, 'k_u': 0.04416382950231441, 'R': 4.44617210193366, 'm1': 0.20499498388953658, 'm2': 0.15358792999922496, 'l1cg': 0.08240941531935153, 'l1': 0.14866562049743065, 'l2cg': 0.06607752679878694, 'I1z': 0.0004946796330027036, 'I2x': 0.00036332742936979486, 'I2y': 2.6804891909543413e-05, 'I2z': 0.00039134991798434515}, 'init_theta_std_deg': 4.889315171338351, 'init_alpha_std_deg': 9.959652148704322, 'init_theta_dot_std': 0.24708950868385895, 'init_alpha_dot_std': 0.16189213438236066, 'pwm_limit': 142.24045068709975, 'pwm_gain': 0.9919085518716524, 'pwm_bias': -1.0960140450712523, 'pwm_deadzone': 2.1548265452539943, 'pwm_noise_sigma': 0.08729060818935826, 'actuator_tau': 0.005926260905323596, 'action_delay_steps': 0, 'theta_bias': 0.0017015210988080272, 'alpha_bias': 0.002517308373745853, 'theta_sigma': 0.000949514857240819, 'alpha_sigma': 0.00456738444498472, 'theta_dot_sigma': 0.06157549249084033, 'alpha_dot_sigma': 0.16698203982352924, 'encoder_quantization_rad': 0.00013515735864832624, 'velocity_lpf': 0.25, 'process_theta_dot_sigma': 0.0, 'process_alpha_dot_sigma': 0.0}"
3580000,3,randomization_0.30,0.3,"{'level': 0.3, 'physical': {'g': 9.705816558206472, 'c_theta': 0.024775173439970575, 'c_alpha': 0.0017554137547340816, 'k_t': 0.2339269891572625, 'k_b': 0.1915746841197386, 'k_u': 0.04954490787008276, 'R': 4.153497643088132, 'm1': 0.19779887339860663, 'm2': 0.15397766074367394, 'l1cg': 0.08006158289483913, 'l1': 0.15230742418818824, 'l2cg': 0.06525925658460975, 'I1z': 0.0005094052596876983, 'I2x': 0.0003891086546033381, 'I2y': 2.323658400752847e-05, 'I2z': 0.0003115203891854084}, 'init_theta_std_deg': 5.562546075655283, 'init_alpha_std_deg': 8.381979151937168, 'init_theta_dot_std': 0.06719035481945754, 'init_alpha_dot_std': 0.39879549114285406, 'pwm_limit': 142.19921645903565, 'pwm_gain': 0.9785615859326217, 'pwm_bias': 0.205050950111945, 'pwm_deadzone': 2.6277599287104283, 'pwm_noise_sigma': 0.5926747290250923, 'actuator_tau': 0.0005756986904286471, 'action_delay_steps': 0, 'theta_bias': -0.0012799548506637847, 'alpha_bias': 0.0013593856793302724, 'theta_sigma': 0.0017198777840485007, 'alpha_sigma': 0.005705199025475295, 'theta_dot_sigma': 0.003871397565309866, 'alpha_dot_sigma': 0.12344340314468472, 'encoder_quantization_rad': 0.00027527008697548013, 'velocity_lpf': 0.2597833146024768, 'process_theta_dot_sigma': 0.0, 'process_alpha_dot_sigma': 0.0}"
3582000,3,randomization_0.30,0.3,"{'level': 0.3, 'physical': {'g': 9.795176609271229, 'c_theta': 0.0371557130178068, 'c_alpha': 0.0008468375907984265, 'k_t': 0.2253873901505918, 'k_b': 0.1822955226030318, 'k_u': 0.05109426756252955, 'R': 4.252873508822974, 'm1': 0.207160177009322, 'm2': 0.15808014029155296, 'l1cg': 0.08114509986791404, 'l1': 0.15515966243873971, 'l2cg': 0.06694060930897555, 'I1z': 0.0004744067005974371, 'I2x': 0.0003870232578158304, 'I2y': 2.7700008523196687e-05, 'I2z': 0.0003152052103624322}, 'init_theta_std_deg': 4.294964315459914, 'init_alpha_std_deg': 8.35108368749741, 'init_theta_dot_std': 0.40641569900436986, 'init_alpha_dot_std': 0.30262989071349766, 'pwm_limit': 150.80489283419664, 'pwm_gain': 0.9745296183301758, 'pwm_bias': 0.29435498233400753, 'pwm_deadzone': 2.7281991664696186, 'pwm_noise_sigma': 0.5732823656177429, 'actuator_tau': 0.004400978610588667, 'action_delay_steps': 0, 'theta_bias': 0.0013136789540585969, 'alpha_bias': -0.00023978971788406075, 'theta_sigma': 0.0008432534816192556, 'alpha_sigma': 0.00364945017467736, 'theta_dot_sigma': 0.08838482080756706, 'alpha_dot_sigma': 0.02915449163816924, 'encoder_quantization_rad': 0.00042470826785220026, 'velocity_lpf': 0.25, 'process_theta_dot_sigma': 0.0, 'process_alpha_dot_sigma': 0.0}"
3584000,3,randomization_0.30,0.3,"{'level': 0.3, 'physical': {'g': 9.720989663768982, 'c_theta': 0.028581877571641975, 'c_alpha': 0.0011907515255391201, 'k_t': 0.22318759323516937, 'k_b': 0.19015251079100615, 'k_u': 0.04892425502681382, 'R': 4.502271733166094, 'm1': 0.21161778029411668, 'm2': 0.15524625501720188, 'l1cg': 0.07924200235029967, 'l1': 0.1530719769267257, 'l2cg': 0.07009422926908924, 'I1z': 0.00045292942063582026, 'I2x': 0.000379482318700434, 'I2y': 2.473110774356343e-05, 'I2z': 0.0003881070462052788}, 'init_theta_std_deg': 6.336654284290869, 'init_alpha_std_deg': 7.973840113115242, 'init_theta_dot_std': 0.330105666055407, 'init_alpha_dot_std': 0.22139168359405395, 'pwm_limit': 147.00968311256472, 'pwm_gain': 1.007528492502769, 'pwm_bias': 1.115751349742974, 'pwm_deadzone': 1.725169609133234, 'pwm_noise_sigma': 0.35956732151891074, 'actuator_tau': 0.0006337378019789649, 'action_delay_steps': 0, 'theta_bias': 0.0011991689260044212, 'alpha_bias': 0.002695923238812253, 'theta_sigma': 0.0005056673908470716, 'alpha_sigma': 0.0024158190413175137, 'theta_dot_sigma': 0.04093824043717077, 'alpha_dot_sigma': 0.005703174253452778, 'encoder_quantization_rad': 3.075769014979602e-05, 'velocity_lpf': 0.2372871925018953, 'process_theta_dot_sigma': 0.0, 'process_alpha_dot_sigma': 0.0}"
3586000,3,randomization_0.30,0.3,"{'level': 0.3, 'physical': {'g': 9.8950876705744, 'c_theta': 0.02064271050243347, 'c_alpha': 0.001316994581669126, 'k_t': 0.2255452182341407, 'k_b': 0.1900546160252585, 'k_u': 0.0445709621524516, 'R': 4.347878130273327, 'm1': 0.19599459797175534, 'm2': 0.1593162881456934, 'l1cg': 0.08060343489225337, 'l1': 0.1496199371843041, 'l2cg': 0.06652888050879895, 'I1z': 0.0005506784071493127, 'I2x': 0.00035072308515157047, 'I2y': 2.6967202941563946e-05, 'I2z': 0.0003626955001408236}, 'init_theta_std_deg': 4.974975454804926, 'init_alpha_std_deg': 7.146850411802124, 'init_theta_dot_std': 0.1805958692180959, 'init_alpha_dot_std': 0.5601141359767029, 'pwm_limit': 146.71704096625987, 'pwm_gain': 0.9938321358605603, 'pwm_bias': -0.29768267466426096, 'pwm_deadzone': 2.7966170588050674, 'pwm_noise_sigma': 0.08844175637571018, 'actuator_tau': 0.00755894014903701, 'action_delay_steps': 0, 'theta_bias': 0.0024017470881223545, 'alpha_bias': -0.0012688639133086627, 'theta_sigma': 0.00016254636672381582, 'alpha_sigma': 0.0015309945240998273, 'theta_dot_sigma': 0.09245154855273191, 'alpha_dot_sigma': 0.0412838064994136, 'encoder_quantization_rad': 0.00023862656564629378, 'velocity_lpf': 0.25, 'process_theta_dot_sigma': 0.0, 'process_alpha_dot_sigma': 0.0}"
3588000,3,randomization_0.30,0.3,"{'level': 0.3, 'physical': {'g': 9.78529524279145, 'c_theta': 0.024017386355190923, 'c_alpha': 0.002012758757636797, 'k_t': 0.23665495076290494, 'k_b': 0.19936809504016428, 'k_u': 0.050354095490148264, 'R': 4.454837276139482, 'm1': 0.20568655136980918, 'm2': 0.15895984287896447, 'l1cg': 0.07964723996856711, 'l1': 0.15405928740427138, 'l2cg': 0.06423650729100142, 'I1z': 0.0004678957644024605, 'I2x': 0.0003769920468257843, 'I2y': 2.1165153517345335e-05, 'I2z': 0.0003102937972722333}, 'init_theta_std_deg': 5.445013126536329, 'init_alpha_std_deg': 6.896854230014196, 'init_theta_dot_std': 0.12006711154547396, 'init_alpha_dot_std': 0.08465651235322852, 'pwm_limit': 144.94851918926008, 'pwm_gain': 1.006616491314097, 'pwm_bias': -1.1062076906308054, 'pwm_deadzone': 1.2020240070797965, 'pwm_noise_sigma': 0.5191294305519631, 'actuator_tau': 0.002636701950927071, 'action_delay_steps': 0, 'theta_bias': -0.0010033033302969596, 'alpha_bias': 0.0013567133507267665, 'theta_sigma': 0.0003375385232693461, 'alpha_sigma': 0.004270563894566662, 'theta_dot_sigma': 0.040268013506686726, 'alpha_dot_sigma': 0.13377849625689917, 'encoder_quantization_rad': 0.0003608512008633956, 'velocity_lpf': 0.25, 'process_theta_dot_sigma': 0.0, 'process_alpha_dot_sigma': 0.0}"
3590000,3,randomization_0.30,0.3,"{'level': 0.3, 'physical': {'g': 9.722302617959897, 'c_theta': 0.02990198213038003, 'c_alpha': 0.001619821303049974, 'k_t': 0.21942842133225787, 'k_b': 0.18595533673149628, 'k_u': 0.044516408339748896, 'R': 4.259684084145648, 'm1': 0.21105152138358976, 'm2': 0.15441131990094212, 'l1cg': 0.08242144254792487, 'l1': 0.154348665018109, 'l2cg': 0.06362084214748367, 'I1z': 0.0005185520619867515, 'I2x': 0.000361599899205321, 'I2y': 2.916074677895053e-05, 'I2z': 0.0003229250627286349}, 'init_theta_std_deg': 4.123242784451406, 'init_alpha_std_deg': 8.039119474010203, 'init_theta_dot_std': 0.02557663340635705, 'init_alpha_dot_std': 0.5965052896460051, 'pwm_limit': 145.56718106978155, 'pwm_gain': 1.0296893132594551, 'pwm_bias': -0.16535821713114868, 'pwm_deadzone': 2.1909859710761603, 'pwm_noise_sigma': 0.4554076444789257, 'actuator_tau': 0.0028901971454456123, 'action_delay_steps': 0, 'theta_bias': -0.0028699825190626246, 'alpha_bias': -0.0004757248206521373, 'theta_sigma': 0.0003725633279073767, 'alpha_sigma': 0.0005830980865398048, 'theta_dot_sigma': 0.02751864752323908, 'alpha_dot_sigma': 0.05970708447194594, 'encoder_quantization_rad': 7.534169583595063e-06, 'velocity_lpf': 0.25, 'process_theta_dot_sigma': 0.0, 'process_alpha_dot_sigma': 0.0}"
3592000,3,randomization_0.30,0.3,"{'level': 0.3, 'physical': {'g': 9.789672446774933, 'c_theta': 0.04262935164169949, 'c_alpha': 0.000809438274995831, 'k_t': 0.23478450817500224, 'k_b': 0.1975916683916168, 'k_u': 0.051075018882736405, 'R': 4.39087957192855, 'm1': 0.19432048497033053, 'm2': 0.15716509406442183, 'l1cg': 0.08363072563821823, 'l1': 0.14799639473618326, 'l2cg': 0.061811939174852226, 'I1z': 0.0005667248923527271, 'I2x': 0.0003739188345528737, 'I2y': 2.819266296534802e-05, 'I2z': 0.00040170642444168123}, 'init_theta_std_deg': 4.759325116704766, 'init_alpha_std_deg': 10.129233852989316, 'init_theta_dot_std': 0.26591680842855486, 'init_alpha_dot_std': 0.013983318105712766, 'pwm_limit': 144.9006278363442, 'pwm_gain': 1.019001582706982, 'pwm_bias': -0.2642848769881788, 'pwm_deadzone': 2.275663802238946, 'pwm_noise_sigma': 0.5115070852786736, 'actuator_tau': 0.003481272475305456, 'action_delay_steps': 0, 'theta_bias': 0.0017479733233182718, 'alpha_bias': 0.001603067997818461, 'theta_sigma': 0.0017144279330023027, 'alpha_sigma': 0.001315190608309412, 'theta_dot_sigma': 0.0030804795825894946, 'alpha_dot_sigma': 0.10898155838747987, 'encoder_quantization_rad': 9.91880009638096e-05, 'velocity_lpf': 0.25, 'process_theta_dot_sigma': 0.0, 'process_alpha_dot_sigma': 0.0}"
3594000,3,randomization_0.30,0.3,"{'level': 0.3, 'physical': {'g': 9.791806094553214, 'c_theta': 0.03572313474159479, 'c_alpha': 0.0014307003808561086, 'k_t': 0.2367854795580439, 'k_b': 0.17388069028348244, 'k_u': 0.04381479716143861, 'R': 4.1379760693695555, 'm1': 0.19085675941022856, 'm2': 0.16208979061462572, 'l1cg': 0.08155860422870986, 'l1': 0.15526888734525823, 'l2cg': 0.06620406400029154, 'I1z': 0.0005147596615003802, 'I2x': 0.00035036665438587585, 'I2y': 2.561699211334293e-05, 'I2z': 0.00037358088297775535}, 'init_theta_std_deg': 6.234893888907934, 'init_alpha_std_deg': 9.363243412382012, 'init_theta_dot_std': 0.11855708451676375, 'init_alpha_dot_std': 0.2601511882601083, 'pwm_limit': 151.4331936662164, 'pwm_gain': 1.0073324753422523, 'pwm_bias': 0.07974216688564013, 'pwm_deadzone': 0.6956325787888273, 'pwm_noise_sigma': 0.29212138432380996, 'actuator_tau': 0.0035678667891695815, 'action_delay_steps': 0, 'theta_bias': 4.1951986163427434e-05, 'alpha_bias': -0.0033164187604952, 'theta_sigma': 0.001054752449716403, 'alpha_sigma': 0.004226284296240345, 'theta_dot_sigma': 0.06311130450465702, 'alpha_dot_sigma': 0.17075252994879728, 'encoder_quantization_rad': 6.223835662202227e-05, 'velocity_lpf': 0.25, 'process_theta_dot_sigma': 0.0, 'process_alpha_dot_sigma': 0.0}"
3596000,3,randomization_0.30,0.3,"{'level': 0.3, 'physical': {'g': 9.765593316347905, 'c_theta': 0.02527932766572981, 'c_alpha': 0.0016794893468050599, 'k_t': 0.2329146712846174, 'k_b': 0.17608098288219176, 'k_u': 0.04720382743991659, 'R': 4.037459202599948, 'm1': 0.2148968036787187, 'm2': 0.16280911722669333, 'l1cg': 0.0818786274600112, 'l1': 0.15533825422690042, 'l2cg': 0.06645595654152806, 'I1z': 0.00043520097766525166, 'I2x': 0.00037133217692996475, 'I2y': 2.1530178654056354e-05, 'I2z': 0.0004375884943170604}, 'init_theta_std_deg': 5.537322009447689, 'init_alpha_std_deg': 9.48974371629275, 'init_theta_dot_std': 0.36841473498220073, 'init_alpha_dot_std': 0.7235834517060274, 'pwm_limit': 141.08670130461823, 'pwm_gain': 1.0020965583395003, 'pwm_bias': 1.0068030475807148, 'pwm_deadzone': 0.681223937236772, 'pwm_noise_sigma': 0.46740012976970613, 'actuator_tau': 0.0024394621321556552, 'action_delay_steps': 0, 'theta_bias': 0.0016297727830353263, 'alpha_bias': -0.0006324920995370391, 'theta_sigma': 0.0012703730209735373, 'alpha_sigma': 0.0041929875271268105, 'theta_dot_sigma': 0.037312778404820564, 'alpha_dot_sigma': 0.020473022406151665, 'encoder_quantization_rad': 0.0003215102813852998, 'velocity_lpf': 0.2545518139982833, 'process_theta_dot_sigma': 0.0, 'process_alpha_dot_sigma': 0.0}"
3598000,3,randomization_0.30,0.3,"{'level': 0.3, 'physical': {'g': 9.678408253508458, 'c_theta': 0.02333576706715362, 'c_alpha': 0.001615825733512784, 'k_t': 0.21473272490637874, 'k_b': 0.17752679766076246, 'k_u': 0.04411431123309479, 'R': 4.081947618658775, 'm1': 0.2100762961443306, 'm2': 0.1533018755783353, 'l1cg': 0.07846149928736863, 'l1': 0.15363293599708952, 'l2cg': 0.06659897506631085, 'I1z': 0.0004752899394642579, 'I2x': 0.0003826298994103403, 'I2y': 2.4337629620373312e-05, 'I2z': 0.000366843704018318}, 'init_theta_std_deg': 4.220069759808722, 'init_alpha_std_deg': 8.217969291796873, 'init_theta_dot_std': 0.36732032286070865, 'init_alpha_dot_std': 0.010301359110680947, 'pwm_limit': 148.1741527912302, 'pwm_gain': 0.9883400350176049, 'pwm_bias': 0.2542186800145946, 'pwm_deadzone': 1.218554452210252, 'pwm_noise_sigma': 0.19390893883900248, 'actuator_tau': 0.0029818609561570097, 'action_delay_steps': 0, 'theta_bias': -0.0020863805045457443, 'alpha_bias': -0.0022146318990809008, 'theta_sigma': 9.601893875180063e-05, 'alpha_sigma': 0.004408192394961688, 'theta_dot_sigma': 0.10341197402747732, 'alpha_dot_sigma': 0.06210910231033358, 'encoder_quantization_rad': 0.00021058983327266957, 'velocity_lpf': 0.25, 'process_theta_dot_sigma': 0.0, 'process_alpha_dot_sigma': 0.0}"
3600000,3,randomization_0.30,0.3,"{'level': 0.3, 'physical': {'g': 9.722467018007654, 'c_theta': 0.036175305325703004, 'c_alpha': 0.0015924356063084, 'k_t': 0.2214155534791566, 'k_b': 0.19999781789912374, 'k_u': 0.05065106217055341, 'R': 4.353164123856375, 'm1': 0.19766394702922097, 'm2': 0.16268584597820268, 'l1cg': 0.07789309526570518, 'l1': 0.15048441267954996, 'l2cg': 0.07024584640126572, 'I1z': 0.0005106312728040285, 'I2x': 0.0003802317941110824, 'I2y': 2.1237301440913504e-05, 'I2z': 0.0003271644088068315}, 'init_theta_std_deg': 4.308076777191247, 'init_alpha_std_deg': 8.98430696750137, 'init_theta_dot_std': 0.20232382276800034, 'init_alpha_dot_std': 0.47887819166104634, 'pwm_limit': 146.32738814266708, 'pwm_gain': 1.0281338955710106, 'pwm_bias': 1.1419559153989942, 'pwm_deadzone': 2.4027150726316946, 'pwm_noise_sigma': 0.22454356419729382, 'actuator_tau': 0.006575119990782862, 'action_delay_steps': 0, 'theta_bias': 0.001719849180737505, 'alpha_bias': 0.0033535448522883783, 'theta_sigma': 0.0015559531466716886, 'alpha_sigma': 0.0012819339431675294, 'theta_dot_sigma': 0.002847755899580327, 'alpha_dot_sigma': 0.15612139808876407, 'encoder_quantization_rad': 0.00031641765676154943, 'velocity_lpf': 0.25, 'process_theta_dot_sigma': 0.0, 'process_alpha_dot_sigma': 0.0}"
3602000,3,randomization_0.30,0.3,"{'level': 0.3, 'physical': {'g': 9.685760417277642, 'c_theta': 0.02071351789086736, 'c_alpha': 0.0009178016936794202, 'k_t': 0.23775684085385457, 'k_b': 0.1899032347701083, 'k_u': 0.04296052053511317, 'R': 4.297336708476306, 'm1': 0.20312567324996705, 'm2': 0.16043704758213662, 'l1cg': 0.07721253830697737, 'l1': 0.1560304583290916, 'l2cg': 0.06348652550074282, 'I1z': 0.0004628528028279943, 'I2x': 0.0003780648558026564, 'I2y': 2.3466679124365456e-05, 'I2z': 0.00041120774341176}, 'init_theta_std_deg': 5.701866781148393, 'init_alpha_std_deg': 9.684182157462674, 'init_theta_dot_std': 0.31663679441837256, 'init_alpha_dot_std': 0.5691693128393617, 'pwm_limit': 151.0002823687036, 'pwm_gain': 0.9708807707717704, 'pwm_bias': -0.20036571443333964, 'pwm_deadzone': 2.363459263045372, 'pwm_noise_sigma': 0.13659892756768652, 'actuator_tau': 0.005607386645140112, 'action_delay_steps': 0, 'theta_bias': 0.0009650485038073775, 'alpha_bias': -0.0007393140417141841, 'theta_sigma': 0.0008014541719202655, 'alpha_sigma': 0.004714062675880223, 'theta_dot_sigma': 0.10195696600383904, 'alpha_dot_sigma': 0.013730276840350204, 'encoder_quantization_rad': 0.0002303681965050669, 'velocity_lpf': 0.25, 'process_theta_dot_sigma': 0.0, 'process_alpha_dot_sigma': 0.0}"
3604000,3,randomization_0.30,0.3,"{'level': 0.3, 'physical': {'g': 9.770076168498298, 'c_theta': 0.041293009121030455, 'c_alpha': 0.0020086958158980392, 'k_t': 0.24699120465224533, 'k_b': 0.18218977511249235, 'k_u': 0.0434065145080458, 'R': 4.508331229623748, 'm1': 0.22024757644966844, 'm2': 0.15348596869748635, 'l1cg': 0.08074740465579779, 'l1': 0.15594440268894372, 'l2cg': 0.07104437513585746, 'I1z': 0.0004343506659157938, 'I2x': 0.000385475804340693, 'I2y': 2.4052941028538163e-05, 'I2z': 0.0004201130833148376}, 'init_theta_std_deg': 5.017809791031177, 'init_alpha_std_deg': 8.036738359374292, 'init_theta_dot_std': 0.12495305893471995, 'init_alpha_dot_std': 0.1969047168699823, 'pwm_limit': 141.97899473886628, 'pwm_gain': 1.0185333963349892, 'pwm_bias': -0.36040762420129563, 'pwm_deadzone': 1.5189387576208242, 'pwm_noise_sigma': 0.19948748608426561, 'actuator_tau': 0.0052116864284804405, 'action_delay_steps': 0, 'theta_bias': -0.0007702048756458236, 'alpha_bias': 0.003063551898104211, 'theta_sigma': 0.000290650610374689, 'alpha_sigma': 0.0031423455656661367, 'theta_dot_sigma': 0.06926455592748854, 'alpha_dot_sigma': 0.011261125836205328, 'encoder_quantization_rad': 0.00041662042174386746, 'velocity_lpf': 0.25, 'process_theta_dot_sigma': 0.0, 'process_alpha_dot_sigma': 0.0}"
3606000,3,randomization_0.30,0.3,"{'level': 0.3, 'physical': {'g': 9.841964273126772, 'c_theta': 0.025015959211038455, 'c_alpha': 0.0015095307040451115, 'k_t': 0.22599026870088226, 'k_b': 0.194200017211798, 'k_u': 0.05010624409174632, 'R': 4.343319382178246, 'm1': 0.20813132872037518, 'm2': 0.15891187812010174, 'l1cg': 0.07873510240671171, 'l1': 0.15114903707874217, 'l2cg': 0.07037427614921225, 'I1z': 0.0005644825115077652, 'I2x': 0.0003712733387830136, 'I2y': 2.07715061604235e-05, 'I2z': 0.00038306920736836373}, 'init_theta_std_deg': 4.193398731074234, 'init_alpha_std_deg': 8.284708916047691, 'init_theta_dot_std': 0.43147936744197646, 'init_alpha_dot_std': 0.1093984775115791, 'pwm_limit': 150.53239667343115, 'pwm_gain': 1.0170110773313774, 'pwm_bias': 0.6309247100633533, 'pwm_deadzone': 0.11756222242796477, 'pwm_noise_sigma': 0.3079667886969124, 'actuator_tau': 0.008874167080656822, 'action_delay_steps': 0, 'theta_bias': -0.0014181779176289373, 'alpha_bias': 0.0028258347138785046, 'theta_sigma': 0.0003456280594733505, 'alpha_sigma': 0.0010202203765518848, 'theta_dot_sigma': 0.10496099239383602, 'alpha_dot_sigma': 0.1442875037882379, 'encoder_quantization_rad': 0.00024010147277592306, 'velocity_lpf': 0.25, 'process_theta_dot_sigma': 0.0, 'process_alpha_dot_sigma': 0.0}"
3608000,3,randomization_0.30,0.3,"{'level': 0.3, 'physical': {'g': 9.837773222442975, 'c_theta': 0.0388931842766362, 'c_alpha': 0.001400600573699106, 'k_t': 0.2281802740816665, 'k_b': 0.18131384511932555, 'k_u': 0.04712792368098387, 'R': 4.4327748405076095, 'm1': 0.19193282192467662, 'm2': 0.16461397746127557, 'l1cg': 0.08291313050673882, 'l1': 0.14882598364172642, 'l2cg': 0.06630416985148074, 'I1z': 0.00043254370322710987, 'I2x': 0.00034891454071290455, 'I2y': 2.286843499744762e-05, 'I2z': 0.00040973611082055527}, 'init_theta_std_deg': 5.466223723785682, 'init_alpha_std_deg': 9.118495092804144, 'init_theta_dot_std': 0.2538137667399937, 'init_alpha_dot_std': 0.2374006100926708, 'pwm_limit': 143.39511183175264, 'pwm_gain': 0.9995675015562359, 'pwm_bias': 0.9802289530438751, 'pwm_deadzone': 2.5947352444936405, 'pwm_noise_sigma': 0.46595986039413334, 'actuator_tau': 0.000982029360363229, 'action_delay_steps': 0, 'theta_bias': -0.0007751710006647774, 'alpha_bias': -0.000808254459161572, 'theta_sigma': 0.0016103790964539348, 'alpha_sigma': 0.0032373125653148856, 'theta_dot_sigma': 0.09725502352783509, 'alpha_dot_sigma': 0.032434538306896826, 'encoder_quantization_rad': 0.0002653458277295951, 'velocity_lpf': 0.2458817032436027, 'process_theta_dot_sigma': 0.0, 'process_alpha_dot_sigma': 0.0}"
3610000,3,randomization_0.30,0.3,"{'level': 0.3, 'physical': {'g': 9.842470482249318, 'c_theta': 0.035381854305011, 'c_alpha': 0.0008722665454058628, 'k_t': 0.22486895832309467, 'k_b': 0.19832257167828585, 'k_u': 0.046136406222242056, 'R': 4.073039385413445, 'm1': 0.20806400712952774, 'm2': 0.15827018950830243, 'l1cg': 0.07860306114933549, 'l1': 0.15630061255749472, 'l2cg': 0.06222243165164702, 'I1z': 0.0004974245908231552, 'I2x': 0.0003726091843835991, 'I2y': 2.7231196188287757e-05, 'I2z': 0.00037763644881714137}, 'init_theta_std_deg': 5.424939247749173, 'init_alpha_std_deg': 8.77033674501958, 'init_theta_dot_std': 0.3641215597842915, 'init_alpha_dot_std': 0.4157687688603201, 'pwm_limit': 149.73922388736446, 'pwm_gain': 0.9931903066936595, 'pwm_bias': 0.5431730122492958, 'pwm_deadzone': 0.716536814322701, 'pwm_noise_sigma': 0.5451959398866861, 'actuator_tau': 0.0038918182590636373, 'action_delay_steps': 0, 'theta_bias': 0.00047780099731326465, 'alpha_bias': 0.0028651309785533235, 'theta_sigma': 0.0008520781910388721, 'alpha_sigma': 0.0005226005482744922, 'theta_dot_sigma': 0.0037370168197156666, 'alpha_dot_sigma': 0.02963425452520928, 'encoder_quantization_rad': 0.00038038841183340847, 'velocity_lpf': 0.25, 'process_theta_dot_sigma': 0.0, 'process_alpha_dot_sigma': 0.0}"
3612000,3,randomization_0.30,0.3,"{'level': 0.3, 'physical': {'g': 9.804332794338247, 'c_theta': 0.03513254593866537, 'c_alpha': 0.0009912371638409615, 'k_t': 0.24545951294997428, 'k_b': 0.20040733826869006, 'k_u': 0.047972393122468406, 'R': 4.070601632838754, 'm1': 0.21257105086957553, 'm2': 0.16308910030203763, 'l1cg': 0.08309433826836553, 'l1': 0.15002365110317645, 'l2cg': 0.06478835695103058, 'I1z': 0.0005638123783802653, 'I2x': 0.0003753575502730351, 'I2y': 2.894255654968842e-05, 'I2z': 0.00037460474295935133}, 'init_theta_std_deg': 5.477657971365761, 'init_alpha_std_deg': 7.45613585737789, 'init_theta_dot_std': 0.22552544718538156, 'init_alpha_dot_std': 0.48450558673696575, 'pwm_limit': 152.03208638116737, 'pwm_gain': 0.9961571562720957, 'pwm_bias': -0.408951050128572, 'pwm_deadzone': 1.2858681201375521, 'pwm_noise_sigma': 0.27630841644665394, 'actuator_tau': 0.006036875877022218, 'action_delay_steps': 0, 'theta_bias': -0.002106083201544441, 'alpha_bias': 0.0006019838428417533, 'theta_sigma': 0.0007240831852133599, 'alpha_sigma': 0.0005605324757206962, 'theta_dot_sigma': 0.08148507572807831, 'alpha_dot_sigma': 0.07753698968677267, 'encoder_quantization_rad': 0.00012840261694667735, 'velocity_lpf': 0.2537809976812781, 'process_theta_dot_sigma': 0.0, 'process_alpha_dot_sigma': 0.0}"
3614000,3,randomization_0.30,0.3,"{'level': 0.3, 'physical': {'g': 9.806846926400635, 'c_theta': 0.032466220692515466, 'c_alpha': 0.0015868690222830717, 'k_t': 0.24489427198752756, 'k_b': 0.1843719785451539, 'k_u': 0.05056122291144844, 'R': 4.335489458162332, 'm1': 0.19820781320913433, 'm2': 0.16280148723550472, 'l1cg': 0.07997659940443927, 'l1': 0.1530101519607508, 'l2cg': 0.06585146338723441, 'I1z': 0.0005572846417782187, 'I2x': 0.00036321850952647175, 'I2y': 2.185236192733552e-05, 'I2z': 0.0004277923847578547}, 'init_theta_std_deg': 6.444844816715031, 'init_alpha_std_deg': 8.24730380496136, 'init_theta_dot_std': 0.2231567996626325, 'init_alpha_dot_std': 0.7125210458475034, 'pwm_limit': 143.81652586619106, 'pwm_gain': 1.0221986506993472, 'pwm_bias': -0.2890896795823861, 'pwm_deadzone': 1.3438907697199798, 'pwm_noise_sigma': 0.07209594748431629, 'actuator_tau': 0.0035337876698444603, 'action_delay_steps': 0, 'theta_bias': -0.0016323168437702281, 'alpha_bias': 0.0031670038799254977, 'theta_sigma': 0.0007806164502392985, 'alpha_sigma': 0.0014778384889402507, 'theta_dot_sigma': 0.10496194172743031, 'alpha_dot_sigma': 0.1395369756337771, 'encoder_quantization_rad': 0.00024114341008471936, 'velocity_lpf': 0.25, 'process_theta_dot_sigma': 0.0, 'process_alpha_dot_sigma': 0.0}"
3616000,3,randomization_0.30,0.3,"{'level': 0.3, 'physical': {'g': 9.75655353884922, 'c_theta': 0.023279493801037048, 'c_alpha': 0.0016557851492901012, 'k_t': 0.24388649863861386, 'k_b': 0.18173282091672743, 'k_u': 0.04353447057257804, 'R': 4.332747742960161, 'm1': 0.21584173137811752, 'm2': 0.16359450106807294, 'l1cg': 0.08382751319638139, 'l1': 0.1559629446711833, 'l2cg': 0.06545420665118175, 'I1z': 0.0005392651554335905, 'I2x': 0.00036287829349692394, 'I2y': 2.2755057942811812e-05, 'I2z': 0.0003175621656512609}, 'init_theta_std_deg': 5.519222107263896, 'init_alpha_std_deg': 7.550493885494649, 'init_theta_dot_std': 0.2654774638698938, 'init_alpha_dot_std': 0.4937441471706434, 'pwm_limit': 150.35374051852781, 'pwm_gain': 1.0207999277838284, 'pwm_bias': -1.1058598367842467, 'pwm_deadzone': 2.141546208342386, 'pwm_noise_sigma': 0.49981015113316146, 'actuator_tau': 0.0013423680469772117, 'action_delay_steps': 0, 'theta_bias': 0.002117305439736482, 'alpha_bias': 0.0017349074497874032, 'theta_sigma': 0.0014744519480905376, 'alpha_sigma': 0.001091723602574095, 'theta_dot_sigma': 0.04790358469454209, 'alpha_dot_sigma': 0.13917659963285556, 'encoder_quantization_rad': 1.6645121971120684e-05, 'velocity_lpf': 0.25, 'process_theta_dot_sigma': 0.0, 'process_alpha_dot_sigma': 0.0}"
3618000,3,randomization_0.30,0.3,"{'level': 0.3, 'physical': {'g': 9.732391800410975, 'c_theta': 0.021076975302336837, 'c_alpha': 0.001653699591611406, 'k_t': 0.22464369605607026, 'k_b': 0.17804867275266043, 'k_u': 0.0466276328828689, 'R': 4.132925769590136, 'm1': 0.20281247610568715, 'm2': 0.16400663963550333, 'l1cg': 0.08325807170812985, 'l1': 0.15367621210917984, 'l2cg': 0.06656863010239322, 'I1z': 0.0005408155464732104, 'I2x': 0.0003569717801264893, 'I2y': 2.7529035773908236e-05, 'I2z': 0.00043081600753849814}, 'init_theta_std_deg': 5.097992106269716, 'init_alpha_std_deg': 8.410997087305736, 'init_theta_dot_std': 0.43608639243680686, 'init_alpha_dot_std': 0.30742317448366757, 'pwm_limit': 150.63278443012302, 'pwm_gain': 0.9779100806318888, 'pwm_bias': -1.0522977474415727, 'pwm_deadzone': 0.5736632108792636, 'pwm_noise_sigma': 0.250662095874303, 'actuator_tau': 0.0016119647688170198, 'action_delay_steps': 0, 'theta_bias': -0.0002608642493439197, 'alpha_bias': 0.0012453871228328927, 'theta_sigma': 0.00023887218504924147, 'alpha_sigma': 0.0014415548355549406, 'theta_dot_sigma': 0.05620907298661775, 'alpha_dot_sigma': 0.16890473887533447, 'encoder_quantization_rad': 5.9920253605658584e-05, 'velocity_lpf': 0.25, 'process_theta_dot_sigma': 0.0, 'process_alpha_dot_sigma': 0.0}"
3620000,3,randomization_0.30,0.3,"{'level': 0.3, 'physical': {'g': 9.842154288807931, 'c_theta': 0.02782606494555689, 'c_alpha': 0.0008761832706866026, 'k_t': 0.23060075258214952, 'k_b': 0.19765779704926134, 'k_u': 0.04553663824664557, 'R': 4.578755435539954, 'm1': 0.1981085797574391, 'm2': 0.1557846013958599, 'l1cg': 0.08040231660835188, 'l1': 0.15520645026094082, 'l2cg': 0.0637625206647943, 'I1z': 0.0005027583809733586, 'I2x': 0.00034828753858681487, 'I2y': 2.7451331932654515e-05, 'I2z': 0.00042649357793662755}, 'init_theta_std_deg': 5.954112468426103, 'init_alpha_std_deg': 7.13657231784272, 'init_theta_dot_std': 0.24631609425982876, 'init_alpha_dot_std': 0.559361234041171, 'pwm_limit': 149.89101146611054, 'pwm_gain': 0.9936694664662401, 'pwm_bias': -0.05297401740278387, 'pwm_deadzone': 1.531953360898616, 'pwm_noise_sigma': 0.24561313394310647, 'actuator_tau': 0.001793164152326771, 'action_delay_steps': 0, 'theta_bias': -0.0025381460020477012, 'alpha_bias': 0.0007829830031611573, 'theta_sigma': 0.0003975669431522423, 'alpha_sigma': 0.0014813666862677412, 'theta_dot_sigma': 0.08305902535601059, 'alpha_dot_sigma': 0.01722633515506474, 'encoder_quantization_rad': 6.038902919430086e-05, 'velocity_lpf': 0.25, 'process_theta_dot_sigma': 0.0, 'process_alpha_dot_sigma': 0.0}"
3622000,3,randomization_0.30,0.3,"{'level': 0.3, 'physical': {'g': 9.883060721883218, 'c_theta': 0.04283659661860513, 'c_alpha': 0.0013645252292433152, 'k_t': 0.2320900267067415, 'k_b': 0.1873084970051931, 'k_u': 0.04632461549202323, 'R': 4.234177265793016, 'm1': 0.21716986243882422, 'm2': 0.15524613494741873, 'l1cg': 0.07738716416492557, 'l1': 0.14765216509146778, 'l2cg': 0.06431116538538749, 'I1z': 0.0005907270636262565, 'I2x': 0.00037820054465811167, 'I2y': 2.7985628094817785e-05, 'I2z': 0.0004150404007147632}, 'init_theta_std_deg': 6.074256690686197, 'init_alpha_std_deg': 9.393686886550512, 'init_theta_dot_std': 0.20653503620081753, 'init_alpha_dot_std': 0.33587312509411793, 'pwm_limit': 142.71088238567125, 'pwm_gain': 1.0117515124333467, 'pwm_bias': -1.1209292081616198, 'pwm_deadzone': 1.6324091410223653, 'pwm_noise_sigma': 0.26364489287484383, 'actuator_tau': 0.008670242771172128, 'action_delay_steps': 0, 'theta_bias': 0.00217973592663623, 'alpha_bias': -0.0026996726724345947, 'theta_sigma': 0.0017807834724875397, 'alpha_sigma': 0.0024005121712633425, 'theta_dot_sigma': 0.055105939166817795, 'alpha_dot_sigma': 0.1286172218002617, 'encoder_quantization_rad': 0.00012971087552249768, 'velocity_lpf': 0.25, 'process_theta_dot_sigma': 0.0, 'process_alpha_dot_sigma': 0.0}"
3624000,3,randomization_0.30,0.3,"{'level': 0.3, 'physical': {'g': 9.737205440247381, 'c_theta': 0.04228388733284391, 'c_alpha': 0.0018829851273706641, 'k_t': 0.21548981320987293, 'k_b': 0.1972877859534898, 'k_u': 0.0480725115062503, 'R': 4.077949573822923, 'm1': 0.2035792249931714, 'm2': 0.15187109070086685, 'l1cg': 0.08316154902860996, 'l1': 0.14756929040363828, 'l2cg': 0.07087693685273594, 'I1z': 0.0005834172887087831, 'I2x': 0.0003814031731442261, 'I2y': 2.5323630500615467e-05, 'I2z': 0.00036572498519927833}, 'init_theta_std_deg': 4.572619128757174, 'init_alpha_std_deg': 8.423646088165675, 'init_theta_dot_std': 0.21939303755665432, 'init_alpha_dot_std': 0.01882295867463485, 'pwm_limit': 142.41363439447787, 'pwm_gain': 1.0088693351272293, 'pwm_bias': 0.864982460074519, 'pwm_deadzone': 2.0014297150578666, 'pwm_noise_sigma': 0.1962729712607009, 'actuator_tau': 0.007489775751317057, 'action_delay_steps': 0, 'theta_bias': -4.358055641391534e-05, 'alpha_bias': -7.727604673648374e-05, 'theta_sigma': 0.0008841719238972163, 'alpha_sigma': 0.0033764054088419454, 'theta_dot_sigma': 0.07742741096487224, 'alpha_dot_sigma': 0.1452157360145198, 'encoder_quantization_rad': 0.000405937365751914, 'velocity_lpf': 0.25, 'process_theta_dot_sigma': 0.0, 'process_alpha_dot_sigma': 0.0}"
3626000,3,randomization_0.30,0.3,"{'level': 0.3, 'physical': {'g': 9.724664468451882, 'c_theta': 0.040290067847392835, 'c_alpha': 0.0010442935140040784, 'k_t': 0.22095613350279683, 'k_b': 0.1933002122982888, 'k_u': 0.043188755719433834, 'R': 4.330101729438525, 'm1': 0.19883860469611198, 'm2': 0.16124374152426157, 'l1cg': 0.0794579060555127, 'l1': 0.1551171667741901, 'l2cg': 0.07060937225804986, 'I1z': 0.00046759103393469723, 'I2x': 0.00034871896387512433, 'I2y': 2.7143596295433336e-05, 'I2z': 0.00041533799286763695}, 'init_theta_std_deg': 5.267116636030826, 'init_alpha_std_deg': 7.6792983138008175, 'init_theta_dot_std': 0.09606176953476947, 'init_alpha_dot_std': 0.7096837087932762, 'pwm_limit': 150.86572529919525, 'pwm_gain': 0.9784445725184588, 'pwm_bias': -0.9774087074436733, 'pwm_deadzone': 1.603022126948963, 'pwm_noise_sigma': 0.5776177663958962, 'actuator_tau': 0.002787017643523271, 'action_delay_steps': 0, 'theta_bias': -0.0005112621334248774, 'alpha_bias': -0.003168904670032766, 'theta_sigma': 0.000357447387443345, 'alpha_sigma': 0.00502012311778533, 'theta_dot_sigma': 0.05981987351646959, 'alpha_dot_sigma': 0.13144098964164128, 'encoder_quantization_rad': 0.0001572553228298246, 'velocity_lpf': 0.25, 'process_theta_dot_sigma': 0.0, 'process_alpha_dot_sigma': 0.0}"
3628000,3,randomization_0.30,0.3,"{'level': 0.3, 'physical': {'g': 9.895926916300533, 'c_theta': 0.035673445644542084, 'c_alpha': 0.0009820050090901436, 'k_t': 0.24631056703354726, 'k_b': 0.18467733575505918, 'k_u': 0.049528844761045694, 'R': 4.039489078256428, 'm1': 0.21863249719193784, 'm2': 0.15322369829336105, 'l1cg': 0.07679710579697664, 'l1': 0.14813986485786254, 'l2cg': 0.0663103101018979, 'I1z': 0.0005614009701926818, 'I2x': 0.0003771322585480397, 'I2y': 2.688593070819969e-05, 'I2z': 0.00040591326568738685}, 'init_theta_std_deg': 4.664676263810459, 'init_alpha_std_deg': 7.663640563369837, 'init_theta_dot_std': 0.22575761722667087, 'init_alpha_dot_std': 0.04954874192435704, 'pwm_limit': 146.20276309688316, 'pwm_gain': 0.9789957325051329, 'pwm_bias': 0.22364668718026862, 'pwm_deadzone': 2.9919242737702696, 'pwm_noise_sigma': 0.1607730083546322, 'actuator_tau': 0.007344958753802466, 'action_delay_steps': 0, 'theta_bias': -0.0010463519668815447, 'alpha_bias': -0.0035747413902174883, 'theta_sigma': 0.0003294787735953881, 'alpha_sigma': 0.0008045125505442252, 'theta_dot_sigma': 0.01517115812914577, 'alpha_dot_sigma': 0.08615543124101602, 'encoder_quantization_rad': 8.382717439281534e-05, 'velocity_lpf': 0.24857128696167533, 'process_theta_dot_sigma': 0.0, 'process_alpha_dot_sigma': 0.0}"
3630000,3,randomization_0.30,0.3,"{'level': 0.3, 'physical': {'g': 9.930817489759333, 'c_theta': 0.028177511159657456, 'c_alpha': 0.0020047413416770764, 'k_t': 0.24015133068657005, 'k_b': 0.17957909139048175, 'k_u': 0.04863920488469281, 'R': 4.406455713964521, 'm1': 0.20610261717014344, 'm2': 0.15186328208672292, 'l1cg': 0.07696657925297139, 'l1': 0.15606120556492042, 'l2cg': 0.0666768178439053, 'I1z': 0.0004609582188003807, 'I2x': 0.00037089354640269627, 'I2y': 2.9200655920255906e-05, 'I2z': 0.00040689604820881987}, 'init_theta_std_deg': 4.886593352851532, 'init_alpha_std_deg': 7.358988799021734, 'init_theta_dot_std': 0.0033704999069466336, 'init_alpha_dot_std': 0.5358577934944531, 'pwm_limit': 147.16834858932145, 'pwm_gain': 1.0185911465052642, 'pwm_bias': 0.8684443847405999, 'pwm_deadzone': 2.4653845371533842, 'pwm_noise_sigma': 0.5981296026777384, 'actuator_tau': 0.008831753233932165, 'action_delay_steps': 0, 'theta_bias': -0.0012362569252458316, 'alpha_bias': -0.0021930914665780205, 'theta_sigma': 0.0015475192206272418, 'alpha_sigma': 0.005955318048341234, 'theta_dot_sigma': 0.030047091105939224, 'alpha_dot_sigma': 0.08709461910564807, 'encoder_quantization_rad': 0.0001702215653104166, 'velocity_lpf': 0.25, 'process_theta_dot_sigma': 0.0, 'process_alpha_dot_sigma': 0.0}"
3632000,3,randomization_0.30,0.3,"{'level': 0.3, 'physical': {'g': 9.783217559059041, 'c_theta': 0.02293648064587445, 'c_alpha': 0.001255658882120842, 'k_t': 0.23111859422703726, 'k_b': 0.19976718050746808, 'k_u': 0.0450623697812477, 'R': 4.258847481919573, 'm1': 0.20350086842627038, 'm2': 0.16366699576776172, 'l1cg': 0.08331932705972885, 'l1': 0.14775817295851948, 'l2cg': 0.06529336840522278, 'I1z': 0.0005614654674940152, 'I2x': 0.0003492947509542099, 'I2y': 2.8554519526620994e-05, 'I2z': 0.0004210588114466018}, 'init_theta_std_deg': 4.88669032641897, 'init_alpha_std_deg': 8.163863219695724, 'init_theta_dot_std': 0.23465314715053884, 'init_alpha_dot_std': 0.2438108505127558, 'pwm_limit': 143.9741995160191, 'pwm_gain': 0.98734839085781, 'pwm_bias': 0.9207200882708283, 'pwm_deadzone': 2.6696306031199937, 'pwm_noise_sigma': 0.06999574692478767, 'actuator_tau': 0.004799781321007004, 'action_delay_steps': 0, 'theta_bias': -0.0012142071497058982, 'alpha_bias': 0.0004361099634950507, 'theta_sigma': 0.001796787493353582, 'alpha_sigma': 0.0012123931803029579, 'theta_dot_sigma': 0.0015585961785036027, 'alpha_dot_sigma': 0.15973607577570614, 'encoder_quantization_rad': 0.00021445648142712892, 'velocity_lpf': 0.25, 'process_theta_dot_sigma': 0.0, 'process_alpha_dot_sigma': 0.0}"
3634000,3,randomization_0.30,0.3,"{'level': 0.3, 'physical': {'g': 9.758170832377239, 'c_theta': 0.03632667161977806, 'c_alpha': 0.0013283187910529276, 'k_t': 0.23232775737456365, 'k_b': 0.18053359784516865, 'k_u': 0.04582912417829857, 'R': 4.483416188967991, 'm1': 0.22115832025197535, 'm2': 0.1614073659649672, 'l1cg': 0.08022278440547408, 'l1': 0.15514109607129214, 'l2cg': 0.061765593464181215, 'I1z': 0.0005909893605075285, 'I2x': 0.0003688394538055981, 'I2y': 2.8629048105169133e-05, 'I2z': 0.0003476154379153677}, 'init_theta_std_deg': 6.033626560861864, 'init_alpha_std_deg': 9.238277383417998, 'init_theta_dot_std': 0.2502553666730706, 'init_alpha_dot_std': 0.5462743794330038, 'pwm_limit': 145.42449193049015, 'pwm_gain': 0.9751043582896947, 'pwm_bias': 1.0002623782661688, 'pwm_deadzone': 1.3477107907597996, 'pwm_noise_sigma': 0.42566449416921276, 'actuator_tau': 0.008831092344437044, 'action_delay_steps': 0, 'theta_bias': -0.0008033100170827767, 'alpha_bias': -0.0005221485248729661, 'theta_sigma': 0.001739328599879852, 'alpha_sigma': 0.004789821921758519, 'theta_dot_sigma': 0.09759385773169946, 'alpha_dot_sigma': 0.01954686164450504, 'encoder_quantization_rad': 0.0002840860754477811, 'velocity_lpf': 0.25, 'process_theta_dot_sigma': 0.0, 'process_alpha_dot_sigma': 0.0}"
3636000,3,randomization_0.30,0.3,"{'level': 0.3, 'physical': {'g': 9.926532184270705, 'c_theta': 0.034181824548684465, 'c_alpha': 0.0014491117200843956, 'k_t': 0.2251133512341261, 'k_b': 0.18106064985723014, 'k_u': 0.046515491427611126, 'R': 4.380079333791038, 'm1': 0.21492076182349037, 'm2': 0.15729557335343106, 'l1cg': 0.08360602497392046, 'l1': 0.14807348369783113, 'l2cg': 0.06567689652242549, 'I1z': 0.0004652442220201079, 'I2x': 0.0003602119315016769, 'I2y': 2.850044153131109e-05, 'I2z': 0.00042035499331252333}, 'init_theta_std_deg': 4.305249818403031, 'init_alpha_std_deg': 7.843203294304049, 'init_theta_dot_std': 0.10168423734118119, 'init_alpha_dot_std': 0.2560368170590269, 'pwm_limit': 146.39890190646136, 'pwm_gain': 1.0151845811644438, 'pwm_bias': -0.1209294436995834, 'pwm_deadzone': 2.3025266598405953, 'pwm_noise_sigma': 0.07483103988964342, 'actuator_tau': 0.006064710211089573, 'action_delay_steps': 0, 'theta_bias': -0.0015330000346622727, 'alpha_bias': 0.0025670447245051474, 'theta_sigma': 0.00032203389726712377, 'alpha_sigma': 0.0017141904318735786, 'theta_dot_sigma': 0.007693091142257586, 'alpha_dot_sigma': 0.037176600075099535, 'encoder_quantization_rad': 0.00031725195778974145, 'velocity_lpf': 0.25, 'process_theta_dot_sigma': 0.0, 'process_alpha_dot_sigma': 0.0}"
3638000,3,randomization_0.30,0.3,"{'level': 0.3, 'physical': {'g': 9.798177225547258, 'c_theta': 0.04327167064411223, 'c_alpha': 0.0010435063778563081, 'k_t': 0.23954418489307844, 'k_b': 0.1869629293392818, 'k_u': 0.049867822733254984, 'R': 4.556770729057654, 'm1': 0.2048009969120738, 'm2': 0.1516928942627588, 'l1cg': 0.076691938945948, 'l1': 0.151989046764609, 'l2cg': 0.0709006580817566, 'I1z': 0.0005640519729011095, 'I2x': 0.0003541747919473746, 'I2y': 2.341782506578124e-05, 'I2z': 0.00034160676341673363}, 'init_theta_std_deg': 4.978575333757076, 'init_alpha_std_deg': 8.568506963968664, 'init_theta_dot_std': 0.43368140521013276, 'init_alpha_dot_std': 0.509183084284227, 'pwm_limit': 145.45295181173861, 'pwm_gain': 0.9981729540416463, 'pwm_bias': 0.2866992076274199, 'pwm_deadzone': 2.7974231299854915, 'pwm_noise_sigma': 0.19793852884543395, 'actuator_tau': 0.003988034564884131, 'action_delay_steps': 0, 'theta_bias': 0.0024160265689018535, 'alpha_bias': -0.0013352493525366188, 'theta_sigma': 0.001678246934268693, 'alpha_sigma': 0.0010597603139098203, 'theta_dot_sigma': 0.1012654455270372, 'alpha_dot_sigma': 0.08259349437263035, 'encoder_quantization_rad': 0.00042654839093067993, 'velocity_lpf': 0.25, 'process_theta_dot_sigma': 0.0, 'process_alpha_dot_sigma': 0.0}"
3640000,3,randomization_0.30,0.3,"{'level': 0.3, 'physical': {'g': 9.857937757445324, 'c_theta': 0.020931549349713127, 'c_alpha': 0.0015026997857346645, 'k_t': 0.23947451218721702, 'k_b': 0.19578912270590443, 'k_u': 0.04766944198776971, 'R': 4.5002416117473105, 'm1': 0.2188367623498033, 'm2': 0.16279550716146357, 'l1cg': 0.08149061453859525, 'l1': 0.14874288415415293, 'l2cg': 0.062171332606541604, 'I1z': 0.0005062453124402167, 'I2x': 0.0003722542950024884, 'I2y': 2.0277977734367833e-05, 'I2z': 0.0004057575306904317}, 'init_theta_std_deg': 6.080680572398061, 'init_alpha_std_deg': 7.993393921694544, 'init_theta_dot_std': 0.042776024836685966, 'init_alpha_dot_std': 0.46325149520249675, 'pwm_limit': 150.42508986859212, 'pwm_gain': 0.9936756953870577, 'pwm_bias': 0.8077269847032824, 'pwm_deadzone': 0.559796350311751, 'pwm_noise_sigma': 0.09908152819476927, 'actuator_tau': 0.006699971681666504, 'action_delay_steps': 0, 'theta_bias': -0.001341400918041054, 'alpha_bias': 0.0018200338533793804, 'theta_sigma': 0.001523543213443661, 'alpha_sigma': 0.000354483200360171, 'theta_dot_sigma': 0.05543197910582464, 'alpha_dot_sigma': 0.13024149417685554, 'encoder_quantization_rad': 0.00044534376275556445, 'velocity_lpf': 0.25, 'process_theta_dot_sigma': 0.0, 'process_alpha_dot_sigma': 0.0}"
3642000,3,randomization_0.30,0.3,"{'level': 0.3, 'physical': {'g': 9.674773640872452, 'c_theta': 0.021010458656706112, 'c_alpha': 0.001922728608898599, 'k_t': 0.23727144803761216, 'k_b': 0.18524578046851484, 'k_u': 0.048487305545546866, 'R': 4.05143773960284, 'm1': 0.22160688208689558, 'm2': 0.15264261249934138, 'l1cg': 0.07858159373737104, 'l1': 0.15365502974277082, 'l2cg': 0.06580325383186073, 'I1z': 0.0005921206527300493, 'I2x': 0.0003622282830186561, 'I2y': 2.4270175310130433e-05, 'I2z': 0.0003246595804296783}, 'init_theta_std_deg': 5.7246079668397005, 'init_alpha_std_deg': 8.537210551535999, 'init_theta_dot_std': 0.22675504809102995, 'init_alpha_dot_std': 0.23457530520510675, 'pwm_limit': 148.32112913515292, 'pwm_gain': 1.0252209631988993, 'pwm_bias': -0.04196412347926221, 'pwm_deadzone': 2.1841891507989404, 'pwm_noise_sigma': 0.5559983444973299, 'actuator_tau': 0.0033051231031127402, 'action_delay_steps': 0, 'theta_bias': 0.002831026650697495, 'alpha_bias': -0.0029261426730093285, 'theta_sigma': 0.0015792993218739471, 'alpha_sigma': 0.0006208372499114196, 'theta_dot_sigma': 0.008713807847338034, 'alpha_dot_sigma': 0.08314536697219195, 'encoder_quantization_rad': 1.6182829352783645e-05, 'velocity_lpf': 0.25, 'process_theta_dot_sigma': 0.0, 'process_alpha_dot_sigma': 0.0}"
3644000,3,randomization_0.30,0.3,"{'level': 0.3, 'physical': {'g': 9.783652116020937, 'c_theta': 0.041653554098907065, 'c_alpha': 0.001806026364959028, 'k_t': 0.22953951235564385, 'k_b': 0.1948944576380349, 'k_u': 0.048408240304093506, 'R': 4.517411381559927, 'm1': 0.19806462697171845, 'm2': 0.16075582005885083, 'l1cg': 0.08001597110795244, 'l1': 0.1487916407033187, 'l2cg': 0.062296463046738644, 'I1z': 0.0005236176289254196, 'I2x': 0.0003787019971295632, 'I2y': 2.8728563166686645e-05, 'I2z': 0.00035166879115339515}, 'init_theta_std_deg': 4.572397537821926, 'init_alpha_std_deg': 10.279557242766163, 'init_theta_dot_std': 0.40796388627656166, 'init_alpha_dot_std': 0.2130835787758473, 'pwm_limit': 150.10348334696099, 'pwm_gain': 1.0075409544675606, 'pwm_bias': -0.22586201605708345, 'pwm_deadzone': 0.7896748531695114, 'pwm_noise_sigma': 0.25670167286050827, 'actuator_tau': 0.007589854699578031, 'action_delay_steps': 0, 'theta_bias': 0.0014739984759356449, 'alpha_bias': -0.00016639311537544694, 'theta_sigma': 0.0004018127145424053, 'alpha_sigma': 0.003616433188577267, 'theta_dot_sigma': 0.08736018567905411, 'alpha_dot_sigma': 0.1618590213138363, 'encoder_quantization_rad': 0.0002569963924337709, 'velocity_lpf': 0.25, 'process_theta_dot_sigma': 0.0, 'process_alpha_dot_sigma': 0.0}"
3646000,3,randomization_0.30,0.3,"{'level': 0.3, 'physical': {'g': 9.942423349260528, 'c_theta': 0.03410490406910866, 'c_alpha': 0.0019503920342952865, 'k_t': 0.2388723532301626, 'k_b': 0.1793730654366793, 'k_u': 0.04593967279466419, 'R': 4.5205360276773465, 'm1': 0.2014243995353195, 'm2': 0.16229396768045742, 'l1cg': 0.08284922052483115, 'l1': 0.15328011012165815, 'l2cg': 0.07065354841049196, 'I1z': 0.0005741191876591871, 'I2x': 0.00037512898143884975, 'I2y': 2.869790012603313e-05, 'I2z': 0.0003877962848642918}, 'init_theta_std_deg': 5.797880221136118, 'init_alpha_std_deg': 6.944502641436124, 'init_theta_dot_std': 0.2591497638752737, 'init_alpha_dot_std': 0.2492836419000864, 'pwm_limit': 151.8176588792729, 'pwm_gain': 0.9978507619186299, 'pwm_bias': 1.1777296828301045, 'pwm_deadzone': 1.502615319455582, 'pwm_noise_sigma': 0.01330766159852954, 'actuator_tau': 0.007100980821506789, 'action_delay_steps': 0, 'theta_bias': 0.0013735991375318844, 'alpha_bias': -0.0007740842851079997, 'theta_sigma': 0.00024992172841641335, 'alpha_sigma': 0.0022012444309348067, 'theta_dot_sigma': 0.08120111543601669, 'alpha_dot_sigma': 0.07230938799838703, 'encoder_quantization_rad': 0.00011808179273813662, 'velocity_lpf': 0.25, 'process_theta_dot_sigma': 0.0, 'process_alpha_dot_sigma': 0.0}"
3648000,3,randomization_0.30,0.3,"{'level': 0.3, 'physical': {'g': 9.674069164020867, 'c_theta': 0.02561716031381718, 'c_alpha': 0.0015923341963381978, 'k_t': 0.24653598260693557, 'k_b': 0.18666122652051537, 'k_u': 0.05104965114761915, 'R': 4.606157139102092, 'm1': 0.20482958409051583, 'm2': 0.1616858833954028, 'l1cg': 0.07888285278320416, 'l1': 0.14776639718789736, 'l2cg': 0.0701693417513854, 'I1z': 0.0005476596489109577, 'I2x': 0.0003910434786601865, 'I2y': 2.2015856642364895e-05, 'I2z': 0.00043199920936170107}, 'init_theta_std_deg': 6.062625693344434, 'init_alpha_std_deg': 8.898007062649882, 'init_theta_dot_std': 0.07392105943794557, 'init_alpha_dot_std': 0.2833728570838638, 'pwm_limit': 151.24211674560954, 'pwm_gain': 1.026154724538761, 'pwm_bias': -0.3689538608355793, 'pwm_deadzone': 2.8137663691983765, 'pwm_noise_sigma': 0.3622788550521402, 'actuator_tau': 0.004993326532959752, 'action_delay_steps': 0, 'theta_bias': -0.0009677460235798692, 'alpha_bias': 0.0016008850129416434, 'theta_sigma': 0.0005733474710556614, 'alpha_sigma': 0.0028018209963458474, 'theta_dot_sigma': 0.0038934019540536706, 'alpha_dot_sigma': 0.17053563764440768, 'encoder_quantization_rad': 0.00035439574771780566, 'velocity_lpf': 0.25, 'process_theta_dot_sigma': 0.0, 'process_alpha_dot_sigma': 0.0}"
3650000,3,randomization_0.30,0.3,"{'level': 0.3, 'physical': {'g': 9.883498054213113, 'c_theta': 0.04106387185589642, 'c_alpha': 0.0013172671847894088, 'k_t': 0.21478190477509596, 'k_b': 0.186329984410087, 'k_u': 0.04747780437130715, 'R': 4.473455122936671, 'm1': 0.21354603026621477, 'm2': 0.15638408568421935, 'l1cg': 0.07878021107525267, 'l1': 0.15359489022949704, 'l2cg': 0.07172574081497612, 'I1z': 0.0005512991205663429, 'I2x': 0.0003762768304509834, 'I2y': 2.7718181180169224e-05, 'I2z': 0.00033544976518213687}, 'init_theta_std_deg': 5.8876418619112805, 'init_alpha_std_deg': 7.003777009518828, 'init_theta_dot_std': 0.3009057783849424, 'init_alpha_dot_std': 0.11183473871469027, 'pwm_limit': 151.611216895807, 'pwm_gain': 1.024620234345471, 'pwm_bias': -0.44314996256649025, 'pwm_deadzone': 2.3758030212797516, 'pwm_noise_sigma': 0.35542015916350495, 'actuator_tau': 0.002802528153451974, 'action_delay_steps': 0, 'theta_bias': 0.00041901122028003624, 'alpha_bias': 0.0015974123152752695, 'theta_sigma': 0.0004266174051571499, 'alpha_sigma': 0.0033357343730637183, 'theta_dot_sigma': 0.03375033212829585, 'alpha_dot_sigma': 0.006001311292401201, 'encoder_quantization_rad': 4.010204604914917e-05, 'velocity_lpf': 0.25, 'process_theta_dot_sigma': 0.0, 'process_alpha_dot_sigma': 0.0}"
3652000,3,randomization_0.30,0.3,"{'level': 0.3, 'physical': {'g': 9.731394886170651, 'c_theta': 0.027079304906901764, 'c_alpha': 0.0010559518620358603, 'k_t': 0.2459172248355453, 'k_b': 0.17491722197132903, 'k_u': 0.04675076855735139, 'R': 4.3414503221547, 'm1': 0.21169402072400326, 'm2': 0.16033532951015708, 'l1cg': 0.0837725367007537, 'l1': 0.15504364026680775, 'l2cg': 0.07059686968599195, 'I1z': 0.0004945129989420469, 'I2x': 0.0003832393467218257, 'I2y': 2.3350187023796096e-05, 'I2z': 0.00036832110354398503}, 'init_theta_std_deg': 6.151151027248824, 'init_alpha_std_deg': 8.966232329956204, 'init_theta_dot_std': 0.24372778857875826, 'init_alpha_dot_std': 0.37202177023362515, 'pwm_limit': 147.22465340243502, 'pwm_gain': 1.0054623339651756, 'pwm_bias': 0.9805646763169551, 'pwm_deadzone': 2.996681844209222, 'pwm_noise_sigma': 0.39274423896827537, 'actuator_tau': 0.004734687602352663, 'action_delay_steps': 0, 'theta_bias': -0.0028740268896948807, 'alpha_bias': -0.0006907959943069311, 'theta_sigma': 0.0017325643967294859, 'alpha_sigma': 0.0039034455923207994, 'theta_dot_sigma': 0.068998699826908, 'alpha_dot_sigma': 0.11379908232086909, 'encoder_quantization_rad': 0.00025324801160708825, 'velocity_lpf': 0.25, 'process_theta_dot_sigma': 0.0, 'process_alpha_dot_sigma': 0.0}"
3654000,3,randomization_0.30,0.3,"{'level': 0.3, 'physical': {'g': 9.689929239837022, 'c_theta': 0.026846007725583085, 'c_alpha': 0.0008187882396253867, 'k_t': 0.23347355494279293, 'k_b': 0.19768158336560088, 'k_u': 0.04537399313259871, 'R': 4.50177447098781, 'm1': 0.2005951786013476, 'm2': 0.1528109474885883, 'l1cg': 0.07877804712348645, 'l1': 0.1492302318755078, 'l2cg': 0.06633781187350647, 'I1z': 0.0004306815361321098, 'I2x': 0.00038517137691282703, 'I2y': 2.0127426528231926e-05, 'I2z': 0.0003113713863615726}, 'init_theta_std_deg': 5.743492989193185, 'init_alpha_std_deg': 9.722162565190771, 'init_theta_dot_std': 0.20136056503492095, 'init_alpha_dot_std': 0.5562466196425623, 'pwm_limit': 151.16369621931472, 'pwm_gain': 1.018951362714659, 'pwm_bias': -0.9349287647091186, 'pwm_deadzone': 1.073321078870789, 'pwm_noise_sigma': 0.14952997918070177, 'actuator_tau': 0.007521031933470733, 'action_delay_steps': 0, 'theta_bias': -0.00016537989746866354, 'alpha_bias': -0.0005751660024573334, 'theta_sigma': 0.0016843796461559165, 'alpha_sigma': 0.003510375873752357, 'theta_dot_sigma': 0.06913771906428944, 'alpha_dot_sigma': 0.17938409155214902, 'encoder_quantization_rad': 0.0002902573229141264, 'velocity_lpf': 0.2504143359897252, 'process_theta_dot_sigma': 0.0, 'process_alpha_dot_sigma': 0.0}"
3656000,3,randomization_0.30,0.3,"{'level': 0.3, 'physical': {'g': 9.884887578841262, 'c_theta': 0.038153594331880786, 'c_alpha': 0.001461289871069791, 'k_t': 0.21670591107262827, 'k_b': 0.1739455817717518, 'k_u': 0.05093694632652794, 'R': 4.336992437604754, 'm1': 0.21744107893855205, 'm2': 0.1595508564797136, 'l1cg': 0.08191890450351319, 'l1': 0.14840566187136828, 'l2cg': 0.06482915400147607, 'I1z': 0.0005372181510597, 'I2x': 0.0003827445311002663, 'I2y': 2.787580728667805e-05, 'I2z': 0.0003580646158660339}, 'init_theta_std_deg': 5.611282842335538, 'init_alpha_std_deg': 10.097000911501224, 'init_theta_dot_std': 0.3878607075363277, 'init_alpha_dot_std': 0.6324927138302853, 'pwm_limit': 149.8196376678107, 'pwm_gain': 1.0019009430254069, 'pwm_bias': -0.38130737301753564, 'pwm_deadzone': 0.23196314132147344, 'pwm_noise_sigma': 0.525772200664285, 'actuator_tau': 0.0024534503277397523, 'action_delay_steps': 0, 'theta_bias': -0.0026690933144984668, 'alpha_bias': 0.0034298691679362898, 'theta_sigma': 0.0017657815179172608, 'alpha_sigma': 0.004585821146364133, 'theta_dot_sigma': 0.05766153962471147, 'alpha_dot_sigma': 0.09779113180885184, 'encoder_quantization_rad': 0.00032422022076806475, 'velocity_lpf': 0.25, 'process_theta_dot_sigma': 0.0, 'process_alpha_dot_sigma': 0.0}"
3658000,3,randomization_0.30,0.3,"{'level': 0.3, 'physical': {'g': 9.878946542688047, 'c_theta': 0.021308783064462655, 'c_alpha': 0.0019263737766941791, 'k_t': 0.22699247364334227, 'k_b': 0.18890584432295035, 'k_u': 0.04491718469346115, 'R': 4.1892715348409455, 'm1': 0.19917461146644524, 'm2': 0.1584539216584093, 'l1cg': 0.08317500553416347, 'l1': 0.1530984615885175, 'l2cg': 0.07092551703945854, 'I1z': 0.0004629516615561672, 'I2x': 0.0003605587216645448, 'I2y': 2.5524382231789468e-05, 'I2z': 0.00040451793059002286}, 'init_theta_std_deg': 4.890271696353368, 'init_alpha_std_deg': 8.26121261392459, 'init_theta_dot_std': 0.3097886130254411, 'init_alpha_dot_std': 0.46544262401357206, 'pwm_limit': 141.78117546873176, 'pwm_gain': 0.9810896577921945, 'pwm_bias': 0.9354026002373858, 'pwm_deadzone': 1.3313992687224614, 'pwm_noise_sigma': 0.2713437653995002, 'actuator_tau': 0.0056633229791726355, 'action_delay_steps': 0, 'theta_bias': 0.001993399915287256, 'alpha_bias': -0.00028900865856795825, 'theta_sigma': 0.0008591082771212289, 'alpha_sigma': 0.0010555476834393568, 'theta_dot_sigma': 0.040974012920718256, 'alpha_dot_sigma': 0.1507202963109174, 'encoder_quantization_rad': 0.0002707958855612652, 'velocity_lpf': 0.2577529371130954, 'process_theta_dot_sigma': 0.0, 'process_alpha_dot_sigma': 0.0}"
3660000,3,randomization_0.30,0.3,"{'level': 0.3, 'physical': {'g': 9.83787805025589, 'c_theta': 0.03261642373066019, 'c_alpha': 0.0012868843973419758, 'k_t': 0.222401734878905, 'k_b': 0.18280686306634233, 'k_u': 0.04467279161798041, 'R': 4.576097719783828, 'm1': 0.19920440074372966, 'm2': 0.16513896086100757, 'l1cg': 0.08146171169558898, 'l1': 0.14983795165806515, 'l2cg': 0.06617747084986983, 'I1z': 0.000522717317842163, 'I2x': 0.0003747693661929984, 'I2y': 2.0774035446122486e-05, 'I2z': 0.0004037106598131923}, 'init_theta_std_deg': 5.315600054471888, 'init_alpha_std_deg': 7.714870044378026, 'init_theta_dot_std': 0.03635801611387706, 'init_alpha_dot_std': 0.04905102981768922, 'pwm_limit': 147.80897102333242, 'pwm_gain': 0.994968088365179, 'pwm_bias': -0.17467263981486897, 'pwm_deadzone': 0.2845481575865838, 'pwm_noise_sigma': 0.2538151700431462, 'actuator_tau': 0.0038066075958234917, 'action_delay_steps': 0, 'theta_bias': 0.002266570086772529, 'alpha_bias': 0.0027029245355668957, 'theta_sigma': 0.000943177987653395, 'alpha_sigma': 0.0026743569450160052, 'theta_dot_sigma': 0.011020656327052725, 'alpha_dot_sigma': 0.09189739727500615, 'encoder_quantization_rad': 8.801129158630604e-05, 'velocity_lpf': 0.24592034792573392, 'process_theta_dot_sigma': 0.0, 'process_alpha_dot_sigma': 0.0}"
3662000,3,randomization_0.30,0.3,"{'level': 0.3, 'physical': {'g': 9.892503553673084, 'c_theta': 0.03565266656230056, 'c_alpha': 0.0015624201979014712, 'k_t': 0.23723026375876266, 'k_b': 0.19704390346180062, 'k_u': 0.04500638665096695, 'R': 4.481396552813832, 'm1': 0.21385036777512315, 'm2': 0.15908308923572245, 'l1cg': 0.08356927662260939, 'l1': 0.1482631453486403, 'l2cg': 0.07047150639727799, 'I1z': 0.0005251686707778843, 'I2x': 0.0003770388573352415, 'I2y': 2.59959413915822e-05, 'I2z': 0.0003142595863882662}, 'init_theta_std_deg': 4.8806009708017, 'init_alpha_std_deg': 7.2204607680199, 'init_theta_dot_std': 0.27472716377686107, 'init_alpha_dot_std': 0.6911295660181178, 'pwm_limit': 142.70243519443062, 'pwm_gain': 0.9863347226068869, 'pwm_bias': 0.7076794446302912, 'pwm_deadzone': 2.904831441825635, 'pwm_noise_sigma': 0.06470153666110302, 'actuator_tau': 0.002597029486311787, 'action_delay_steps': 0, 'theta_bias': -0.0029858393106056615, 'alpha_bias': -0.0022588569627120026, 'theta_sigma': 0.00010282699621123188, 'alpha_sigma': 0.00316007613508441, 'theta_dot_sigma': 0.013701971707237722, 'alpha_dot_sigma': 0.07679506870985013, 'encoder_quantization_rad': 0.00012119431222962974, 'velocity_lpf': 0.25, 'process_theta_dot_sigma': 0.0, 'process_alpha_dot_sigma': 0.0}"
3664000,3,randomization_0.30,0.3,"{'level': 0.3, 'physical': {'g': 9.688345007031776, 'c_theta': 0.033222512023750074, 'c_alpha': 0.0016353621195905913, 'k_t': 0.22727113017342668, 'k_b': 0.19434432884177122, 'k_u': 0.04784259022639452, 'R': 4.402241832639297, 'm1': 0.22009256943891153, 'm2': 0.1534031927233757, 'l1cg': 0.07845324350627088, 'l1': 0.15228145623822026, 'l2cg': 0.06856136928563046, 'I1z': 0.00047754270984677, 'I2x': 0.0003649978137478939, 'I2y': 2.9146643218100075e-05, 'I2z': 0.00034903916927558535}, 'init_theta_std_deg': 4.645495952924006, 'init_alpha_std_deg': 8.034871394537886, 'init_theta_dot_std': 0.40301255073824876, 'init_alpha_dot_std': 0.4347894601902631, 'pwm_limit': 151.48234042719875, 'pwm_gain': 1.0263815742545408, 'pwm_bias': 0.6567656466091345, 'pwm_deadzone': 2.0230193601540063, 'pwm_noise_sigma': 0.5736533184701377, 'actuator_tau': 0.008912046589155447, 'action_delay_steps': 0, 'theta_bias': -0.00010770952221049024, 'alpha_bias': 0.000793916357347257, 'theta_sigma': 0.001342505125071068, 'alpha_sigma': 0.0018912282039723824, 'theta_dot_sigma': 0.07722521083309308, 'alpha_dot_sigma': 0.13482149640070812, 'encoder_quantization_rad': 0.0003089367081077375, 'velocity_lpf': 0.24122937876102632, 'process_theta_dot_sigma': 0.0, 'process_alpha_dot_sigma': 0.0}"
3666000,3,randomization_0.30,0.3,"{'level': 0.3, 'physical': {'g': 9.76039869284607, 'c_theta': 0.03549434232613615, 'c_alpha': 0.0012026296158809222, 'k_t': 0.23316606817841246, 'k_b': 0.17396351993613776, 'k_u': 0.04980240173263775, 'R': 4.366477213081037, 'm1': 0.19108622559222768, 'm2': 0.15501168776682014, 'l1cg': 0.08268909875433429, 'l1': 0.1519178570525434, 'l2cg': 0.0709646695278148, 'I1z': 0.00045807252181347146, 'I2x': 0.0003715705015689131, 'I2y': 2.1365809902469532e-05, 'I2z': 0.00040426903145975935}, 'init_theta_std_deg': 4.87965045105264, 'init_alpha_std_deg': 7.035462688765866, 'init_theta_dot_std': 0.259808533319877, 'init_alpha_dot_std': 0.592263845470174, 'pwm_limit': 151.16164212128064, 'pwm_gain': 1.0188606168435737, 'pwm_bias': -0.9651085243109474, 'pwm_deadzone': 2.1045796698442145, 'pwm_noise_sigma': 0.5613059526067058, 'actuator_tau': 0.006259621003788046, 'action_delay_steps': 0, 'theta_bias': 7.507131868971295e-05, 'alpha_bias': -0.0012699528875835873, 'theta_sigma': 0.0016744133375161203, 'alpha_sigma': 0.001666406217950658, 'theta_dot_sigma': 0.05538943642525225, 'alpha_dot_sigma': 0.1789135655705629, 'encoder_quantization_rad': 0.000416220182862614, 'velocity_lpf': 0.25, 'process_theta_dot_sigma': 0.0, 'process_alpha_dot_sigma': 0.0}"
3668000,3,randomization_0.30,0.3,"{'level': 0.3, 'physical': {'g': 9.941040578505145, 'c_theta': 0.027670861218129283, 'c_alpha': 0.0019202962183095566, 'k_t': 0.2430508003299511, 'k_b': 0.19870012380940627, 'k_u': 0.05004046919357425, 'R': 4.148128532440533, 'm1': 0.19521980082956766, 'm2': 0.16452283924336622, 'l1cg': 0.07978258225383554, 'l1': 0.1538585807880305, 'l2cg': 0.06480259617712801, 'I1z': 0.00047631985881758286, 'I2x': 0.0003477159446180335, 'I2y': 2.505836023612048e-05, 'I2z': 0.0004176661900401352}, 'init_theta_std_deg': 4.42241320241734, 'init_alpha_std_deg': 9.218622458986774, 'init_theta_dot_std': 0.4203362315334581, 'init_alpha_dot_std': 0.2853212207845121, 'pwm_limit': 143.92394199342067, 'pwm_gain': 0.9996112575889456, 'pwm_bias': 0.37075572297135295, 'pwm_deadzone': 2.5470783662823333, 'pwm_noise_sigma': 0.20033679709434335, 'actuator_tau': 0.007624798193700655, 'action_delay_steps': 0, 'theta_bias': -0.0001803736130948399, 'alpha_bias': -0.00023048687210524638, 'theta_sigma': 0.00105980011052967, 'alpha_sigma': 0.005598009164962755, 'theta_dot_sigma': 0.01965623154909009, 'alpha_dot_sigma': 0.1486827074377021, 'encoder_quantization_rad': 0.00013561546027217008, 'velocity_lpf': 0.25, 'process_theta_dot_sigma': 0.0, 'process_alpha_dot_sigma': 0.0}"
3670000,3,randomization_0.30,0.3,"{'level': 0.3, 'physical': {'g': 9.936662466641456, 'c_theta': 0.038730884787238073, 'c_alpha': 0.001261668703914739, 'k_t': 0.2290160224963884, 'k_b': 0.1848815483566661, 'k_u': 0.04286139982302601, 'R': 4.601397860714026, 'm1': 0.21756631947001895, 'm2': 0.15858428219803394, 'l1cg': 0.08227979540163499, 'l1': 0.14952805462483218, 'l2cg': 0.06434293933128081, 'I1z': 0.0005797045729452106, 'I2x': 0.0003485081180010833, 'I2y': 2.632769602669183e-05, 'I2z': 0.00038482197786251544}, 'init_theta_std_deg': 6.124018155714845, 'init_alpha_std_deg': 7.573146410074529, 'init_theta_dot_std': 0.019581392042276023, 'init_alpha_dot_std': 0.21508932781879903, 'pwm_limit': 147.01665109913552, 'pwm_gain': 1.0133431274070162, 'pwm_bias': 0.8118583487173746, 'pwm_deadzone': 0.3045542760168397, 'pwm_noise_sigma': 0.032699133630899935, 'actuator_tau': 0.008268348297119978, 'action_delay_steps': 0, 'theta_bias': -0.0009517533027111666, 'alpha_bias': 5.107049943031594e-05, 'theta_sigma': 0.001239064168544565, 'alpha_sigma': 0.0003975170653596676, 'theta_dot_sigma': 0.05279599614370545, 'alpha_dot_sigma': 0.16288013093870227, 'encoder_quantization_rad': 0.00021432578777170666, 'velocity_lpf': 0.25, 'process_theta_dot_sigma': 0.0, 'process_alpha_dot_sigma': 0.0}"
3672000,3,randomization_0.30,0.3,"{'level': 0.3, 'physical': {'g': 9.68170223859975, 'c_theta': 0.02436587057831396, 'c_alpha': 0.0018107547434560295, 'k_t': 0.21860576447304406, 'k_b': 0.17929370733764616, 'k_u': 0.04875671963079659, 'R': 4.158428981009007, 'm1': 0.19561929142958276, 'm2': 0.16353163418731823, 'l1cg': 0.07760144677908588, 'l1': 0.15406614336330515, 'l2cg': 0.0654118497948713, 'I1z': 0.0005133874097706152, 'I2x': 0.00037778273787802106, 'I2y': 2.654045434765642e-05, 'I2z': 0.00040376181292286936}, 'init_theta_std_deg': 4.29628528307585, 'init_alpha_std_deg': 7.523084358385271, 'init_theta_dot_std': 0.3393523722560103, 'init_alpha_dot_std': 0.7480979832403561, 'pwm_limit': 147.5508074740151, 'pwm_gain': 1.0208687557318565, 'pwm_bias': -0.6363084379287122, 'pwm_deadzone': 0.9531955361061404, 'pwm_noise_sigma': 0.251299302872106, 'actuator_tau': 0.004137670148788556, 'action_delay_steps': 0, 'theta_bias': 0.0017365346282175833, 'alpha_bias': -0.0018877819422514512, 'theta_sigma': 0.001315499368056705, 'alpha_sigma': 0.004331456494877072, 'theta_dot_sigma': 0.07288937874093887, 'alpha_dot_sigma': 0.0150259182591844, 'encoder_quantization_rad': 0.0001579428068853253, 'velocity_lpf': 0.25, 'process_theta_dot_sigma': 0.0, 'process_alpha_dot_sigma': 0.0}"
3674000,3,randomization_0.30,0.3,"{'level': 0.3, 'physical': {'g': 9.831466936894397, 'c_theta': 0.037264504421572406, 'c_alpha': 0.0013909847346363288, 'k_t': 0.24666159085684358, 'k_b': 0.19793304293927233, 'k_u': 0.046114380395705666, 'R': 4.110678660681355, 'm1': 0.20031242363151044, 'm2': 0.15207764777491994, 'l1cg': 0.0786047492762668, 'l1': 0.15581585466773173, 'l2cg': 0.06514943801194581, 'I1z': 0.0005528194101551766, 'I2x': 0.0003754404095353491, 'I2y': 2.499457080573079e-05, 'I2z': 0.00032798298094579106}, 'init_theta_std_deg': 4.194043629667897, 'init_alpha_std_deg': 9.957924498552813, 'init_theta_dot_std': 0.3271668473619242, 'init_alpha_dot_std': 0.6790171321120549, 'pwm_limit': 147.21450975911043, 'pwm_gain': 0.9776099818420614, 'pwm_bias': -0.4407376310706133, 'pwm_deadzone': 1.3583241621044921, 'pwm_noise_sigma': 0.25850112957151344, 'actuator_tau': 0.00478990868072419, 'action_delay_steps': 0, 'theta_bias': -0.0020856186649951076, 'alpha_bias': 0.0023239019913624667, 'theta_sigma': 0.0007007787912434278, 'alpha_sigma': 0.0021829774187150353, 'theta_dot_sigma': 0.03003428786744097, 'alpha_dot_sigma': 0.06012968231494743, 'encoder_quantization_rad': 0.0001458433153185465, 'velocity_lpf': 0.25, 'process_theta_dot_sigma': 0.0, 'process_alpha_dot_sigma': 0.0}"
3676000,3,randomization_0.30,0.3,"{'level': 0.3, 'physical': {'g': 9.730243144534864, 'c_theta': 0.020385856756491152, 'c_alpha': 0.0013669630121961687, 'k_t': 0.22077047199998467, 'k_b': 0.18690763550326367, 'k_u': 0.04480376677478818, 'R': 4.190109284456919, 'm1': 0.2122802253969352, 'm2': 0.16060568976596215, 'l1cg': 0.08170802182995464, 'l1': 0.15528086349352155, 'l2cg': 0.06440906554802435, 'I1z': 0.00055349018048452, 'I2x': 0.00036435328822541867, 'I2y': 2.7476494124675993e-05, 'I2z': 0.0003463669693327459}, 'init_theta_std_deg': 4.468026051011202, 'init_alpha_std_deg': 7.376090229104109, 'init_theta_dot_std': 0.1809511668134933, 'init_alpha_dot_std': 0.6430248871161905, 'pwm_limit': 150.84598309724092, 'pwm_gain': 0.9724130269457237, 'pwm_bias': -0.3757730577808546, 'pwm_deadzone': 1.7042901613289305, 'pwm_noise_sigma': 0.4570015258352025, 'actuator_tau': 0.0024173687036682353, 'action_delay_steps': 0, 'theta_bias': 0.00021897794710820718, 'alpha_bias': 0.0009692375788800822, 'theta_sigma': 0.0011648159213056741, 'alpha_sigma': 0.0055882883957253, 'theta_dot_sigma': 0.014578700615963319, 'alpha_dot_sigma': 0.14454124081993583, 'encoder_quantization_rad': 0.00015044606748151226, 'velocity_lpf': 0.25, 'process_theta_dot_sigma': 0.0, 'process_alpha_dot_sigma': 0.0}"
3678000,3,randomization_0.30,0.3,"{'level': 0.3, 'physical': {'g': 9.915103255290811, 'c_theta': 0.023600847823257942, 'c_alpha': 0.000898749340654641, 'k_t': 0.2241548506206881, 'k_b': 0.1872478113570884, 'k_u': 0.048156719052029444, 'R': 4.156207147528707, 'm1': 0.2195110562732455, 'm2': 0.1632878505692412, 'l1cg': 0.07712491716947421, 'l1': 0.14833763188557145, 'l2cg': 0.06722891126507823, 'I1z': 0.00044768749735068597, 'I2x': 0.0003630033587360755, 'I2y': 2.0749941991618342e-05, 'I2z': 0.00031373442330264985}, 'init_theta_std_deg': 6.270354710651162, 'init_alpha_std_deg': 9.3966673793473, 'init_theta_dot_std': 0.35613531957834094, 'init_alpha_dot_std': 0.2347805019804641, 'pwm_limit': 146.30580385939246, 'pwm_gain': 0.9908875276193694, 'pwm_bias': -0.12786574912292883, 'pwm_deadzone': 1.8718842569676122, 'pwm_noise_sigma': 0.32319056384079986, 'actuator_tau': 0.003995415496204628, 'action_delay_steps': 0, 'theta_bias': -0.0005032139367330755, 'alpha_bias': 0.003081018171059762, 'theta_sigma': 0.0015876556937430594, 'alpha_sigma': 0.004528772623622018, 'theta_dot_sigma': 0.0972338372659384, 'alpha_dot_sigma': 0.14426572575606791, 'encoder_quantization_rad': 0.0002966328539135032, 'velocity_lpf': 0.25, 'process_theta_dot_sigma': 0.0, 'process_alpha_dot_sigma': 0.0}"
3680000,3,randomization_0.30,0.3,"{'level': 0.3, 'physical': {'g': 9.756810599422232, 'c_theta': 0.023288786906444536, 'c_alpha': 0.0011900364148273504, 'k_t': 0.2230763812443513, 'k_b': 0.1745830306142993, 'k_u': 0.04526974866770982, 'R': 4.327469896024326, 'm1': 0.2042573099010328, 'm2': 0.1545498961865987, 'l1cg': 0.0836920676253057, 'l1': 0.14833782591125644, 'l2cg': 0.07099534099586012, 'I1z': 0.0005652967321277494, 'I2x': 0.00034919960882134345, 'I2y': 2.3836977545629517e-05, 'I2z': 0.0003206383987234266}, 'init_theta_std_deg': 5.331006826641369, 'init_alpha_std_deg': 8.810993513627965, 'init_theta_dot_std': 0.27578161129892953, 'init_alpha_dot_std': 0.16335775525582777, 'pwm_limit': 149.27290274789814, 'pwm_gain': 1.0097774138294282, 'pwm_bias': 0.04286188821132351, 'pwm_deadzone': 2.577701811628706, 'pwm_noise_sigma': 0.06647755251549207, 'actuator_tau': 0.001651086000288636, 'action_delay_steps': 0, 'theta_bias': -0.0013117153863980238, 'alpha_bias': -0.0004234504824788268, 'theta_sigma': 0.0010469206525749856, 'alpha_sigma': 0.005226395539605178, 'theta_dot_sigma': 0.004347847963845473, 'alpha_dot_sigma': 0.07447819197388487, 'encoder_quantization_rad': 0.0001833122072990272, 'velocity_lpf': 0.25, 'process_theta_dot_sigma': 0.0, 'process_alpha_dot_sigma': 0.0}"
3682000,3,randomization_0.30,0.3,"{'level': 0.3, 'physical': {'g': 9.727961323715013, 'c_theta': 0.0289951654890329, 'c_alpha': 0.001888772477567957, 'k_t': 0.2353855141118352, 'k_b': 0.1981820779963253, 'k_u': 0.04335951776572698, 'R': 4.325483214169974, 'm1': 0.21787045042285205, 'm2': 0.16086077466928567, 'l1cg': 0.08065521837928785, 'l1': 0.1555006211210573, 'l2cg': 0.06991966116154144, 'I1z': 0.0005214308548532556, 'I2x': 0.00038970334438091076, 'I2y': 2.2557476419396116e-05, 'I2z': 0.000358362513027178}, 'init_theta_std_deg': 6.275127533755747, 'init_alpha_std_deg': 7.895563398621362, 'init_theta_dot_std': 0.13431104436764846, 'init_alpha_dot_std': 0.19889783151967716, 'pwm_limit': 142.76666559046913, 'pwm_gain': 1.0081416814697732, 'pwm_bias': -0.3479397310075281, 'pwm_deadzone': 0.5056345277261481, 'pwm_noise_sigma': 0.5786921852779797, 'actuator_tau': 0.008450745487176989, 'action_delay_steps': 0, 'theta_bias': 0.0021517941628595287, 'alpha_bias': 0.0009362813926848125, 'theta_sigma': 0.0009277871400798473, 'alpha_sigma': 0.0003167146502838525, 'theta_dot_sigma': 0.0737105300844286, 'alpha_dot_sigma': 0.14076670160014862, 'encoder_quantization_rad': 0.00030554202665276475, 'velocity_lpf': 0.24877869547261378, 'process_theta_dot_sigma': 0.0, 'process_alpha_dot_sigma': 0.0}"
3684000,3,randomization_0.30,0.3,"{'level': 0.3, 'physical': {'g': 9.67940453054246, 'c_theta': 0.023178441071571517, 'c_alpha': 0.0015454524789220764, 'k_t': 0.24171080510738077, 'k_b': 0.19615337105974817, 'k_u': 0.04308393469474481, 'R': 4.380343238770197, 'm1': 0.19685968853177127, 'm2': 0.16062638216176056, 'l1cg': 0.0807783847212631, 'l1': 0.15604604000640981, 'l2cg': 0.06275882065038585, 'I1z': 0.0005462060941366104, 'I2x': 0.00038231490944973554, 'I2y': 2.8549441697664955e-05, 'I2z': 0.0003962322996032965}, 'init_theta_std_deg': 4.9122069516594715, 'init_alpha_std_deg': 7.024350220415416, 'init_theta_dot_std': 0.21275380287827186, 'init_alpha_dot_std': 0.13933550045564214, 'pwm_limit': 146.38137188349984, 'pwm_gain': 0.9967075331599938, 'pwm_bias': 0.643875862346599, 'pwm_deadzone': 1.5920515408531726, 'pwm_noise_sigma': 0.49863912195524607, 'actuator_tau': 0.008691423813130832, 'action_delay_steps': 0, 'theta_bias': 0.00018452091518012082, 'alpha_bias': -0.002528312556090465, 'theta_sigma': 0.001128689915414094, 'alpha_sigma': 0.0029672736860364996, 'theta_dot_sigma': 0.09366974338468, 'alpha_dot_sigma': 0.014458640139671504, 'encoder_quantization_rad': 0.0003529891785228931, 'velocity_lpf': 0.25209081737106975, 'process_theta_dot_sigma': 0.0, 'process_alpha_dot_sigma': 0.0}"
3686000,3,randomization_0.30,0.3,"{'level': 0.3, 'physical': {'g': 9.933408399801994, 'c_theta': 0.027126573142687738, 'c_alpha': 0.0009928682118339443, 'k_t': 0.23883473225386828, 'k_b': 0.17544981988768182, 'k_u': 0.04749616375463008, 'R': 4.14238855544548, 'm1': 0.1965098454749759, 'm2': 0.1530240556580738, 'l1cg': 0.07777054337354686, 'l1': 0.15309144855788517, 'l2cg': 0.06504468337902926, 'I1z': 0.0005853705552542269, 'I2x': 0.00039066098829240264, 'I2y': 2.4742925407606788e-05, 'I2z': 0.00036510550684460926}, 'init_theta_std_deg': 4.6928440983685125, 'init_alpha_std_deg': 8.301480732847525, 'init_theta_dot_std': 0.020420212173065447, 'init_alpha_dot_std': 0.4967545225282298, 'pwm_limit': 144.4135161241462, 'pwm_gain': 1.0282016692136673, 'pwm_bias': 0.04743720576566659, 'pwm_deadzone': 0.24186959419896337, 'pwm_noise_sigma': 0.042296923486111956, 'actuator_tau': 0.008990873610737084, 'action_delay_steps': 0, 'theta_bias': -0.0009558779285646033, 'alpha_bias': 0.0013331183287471117, 'theta_sigma': 1.6950268338197994e-05, 'alpha_sigma': 0.002976198284667738, 'theta_dot_sigma': 0.023582766256585792, 'alpha_dot_sigma': 0.08613107576033942, 'encoder_quantization_rad': 5.42883438858209e-05, 'velocity_lpf': 0.25, 'process_theta_dot_sigma': 0.0, 'process_alpha_dot_sigma': 0.0}"
3688000,3,randomization_0.30,0.3,"{'level': 0.3, 'physical': {'g': 9.886729071184531, 'c_theta': 0.030078368019412584, 'c_alpha': 0.0016438072062841904, 'k_t': 0.2429219629696747, 'k_b': 0.1759724099789808, 'k_u': 0.04863112038389688, 'R': 4.5103546178026415, 'm1': 0.2133074096506818, 'm2': 0.1615078317832155, 'l1cg': 0.07821796532168027, 'l1': 0.14947495751634432, 'l2cg': 0.06633269339963438, 'I1z': 0.0005504348539309321, 'I2x': 0.00035331793229976356, 'I2y': 2.5642671703689184e-05, 'I2z': 0.0003329082835755724}, 'init_theta_std_deg': 6.020404895325013, 'init_alpha_std_deg': 8.975620662861608, 'init_theta_dot_std': 0.09846146568529278, 'init_alpha_dot_std': 0.5034500215859566, 'pwm_limit': 145.04120554160204, 'pwm_gain': 0.980425769199114, 'pwm_bias': 0.3337931857642619, 'pwm_deadzone': 1.3047753400407203, 'pwm_noise_sigma': 0.19596127496668675, 'actuator_tau': 0.006027335205340161, 'action_delay_steps': 0, 'theta_bias': -0.002872453662596545, 'alpha_bias': -0.0005751516518027072, 'theta_sigma': 0.0004412465590817789, 'alpha_sigma': 0.005987667433362362, 'theta_dot_sigma': 0.01680173388686446, 'alpha_dot_sigma': 0.04718860124342347, 'encoder_quantization_rad': 0.00042422101420092534, 'velocity_lpf': 0.25, 'process_theta_dot_sigma': 0.0, 'process_alpha_dot_sigma': 0.0}"
3690000,3,randomization_0.30,0.3,"{'level': 0.3, 'physical': {'g': 9.890155328239548, 'c_theta': 0.04093251704211731, 'c_alpha': 0.0017419916592599043, 'k_t': 0.2356184612113053, 'k_b': 0.18844813919430126, 'k_u': 0.045347937025645886, 'R': 4.452824870213845, 'm1': 0.2011389775073174, 'm2': 0.16179407771321389, 'l1cg': 0.08082278476386191, 'l1': 0.15478812769570174, 'l2cg': 0.0668426792757305, 'I1z': 0.0005886940384911438, 'I2x': 0.0003783681159164959, 'I2y': 2.6538627062043067e-05, 'I2z': 0.00033161051413723515}, 'init_theta_std_deg': 4.829204163169107, 'init_alpha_std_deg': 8.644156437973372, 'init_theta_dot_std': 0.2278753060671191, 'init_alpha_dot_std': 0.007371400320505789, 'pwm_limit': 143.96051844246415, 'pwm_gain': 0.9987304518587009, 'pwm_bias': 0.7966623637420419, 'pwm_deadzone': 0.5427248600362721, 'pwm_noise_sigma': 0.30443632612845306, 'actuator_tau': 0.002412508180083596, 'action_delay_steps': 0, 'theta_bias': 0.0016490421693855497, 'alpha_bias': 0.002266225438741162, 'theta_sigma': 0.0007098806155981295, 'alpha_sigma': 0.0035073371839329194, 'theta_dot_sigma': 0.0025855221414608364, 'alpha_dot_sigma': 0.1708743263742901, 'encoder_quantization_rad': 0.00030996222720346177, 'velocity_lpf': 0.25, 'process_theta_dot_sigma': 0.0, 'process_alpha_dot_sigma': 0.0}"
3692000,3,randomization_0.30,0.3,"{'level': 0.3, 'physical': {'g': 9.933462165156767, 'c_theta': 0.025973850888732115, 'c_alpha': 0.0010236599914716568, 'k_t': 0.2402511964113881, 'k_b': 0.1785368491817914, 'k_u': 0.043867626072405234, 'R': 4.567192597685527, 'm1': 0.21168747644417074, 'm2': 0.15660824623596567, 'l1cg': 0.07838058888659681, 'l1': 0.15197509122646902, 'l2cg': 0.06866346987804536, 'I1z': 0.00048464571205596255, 'I2x': 0.0003690728030979756, 'I2y': 2.914135084123407e-05, 'I2z': 0.00035420587643020067}, 'init_theta_std_deg': 4.664863465721505, 'init_alpha_std_deg': 8.781927070787185, 'init_theta_dot_std': 0.15080286948932575, 'init_alpha_dot_std': 0.7443989425572805, 'pwm_limit': 141.86240371108158, 'pwm_gain': 0.9936970028017835, 'pwm_bias': 0.6497327329262268, 'pwm_deadzone': 0.6420586410264483, 'pwm_noise_sigma': 0.5802151758255978, 'actuator_tau': 0.0011540936242013127, 'action_delay_steps': 0, 'theta_bias': 0.002742505399836954, 'alpha_bias': 0.0003042377819929303, 'theta_sigma': 0.0016323966277860394, 'alpha_sigma': 0.005204854494313125, 'theta_dot_sigma': 0.07428091190721332, 'alpha_dot_sigma': 0.17125045578401862, 'encoder_quantization_rad': 0.00033824430725345783, 'velocity_lpf': 0.25, 'process_theta_dot_sigma': 0.0, 'process_alpha_dot_sigma': 0.0}"
3694000,3,randomization_0.30,0.3,"{'level': 0.3, 'physical': {'g': 9.742068083137262, 'c_theta': 0.033609573308371166, 'c_alpha': 0.0019155981500026378, 'k_t': 0.24288666853411378, 'k_b': 0.18816806371153144, 'k_u': 0.05105928030661298, 'R': 4.132532095558344, 'm1': 0.1920943280863184, 'm2': 0.164456141006992, 'l1cg': 0.07678735700544097, 'l1': 0.15267359837740285, 'l2cg': 0.0698497486499824, 'I1z': 0.0005263969941128964, 'I2x': 0.0003654532289441177, 'I2y': 2.345482868985335e-05, 'I2z': 0.0003351172287484884}, 'init_theta_std_deg': 4.373608736706325, 'init_alpha_std_deg': 8.58477522614422, 'init_theta_dot_std': 0.4245154172027824, 'init_alpha_dot_std': 0.2829842286565176, 'pwm_limit': 145.79827098265352, 'pwm_gain': 1.027114375028675, 'pwm_bias': -0.4081710711423387, 'pwm_deadzone': 1.4125695764649846, 'pwm_noise_sigma': 0.5973907283590434, 'actuator_tau': 0.0018776672468322339, 'action_delay_steps': 0, 'theta_bias': 0.0014082412080942018, 'alpha_bias': 0.0014882432231936344, 'theta_sigma': 0.001722879210397423, 'alpha_sigma': 0.0022223149530768626, 'theta_dot_sigma': 0.0411966068279793, 'alpha_dot_sigma': 0.17310203579077627, 'encoder_quantization_rad': 0.00010140883565782406, 'velocity_lpf': 0.25, 'process_theta_dot_sigma': 0.0, 'process_alpha_dot_sigma': 0.0}"
3696000,3,randomization_0.30,0.3,"{'level': 0.3, 'physical': {'g': 9.904181581273912, 'c_theta': 0.026022354290318236, 'c_alpha': 0.0018027253948770922, 'k_t': 0.21706235570556018, 'k_b': 0.17929947373372798, 'k_u': 0.04673402382292102, 'R': 4.349397766937809, 'm1': 0.2096833680110489, 'm2': 0.16509031917698, 'l1cg': 0.08208936461854545, 'l1': 0.15272675093788424, 'l2cg': 0.06473381127221675, 'I1z': 0.0004293741670210872, 'I2x': 0.00034979533455874905, 'I2y': 2.5267664919589024e-05, 'I2z': 0.0003587862859644799}, 'init_theta_std_deg': 4.733986892009566, 'init_alpha_std_deg': 9.707570988211524, 'init_theta_dot_std': 0.22625250414794046, 'init_alpha_dot_std': 0.5642768126928368, 'pwm_limit': 143.88646088057774, 'pwm_gain': 0.9922626844690559, 'pwm_bias': 1.0206110673311544, 'pwm_deadzone': 0.13556853770043342, 'pwm_noise_sigma': 0.05756896885555482, 'actuator_tau': 0.0063568155932644055, 'action_delay_steps': 0, 'theta_bias': -0.0028694980232143413, 'alpha_bias': 0.0002719444736372276, 'theta_sigma': 0.00035097043314195723, 'alpha_sigma': 0.00529905419019484, 'theta_dot_sigma': 0.01993086488569773, 'alpha_dot_sigma': 0.01565685477121062, 'encoder_quantization_rad': 0.00042753292060596077, 'velocity_lpf': 0.2544691459551806, 'process_theta_dot_sigma': 0.0, 'process_alpha_dot_sigma': 0.0}"
3698000,3,randomization_0.30,0.3,"{'level': 0.3, 'physical': {'g': 9.670216625542677, 'c_theta': 0.019719698776493516, 'c_alpha': 0.0019936823864091517, 'k_t': 0.24231520420284033, 'k_b': 0.17858858906935035, 'k_u': 0.050630519453827315, 'R': 4.4492649501246095, 'm1': 0.20457920619248082, 'm2': 0.1624013138754121, 'l1cg': 0.08319730427202035, 'l1': 0.1503083789683446, 'l2cg': 0.06606259661963824, 'I1z': 0.0005836652864350469, 'I2x': 0.00036042924958369155, 'I2y': 2.813938445577391e-05, 'I2z': 0.00043374388261738613}, 'init_theta_std_deg': 5.84568523590172, 'init_alpha_std_deg': 7.592993868231693, 'init_theta_dot_std': 0.12083903085067363, 'init_alpha_dot_std': 0.025865852684026136, 'pwm_limit': 145.6232093421335, 'pwm_gain': 1.0183627543729665, 'pwm_bias': -0.9158710762620105, 'pwm_deadzone': 0.9254120918552581, 'pwm_noise_sigma': 0.0339062406401545, 'actuator_tau': 0.005154358066705979, 'action_delay_steps': 0, 'theta_bias': -0.0010406233426915664, 'alpha_bias': 0.0004079664651911436, 'theta_sigma': 0.0017246834500897492, 'alpha_sigma': 0.001208485591753323, 'theta_dot_sigma': 0.058848433589410415, 'alpha_dot_sigma': 0.17657437988695934, 'encoder_quantization_rad': 9.16796463054508e-05, 'velocity_lpf': 0.25, 'process_theta_dot_sigma': 0.0, 'process_alpha_dot_sigma': 0.0}"
3700000,3,randomization_0.30,0.3,"{'level': 0.3, 'physical': {'g': 9.667489083213805, 'c_theta': 0.02780846038573076, 'c_alpha': 0.0019095322978718292, 'k_t': 0.2320790685857113, 'k_b': 0.19345360277620977, 'k_u': 0.04953218030148742, 'R': 4.119487828806886, 'm1': 0.19352167803627837, 'm2': 0.16072558598293604, 'l1cg': 0.07706586023493642, 'l1': 0.15047941121928066, 'l2cg': 0.07006411500833186, 'I1z': 0.0004625349330565962, 'I2x': 0.0003724156481394148, 'I2y': 2.1718872443288415e-05, 'I2z': 0.0004116470503448159}, 'init_theta_std_deg': 4.1848091417679285, 'init_alpha_std_deg': 7.489172338338899, 'init_theta_dot_std': 0.19571247995559438, 'init_alpha_dot_std': 0.20995885210034992, 'pwm_limit': 144.1050887912235, 'pwm_gain': 0.9721170304874356, 'pwm_bias': 0.41400779362263973, 'pwm_deadzone': 1.2644549494176434, 'pwm_noise_sigma': 0.5060424848822582, 'actuator_tau': 0.005150904680969945, 'action_delay_steps': 0, 'theta_bias': 0.0025666228508770305, 'alpha_bias': 0.0002844710767947449, 'theta_sigma': 0.0017396760779505836, 'alpha_sigma': 0.0037543702585372822, 'theta_dot_sigma': 0.0989992441280005, 'alpha_dot_sigma': 0.06873773048560373, 'encoder_quantization_rad': 0.0004245772671032887, 'velocity_lpf': 0.2631081198908123, 'process_theta_dot_sigma': 0.0, 'process_alpha_dot_sigma': 0.0}"
3702000,3,randomization_0.30,0.3,"{'level': 0.3, 'physical': {'g': 9.693903204173544, 'c_theta': 0.03817200296783541, 'c_alpha': 0.0008653134429022075, 'k_t': 0.2211877689462078, 'k_b': 0.19953119472631053, 'k_u': 0.0445389095449137, 'R': 4.20048960280302, 'm1': 0.2007924202134854, 'm2': 0.15966240658165506, 'l1cg': 0.08298460123706772, 'l1': 0.15453928792095337, 'l2cg': 0.06659144267642107, 'I1z': 0.0005716565013875992, 'I2x': 0.00035467072574912813, 'I2y': 2.2289987295308753e-05, 'I2z': 0.00041616774249708964}, 'init_theta_std_deg': 4.470856473421867, 'init_alpha_std_deg': 7.629641355098958, 'init_theta_dot_std': 0.016784387406283345, 'init_alpha_dot_std': 0.34213300127284135, 'pwm_limit': 142.93228949757838, 'pwm_gain': 0.9701303829942656, 'pwm_bias': 0.9576719324117922, 'pwm_deadzone': 0.9446914464183476, 'pwm_noise_sigma': 0.2338217268295316, 'actuator_tau': 0.0032430033982572028, 'action_delay_steps': 0, 'theta_bias': -0.001912980567288384, 'alpha_bias': -0.0026455714174541075, 'theta_sigma': 0.0008977584980053137, 'alpha_sigma': 0.00310284946696942, 'theta_dot_sigma': 0.10338586630332255, 'alpha_dot_sigma': 0.0174749760409878, 'encoder_quantization_rad': 0.0001839797942072012, 'velocity_lpf': 0.25, 'process_theta_dot_sigma': 0.0, 'process_alpha_dot_sigma': 0.0}"
3704000,3,randomization_0.30,0.3,"{'level': 0.3, 'physical': {'g': 9.925988173928937, 'c_theta': 0.04158219416491047, 'c_alpha': 0.001971081534571565, 'k_t': 0.2482291883093249, 'k_b': 0.18859447836182094, 'k_u': 0.04304296532767354, 'R': 4.305500989250242, 'm1': 0.1914449265684594, 'm2': 0.16528964557429973, 'l1cg': 0.0804170251311286, 'l1': 0.1496123062642534, 'l2cg': 0.06664422284424808, 'I1z': 0.0005315648995699203, 'I2x': 0.0003653411324504373, 'I2y': 2.2395062171996004e-05, 'I2z': 0.00039688998011577406}, 'init_theta_std_deg': 4.83662666350013, 'init_alpha_std_deg': 10.029668400529978, 'init_theta_dot_std': 0.26111343028430894, 'init_alpha_dot_std': 0.11222562807659703, 'pwm_limit': 145.93081409289127, 'pwm_gain': 0.9832592702983268, 'pwm_bias': 0.7060404310029403, 'pwm_deadzone': 0.48160179569897243, 'pwm_noise_sigma': 0.19750162758446602, 'actuator_tau': 0.008635289574575763, 'action_delay_steps': 0, 'theta_bias': 0.00027287857136249014, 'alpha_bias': 0.003284113716203063, 'theta_sigma': 0.0003146836968606668, 'alpha_sigma': 0.005947129128009357, 'theta_dot_sigma': 0.024870071767981942, 'alpha_dot_sigma': 0.05402072918793058, 'encoder_quantization_rad': 2.9166784253948856e-05, 'velocity_lpf': 0.25, 'process_theta_dot_sigma': 0.0, 'process_alpha_dot_sigma': 0.0}"
3706000,3,randomization_0.30,0.3,"{'level': 0.3, 'physical': {'g': 9.918886054782886, 'c_theta': 0.034121468084780004, 'c_alpha': 0.002001236763739398, 'k_t': 0.21541657953130877, 'k_b': 0.18869231504060008, 'k_u': 0.04563107031863262, 'R': 4.488193947816837, 'm1': 0.20039231276955344, 'm2': 0.15482643858791081, 'l1cg': 0.07918066707784016, 'l1': 0.15370072309067073, 'l2cg': 0.06195706565486493, 'I1z': 0.0005101502613773711, 'I2x': 0.00035446331707996765, 'I2y': 2.0822117981541127e-05, 'I2z': 0.0003814773696416038}, 'init_theta_std_deg': 4.84372476105041, 'init_alpha_std_deg': 8.013511916929462, 'init_theta_dot_std': 0.129220483705726, 'init_alpha_dot_std': 0.5318617776789082, 'pwm_limit': 149.91219134360455, 'pwm_gain': 1.0292332694727897, 'pwm_bias': 0.06735244439783639, 'pwm_deadzone': 1.7629417525292386, 'pwm_noise_sigma': 0.5664773838012267, 'actuator_tau': 0.004247411918286165, 'action_delay_steps': 0, 'theta_bias': 0.00012412338628544785, 'alpha_bias': 0.0004663961743202473, 'theta_sigma': 0.0005574214158431446, 'alpha_sigma': 0.00304530147737484, 'theta_dot_sigma': 0.054968686441345185, 'alpha_dot_sigma': 0.1452107619184524, 'encoder_quantization_rad': 0.00013567412615282892, 'velocity_lpf': 0.24392731291453346, 'process_theta_dot_sigma': 0.0, 'process_alpha_dot_sigma': 0.0}"
3708000,3,randomization_0.30,0.3,"{'level': 0.3, 'physical': {'g': 9.899211993624764, 'c_theta': 0.019596757516203392, 'c_alpha': 0.0016407721452417613, 'k_t': 0.23049790779835239, 'k_b': 0.17562567698176834, 'k_u': 0.04794377644093127, 'R': 4.3563760385327885, 'm1': 0.21544081211843213, 'm2': 0.15638037689086548, 'l1cg': 0.08244989075354263, 'l1': 0.1544099757174521, 'l2cg': 0.06889965337574352, 'I1z': 0.0005308766469441659, 'I2x': 0.0003706415825047964, 'I2y': 2.056952464993562e-05, 'I2z': 0.000356034834188393}, 'init_theta_std_deg': 4.658655177213629, 'init_alpha_std_deg': 8.882108387136782, 'init_theta_dot_std': 0.22397720361891368, 'init_alpha_dot_std': 0.12621181759128805, 'pwm_limit': 149.91910509171652, 'pwm_gain': 1.0010774557343987, 'pwm_bias': 1.1356743304257426, 'pwm_deadzone': 2.071292234114313, 'pwm_noise_sigma': 0.3738417823548576, 'actuator_tau': 0.0006201937280728337, 'action_delay_steps': 0, 'theta_bias': 0.0020165111703930177, 'alpha_bias': -0.0032173361717572706, 'theta_sigma': 0.0010515413805349987, 'alpha_sigma': 9.729533163914073e-05, 'theta_dot_sigma': 0.04951285828420449, 'alpha_dot_sigma': 0.08331523779441138, 'encoder_quantization_rad': 0.00020548030991886343, 'velocity_lpf': 0.25, 'process_theta_dot_sigma': 0.0, 'process_alpha_dot_sigma': 0.0}"
3710000,3,randomization_0.30,0.3,"{'level': 0.3, 'physical': {'g': 9.701847449333687, 'c_theta': 0.02574310075099642, 'c_alpha': 0.0007861601418177345, 'k_t': 0.23811708695365555, 'k_b': 0.18058683407751808, 'k_u': 0.04872115757282029, 'R': 4.605474746086269, 'm1': 0.22030586614428238, 'm2': 0.15212799067046995, 'l1cg': 0.08234229362994455, 'l1': 0.14926724075652792, 'l2cg': 0.06564834599280248, 'I1z': 0.0005101363352622502, 'I2x': 0.0003736487481483025, 'I2y': 2.3497156114085816e-05, 'I2z': 0.00033833547989387127}, 'init_theta_std_deg': 4.420300798423163, 'init_alpha_std_deg': 8.518853939012724, 'init_theta_dot_std': 0.37250631525737676, 'init_alpha_dot_std': 0.4811216744477354, 'pwm_limit': 144.53974015276822, 'pwm_gain': 0.9809718751203059, 'pwm_bias': -0.8813539259580604, 'pwm_deadzone': 2.8421846456498754, 'pwm_noise_sigma': 0.33255014933746907, 'actuator_tau': 0.001107754983189443, 'action_delay_steps': 0, 'theta_bias': 0.0012597103092219892, 'alpha_bias': 0.0010478266475473386, 'theta_sigma': 0.0017757197700227299, 'alpha_sigma': 0.0052934553663580245, 'theta_dot_sigma': 0.10457552932880763, 'alpha_dot_sigma': 0.17240842494996494, 'encoder_quantization_rad': 0.00016172500969963014, 'velocity_lpf': 0.25, 'process_theta_dot_sigma': 0.0, 'process_alpha_dot_sigma': 0.0}"
3712000,3,randomization_0.30,0.3,"{'level': 0.3, 'physical': {'g': 9.818967650119324, 'c_theta': 0.034883669088337704, 'c_alpha': 0.001115008813436495, 'k_t': 0.2337727317760353, 'k_b': 0.17892456850581007, 'k_u': 0.04776719766457183, 'R': 4.4388486402845935, 'm1': 0.21312474757065894, 'm2': 0.159818141945091, 'l1cg': 0.07902866640760209, 'l1': 0.15489578953980626, 'l2cg': 0.06388721055121269, 'I1z': 0.0005826518014307869, 'I2x': 0.00038642962530296445, 'I2y': 2.864603381061002e-05, 'I2z': 0.00038647544984825826}, 'init_theta_std_deg': 5.4768242375578104, 'init_alpha_std_deg': 7.329769355305912, 'init_theta_dot_std': 0.10880260509810857, 'init_alpha_dot_std': 0.5760484195104262, 'pwm_limit': 147.03722989369345, 'pwm_gain': 1.0170678519424803, 'pwm_bias': 0.7706425282406039, 'pwm_deadzone': 0.7615831074519687, 'pwm_noise_sigma': 0.4587790286544748, 'actuator_tau': 0.0005001104426245609, 'action_delay_steps': 0, 'theta_bias': -0.002838800641429351, 'alpha_bias': 0.0001942474248124168, 'theta_sigma': 0.0006808789222148017, 'alpha_sigma': 0.005338836692386359, 'theta_dot_sigma': 0.09334985320651666, 'alpha_dot_sigma': 0.11809455633584337, 'encoder_quantization_rad': 0.00017251380862593653, 'velocity_lpf': 0.25, 'process_theta_dot_sigma': 0.0, 'process_alpha_dot_sigma': 0.0}"
3714000,3,randomization_0.30,0.3,"{'level': 0.3, 'physical': {'g': 9.809236617063554, 'c_theta': 0.04309922237480846, 'c_alpha': 0.0017869112267361648, 'k_t': 0.2188779874442206, 'k_b': 0.197092964661867, 'k_u': 0.04380485809026821, 'R': 4.180492741055201, 'm1': 0.2198012593286427, 'm2': 0.1609653783701029, 'l1cg': 0.08015036155324679, 'l1': 0.1518210204025315, 'l2cg': 0.06891329445353733, 'I1z': 0.000458222129210582, 'I2x': 0.0003897029505225937, 'I2y': 2.1331650677801383e-05, 'I2z': 0.0004125142316734498}, 'init_theta_std_deg': 5.564703139549833, 'init_alpha_std_deg': 10.008497515450168, 'init_theta_dot_std': 0.38686348067956866, 'init_alpha_dot_std': 0.24555567053597777, 'pwm_limit': 149.60920604067803, 'pwm_gain': 0.9912181932899079, 'pwm_bias': -0.03207491999405443, 'pwm_deadzone': 0.6702714285308022, 'pwm_noise_sigma': 0.0620909449820431, 'actuator_tau': 0.006343174049863539, 'action_delay_steps': 0, 'theta_bias': 0.0010687233157261847, 'alpha_bias': -0.00032047374274325405, 'theta_sigma': 0.0008558009768107919, 'alpha_sigma': 0.0024783094343353356, 'theta_dot_sigma': 0.08687291405772332, 'alpha_dot_sigma': 0.08237321708060133, 'encoder_quantization_rad': 0.0003238896995481584, 'velocity_lpf': 0.25, 'process_theta_dot_sigma': 0.0, 'process_alpha_dot_sigma': 0.0}"
3716000,3,randomization_0.30,0.3,"{'level': 0.3, 'physical': {'g': 9.709312554390745, 'c_theta': 0.04234728886737707, 'c_alpha': 0.0010031881677182658, 'k_t': 0.2216205797730612, 'k_b': 0.1852283379045197, 'k_u': 0.04665147753470536, 'R': 4.482252474046393, 'm1': 0.2197521117373108, 'm2': 0.15473865343940532, 'l1cg': 0.08387320122167413, 'l1': 0.1526184627151846, 'l2cg': 0.06580423088327621, 'I1z': 0.0005767522797248141, 'I2x': 0.00036574406533595164, 'I2y': 2.723065002794935e-05, 'I2z': 0.0003187554746789835}, 'init_theta_std_deg': 4.258191524663759, 'init_alpha_std_deg': 9.58909175515639, 'init_theta_dot_std': 0.34065757145942416, 'init_alpha_dot_std': 0.6874979564835431, 'pwm_limit': 151.9615706035794, 'pwm_gain': 0.9700757142166108, 'pwm_bias': -0.04897747773856942, 'pwm_deadzone': 1.8739553558580506, 'pwm_noise_sigma': 0.25765008957561086, 'actuator_tau': 0.005142794080076323, 'action_delay_steps': 0, 'theta_bias': -0.0025693418868253204, 'alpha_bias': 0.0026433490316495637, 'theta_sigma': 0.0011098931198035475, 'alpha_sigma': 0.005936195731383172, 'theta_dot_sigma': 0.08348505869857209, 'alpha_dot_sigma': 0.0015584204385565648, 'encoder_quantization_rad': 0.00022814499077865213, 'velocity_lpf': 0.25, 'process_theta_dot_sigma': 0.0, 'process_alpha_dot_sigma': 0.0}"
3718000,3,randomization_0.30,0.3,"{'level': 0.3, 'physical': {'g': 9.91920733112276, 'c_theta': 0.04059618250587597, 'c_alpha': 0.001608097414480908, 'k_t': 0.23716958072093672, 'k_b': 0.18780850685944575, 'k_u': 0.04778413965302784, 'R': 4.555793414581074, 'm1': 0.21877210409474593, 'm2': 0.16423273797369153, 'l1cg': 0.07722024059995922, 'l1': 0.15028092221602563, 'l2cg': 0.06541915860669802, 'I1z': 0.0004391753262168659, 'I2x': 0.00038273839435582114, 'I2y': 2.341101995094826e-05, 'I2z': 0.0003258911310244061}, 'init_theta_std_deg': 6.052203551574332, 'init_alpha_std_deg': 9.458188026166036, 'init_theta_dot_std': 0.12854513491705932, 'init_alpha_dot_std': 0.319721327558585, 'pwm_limit': 151.2103517442985, 'pwm_gain': 0.9946525559920996, 'pwm_bias': -0.025601139473955037, 'pwm_deadzone': 1.5363159268819455, 'pwm_noise_sigma': 0.0641414791839869, 'actuator_tau': 0.007553964601112309, 'action_delay_steps': 0, 'theta_bias': 0.0013646958706480332, 'alpha_bias': -0.0023383220770970396, 'theta_sigma': 0.0016684482254403403, 'alpha_sigma': 0.0026855867727163542, 'theta_dot_sigma': 0.036828164548929516, 'alpha_dot_sigma': 0.003845149764446174, 'encoder_quantization_rad': 0.0002827666739878454, 'velocity_lpf': 0.25, 'process_theta_dot_sigma': 0.0, 'process_alpha_dot_sigma': 0.0}"
3720000,3,randomization_0.30,0.3,"{'level': 0.3, 'physical': {'g': 9.669236402137585, 'c_theta': 0.028933382772424056, 'c_alpha': 0.001894525378680056, 'k_t': 0.23875453220951884, 'k_b': 0.18018133939217396, 'k_u': 0.043037662045240656, 'R': 4.246733220096634, 'm1': 0.20798613295652352, 'm2': 0.16409745785624613, 'l1cg': 0.0837177672883251, 'l1': 0.15412606623610264, 'l2cg': 0.07050652779024162, 'I1z': 0.000491314386490359, 'I2x': 0.0003726828856548378, 'I2y': 2.223666535845173e-05, 'I2z': 0.0003867450407199263}, 'init_theta_std_deg': 4.709210128300586, 'init_alpha_std_deg': 10.290338661320417, 'init_theta_dot_std': 0.22012569705585935, 'init_alpha_dot_std': 0.5657329513476843, 'pwm_limit': 146.810484819472, 'pwm_gain': 1.00967290116649, 'pwm_bias': 1.132898404480851, 'pwm_deadzone': 2.7993375531335953, 'pwm_noise_sigma': 0.048421043276336714, 'actuator_tau': 0.002620464901318214, 'action_delay_steps': 0, 'theta_bias': -0.0005006762760225582, 'alpha_bias': -0.001012517792219513, 'theta_sigma': 0.0005498081638605147, 'alpha_sigma': 0.0023912041127464147, 'theta_dot_sigma': 0.007833276860800667, 'alpha_dot_sigma': 0.1495086445350474, 'encoder_quantization_rad': 8.286657996989247e-05, 'velocity_lpf': 0.25, 'process_theta_dot_sigma': 0.0, 'process_alpha_dot_sigma': 0.0}"
3722000,3,randomization_0.30,0.3,"{'level': 0.3, 'physical': {'g': 9.732996152045542, 'c_theta': 0.024513149044921346, 'c_alpha': 0.0015519872656503857, 'k_t': 0.21768415893552334, 'k_b': 0.19046214400084271, 'k_u': 0.04390834367037097, 'R': 4.2488968577249, 'm1': 0.1937479934099823, 'm2': 0.15188788275409776, 'l1cg': 0.07752624457059487, 'l1': 0.1483859086893905, 'l2cg': 0.06840729662384425, 'I1z': 0.0005595945906259623, 'I2x': 0.0003865730240637372, 'I2y': 2.584169548226545e-05, 'I2z': 0.0003675206626243696}, 'init_theta_std_deg': 5.315553525501854, 'init_alpha_std_deg': 10.078017234040146, 'init_theta_dot_std': 0.09292631367145628, 'init_alpha_dot_std': 0.6286774868614166, 'pwm_limit': 146.06858607451315, 'pwm_gain': 1.0265382640166791, 'pwm_bias': -0.9434116588884374, 'pwm_deadzone': 2.556936727112145, 'pwm_noise_sigma': 0.2519386399855272, 'actuator_tau': 0.0022383175592634234, 'action_delay_steps': 0, 'theta_bias': -0.0016049401700467048, 'alpha_bias': -0.002518478247583835, 'theta_sigma': 0.001214834553007165, 'alpha_sigma': 0.005858202577956911, 'theta_dot_sigma': 0.10271969251669086, 'alpha_dot_sigma': 0.09190247203165951, 'encoder_quantization_rad': 0.0004221870960476507, 'velocity_lpf': 0.25, 'process_theta_dot_sigma': 0.0, 'process_alpha_dot_sigma': 0.0}"
3724000,3,randomization_0.30,0.3,"{'level': 0.3, 'physical': {'g': 9.893916138843442, 'c_theta': 0.02794838514293615, 'c_alpha': 0.001700133198029708, 'k_t': 0.23978739444994937, 'k_b': 0.1760078545210489, 'k_u': 0.0502631411626865, 'R': 4.603544497785267, 'm1': 0.2058528740111137, 'm2': 0.15369025766416838, 'l1cg': 0.08295934576227124, 'l1': 0.1516166527075164, 'l2cg': 0.06820062586970017, 'I1z': 0.0005046879495956958, 'I2x': 0.0003909732232464791, 'I2y': 2.0830749457594203e-05, 'I2z': 0.00043995079395184696}, 'init_theta_std_deg': 4.733557511836233, 'init_alpha_std_deg': 10.21706689265157, 'init_theta_dot_std': 0.09248163677457057, 'init_alpha_dot_std': 0.1530732323100055, 'pwm_limit': 150.18131225611222, 'pwm_gain': 0.9838885939274022, 'pwm_bias': -0.059147840249642855, 'pwm_deadzone': 1.2791423091770269, 'pwm_noise_sigma': 0.2903070106461749, 'actuator_tau': 0.008716892654421512, 'action_delay_steps': 0, 'theta_bias': -0.0011565967079326697, 'alpha_bias': -0.002408024613721563, 'theta_sigma': 0.0009296878587700525, 'alpha_sigma': 0.0031472336090441503, 'theta_dot_sigma': 0.06660404854894565, 'alpha_dot_sigma': 0.1100711241366071, 'encoder_quantization_rad': 0.0003761678676960841, 'velocity_lpf': 0.2441069961205321, 'process_theta_dot_sigma': 0.0, 'process_alpha_dot_sigma': 0.0}"
3726000,3,randomization_0.30,0.3,"{'level': 0.3, 'physical': {'g': 9.825096680557222, 'c_theta': 0.030508612951172825, 'c_alpha': 0.0015168513330120932, 'k_t': 0.21918139974234574, 'k_b': 0.17482916360211237, 'k_u': 0.049027491000406785, 'R': 4.498186295380227, 'm1': 0.19855385298610045, 'm2': 0.16428445981819556, 'l1cg': 0.08112093657234636, 'l1': 0.15516513994375997, 'l2cg': 0.06916639975271535, 'I1z': 0.0004419458464085819, 'I2x': 0.00037723495481728156, 'I2y': 2.911703690783123e-05, 'I2z': 0.00034830706666847094}, 'init_theta_std_deg': 5.391819910202578, 'init_alpha_std_deg': 9.00547157361834, 'init_theta_dot_std': 0.3691679103943629, 'init_alpha_dot_std': 0.1537173427097514, 'pwm_limit': 147.69813120828871, 'pwm_gain': 1.0160087342422477, 'pwm_bias': -0.1839191366700831, 'pwm_deadzone': 0.3458340207668982, 'pwm_noise_sigma': 0.15603040206063246, 'actuator_tau': 0.0023136903126621906, 'action_delay_steps': 0, 'theta_bias': 0.002098650932058896, 'alpha_bias': 0.001937081800020875, 'theta_sigma': 0.0003606707283422702, 'alpha_sigma': 0.0008989671924583748, 'theta_dot_sigma': 0.016025497091513848, 'alpha_dot_sigma': 0.12682329909708537, 'encoder_quantization_rad': 0.0002588172019068715, 'velocity_lpf': 0.25, 'process_theta_dot_sigma': 0.0, 'process_alpha_dot_sigma': 0.0}"
3728000,3,randomization_0.30,0.3,"{'level': 0.3, 'physical': {'g': 9.743213080386575, 'c_theta': 0.03910058476155711, 'c_alpha': 0.0007839021123055386, 'k_t': 0.2232746070533182, 'k_b': 0.1749659558581437, 'k_u': 0.044122868634686396, 'R': 4.3787319836573815, 'm1': 0.21732390195013004, 'm2': 0.1530464473514282, 'l1cg': 0.08005863849447457, 'l1': 0.14885317998515782, 'l2cg': 0.06269471897249178, 'I1z': 0.0005449513758309208, 'I2x': 0.00035319500012303233, 'I2y': 2.5875658965224667e-05, 'I2z': 0.00038485276492973396}, 'init_theta_std_deg': 6.14451150294491, 'init_alpha_std_deg': 8.73320775795501, 'init_theta_dot_std': 0.11999822069949528, 'init_alpha_dot_std': 0.6851009014976591, 'pwm_limit': 144.66781104279954, 'pwm_gain': 0.992288952243819, 'pwm_bias': -1.0083645788371178, 'pwm_deadzone': 1.2788391784746178, 'pwm_noise_sigma': 0.29401616349239207, 'actuator_tau': 0.005892888229209905, 'action_delay_steps': 0, 'theta_bias': -0.0018205497834957477, 'alpha_bias': -0.0007095066950664722, 'theta_sigma': 3.005303486847195e-05, 'alpha_sigma': 0.005813940915220272, 'theta_dot_sigma': 0.09329950485794607, 'alpha_dot_sigma': 0.08096542899525071, 'encoder_quantization_rad': 0.000344105534862152, 'velocity_lpf': 0.25880310780861954, 'process_theta_dot_sigma': 0.0, 'process_alpha_dot_sigma': 0.0}"
3730000,3,randomization_0.30,0.3,"{'level': 0.3, 'physical': {'g': 9.682738556504878, 'c_theta': 0.036480341800215484, 'c_alpha': 0.00088188326444307, 'k_t': 0.21454194324471124, 'k_b': 0.18189374139700318, 'k_u': 0.044664964185325735, 'R': 4.120139593657211, 'm1': 0.19536933681254376, 'm2': 0.1515363518180096, 'l1cg': 0.07961541902189634, 'l1': 0.15461958933842054, 'l2cg': 0.06827043602228018, 'I1z': 0.0005093703604049772, 'I2x': 0.00038583455760706696, 'I2y': 2.1567594308946106e-05, 'I2z': 0.00037967219047305937}, 'init_theta_std_deg': 6.04389577686134, 'init_alpha_std_deg': 9.620326510727724, 'init_theta_dot_std': 0.0111379100931623, 'init_alpha_dot_std': 0.23172002803959907, 'pwm_limit': 146.15448366539584, 'pwm_gain': 0.9954826812564384, 'pwm_bias': -0.6056077963270393, 'pwm_deadzone': 1.163443815914665, 'pwm_noise_sigma': 0.39485869265064444, 'actuator_tau': 0.008591570837129596, 'action_delay_steps': 0, 'theta_bias': 0.0005716418936982934, 'alpha_bias': 0.0003567652021365486, 'theta_sigma': 0.0017990396829830283, 'alpha_sigma': 0.0014065527861355496, 'theta_dot_sigma': 0.09533365628428762, 'alpha_dot_sigma': 0.054071139588745876, 'encoder_quantization_rad': 0.00029482143049575375, 'velocity_lpf': 0.26043281046684347, 'process_theta_dot_sigma': 0.0, 'process_alpha_dot_sigma': 0.0}"
3732000,3,randomization_0.30,0.3,"{'level': 0.3, 'physical': {'g': 9.858585578192685, 'c_theta': 0.026662459041013487, 'c_alpha': 0.0011666372354689706, 'k_t': 0.21547206904130264, 'k_b': 0.18042115261386957, 'k_u': 0.04946703512509436, 'R': 4.5603534262935765, 'm1': 0.21289175882826317, 'm2': 0.1524299675646598, 'l1cg': 0.079234450802191, 'l1': 0.1513736521496272, 'l2cg': 0.06890328992325877, 'I1z': 0.0004397313694976835, 'I2x': 0.0003517202658002028, 'I2y': 2.4396091127665264e-05, 'I2z': 0.0004469931638078304}, 'init_theta_std_deg': 5.328603885003476, 'init_alpha_std_deg': 8.50991384175607, 'init_theta_dot_std': 0.11962381482044127, 'init_alpha_dot_std': 0.6556862004684608, 'pwm_limit': 141.67341887404643, 'pwm_gain': 1.0135832094101962, 'pwm_bias': 0.6780154217376055, 'pwm_deadzone': 0.7427838822180074, 'pwm_noise_sigma': 0.1581222639933405, 'actuator_tau': 0.0060893380149504486, 'action_delay_steps': 0, 'theta_bias': 7.113668015447994e-06, 'alpha_bias': -0.0010937308774270748, 'theta_sigma': 0.0006174410026601623, 'alpha_sigma': 0.0009639252123952327, 'theta_dot_sigma': 0.027494786388227506, 'alpha_dot_sigma': 0.06697568849438966, 'encoder_quantization_rad': 0.0001795794717754515, 'velocity_lpf': 0.25, 'process_theta_dot_sigma': 0.0, 'process_alpha_dot_sigma': 0.0}"
3734000,3,randomization_0.30,0.3,"{'level': 0.3, 'physical': {'g': 9.828208123847226, 'c_theta': 0.036086637862051886, 'c_alpha': 0.0009419210473765922, 'k_t': 0.22400143599610375, 'k_b': 0.18735263831551396, 'k_u': 0.04666307330427964, 'R': 4.272776694448497, 'm1': 0.20718676061124033, 'm2': 0.16088694609581236, 'l1cg': 0.08222398733393113, 'l1': 0.15381267863117273, 'l2cg': 0.0692421934045166, 'I1z': 0.0005911382886461954, 'I2x': 0.0003561570169439662, 'I2y': 2.3543046635731787e-05, 'I2z': 0.0003322392111688142}, 'init_theta_std_deg': 4.7814617682415665, 'init_alpha_std_deg': 8.642114439671147, 'init_theta_dot_std': 0.21669959188724844, 'init_alpha_dot_std': 0.3880835410060492, 'pwm_limit': 142.3649792039895, 'pwm_gain': 1.0041707635211476, 'pwm_bias': -1.008664832951418, 'pwm_deadzone': 2.540289452797148, 'pwm_noise_sigma': 0.2669629015911731, 'actuator_tau': 0.0077111629938290994, 'action_delay_steps': 0, 'theta_bias': -0.0004341558578404705, 'alpha_bias': -0.003543483808062374, 'theta_sigma': 0.0006977524035332063, 'alpha_sigma': 0.0032147903144412234, 'theta_dot_sigma': 0.029328890160103285, 'alpha_dot_sigma': 0.17698189997560954, 'encoder_quantization_rad': 0.00012218175492783426, 'velocity_lpf': 0.25, 'process_theta_dot_sigma': 0.0, 'process_alpha_dot_sigma': 0.0}"
3736000,3,randomization_0.30,0.3,"{'level': 0.3, 'physical': {'g': 9.682204047343928, 'c_theta': 0.022092723676295035, 'c_alpha': 0.001370367399157769, 'k_t': 0.22395238079661284, 'k_b': 0.18154887066782358, 'k_u': 0.049450758919138374, 'R': 4.112402282242011, 'm1': 0.21743242993978895, 'm2': 0.1548074291957189, 'l1cg': 0.08370814449649111, 'l1': 0.15332603962202784, 'l2cg': 0.06790799390353931, 'I1z': 0.0005072432293638531, 'I2x': 0.00037318368827955615, 'I2y': 2.5210650439263157e-05, 'I2z': 0.0003309648593049709}, 'init_theta_std_deg': 5.1602148762409525, 'init_alpha_std_deg': 8.8607437449483, 'init_theta_dot_std': 0.01977759052873223, 'init_alpha_dot_std': 0.25638697773050106, 'pwm_limit': 145.32704216492093, 'pwm_gain': 1.0120431990846042, 'pwm_bias': -0.9800309449737612, 'pwm_deadzone': 0.35728972874488685, 'pwm_noise_sigma': 0.36273626746258586, 'actuator_tau': 0.0059658505205263095, 'action_delay_steps': 0, 'theta_bias': 0.0026317993609300235, 'alpha_bias': 0.003178841550659338, 'theta_sigma': 0.0017505341427436975, 'alpha_sigma': 0.005348446767576924, 'theta_dot_sigma': 0.10197766180771228, 'alpha_dot_sigma': 0.08357911773153295, 'encoder_quantization_rad': 4.980249192657445e-05, 'velocity_lpf': 0.2606134271606698, 'process_theta_dot_sigma': 0.0, 'process_alpha_dot_sigma': 0.0}"
3738000,3,randomization_0.30,0.3,"{'level': 0.3, 'physical': {'g': 9.872080736575516, 'c_theta': 0.039074628726226884, 'c_alpha': 0.0017740422591465078, 'k_t': 0.2213584981301479, 'k_b': 0.1764597721355844, 'k_u': 0.05087417509461256, 'R': 4.055177482251115, 'm1': 0.20646885109555083, 'm2': 0.15583552822197558, 'l1cg': 0.07944214541909103, 'l1': 0.14917676229834964, 'l2cg': 0.06313122630824136, 'I1z': 0.0005011076728595097, 'I2x': 0.0003640471912206959, 'I2y': 2.759110042359235e-05, 'I2z': 0.00040283277944541755}, 'init_theta_std_deg': 5.888508059900023, 'init_alpha_std_deg': 10.281634097652622, 'init_theta_dot_std': 0.35127505355879624, 'init_alpha_dot_std': 0.13719541727018716, 'pwm_limit': 145.5773662067618, 'pwm_gain': 0.9821763872173196, 'pwm_bias': 0.7397870760650757, 'pwm_deadzone': 2.356245170207886, 'pwm_noise_sigma': 0.5063706819218159, 'actuator_tau': 0.0066848261500728305, 'action_delay_steps': 0, 'theta_bias': -0.0020327264915047712, 'alpha_bias': -0.002117369925744264, 'theta_sigma': 0.0009143945406368179, 'alpha_sigma': 0.0019697143819760498, 'theta_dot_sigma': 0.04790419760965314, 'alpha_dot_sigma': 0.012981993818666231, 'encoder_quantization_rad': 0.00021146955265727164, 'velocity_lpf': 0.25, 'process_theta_dot_sigma': 0.0, 'process_alpha_dot_sigma': 0.0}"
3740000,3,randomization_0.30,0.3,"{'level': 0.3, 'physical': {'g': 9.938488649915076, 'c_theta': 0.027424096852860094, 'c_alpha': 0.0008854763255280954, 'k_t': 0.236687716438175, 'k_b': 0.18002425664409213, 'k_u': 0.04816386125247858, 'R': 4.5230671820068284, 'm1': 0.2102906058297061, 'm2': 0.15658515468327466, 'l1cg': 0.08356164433577647, 'l1': 0.1491996326180207, 'l2cg': 0.06922582718856848, 'I1z': 0.00043346697999199215, 'I2x': 0.00035420040219082913, 'I2y': 2.0502173012823687e-05, 'I2z': 0.0004010639113875893}, 'init_theta_std_deg': 6.4969140214432795, 'init_alpha_std_deg': 7.145946694052762, 'init_theta_dot_std': 0.435763629437399, 'init_alpha_dot_std': 0.13268497659548587, 'pwm_limit': 145.76291682174312, 'pwm_gain': 1.0250580989355926, 'pwm_bias': 0.9377699967723183, 'pwm_deadzone': 0.775125214837273, 'pwm_noise_sigma': 0.029963892262882163, 'actuator_tau': 0.00842634603624103, 'action_delay_steps': 0, 'theta_bias': -0.0020342785630020578, 'alpha_bias': -0.002007607821176011, 'theta_sigma': 9.948679561162225e-05, 'alpha_sigma': 0.0025998396762040503, 'theta_dot_sigma': 0.018548463276175285, 'alpha_dot_sigma': 0.029832019730888393, 'encoder_quantization_rad': 0.0001348519086922488, 'velocity_lpf': 0.25, 'process_theta_dot_sigma': 0.0, 'process_alpha_dot_sigma': 0.0}"
3742000,3,randomization_0.30,0.3,"{'level': 0.3, 'physical': {'g': 9.69781981879038, 'c_theta': 0.019479405214513263, 'c_alpha': 0.0014671913171780352, 'k_t': 0.22469362399670473, 'k_b': 0.19975383004762798, 'k_u': 0.04292200913227005, 'R': 4.2132458273974125, 'm1': 0.19734608483412455, 'm2': 0.15690578840154354, 'l1cg': 0.07678790555785538, 'l1': 0.15172396161179919, 'l2cg': 0.06525097881064228, 'I1z': 0.0004395318928361694, 'I2x': 0.0003762077187590229, 'I2y': 2.3658831945055275e-05, 'I2z': 0.000368484036439782}, 'init_theta_std_deg': 6.460425395917459, 'init_alpha_std_deg': 8.595918998674088, 'init_theta_dot_std': 0.12789066147835074, 'init_alpha_dot_std': 0.1798592460445381, 'pwm_limit': 141.190013090972, 'pwm_gain': 1.0043310567737092, 'pwm_bias': -0.6187841455175419, 'pwm_deadzone': 2.7152528059261134, 'pwm_noise_sigma': 0.29603776324654985, 'actuator_tau': 0.00541876105877244, 'action_delay_steps': 0, 'theta_bias': -0.00033769794580804893, 'alpha_bias': 0.001065835445919055, 'theta_sigma': 0.0005773794915035844, 'alpha_sigma': 0.0026835511709976533, 'theta_dot_sigma': 0.02492733348056597, 'alpha_dot_sigma': 0.13179310398234453, 'encoder_quantization_rad': 2.4448283692822774e-05, 'velocity_lpf': 0.25, 'process_theta_dot_sigma': 0.0, 'process_alpha_dot_sigma': 0.0}"
3744000,3,randomization_0.30,0.3,"{'level': 0.3, 'physical': {'g': 9.755098520072986, 'c_theta': 0.029826021953408728, 'c_alpha': 0.0017013839754539, 'k_t': 0.22863696804078035, 'k_b': 0.19051365902744277, 'k_u': 0.05096149727769216, 'R': 4.304264740895994, 'm1': 0.21663901977302658, 'm2': 0.15142871769723487, 'l1cg': 0.0783169378800152, 'l1': 0.1480368952132343, 'l2cg': 0.062109084330806655, 'I1z': 0.0005599793471046929, 'I2x': 0.0003485994643504784, 'I2y': 2.8829583439360553e-05, 'I2z': 0.00034603679219112745}, 'init_theta_std_deg': 5.129920788161453, 'init_alpha_std_deg': 7.079882399498893, 'init_theta_dot_std': 0.34206249653717774, 'init_alpha_dot_std': 0.2510012127316347, 'pwm_limit': 151.29692726677607, 'pwm_gain': 1.0212757074900114, 'pwm_bias': -0.24743067493934773, 'pwm_deadzone': 2.9487469553617767, 'pwm_noise_sigma': 0.5534134670718299, 'actuator_tau': 0.00015232865029247497, 'action_delay_steps': 0, 'theta_bias': 0.0002498253027952335, 'alpha_bias': -0.00216823975062416, 'theta_sigma': 0.0017427820028481774, 'alpha_sigma': 0.003217797235315032, 'theta_dot_sigma': 0.08766713208881227, 'alpha_dot_sigma': 0.11464931021462071, 'encoder_quantization_rad': 0.00020758381525089943, 'velocity_lpf': 0.25, 'process_theta_dot_sigma': 0.0, 'process_alpha_dot_sigma': 0.0}"
3746000,3,randomization_0.30,0.3,"{'level': 0.3, 'physical': {'g': 9.922134098108355, 'c_theta': 0.03810472190528917, 'c_alpha': 0.0012904682683800273, 'k_t': 0.2288258662960845, 'k_b': 0.18338351045473894, 'k_u': 0.04510798326560745, 'R': 4.489351846132443, 'm1': 0.19605602145673323, 'm2': 0.15919971786717754, 'l1cg': 0.07888366171371461, 'l1': 0.15370002941943056, 'l2cg': 0.06481336765687541, 'I1z': 0.0005411582544032791, 'I2x': 0.00037508604805993207, 'I2y': 2.844342252761025e-05, 'I2z': 0.0004297901963917955}, 'init_theta_std_deg': 6.163191295841932, 'init_alpha_std_deg': 7.081074601583787, 'init_theta_dot_std': 0.3942863318241544, 'init_alpha_dot_std': 0.07229711107835388, 'pwm_limit': 148.55742274781363, 'pwm_gain': 1.0200611065617557, 'pwm_bias': 1.0837455299974603, 'pwm_deadzone': 1.076371002145001, 'pwm_noise_sigma': 0.4792466119718124, 'actuator_tau': 0.004884676109867956, 'action_delay_steps': 0, 'theta_bias': 0.0004324778204970341, 'alpha_bias': 0.0020973888053556653, 'theta_sigma': 8.601780229806914e-05, 'alpha_sigma': 0.0030317305357316503, 'theta_dot_sigma': 0.05382194336102937, 'alpha_dot_sigma': 0.04043103164782029, 'encoder_quantization_rad': 0.00025311106301127104, 'velocity_lpf': 0.25, 'process_theta_dot_sigma': 0.0, 'process_alpha_dot_sigma': 0.0}"
3748000,3,randomization_0.30,0.3,"{'level': 0.3, 'physical': {'g': 9.857993611099538, 'c_theta': 0.03005041818536174, 'c_alpha': 0.0008426036169146713, 'k_t': 0.23000037730061157, 'k_b': 0.17912387406164343, 'k_u': 0.043011350234887606, 'R': 4.166934034940658, 'm1': 0.20813408768025687, 'm2': 0.16532500428832472, 'l1cg': 0.07844438792486881, 'l1': 0.14982283683956613, 'l2cg': 0.06461643156150063, 'I1z': 0.0004750333993879802, 'I2x': 0.00038246454612268636, 'I2y': 2.832409841103862e-05, 'I2z': 0.00031359679930931413}, 'init_theta_std_deg': 5.814013572495011, 'init_alpha_std_deg': 8.850915942858565, 'init_theta_dot_std': 0.398164135276318, 'init_alpha_dot_std': 0.46352427768858157, 'pwm_limit': 146.7740328249161, 'pwm_gain': 0.9890953197314186, 'pwm_bias': 0.9018381210676805, 'pwm_deadzone': 2.6832996009641157, 'pwm_noise_sigma': 0.5197591422295798, 'actuator_tau': 0.0012364336232212766, 'action_delay_steps': 0, 'theta_bias': 0.0006288696945601677, 'alpha_bias': 0.0012199356655003832, 'theta_sigma': 0.0005421440636036785, 'alpha_sigma': 0.003298769206237579, 'theta_dot_sigma': 0.05427303784834548, 'alpha_dot_sigma': 0.038629635140715206, 'encoder_quantization_rad': 0.00010202083078314486, 'velocity_lpf': 0.25, 'process_theta_dot_sigma': 0.0, 'process_alpha_dot_sigma': 0.0}"
3750000,3,randomization_0.30,0.3,"{'level': 0.3, 'physical': {'g': 9.808475938739033, 'c_theta': 0.037396911728981325, 'c_alpha': 0.001051471357706677, 'k_t': 0.2139865791985397, 'k_b': 0.18137450972914165, 'k_u': 0.044496739113564755, 'R': 4.32299138903018, 'm1': 0.2193414719650766, 'm2': 0.15370815100107968, 'l1cg': 0.07735797328790328, 'l1': 0.15379681524278707, 'l2cg': 0.0713683500011718, 'I1z': 0.000525328042783312, 'I2x': 0.00039004623590004566, 'I2y': 2.5283587988334212e-05, 'I2z': 0.00040086736611799357}, 'init_theta_std_deg': 5.325876970462258, 'init_alpha_std_deg': 8.6185218272556, 'init_theta_dot_std': 0.16375788876503472, 'init_alpha_dot_std': 0.21778728717941034, 'pwm_limit': 146.53381400121162, 'pwm_gain': 1.0106382816439656, 'pwm_bias': -0.6602598162843465, 'pwm_deadzone': 0.5521841929987669, 'pwm_noise_sigma': 0.5261376303661817, 'actuator_tau': 0.0001683852919123113, 'action_delay_steps': 0, 'theta_bias': 0.00023815375065669865, 'alpha_bias': 0.0031245379555823356, 'theta_sigma': 0.00033562916154927666, 'alpha_sigma': 0.004185453295899597, 'theta_dot_sigma': 0.06599471571862105, 'alpha_dot_sigma': 0.12289607966161079, 'encoder_quantization_rad': 0.000173598479481173, 'velocity_lpf': 0.25, 'process_theta_dot_sigma': 0.0, 'process_alpha_dot_sigma': 0.0}"
3752000,3,randomization_0.30,0.3,"{'level': 0.3, 'physical': {'g': 9.716449477943573, 'c_theta': 0.022035150579527877, 'c_alpha': 0.0010192346058807062, 'k_t': 0.23026729434669477, 'k_b': 0.1856894837836964, 'k_u': 0.051062849685548195, 'R': 4.048766329314708, 'm1': 0.20421178942310406, 'm2': 0.15900528897304247, 'l1cg': 0.07722400892296502, 'l1': 0.15185398462677444, 'l2cg': 0.06309386212712999, 'I1z': 0.0004460669159707874, 'I2x': 0.0003810398939060603, 'I2y': 2.8008372598949758e-05, 'I2z': 0.00039228684058670635}, 'init_theta_std_deg': 5.516254336719121, 'init_alpha_std_deg': 6.8077721618536575, 'init_theta_dot_std': 0.17875399778713016, 'init_alpha_dot_std': 0.7394835289056717, 'pwm_limit': 150.47240234112434, 'pwm_gain': 1.0222503929587732, 'pwm_bias': 1.1595944010520711, 'pwm_deadzone': 0.748988714296151, 'pwm_noise_sigma': 0.4009761873154969, 'actuator_tau': 0.00010284383030868948, 'action_delay_steps': 0, 'theta_bias': 0.00012888646007004522, 'alpha_bias': 0.0013600312678791091, 'theta_sigma': 0.0008343142200593346, 'alpha_sigma': 0.005133052759346465, 'theta_dot_sigma': 0.06181900150756021, 'alpha_dot_sigma': 0.10181099329854897, 'encoder_quantization_rad': 0.00043120809436728784, 'velocity_lpf': 0.23968133382289644, 'process_theta_dot_sigma': 0.0, 'process_alpha_dot_sigma': 0.0}"
3754000,3,randomization_0.30,0.3,"{'level': 0.3, 'physical': {'g': 9.891702441189434, 'c_theta': 0.03578383650546509, 'c_alpha': 0.0008037200539375545, 'k_t': 0.2299092588946518, 'k_b': 0.18836988002518856, 'k_u': 0.046342116447405, 'R': 4.589243672894504, 'm1': 0.21197300030817162, 'm2': 0.15763922571026795, 'l1cg': 0.07984713904269328, 'l1': 0.14951403404283933, 'l2cg': 0.06984907051247333, 'I1z': 0.00043358403435517673, 'I2x': 0.0003578830198303497, 'I2y': 2.865972465530096e-05, 'I2z': 0.00038121692191381783}, 'init_theta_std_deg': 4.74113627361476, 'init_alpha_std_deg': 9.229234769570123, 'init_theta_dot_std': 0.12709285138097465, 'init_alpha_dot_std': 0.17412556459658438, 'pwm_limit': 144.55597711642568, 'pwm_gain': 1.0070704001392379, 'pwm_bias': 1.0825522468387436, 'pwm_deadzone': 0.3217995730812375, 'pwm_noise_sigma': 0.4002510653684092, 'actuator_tau': 0.004719953945340961, 'action_delay_steps': 0, 'theta_bias': 0.00015124821563824864, 'alpha_bias': -0.0032772218165005584, 'theta_sigma': 0.0004867150369995062, 'alpha_sigma': 0.0025056483222041853, 'theta_dot_sigma': 0.05171491193796115, 'alpha_dot_sigma': 0.06655590814652361, 'encoder_quantization_rad': 0.00027478789773050243, 'velocity_lpf': 0.25, 'process_theta_dot_sigma': 0.0, 'process_alpha_dot_sigma': 0.0}"
3756000,3,randomization_0.30,0.3,"{'level': 0.3, 'physical': {'g': 9.77158362028152, 'c_theta': 0.023638513913882248, 'c_alpha': 0.0019011835793954074, 'k_t': 0.23968723137687517, 'k_b': 0.1783021451727039, 'k_u': 0.0485678026578733, 'R': 4.287061705607657, 'm1': 0.20725886987447129, 'm2': 0.16385454852086478, 'l1cg': 0.07890127968734355, 'l1': 0.14793668940353724, 'l2cg': 0.07132129856625424, 'I1z': 0.0005870236643324961, 'I2x': 0.00037808280537898384, 'I2y': 2.8456149263313444e-05, 'I2z': 0.00039130202946749155}, 'init_theta_std_deg': 6.225964421450703, 'init_alpha_std_deg': 7.663960538844016, 'init_theta_dot_std': 0.1540667670695746, 'init_alpha_dot_std': 0.5326392724084853, 'pwm_limit': 143.83961146512098, 'pwm_gain': 1.0010494297575825, 'pwm_bias': 0.09300779232805975, 'pwm_deadzone': 0.06175542091012465, 'pwm_noise_sigma': 0.109050178278167, 'actuator_tau': 0.0003159756868346678, 'action_delay_steps': 0, 'theta_bias': -0.0017843451964831708, 'alpha_bias': 0.0032867905951891093, 'theta_sigma': 0.0008492483140678868, 'alpha_sigma': 0.004670720871777437, 'theta_dot_sigma': 0.07823982260340383, 'alpha_dot_sigma': 0.16563246688734695, 'encoder_quantization_rad': 5.7439838529327066e-05, 'velocity_lpf': 0.25, 'process_theta_dot_sigma': 0.0, 'process_alpha_dot_sigma': 0.0}"
3758000,3,randomization_0.30,0.3,"{'level': 0.3, 'physical': {'g': 9.737184633128969, 'c_theta': 0.0338313604914861, 'c_alpha': 0.001836028477681692, 'k_t': 0.23627082183851095, 'k_b': 0.20122735075086, 'k_u': 0.044488696614280496, 'R': 4.191539803714067, 'm1': 0.2017009847840845, 'm2': 0.1636460495467379, 'l1cg': 0.08050776608529428, 'l1': 0.14734665317101414, 'l2cg': 0.06631804962208389, 'I1z': 0.000533250802859101, 'I2x': 0.00036515330369932383, 'I2y': 2.6740669545714557e-05, 'I2z': 0.0003371091132677395}, 'init_theta_std_deg': 4.908469863124828, 'init_alpha_std_deg': 7.873230656659357, 'init_theta_dot_std': 0.2949519999503848, 'init_alpha_dot_std': 0.5655290029151373, 'pwm_limit': 150.25508867323106, 'pwm_gain': 1.0207777919457979, 'pwm_bias': 0.8282981489498117, 'pwm_deadzone': 2.6561407642150954, 'pwm_noise_sigma': 0.4000600793219541, 'actuator_tau': 0.008637190307019572, 'action_delay_steps': 0, 'theta_bias': 0.0021010255257700996, 'alpha_bias': 0.003058392895718537, 'theta_sigma': 0.0005733993230379041, 'alpha_sigma': 0.001160400986380802, 'theta_dot_sigma': 0.07108480016365333, 'alpha_dot_sigma': 0.16529914817937225, 'encoder_quantization_rad': 0.00030353059890884053, 'velocity_lpf': 0.25, 'process_theta_dot_sigma': 0.0, 'process_alpha_dot_sigma': 0.0}"
3760000,3,randomization_0.30,0.3,"{'level': 0.3, 'physical': {'g': 9.688063614930506, 'c_theta': 0.022894905872033893, 'c_alpha': 0.0015818975700908928, 'k_t': 0.24097524100111017, 'k_b': 0.18281416456098504, 'k_u': 0.04979660409571395, 'R': 4.519589893668535, 'm1': 0.2104651523543357, 'm2': 0.1643548627747198, 'l1cg': 0.07767060724926676, 'l1': 0.1496055937833872, 'l2cg': 0.06316234078950579, 'I1z': 0.0005651724639352168, 'I2x': 0.0003672116234149573, 'I2y': 2.2851712848007086e-05, 'I2z': 0.0003447687193142417}, 'init_theta_std_deg': 6.446195591251949, 'init_alpha_std_deg': 7.041497960231018, 'init_theta_dot_std': 0.3464812454841635, 'init_alpha_dot_std': 0.29259967603223486, 'pwm_limit': 148.3419705279896, 'pwm_gain': 0.9950452622536806, 'pwm_bias': 0.6817964853956103, 'pwm_deadzone': 1.1456187275795249, 'pwm_noise_sigma': 0.23417742673520126, 'actuator_tau': 0.0028321912202207075, 'action_delay_steps': 0, 'theta_bias': 0.0013187158560524017, 'alpha_bias': -0.0019267978319495018, 'theta_sigma': 0.001696055479715723, 'alpha_sigma': 0.005969850895329625, 'theta_dot_sigma': 0.08971079144983476, 'alpha_dot_sigma': 0.07787853326175073, 'encoder_quantization_rad': 0.0002629141719028396, 'velocity_lpf': 0.25, 'process_theta_dot_sigma': 0.0, 'process_alpha_dot_sigma': 0.0}"
3762000,3,randomization_0.30,0.3,"{'level': 0.3, 'physical': {'g': 9.68063851028714, 'c_theta': 0.028893389946279407, 'c_alpha': 0.0014193088719968113, 'k_t': 0.21821049820742563, 'k_b': 0.17871721468877022, 'k_u': 0.04896521936300744, 'R': 4.455139428281995, 'm1': 0.20033584443121705, 'm2': 0.1547711760296574, 'l1cg': 0.08339445535504454, 'l1': 0.15443695736341578, 'l2cg': 0.06325652240257078, 'I1z': 0.0005816768525528866, 'I2x': 0.00036097687910052837, 'I2y': 2.1427050067441634e-05, 'I2z': 0.00035660678216717953}, 'init_theta_std_deg': 4.801731171549864, 'init_alpha_std_deg': 7.62572434704352, 'init_theta_dot_std': 0.43685990390830715, 'init_alpha_dot_std': 0.6960859033867745, 'pwm_limit': 144.8298582983982, 'pwm_gain': 1.0007834512528984, 'pwm_bias': 0.23674166991431578, 'pwm_deadzone': 1.5341973642108235, 'pwm_noise_sigma': 0.4203445632897561, 'actuator_tau': 0.0024649346459299387, 'action_delay_steps': 0, 'theta_bias': -0.0001201199217904101, 'alpha_bias': 0.0026912372146642495, 'theta_sigma': 0.0012840881663566085, 'alpha_sigma': 0.002160013569004011, 'theta_dot_sigma': 0.007426992833924649, 'alpha_dot_sigma': 0.04984338980715956, 'encoder_quantization_rad': 0.00043720408136826863, 'velocity_lpf': 0.25, 'process_theta_dot_sigma': 0.0, 'process_alpha_dot_sigma': 0.0}"
3764000,3,randomization_0.30,0.3,"{'level': 0.3, 'physical': {'g': 9.807851856433741, 'c_theta': 0.04310187472880666, 'c_alpha': 0.0011203003210879102, 'k_t': 0.23797066286860913, 'k_b': 0.18812101591534575, 'k_u': 0.04951681656815885, 'R': 4.369317094756605, 'm1': 0.20995139814458902, 'm2': 0.15852915706120993, 'l1cg': 0.07703680433769906, 'l1': 0.15639073981520052, 'l2cg': 0.06328292877313725, 'I1z': 0.0005877192953459429, 'I2x': 0.00037178503220904925, 'I2y': 2.709209470136239e-05, 'I2z': 0.000403119356900056}, 'init_theta_std_deg': 5.240370322028389, 'init_alpha_std_deg': 6.978603465857176, 'init_theta_dot_std': 0.16516507133535857, 'init_alpha_dot_std': 0.2647835747459189, 'pwm_limit': 144.15402231181812, 'pwm_gain': 0.9889544468553764, 'pwm_bias': 1.0225345586939782, 'pwm_deadzone': 0.10938511047786303, 'pwm_noise_sigma': 0.5593468685771709, 'actuator_tau': 0.001290588461447744, 'action_delay_steps': 0, 'theta_bias': -0.002965464439076885, 'alpha_bias': 0.002182723830586956, 'theta_sigma': 0.00042049782949573467, 'alpha_sigma': 0.005682175359816917, 'theta_dot_sigma': 0.031069866308913098, 'alpha_dot_sigma': 0.00039926489908204577, 'encoder_quantization_rad': 0.00010825800953216728, 'velocity_lpf': 0.25, 'process_theta_dot_sigma': 0.0, 'process_alpha_dot_sigma': 0.0}"
3766000,3,randomization_0.30,0.3,"{'level': 0.3, 'physical': {'g': 9.892691070948244, 'c_theta': 0.022693851857429073, 'c_alpha': 0.0008112023331207877, 'k_t': 0.22219946238724508, 'k_b': 0.1896782248635001, 'k_u': 0.05027365925100031, 'R': 4.559598113425807, 'm1': 0.19426264834676432, 'm2': 0.15967585889623173, 'l1cg': 0.081306383180557, 'l1': 0.15410105629242452, 'l2cg': 0.06253938449020528, 'I1z': 0.000545673769123039, 'I2x': 0.000349327696500977, 'I2y': 2.5701771760518546e-05, 'I2z': 0.00044630686581060533}, 'init_theta_std_deg': 5.01565653969326, 'init_alpha_std_deg': 8.093928496262743, 'init_theta_dot_std': 0.25324017715768626, 'init_alpha_dot_std': 0.5622342672998903, 'pwm_limit': 151.96510927345318, 'pwm_gain': 1.0172946066227893, 'pwm_bias': -0.15688882111134808, 'pwm_deadzone': 1.273669954322389, 'pwm_noise_sigma': 0.024725772923805334, 'actuator_tau': 0.005665178011855605, 'action_delay_steps': 0, 'theta_bias': -0.002366938800757121, 'alpha_bias': 0.0002676643504761286, 'theta_sigma': 0.001195038361124687, 'alpha_sigma': 0.004341547261410578, 'theta_dot_sigma': 0.06927564148615861, 'alpha_dot_sigma': 0.003481723526672198, 'encoder_quantization_rad': 0.00010147929646819763, 'velocity_lpf': 0.2443428756166123, 'process_theta_dot_sigma': 0.0, 'process_alpha_dot_sigma': 0.0}"
3768000,3,randomization_0.30,0.3,"{'level': 0.3, 'physical': {'g': 9.699855623486542, 'c_theta': 0.019596503502625023, 'c_alpha': 0.0015793757755339837, 'k_t': 0.23127847644602842, 'k_b': 0.17469004203912775, 'k_u': 0.045739222526662814, 'R': 4.079060213606872, 'm1': 0.20694447969060092, 'm2': 0.15289513846337321, 'l1cg': 0.07844231382601362, 'l1': 0.15575987666384192, 'l2cg': 0.07006381746598192, 'I1z': 0.0005639337908118836, 'I2x': 0.00038277859437429237, 'I2y': 2.2862888975610775e-05, 'I2z': 0.000388566057763548}, 'init_theta_std_deg': 5.687015445382172, 'init_alpha_std_deg': 7.792993123419148, 'init_theta_dot_std': 0.058890155378583255, 'init_alpha_dot_std': 0.294629473183436, 'pwm_limit': 147.45689482035817, 'pwm_gain': 0.987273901587362, 'pwm_bias': 0.6420933519358448, 'pwm_deadzone': 2.563050566775841, 'pwm_noise_sigma': 0.5805584933834026, 'actuator_tau': 0.004683898592314245, 'action_delay_steps': 0, 'theta_bias': 0.00066168803582628, 'alpha_bias': -0.0018079179287050092, 'theta_sigma': 0.00020656175026662074, 'alpha_sigma': 0.0025533231032307964, 'theta_dot_sigma': 0.022525297143099195, 'alpha_dot_sigma': 0.08721952145815766, 'encoder_quantization_rad': 0.00020266664627714516, 'velocity_lpf': 0.25, 'process_theta_dot_sigma': 0.0, 'process_alpha_dot_sigma': 0.0}"
3770000,3,randomization_0.30,0.3,"{'level': 0.3, 'physical': {'g': 9.764323739455813, 'c_theta': 0.022124988614365643, 'c_alpha': 0.001241346099635144, 'k_t': 0.21428827117382832, 'k_b': 0.20144278568983348, 'k_u': 0.04448203810489576, 'R': 4.132843575996464, 'm1': 0.20240111147488485, 'm2': 0.15517339456819734, 'l1cg': 0.08385507402161756, 'l1': 0.15174436014004303, 'l2cg': 0.06467958568667509, 'I1z': 0.00043054261630490887, 'I2x': 0.0003850308439251243, 'I2y': 2.8252158809426228e-05, 'I2z': 0.000442353283009645}, 'init_theta_std_deg': 5.792587014753269, 'init_alpha_std_deg': 8.369563956917819, 'init_theta_dot_std': 0.3788292372124125, 'init_alpha_dot_std': 0.06588099518845, 'pwm_limit': 146.0023059098778, 'pwm_gain': 1.0289455262712675, 'pwm_bias': -1.1662648805471916, 'pwm_deadzone': 1.1305009876140768, 'pwm_noise_sigma': 0.5112470756468519, 'actuator_tau': 0.008210986309521657, 'action_delay_steps': 0, 'theta_bias': -0.0023162499996404722, 'alpha_bias': 0.0006712847580023574, 'theta_sigma': 0.0006904787506818004, 'alpha_sigma': 0.004466850762230594, 'theta_dot_sigma': 0.06467307619262394, 'alpha_dot_sigma': 0.06708287984983011, 'encoder_quantization_rad': 0.0002161108047284622, 'velocity_lpf': 0.25, 'process_theta_dot_sigma': 0.0, 'process_alpha_dot_sigma': 0.0}"
3772000,3,randomization_0.30,0.3,"{'level': 0.3, 'physical': {'g': 9.874956810011158, 'c_theta': 0.026186536264377704, 'c_alpha': 0.0019831278220072504, 'k_t': 0.2264874145204834, 'k_b': 0.18068589088003478, 'k_u': 0.05057481279434481, 'R': 4.5194814511934, 'm1': 0.19781664568708676, 'm2': 0.1531185762719488, 'l1cg': 0.07908557173751891, 'l1': 0.15600104004392837, 'l2cg': 0.06516081314176564, 'I1z': 0.0005712225344851593, 'I2x': 0.00035758501203511916, 'I2y': 2.1999095683971245e-05, 'I2z': 0.00038448142094313657}, 'init_theta_std_deg': 5.52215817217487, 'init_alpha_std_deg': 6.897407887939348, 'init_theta_dot_std': 0.12952586998892232, 'init_alpha_dot_std': 0.6880577660180226, 'pwm_limit': 150.95890986196562, 'pwm_gain': 0.987802446481079, 'pwm_bias': 0.11485342544273447, 'pwm_deadzone': 1.2546386591104506, 'pwm_noise_sigma': 0.5621606132407346, 'actuator_tau': 0.0029191634773282323, 'action_delay_steps': 0, 'theta_bias': 0.0019327069912708492, 'alpha_bias': 0.0016462911466716074, 'theta_sigma': 0.00011764818308553988, 'alpha_sigma': 0.001226141887631355, 'theta_dot_sigma': 0.02053482315900365, 'alpha_dot_sigma': 0.09770689344203401, 'encoder_quantization_rad': 9.612393895063896e-05, 'velocity_lpf': 0.25, 'process_theta_dot_sigma': 0.0, 'process_alpha_dot_sigma': 0.0}"
3774000,3,randomization_0.30,0.3,"{'level': 0.3, 'physical': {'g': 9.663662884214137, 'c_theta': 0.03604576742645962, 'c_alpha': 0.0011529604279655818, 'k_t': 0.2293992738793995, 'k_b': 0.18126762052526751, 'k_u': 0.048983153191949534, 'R': 4.382466868069618, 'm1': 0.19826240221407238, 'm2': 0.16425371768743294, 'l1cg': 0.07902806140860487, 'l1': 0.15366216637805807, 'l2cg': 0.06616139053160208, 'I1z': 0.00042802654623421826, 'I2x': 0.0003594534489129237, 'I2y': 2.6674933977919932e-05, 'I2z': 0.0003968903737169057}, 'init_theta_std_deg': 4.738279377570679, 'init_alpha_std_deg': 7.033046629579367, 'init_theta_dot_std': 0.0702782964157188, 'init_alpha_dot_std': 0.44446531594545596, 'pwm_limit': 149.0547709230584, 'pwm_gain': 0.9709242135390009, 'pwm_bias': -0.7649521002743367, 'pwm_deadzone': 0.8261183741764606, 'pwm_noise_sigma': 0.06638615266177281, 'actuator_tau': 0.004495466488786797, 'action_delay_steps': 0, 'theta_bias': -0.0022675911638419736, 'alpha_bias': -0.0012210187210538782, 'theta_sigma': 0.00026303284113624, 'alpha_sigma': 0.0024486076753845076, 'theta_dot_sigma': 0.10390712643423707, 'alpha_dot_sigma': 0.12036851917918252, 'encoder_quantization_rad': 0.0003775340861125171, 'velocity_lpf': 0.25, 'process_theta_dot_sigma': 0.0, 'process_alpha_dot_sigma': 0.0}"
3776000,3,randomization_0.30,0.3,"{'level': 0.3, 'physical': {'g': 9.772491501490379, 'c_theta': 0.02627924617566643, 'c_alpha': 0.001930474000197209, 'k_t': 0.24504871876167175, 'k_b': 0.1988651330532364, 'k_u': 0.0503174553482058, 'R': 4.312657783843952, 'm1': 0.21003588419694944, 'm2': 0.16453123442593942, 'l1cg': 0.08385151947629255, 'l1': 0.15106804337974947, 'l2cg': 0.0658260638879043, 'I1z': 0.0005463316918813824, 'I2x': 0.0003752743374813244, 'I2y': 2.2778781618196914e-05, 'I2z': 0.00040202549843543315}, 'init_theta_std_deg': 4.570033210146828, 'init_alpha_std_deg': 9.27703932333117, 'init_theta_dot_std': 0.004656534936467849, 'init_alpha_dot_std': 0.013670257748462866, 'pwm_limit': 145.78802579970574, 'pwm_gain': 1.0244696550463015, 'pwm_bias': 0.3762827832384289, 'pwm_deadzone': 0.6970918977453177, 'pwm_noise_sigma': 0.05094359897450733, 'actuator_tau': 0.005542547633751529, 'action_delay_steps': 0, 'theta_bias': 0.0025465185246845426, 'alpha_bias': 0.003372455320525883, 'theta_sigma': 0.0008716862972589644, 'alpha_sigma': 0.004838805241088494, 'theta_dot_sigma': 0.035335405603634934, 'alpha_dot_sigma': 0.17315016532205, 'encoder_quantization_rad': 0.00031815823643248424, 'velocity_lpf': 0.23928341195674385, 'process_theta_dot_sigma': 0.0, 'process_alpha_dot_sigma': 0.0}"
3778000,3,randomization_0.30,0.3,"{'level': 0.3, 'physical': {'g': 9.714239022665874, 'c_theta': 0.03772497719459911, 'c_alpha': 0.001975694375837764, 'k_t': 0.223419135995461, 'k_b': 0.1928382013460318, 'k_u': 0.045702883946509704, 'R': 4.13032846390235, 'm1': 0.2154084322069268, 'm2': 0.16140731924564802, 'l1cg': 0.07835925970152448, 'l1': 0.15291166620753407, 'l2cg': 0.07135736284886517, 'I1z': 0.0005553181832875435, 'I2x': 0.0003556624319692282, 'I2y': 2.360057211349655e-05, 'I2z': 0.00043652213375100935}, 'init_theta_std_deg': 5.818907260251041, 'init_alpha_std_deg': 10.396345322088079, 'init_theta_dot_std': 0.09097682564493115, 'init_alpha_dot_std': 0.332294495570341, 'pwm_limit': 146.90535092840435, 'pwm_gain': 0.9969871084170129, 'pwm_bias': -0.18122292046987062, 'pwm_deadzone': 2.1475595283420175, 'pwm_noise_sigma': 0.09575538342845206, 'actuator_tau': 0.0056442637311740155, 'action_delay_steps': 0, 'theta_bias': 0.0013803136819292609, 'alpha_bias': -0.0021141603860653033, 'theta_sigma': 0.0010220541722347919, 'alpha_sigma': 0.005128196397499102, 'theta_dot_sigma': 0.0019284321886093646, 'alpha_dot_sigma': 0.14127986954177552, 'encoder_quantization_rad': 0.0002933967590204222, 'velocity_lpf': 0.25, 'process_theta_dot_sigma': 0.0, 'process_alpha_dot_sigma': 0.0}"
3780000,3,randomization_0.30,0.3,"{'level': 0.3, 'physical': {'g': 9.811148382196977, 'c_theta': 0.02026582205689538, 'c_alpha': 0.0019873195382179554, 'k_t': 0.2272863763175579, 'k_b': 0.18071501358347317, 'k_u': 0.05028885779272463, 'R': 4.434064368322396, 'm1': 0.2214451039297757, 'm2': 0.15641284382519166, 'l1cg': 0.0816479003574461, 'l1': 0.15248371169739708, 'l2cg': 0.07145737787189828, 'I1z': 0.0005556258470938211, 'I2x': 0.00037512357379232945, 'I2y': 2.8070761130682363e-05, 'I2z': 0.00036281723009401554}, 'init_theta_std_deg': 5.470123435275269, 'init_alpha_std_deg': 9.936555850627828, 'init_theta_dot_std': 0.24049551275939032, 'init_alpha_dot_std': 0.22840638683085035, 'pwm_limit': 144.17378147260848, 'pwm_gain': 1.0174269736997195, 'pwm_bias': -0.24274269018934147, 'pwm_deadzone': 2.835326713427432, 'pwm_noise_sigma': 0.11195327075917116, 'actuator_tau': 0.0059261922393710085, 'action_delay_steps': 0, 'theta_bias': 0.0028796714346824574, 'alpha_bias': 0.0019338247612003458, 'theta_sigma': 0.0014096359741102274, 'alpha_sigma': 0.0032246423073972476, 'theta_dot_sigma': 0.026835978319448523, 'alpha_dot_sigma': 0.09671415378600846, 'encoder_quantization_rad': 0.00027440843013704124, 'velocity_lpf': 0.25, 'process_theta_dot_sigma': 0.0, 'process_alpha_dot_sigma': 0.0}"
3782000,3,randomization_0.30,0.3,"{'level': 0.3, 'physical': {'g': 9.90531795898639, 'c_theta': 0.03137461736886007, 'c_alpha': 0.001934069175518816, 'k_t': 0.24130765637303972, 'k_b': 0.18331263413887244, 'k_u': 0.04962307112020248, 'R': 4.118891361580487, 'm1': 0.1936043965682432, 'm2': 0.1640633781414765, 'l1cg': 0.07873571192081763, 'l1': 0.15492180653557916, 'l2cg': 0.06960684801886367, 'I1z': 0.0005563873985875472, 'I2x': 0.0003720533765539753, 'I2y': 2.7769502852344546e-05, 'I2z': 0.00041207189294624236}, 'init_theta_std_deg': 6.284814669801692, 'init_alpha_std_deg': 7.984620047395772, 'init_theta_dot_std': 0.3506612281748032, 'init_alpha_dot_std': 0.14161104181507134, 'pwm_limit': 145.9757607955297, 'pwm_gain': 1.0191027551131961, 'pwm_bias': -0.7694501847355776, 'pwm_deadzone': 1.4092996259311814, 'pwm_noise_sigma': 0.06679975078634193, 'actuator_tau': 0.0041982888555654185, 'action_delay_steps': 0, 'theta_bias': 0.00025552872739131296, 'alpha_bias': -0.0004873683138872348, 'theta_sigma': 0.001413488640627103, 'alpha_sigma': 0.003621352457710011, 'theta_dot_sigma': 0.0003818967162146686, 'alpha_dot_sigma': 0.10865720050335362, 'encoder_quantization_rad': 0.0003178839292959021, 'velocity_lpf': 0.25, 'process_theta_dot_sigma': 0.0, 'process_alpha_dot_sigma': 0.0}"
3784000,3,randomization_0.30,0.3,"{'level': 0.3, 'physical': {'g': 9.729600681310366, 'c_theta': 0.04142255590174111, 'c_alpha': 0.001288790897476736, 'k_t': 0.22408948254839756, 'k_b': 0.17805402398622178, 'k_u': 0.04864429797432627, 'R': 4.132770623827602, 'm1': 0.2216669032949784, 'm2': 0.15366160680145297, 'l1cg': 0.08345523164812373, 'l1': 0.1489750288409479, 'l2cg': 0.07146990993632124, 'I1z': 0.00043836687460368406, 'I2x': 0.0003503182529024116, 'I2y': 2.1962467160016092e-05, 'I2z': 0.00041712959479725233}, 'init_theta_std_deg': 5.282334603836305, 'init_alpha_std_deg': 9.297276546465651, 'init_theta_dot_std': 0.08166765695441157, 'init_alpha_dot_std': 0.6970359604061668, 'pwm_limit': 149.75309890820168, 'pwm_gain': 1.0295342053568775, 'pwm_bias': 1.0677748748157458, 'pwm_deadzone': 0.9155155306809637, 'pwm_noise_sigma': 0.4567007812835686, 'actuator_tau': 0.0043024945551778425, 'action_delay_steps': 0, 'theta_bias': 0.0020357724629016406, 'alpha_bias': -0.0021936666225169143, 'theta_sigma': 0.0011313618326791023, 'alpha_sigma': 0.0015082693357036743, 'theta_dot_sigma': 0.045028351350367035, 'alpha_dot_sigma': 0.14317962539229256, 'encoder_quantization_rad': 0.00020248247011382756, 'velocity_lpf': 0.25, 'process_theta_dot_sigma': 0.0, 'process_alpha_dot_sigma': 0.0}"
3786000,3,randomization_0.30,0.3,"{'level': 0.3, 'physical': {'g': 9.745989713585553, 'c_theta': 0.042063525332323194, 'c_alpha': 0.001311077010695865, 'k_t': 0.2184465638705095, 'k_b': 0.18568999002853376, 'k_u': 0.048108684327057005, 'R': 4.271069958639575, 'm1': 0.20498884479450682, 'm2': 0.15568185442295732, 'l1cg': 0.07866503976406143, 'l1': 0.14849562528693136, 'l2cg': 0.06386720598584761, 'I1z': 0.00045474031434065786, 'I2x': 0.0003826474598993489, 'I2y': 2.631985816997956e-05, 'I2z': 0.0003206798672037955}, 'init_theta_std_deg': 5.296438108404347, 'init_alpha_std_deg': 7.419446203313845, 'init_theta_dot_std': 0.1456768892098006, 'init_alpha_dot_std': 0.6133931169968926, 'pwm_limit': 145.05534938262463, 'pwm_gain': 0.9706660183736355, 'pwm_bias': -0.7016875185084707, 'pwm_deadzone': 0.2878468221435606, 'pwm_noise_sigma': 0.17021216682545243, 'actuator_tau': 0.006350787904651245, 'action_delay_steps': 0, 'theta_bias': -0.0020396750103721783, 'alpha_bias': 0.0023272356979551923, 'theta_sigma': 0.0013757177850020719, 'alpha_sigma': 0.005777550009251152, 'theta_dot_sigma': 0.09952341114381184, 'alpha_dot_sigma': 0.08489032082477824, 'encoder_quantization_rad': 0.00024595427207097534, 'velocity_lpf': 0.25, 'process_theta_dot_sigma': 0.0, 'process_alpha_dot_sigma': 0.0}"
3788000,3,randomization_0.30,0.3,"{'level': 0.3, 'physical': {'g': 9.766417269631022, 'c_theta': 0.019618698278290225, 'c_alpha': 0.0013662308210389, 'k_t': 0.23560133743619538, 'k_b': 0.18709194469920137, 'k_u': 0.047673585849712014, 'R': 4.102229010010804, 'm1': 0.2207130431775309, 'm2': 0.1576619517959034, 'l1cg': 0.0782410344664921, 'l1': 0.15249665375811008, 'l2cg': 0.061890254598570844, 'I1z': 0.0005749323057749932, 'I2x': 0.00037629858437415747, 'I2y': 2.675845314043077e-05, 'I2z': 0.00044444260667383825}, 'init_theta_std_deg': 4.170843843546659, 'init_alpha_std_deg': 7.23742989183077, 'init_theta_dot_std': 0.04888839485499658, 'init_alpha_dot_std': 0.5598869705627311, 'pwm_limit': 142.18863998911826, 'pwm_gain': 0.9794537791594731, 'pwm_bias': -0.6038466668823372, 'pwm_deadzone': 2.688244849410121, 'pwm_noise_sigma': 0.015285205016896342, 'actuator_tau': 0.007289082375745194, 'action_delay_steps': 0, 'theta_bias': -0.0007350713642922026, 'alpha_bias': -0.0016123477508471536, 'theta_sigma': 0.0007567222616541728, 'alpha_sigma': 0.003166211998947007, 'theta_dot_sigma': 0.06339795145315025, 'alpha_dot_sigma': 0.13983750392406277, 'encoder_quantization_rad': 0.00027970144422641014, 'velocity_lpf': 0.25, 'process_theta_dot_sigma': 0.0, 'process_alpha_dot_sigma': 0.0}"
3790000,3,randomization_0.30,0.3,"{'level': 0.3, 'physical': {'g': 9.83972010106668, 'c_theta': 0.029466293984726555, 'c_alpha': 0.0015594109688646612, 'k_t': 0.21740365100117756, 'k_b': 0.19068791540260777, 'k_u': 0.04919111791657998, 'R': 4.567672254360844, 'm1': 0.20342714686964966, 'm2': 0.15954396900877657, 'l1cg': 0.0834857507769349, 'l1': 0.15094924639703866, 'l2cg': 0.0659267876330192, 'I1z': 0.0005466344841214163, 'I2x': 0.000390765728601797, 'I2y': 2.359296890760419e-05, 'I2z': 0.0003196919412768976}, 'init_theta_std_deg': 5.451724731989967, 'init_alpha_std_deg': 8.026981647248945, 'init_theta_dot_std': 0.2673320012468588, 'init_alpha_dot_std': 0.17367923703667093, 'pwm_limit': 148.96767634266587, 'pwm_gain': 1.0142775511109634, 'pwm_bias': -0.7977844841036278, 'pwm_deadzone': 2.302886179861806, 'pwm_noise_sigma': 0.5846739043238638, 'actuator_tau': 0.0035398847868807685, 'action_delay_steps': 0, 'theta_bias': 0.00043968539620010483, 'alpha_bias': 0.0017726021229697052, 'theta_sigma': 0.00039101490945205633, 'alpha_sigma': 0.003928484331631571, 'theta_dot_sigma': 0.05014381364248296, 'alpha_dot_sigma': 0.1137950394893285, 'encoder_quantization_rad': 0.00041426839303112823, 'velocity_lpf': 0.25, 'process_theta_dot_sigma': 0.0, 'process_alpha_dot_sigma': 0.0}"
3792000,3,randomization_0.30,0.3,"{'level': 0.3, 'physical': {'g': 9.739412876826137, 'c_theta': 0.03040283177008641, 'c_alpha': 0.0012459367825267203, 'k_t': 0.23980352325888205, 'k_b': 0.17972830426073877, 'k_u': 0.05120145436443818, 'R': 4.088212164132527, 'm1': 0.20776916085195246, 'm2': 0.15894860149506215, 'l1cg': 0.0818868658080303, 'l1': 0.14940684619051725, 'l2cg': 0.07024812441489613, 'I1z': 0.0004933849179367752, 'I2x': 0.0003473893483787047, 'I2y': 2.098460615213427e-05, 'I2z': 0.0003224505667271817}, 'init_theta_std_deg': 6.221690825151014, 'init_alpha_std_deg': 7.020280133365194, 'init_theta_dot_std': 0.23857394774385238, 'init_alpha_dot_std': 0.724790378701876, 'pwm_limit': 144.08114520307856, 'pwm_gain': 0.9744453184864508, 'pwm_bias': 0.882160119882864, 'pwm_deadzone': 0.5315694875053159, 'pwm_noise_sigma': 0.10045211778963278, 'actuator_tau': 0.0011231232998630814, 'action_delay_steps': 0, 'theta_bias': 0.00041797187117164605, 'alpha_bias': -0.0013532195142162118, 'theta_sigma': 0.0009364039355720047, 'alpha_sigma': 0.0013586049809733373, 'theta_dot_sigma': 0.10113835235237773, 'alpha_dot_sigma': 0.08829026216668584, 'encoder_quantization_rad': 0.00018102680531827375, 'velocity_lpf': 0.25, 'process_theta_dot_sigma': 0.0, 'process_alpha_dot_sigma': 0.0}"
3794000,3,randomization_0.30,0.3,"{'level': 0.3, 'physical': {'g': 9.858740824862432, 'c_theta': 0.03602054946649479, 'c_alpha': 0.0019180301243231725, 'k_t': 0.23046507250841744, 'k_b': 0.19057405759185186, 'k_u': 0.0505981470684977, 'R': 4.219531738702655, 'm1': 0.19343401002012772, 'm2': 0.16036131981902776, 'l1cg': 0.08124977627805953, 'l1': 0.15097598930240974, 'l2cg': 0.06438024355373592, 'I1z': 0.00047471463772445635, 'I2x': 0.0003891002039763376, 'I2y': 2.494049935137734e-05, 'I2z': 0.00040810583915592446}, 'init_theta_std_deg': 5.344583544962746, 'init_alpha_std_deg': 10.337869768762364, 'init_theta_dot_std': 0.3836182135713497, 'init_alpha_dot_std': 0.538233079745513, 'pwm_limit': 142.54192097574716, 'pwm_gain': 0.9963722033772385, 'pwm_bias': -0.6062650925148061, 'pwm_deadzone': 1.5712472303981109, 'pwm_noise_sigma': 0.482043102270922, 'actuator_tau': 0.0014606755814759052, 'action_delay_steps': 0, 'theta_bias': -0.0011807545345821967, 'alpha_bias': 0.0024950686600887393, 'theta_sigma': 0.0010329006768586388, 'alpha_sigma': 0.0029041267649230693, 'theta_dot_sigma': 0.003906254943206394, 'alpha_dot_sigma': 0.12956276360300095, 'encoder_quantization_rad': 7.210202092334434e-05, 'velocity_lpf': 0.25, 'process_theta_dot_sigma': 0.0, 'process_alpha_dot_sigma': 0.0}"
3796000,3,randomization_0.30,0.3,"{'level': 0.3, 'physical': {'g': 9.886698510962416, 'c_theta': 0.02273163731340927, 'c_alpha': 0.0012801988736441511, 'k_t': 0.24331660926232995, 'k_b': 0.17914899377254084, 'k_u': 0.04998168270397177, 'R': 4.199155456399287, 'm1': 0.19316111623829396, 'm2': 0.15326313177007667, 'l1cg': 0.08031200740781436, 'l1': 0.15488731778076206, 'l2cg': 0.0690058256694227, 'I1z': 0.000488921068988019, 'I2x': 0.0003579906189960503, 'I2y': 2.2709921255439426e-05, 'I2z': 0.0003849353105733586}, 'init_theta_std_deg': 5.170967375764035, 'init_alpha_std_deg': 8.18180028698693, 'init_theta_dot_std': 0.2540344862243237, 'init_alpha_dot_std': 0.17886487403672197, 'pwm_limit': 149.24983615254976, 'pwm_gain': 1.0251119173187992, 'pwm_bias': -0.07406358467501092, 'pwm_deadzone': 0.34916563258229416, 'pwm_noise_sigma': 0.15418126661459747, 'actuator_tau': 0.008008484456508392, 'action_delay_steps': 0, 'theta_bias': -0.0013861817733751118, 'alpha_bias': 0.002426873362677991, 'theta_sigma': 0.0017701660033328853, 'alpha_sigma': 0.001120214352910225, 'theta_dot_sigma': 0.0977974441260993, 'alpha_dot_sigma': 0.15944785767083502, 'encoder_quantization_rad': 0.00015143108260516326, 'velocity_lpf': 0.25, 'process_theta_dot_sigma': 0.0, 'process_alpha_dot_sigma': 0.0}"
3798000,3,randomization_0.30,0.3,"{'level': 0.3, 'physical': {'g': 9.743118305111826, 'c_theta': 0.02499642096267736, 'c_alpha': 0.0016917507030330336, 'k_t': 0.22584660849363652, 'k_b': 0.17897350228913383, 'k_u': 0.050907654934392484, 'R': 4.088593051171794, 'm1': 0.19557969995040222, 'm2': 0.1561641758166925, 'l1cg': 0.07780522285083982, 'l1': 0.14972193520123667, 'l2cg': 0.06938732989975745, 'I1z': 0.0004688829783689999, 'I2x': 0.0003902886967199777, 'I2y': 2.1332886615289716e-05, 'I2z': 0.00041953639626351384}, 'init_theta_std_deg': 5.601119470350279, 'init_alpha_std_deg': 6.946949664163646, 'init_theta_dot_std': 0.05570633597750235, 'init_alpha_dot_std': 0.7012053161178955, 'pwm_limit': 149.27831434006126, 'pwm_gain': 0.9920053293270482, 'pwm_bias': 0.5763745674265042, 'pwm_deadzone': 1.7945549967425063, 'pwm_noise_sigma': 0.34335301518390204, 'actuator_tau': 0.003876704611253492, 'action_delay_steps': 0, 'theta_bias': -0.0023781367949336292, 'alpha_bias': -0.0011416497652424965, 'theta_sigma': 0.0009946325115477584, 'alpha_sigma': 0.0046528415739996755, 'theta_dot_sigma': 0.0008208185035667286, 'alpha_dot_sigma': 0.12543645176474127, 'encoder_quantization_rad': 0.00025036648575455016, 'velocity_lpf': 0.25, 'process_theta_dot_sigma': 0.0, 'process_alpha_dot_sigma': 0.0}"
3800000,3,randomization_0.30,0.3,"{'level': 0.3, 'physical': {'g': 9.764578345935377, 'c_theta': 0.03798490267507111, 'c_alpha': 0.0015937794399980163, 'k_t': 0.21918188174942035, 'k_b': 0.17977323431163938, 'k_u': 0.04855103439965123, 'R': 4.577454934452707, 'm1': 0.19320390020412012, 'm2': 0.16198631693558993, 'l1cg': 0.07969182685895754, 'l1': 0.14938813096477752, 'l2cg': 0.06531670492707757, 'I1z': 0.000500442087846272, 'I2x': 0.0003791499983418116, 'I2y': 2.737592511468498e-05, 'I2z': 0.0004072771096093856}, 'init_theta_std_deg': 6.36442179763768, 'init_alpha_std_deg': 8.909279545271154, 'init_theta_dot_std': 0.15371892447733673, 'init_alpha_dot_std': 0.691489304912099, 'pwm_limit': 142.6711609095035, 'pwm_gain': 0.9958493358494762, 'pwm_bias': 0.7815582677529438, 'pwm_deadzone': 1.864456961843713, 'pwm_noise_sigma': 0.5394925052059668, 'actuator_tau': 0.0034910512801888697, 'action_delay_steps': 0, 'theta_bias': -0.0004785000459989679, 'alpha_bias': 0.002537632228450665, 'theta_sigma': 0.0017042352203111737, 'alpha_sigma': 0.003898934317866827, 'theta_dot_sigma': 0.050638604520889224, 'alpha_dot_sigma': 0.07414011787029805, 'encoder_quantization_rad': 0.00016871883909425138, 'velocity_lpf': 0.25, 'process_theta_dot_sigma': 0.0, 'process_alpha_dot_sigma': 0.0}"
3802000,3,randomization_0.30,0.3,"{'level': 0.3, 'physical': {'g': 9.724717757867475, 'c_theta': 0.03924709283997769, 'c_alpha': 0.0012150102988375243, 'k_t': 0.233416696603697, 'k_b': 0.18913946577649526, 'k_u': 0.0442890868095635, 'R': 4.296359963674899, 'm1': 0.21586293574329363, 'm2': 0.15360608904365053, 'l1cg': 0.08152590532156515, 'l1': 0.15165263116472463, 'l2cg': 0.06629848949017526, 'I1z': 0.00047215765899199505, 'I2x': 0.00037193447535082536, 'I2y': 2.785985185351275e-05, 'I2z': 0.000418938571579831}, 'init_theta_std_deg': 4.297732169788035, 'init_alpha_std_deg': 7.374660274176812, 'init_theta_dot_std': 0.31837630489722674, 'init_alpha_dot_std': 0.12383767450207064, 'pwm_limit': 151.74486502769443, 'pwm_gain': 0.9981110807223015, 'pwm_bias': 0.9324161594440896, 'pwm_deadzone': 1.958781676445191, 'pwm_noise_sigma': 0.5011186014933683, 'actuator_tau': 0.007721446399129344, 'action_delay_steps': 0, 'theta_bias': 0.0010595149354831214, 'alpha_bias': 0.0010298207577475519, 'theta_sigma': 0.0004203350150732889, 'alpha_sigma': 0.003933737180578776, 'theta_dot_sigma': 0.002454309770347934, 'alpha_dot_sigma': 0.06932953755596717, 'encoder_quantization_rad': 4.416623092598835e-05, 'velocity_lpf': 0.25, 'process_theta_dot_sigma': 0.0, 'process_alpha_dot_sigma': 0.0}"
3804000,3,randomization_0.30,0.3,"{'level': 0.3, 'physical': {'g': 9.786029058750392, 'c_theta': 0.04216452633933693, 'c_alpha': 0.0017961204348261898, 'k_t': 0.247829008069279, 'k_b': 0.18954929556439376, 'k_u': 0.05103687934771555, 'R': 4.43340881312309, 'm1': 0.2185326399906745, 'm2': 0.16295558924920367, 'l1cg': 0.08102613787215172, 'l1': 0.1477268951511684, 'l2cg': 0.06978583537073343, 'I1z': 0.00046517448059084875, 'I2x': 0.0003545938003207345, 'I2y': 2.2138797152655494e-05, 'I2z': 0.0004147127762048305}, 'init_theta_std_deg': 4.151814405001479, 'init_alpha_std_deg': 10.140421661928462, 'init_theta_dot_std': 0.260451762005754, 'init_alpha_dot_std': 0.1345985162832746, 'pwm_limit': 143.69658149403176, 'pwm_gain': 1.0109545788448415, 'pwm_bias': 0.029216697456470264, 'pwm_deadzone': 1.023144114493873, 'pwm_noise_sigma': 0.08568440771984313, 'actuator_tau': 0.0013934800649793451, 'action_delay_steps': 0, 'theta_bias': 0.00028298395269895347, 'alpha_bias': 0.0031299170268306695, 'theta_sigma': 0.0011626874278072815, 'alpha_sigma': 0.004224081355338601, 'theta_dot_sigma': 0.006129544249483433, 'alpha_dot_sigma': 0.11418508323785483, 'encoder_quantization_rad': 0.0003930275865584267, 'velocity_lpf': 0.25, 'process_theta_dot_sigma': 0.0, 'process_alpha_dot_sigma': 0.0}"
3806000,3,randomization_0.30,0.3,"{'level': 0.3, 'physical': {'g': 9.687175784486568, 'c_theta': 0.042838663224816304, 'c_alpha': 0.0011318114258111844, 'k_t': 0.2401717700710629, 'k_b': 0.17827574735469004, 'k_u': 0.04808509475022385, 'R': 4.095028442285346, 'm1': 0.1992133870290499, 'm2': 0.15911014457540634, 'l1cg': 0.07715814034262368, 'l1': 0.1559235108986388, 'l2cg': 0.06515400723238045, 'I1z': 0.0005018086213099671, 'I2x': 0.00038031186235157414, 'I2y': 2.634220329105171e-05, 'I2z': 0.0004214375706145502}, 'init_theta_std_deg': 5.921248295771191, 'init_alpha_std_deg': 9.161912015724305, 'init_theta_dot_std': 0.4183436500869773, 'init_alpha_dot_std': 0.04695057304819797, 'pwm_limit': 146.72101466693596, 'pwm_gain': 1.0177254270749092, 'pwm_bias': -0.8523866760254709, 'pwm_deadzone': 0.32209410191341703, 'pwm_noise_sigma': 0.24548372433831842, 'actuator_tau': 0.0009109891832896315, 'action_delay_steps': 0, 'theta_bias': 0.002059654966523763, 'alpha_bias': -0.0002241483094590296, 'theta_sigma': 0.0005037646119025998, 'alpha_sigma': 0.001460131386686433, 'theta_dot_sigma': 0.09892838695712948, 'alpha_dot_sigma': 0.09194568304616782, 'encoder_quantization_rad': 0.00023083383947832833, 'velocity_lpf': 0.25, 'process_theta_dot_sigma': 0.0, 'process_alpha_dot_sigma': 0.0}"
3808000,3,randomization_0.30,0.3,"{'level': 0.3, 'physical': {'g': 9.860352274327663, 'c_theta': 0.02634402564812359, 'c_alpha': 0.0011523921894785745, 'k_t': 0.23206812396621948, 'k_b': 0.1829052505466024, 'k_u': 0.04794275673795665, 'R': 4.570861203011691, 'm1': 0.2014355800051941, 'm2': 0.15154965969903705, 'l1cg': 0.08316922444321902, 'l1': 0.15034374268655817, 'l2cg': 0.06278327128332935, 'I1z': 0.0005903499312768918, 'I2x': 0.0003645956594096813, 'I2y': 2.921680118594812e-05, 'I2z': 0.00037567823570350603}, 'init_theta_std_deg': 5.136610266266999, 'init_alpha_std_deg': 10.273044426492257, 'init_theta_dot_std': 0.3585662668037568, 'init_alpha_dot_std': 0.08388164295080211, 'pwm_limit': 152.18374987371303, 'pwm_gain': 0.9829058193664177, 'pwm_bias': 1.130726517925415, 'pwm_deadzone': 2.6742362971857347, 'pwm_noise_sigma': 0.08868654388217549, 'actuator_tau': 0.008399364901348126, 'action_delay_steps': 0, 'theta_bias': 0.0013363624576302599, 'alpha_bias': 0.0016812973683979103, 'theta_sigma': 0.0013265408633462783, 'alpha_sigma': 0.0005412651823021461, 'theta_dot_sigma': 0.03337896603330454, 'alpha_dot_sigma': 0.17585110475104554, 'encoder_quantization_rad': 0.00029789957560287, 'velocity_lpf': 0.25, 'process_theta_dot_sigma': 0.0, 'process_alpha_dot_sigma': 0.0}"
3810000,3,randomization_0.30,0.3,"{'level': 0.3, 'physical': {'g': 9.828721744796614, 'c_theta': 0.03844927396766659, 'c_alpha': 0.0013376167539481023, 'k_t': 0.22588266737786605, 'k_b': 0.19873326386879864, 'k_u': 0.045741523453707925, 'R': 4.201388382151221, 'm1': 0.2158113776095954, 'm2': 0.1601685107497952, 'l1cg': 0.07883683791536907, 'l1': 0.1508555088947353, 'l2cg': 0.06412021143813765, 'I1z': 0.0005673352482879841, 'I2x': 0.00037193162599918455, 'I2y': 2.0991726542449158e-05, 'I2z': 0.0003249217786294411}, 'init_theta_std_deg': 4.808628405461511, 'init_alpha_std_deg': 9.897194046172611, 'init_theta_dot_std': 0.31435964725241655, 'init_alpha_dot_std': 0.5106357895891607, 'pwm_limit': 146.74227505822736, 'pwm_gain': 1.0143182356606668, 'pwm_bias': 0.8735692737216653, 'pwm_deadzone': 1.9601129913479078, 'pwm_noise_sigma': 0.04736077774469056, 'actuator_tau': 0.002097223567502212, 'action_delay_steps': 0, 'theta_bias': -0.001889466575856227, 'alpha_bias': -0.00216155876500162, 'theta_sigma': 0.0008816018741984873, 'alpha_sigma': 0.0018059828853753083, 'theta_dot_sigma': 0.028287913536360666, 'alpha_dot_sigma': 0.10438481795005825, 'encoder_quantization_rad': 0.00026895274884977725, 'velocity_lpf': 0.25, 'process_theta_dot_sigma': 0.0, 'process_alpha_dot_sigma': 0.0}"
3812000,3,randomization_0.30,0.3,"{'level': 0.3, 'physical': {'g': 9.823849529558213, 'c_theta': 0.021321282804565904, 'c_alpha': 0.0020200854617542434, 'k_t': 0.239770838087509, 'k_b': 0.17631359692274456, 'k_u': 0.04538114981196593, 'R': 4.521217645828326, 'm1': 0.20596560205961467, 'm2': 0.16128989182864195, 'l1cg': 0.07874705664099102, 'l1': 0.1532513600802618, 'l2cg': 0.06764956378962682, 'I1z': 0.00045889355830380183, 'I2x': 0.000374540556147599, 'I2y': 2.277247523819749e-05, 'I2z': 0.00034102815367945485}, 'init_theta_std_deg': 6.2326772389630944, 'init_alpha_std_deg': 7.562673815703137, 'init_theta_dot_std': 0.023310807724063964, 'init_alpha_dot_std': 0.08876678017259207, 'pwm_limit': 151.16295672422692, 'pwm_gain': 1.0103748504483654, 'pwm_bias': -0.9514795385462892, 'pwm_deadzone': 2.4040392034135727, 'pwm_noise_sigma': 0.17427290475757312, 'actuator_tau': 0.007661739273737582, 'action_delay_steps': 0, 'theta_bias': 0.001728220222973839, 'alpha_bias': 0.0013299466096944091, 'theta_sigma': 0.0007198445023599581, 'alpha_sigma': 0.0014886379279324734, 'theta_dot_sigma': 0.03018606530224304, 'alpha_dot_sigma': 0.17398287164101275, 'encoder_quantization_rad': 0.0002794641038018697, 'velocity_lpf': 0.2478211969646521, 'process_theta_dot_sigma': 0.0, 'process_alpha_dot_sigma': 0.0}"
3814000,3,randomization_0.30,0.3,"{'level': 0.3, 'physical': {'g': 9.894448393781927, 'c_theta': 0.03397355759964839, 'c_alpha': 0.0020427618616772995, 'k_t': 0.214889102337233, 'k_b': 0.19961448209506805, 'k_u': 0.04971653554059606, 'R': 4.07376808719336, 'm1': 0.19939818205961635, 'm2': 0.15930641081859012, 'l1cg': 0.07951361456913371, 'l1': 0.15558126324938942, 'l2cg': 0.06965838585825476, 'I1z': 0.00045377187811639313, 'I2x': 0.000354257564111451, 'I2y': 2.3548126167253625e-05, 'I2z': 0.00036162261574669227}, 'init_theta_std_deg': 4.247695168119608, 'init_alpha_std_deg': 8.108527168757602, 'init_theta_dot_std': 0.15243065174089124, 'init_alpha_dot_std': 0.5549232977273517, 'pwm_limit': 152.16328012186813, 'pwm_gain': 0.9751794750446543, 'pwm_bias': -0.3051565941526297, 'pwm_deadzone': 2.512872216497213, 'pwm_noise_sigma': 0.3911736456949218, 'actuator_tau': 0.006266513511788653, 'action_delay_steps': 0, 'theta_bias': -0.001101396937367619, 'alpha_bias': 0.0010521479780125473, 'theta_sigma': 0.0010870553375738757, 'alpha_sigma': 0.0009614082209453971, 'theta_dot_sigma': 0.1024713766477281, 'alpha_dot_sigma': 0.06465690489741481, 'encoder_quantization_rad': 0.00018647238152987917, 'velocity_lpf': 0.25, 'process_theta_dot_sigma': 0.0, 'process_alpha_dot_sigma': 0.0}"
3816000,3,randomization_0.30,0.3,"{'level': 0.3, 'physical': {'g': 9.881251745781684, 'c_theta': 0.04086632091668853, 'c_alpha': 0.0013423466183492547, 'k_t': 0.24094939207921395, 'k_b': 0.18449886798619958, 'k_u': 0.044403664053461106, 'R': 4.10510472162859, 'm1': 0.19780644082102974, 'm2': 0.1561060937532695, 'l1cg': 0.08141437326973562, 'l1': 0.15297575386066967, 'l2cg': 0.07125484171793207, 'I1z': 0.00044139603674526117, 'I2x': 0.0003865570490776903, 'I2y': 2.7988957155001095e-05, 'I2z': 0.0003600844227331385}, 'init_theta_std_deg': 6.200710022124481, 'init_alpha_std_deg': 9.03314190809159, 'init_theta_dot_std': 0.2101955551768831, 'init_alpha_dot_std': 0.33847721127613534, 'pwm_limit': 144.32347138080928, 'pwm_gain': 1.0112248567171247, 'pwm_bias': 0.17477636410634298, 'pwm_deadzone': 1.1193510664622592, 'pwm_noise_sigma': 0.1283162347031897, 'actuator_tau': 0.007981668081672335, 'action_delay_steps': 0, 'theta_bias': 0.0005428365373742336, 'alpha_bias': 0.0008639831096495145, 'theta_sigma': 9.359898437976976e-05, 'alpha_sigma': 0.0008035824326895778, 'theta_dot_sigma': 0.04534974849980385, 'alpha_dot_sigma': 0.15892006017668112, 'encoder_quantization_rad': 0.00010301695382210546, 'velocity_lpf': 0.25, 'process_theta_dot_sigma': 0.0, 'process_alpha_dot_sigma': 0.0}"
3818000,3,randomization_0.30,0.3,"{'level': 0.3, 'physical': {'g': 9.92557836524175, 'c_theta': 0.03634881056772509, 'c_alpha': 0.0010159633138870083, 'k_t': 0.23532901244997792, 'k_b': 0.1802993324285546, 'k_u': 0.04874318300219221, 'R': 4.486940885829071, 'm1': 0.20535190082067378, 'm2': 0.1638147404160157, 'l1cg': 0.07965969014010736, 'l1': 0.15465985158398976, 'l2cg': 0.07034610794647993, 'I1z': 0.0005267595695015124, 'I2x': 0.0003561383223260305, 'I2y': 2.3204659105050184e-05, 'I2z': 0.00031651880797313713}, 'init_theta_std_deg': 5.694448287869333, 'init_alpha_std_deg': 9.24981591561249, 'init_theta_dot_std': 0.12217546223199525, 'init_alpha_dot_std': 0.6486801010430758, 'pwm_limit': 150.44290821602425, 'pwm_gain': 0.9866188680568889, 'pwm_bias': -0.4499019380529705, 'pwm_deadzone': 2.4860628790651855, 'pwm_noise_sigma': 0.29146263076450557, 'actuator_tau': 0.0001973215995005827, 'action_delay_steps': 0, 'theta_bias': 0.002578664987179515, 'alpha_bias': 0.0020968900397114556, 'theta_sigma': 0.0012478430325512137, 'alpha_sigma': 0.004926717325810336, 'theta_dot_sigma': 0.0402222857861393, 'alpha_dot_sigma': 0.14508430146895626, 'encoder_quantization_rad': 0.0003727984118649857, 'velocity_lpf': 0.25, 'process_theta_dot_sigma': 0.0, 'process_alpha_dot_sigma': 0.0}"
3820000,3,randomization_0.30,0.3,"{'level': 0.3, 'physical': {'g': 9.684905984396561, 'c_theta': 0.03274336830192739, 'c_alpha': 0.001349709872826257, 'k_t': 0.23232820042569632, 'k_b': 0.19010076881984456, 'k_u': 0.04946336629459576, 'R': 4.5794191352685045, 'm1': 0.20273909822003314, 'm2': 0.15341563312790857, 'l1cg': 0.0784527325485066, 'l1': 0.15272625517363458, 'l2cg': 0.0639663306364683, 'I1z': 0.0005791565118206558, 'I2x': 0.0003516036451270153, 'I2y': 2.214851194397598e-05, 'I2z': 0.00044632934864503583}, 'init_theta_std_deg': 6.270758599020125, 'init_alpha_std_deg': 8.550248777947292, 'init_theta_dot_std': 0.029505846577351967, 'init_alpha_dot_std': 0.564407976199674, 'pwm_limit': 141.50318763551192, 'pwm_gain': 1.0000953403262336, 'pwm_bias': 0.29613951103721164, 'pwm_deadzone': 0.16609682977096407, 'pwm_noise_sigma': 0.2125933780330959, 'actuator_tau': 0.0018856027303279384, 'action_delay_steps': 0, 'theta_bias': -0.0003120437988956786, 'alpha_bias': -0.00065497810658792, 'theta_sigma': 0.00046231502457261806, 'alpha_sigma': 0.005587317949980758, 'theta_dot_sigma': 0.051199917046830565, 'alpha_dot_sigma': 0.1056166160880723, 'encoder_quantization_rad': 0.00042487520425026363, 'velocity_lpf': 0.25, 'process_theta_dot_sigma': 0.0, 'process_alpha_dot_sigma': 0.0}"
3822000,3,randomization_0.30,0.3,"{'level': 0.3, 'physical': {'g': 9.880360385404275, 'c_theta': 0.0208596640613571, 'c_alpha': 0.0012707892084750296, 'k_t': 0.2246803386874147, 'k_b': 0.1815917829314923, 'k_u': 0.04476496571377809, 'R': 4.132367683469064, 'm1': 0.21972745363983262, 'm2': 0.15282372983302392, 'l1cg': 0.07763451760237178, 'l1': 0.1517265510882672, 'l2cg': 0.06580339856431837, 'I1z': 0.0004617283415763638, 'I2x': 0.000387800662891164, 'I2y': 2.0454541548708076e-05, 'I2z': 0.00033882942854803524}, 'init_theta_std_deg': 4.735946319995037, 'init_alpha_std_deg': 9.483460712742541, 'init_theta_dot_std': 0.159401175658785, 'init_alpha_dot_std': 0.7241203870449281, 'pwm_limit': 143.13187422991692, 'pwm_gain': 0.9795931351855314, 'pwm_bias': -1.1411655731785577, 'pwm_deadzone': 1.0763820746168231, 'pwm_noise_sigma': 0.46784802309422635, 'actuator_tau': 0.006736183303389119, 'action_delay_steps': 0, 'theta_bias': -0.001636151888128441, 'alpha_bias': 0.0004039915930717824, 'theta_sigma': 7.413038058390701e-05, 'alpha_sigma': 0.004502952144138046, 'theta_dot_sigma': 0.003770400705406765, 'alpha_dot_sigma': 0.11149164618888094, 'encoder_quantization_rad': 2.152520314091971e-06, 'velocity_lpf': 0.25, 'process_theta_dot_sigma': 0.0, 'process_alpha_dot_sigma': 0.0}"
3824000,3,randomization_0.30,0.3,"{'level': 0.3, 'physical': {'g': 9.861663821418304, 'c_theta': 0.02004858759407406, 'c_alpha': 0.002045211064949802, 'k_t': 0.23754863598708573, 'k_b': 0.17394966944508466, 'k_u': 0.044977838018811604, 'R': 4.078142859648475, 'm1': 0.1926961911220933, 'm2': 0.16387250161723266, 'l1cg': 0.07811593893143107, 'l1': 0.15086103827072264, 'l2cg': 0.06906485272415541, 'I1z': 0.000458812704586352, 'I2x': 0.000349342984428614, 'I2y': 2.6749263157431197e-05, 'I2z': 0.00036598014593522047}, 'init_theta_std_deg': 6.026217612497229, 'init_alpha_std_deg': 7.507404516783678, 'init_theta_dot_std': 0.4179918806767642, 'init_alpha_dot_std': 0.45662912817373436, 'pwm_limit': 150.25038669727917, 'pwm_gain': 1.0186845177579453, 'pwm_bias': 1.0959310393813197, 'pwm_deadzone': 1.9564747911822202, 'pwm_noise_sigma': 0.23151551282902882, 'actuator_tau': 0.000682311072859118, 'action_delay_steps': 0, 'theta_bias': -0.002589074952153461, 'alpha_bias': 0.0004284360002917932, 'theta_sigma': 0.0015455383754119088, 'alpha_sigma': 0.005065848691805774, 'theta_dot_sigma': 0.023786055459312165, 'alpha_dot_sigma': 0.167915671951715, 'encoder_quantization_rad': 0.00018315916246881497, 'velocity_lpf': 0.23757052449541338, 'process_theta_dot_sigma': 0.0, 'process_alpha_dot_sigma': 0.0}"
3826000,3,randomization_0.30,0.3,"{'level': 0.3, 'physical': {'g': 9.945860205459855, 'c_theta': 0.040668093081355494, 'c_alpha': 0.0013968984524351552, 'k_t': 0.22786407718956603, 'k_b': 0.19783583915691239, 'k_u': 0.04463263341861537, 'R': 4.405595351825192, 'm1': 0.20519601311249663, 'm2': 0.16212804068475542, 'l1cg': 0.08194749694568156, 'l1': 0.15364558778836881, 'l2cg': 0.06951119705762783, 'I1z': 0.0005539058206297834, 'I2x': 0.00035390658162075473, 'I2y': 2.3864401587401734e-05, 'I2z': 0.00031379930548092194}, 'init_theta_std_deg': 5.291828148608763, 'init_alpha_std_deg': 9.447837624628631, 'init_theta_dot_std': 0.1797786975995969, 'init_alpha_dot_std': 0.4707207188888414, 'pwm_limit': 147.72995548672876, 'pwm_gain': 0.9712551724823445, 'pwm_bias': -0.3759877578692153, 'pwm_deadzone': 2.2019939610380623, 'pwm_noise_sigma': 0.49082079249198013, 'actuator_tau': 0.0038946817012839976, 'action_delay_steps': 0, 'theta_bias': -0.0013773786341087187, 'alpha_bias': 0.002603032538185437, 'theta_sigma': 0.0010875502969669394, 'alpha_sigma': 0.0026616267469196223, 'theta_dot_sigma': 0.025279867723040906, 'alpha_dot_sigma': 0.04204787588491695, 'encoder_quantization_rad': 0.0002792090910489766, 'velocity_lpf': 0.25, 'process_theta_dot_sigma': 0.0, 'process_alpha_dot_sigma': 0.0}"
3828000,3,randomization_0.30,0.3,"{'level': 0.3, 'physical': {'g': 9.76424410880257, 'c_theta': 0.03643230297644622, 'c_alpha': 0.0009195786020327192, 'k_t': 0.23286191206912132, 'k_b': 0.17438890663948112, 'k_u': 0.043237481149997675, 'R': 4.287051981982862, 'm1': 0.21944326499037153, 'm2': 0.1594487358594729, 'l1cg': 0.07845378780223786, 'l1': 0.15612159083175736, 'l2cg': 0.06701395730371923, 'I1z': 0.0005128812848321751, 'I2x': 0.0003522005535507459, 'I2y': 2.424993731955125e-05, 'I2z': 0.00043623748132512864}, 'init_theta_std_deg': 5.723915288290297, 'init_alpha_std_deg': 7.136916743839323, 'init_theta_dot_std': 0.03382540146161332, 'init_alpha_dot_std': 0.6668270546982448, 'pwm_limit': 144.74645625489555, 'pwm_gain': 0.993399904430436, 'pwm_bias': -0.6387333647158996, 'pwm_deadzone': 1.5670242064656104, 'pwm_noise_sigma': 0.2925907796439051, 'actuator_tau': 0.005599630085708816, 'action_delay_steps': 0, 'theta_bias': 0.0015112414969749657, 'alpha_bias': -1.9979460897000755e-06, 'theta_sigma': 0.0007412291676112297, 'alpha_sigma': 0.002747476447556753, 'theta_dot_sigma': 0.0641386724057163, 'alpha_dot_sigma': 0.12180586177275088, 'encoder_quantization_rad': 0.00014854396398205385, 'velocity_lpf': 0.25, 'process_theta_dot_sigma': 0.0, 'process_alpha_dot_sigma': 0.0}"
3830000,3,randomization_0.30,0.3,"{'level': 0.3, 'physical': {'g': 9.91435430517197, 'c_theta': 0.021992261655148688, 'c_alpha': 0.0014966645583409102, 'k_t': 0.22718675958702608, 'k_b': 0.17741757510010447, 'k_u': 0.05000805767766565, 'R': 4.083576342068566, 'm1': 0.21987879067974217, 'm2': 0.16182842633830155, 'l1cg': 0.08029082008710971, 'l1': 0.1518906648433849, 'l2cg': 0.06724776391125133, 'I1z': 0.0005908503282171621, 'I2x': 0.0003831044423533226, 'I2y': 2.3370085411580015e-05, 'I2z': 0.0004077091235408817}, 'init_theta_std_deg': 5.488757375288649, 'init_alpha_std_deg': 10.329512152135187, 'init_theta_dot_std': 0.04445148896775008, 'init_alpha_dot_std': 0.15233001280643624, 'pwm_limit': 151.7216597229126, 'pwm_gain': 1.024225758844969, 'pwm_bias': -1.0257530858967556, 'pwm_deadzone': 1.0753700395117654, 'pwm_noise_sigma': 0.47388014507043985, 'actuator_tau': 0.0006000534803949434, 'action_delay_steps': 0, 'theta_bias': 0.002028171031250219, 'alpha_bias': -0.0010542226802556821, 'theta_sigma': 0.0012971386668146811, 'alpha_sigma': 0.00010078930791538321, 'theta_dot_sigma': 0.09291248925102398, 'alpha_dot_sigma': 0.04480970683537452, 'encoder_quantization_rad': 0.00026944526437938106, 'velocity_lpf': 0.25, 'process_theta_dot_sigma': 0.0, 'process_alpha_dot_sigma': 0.0}"
3832000,3,randomization_0.30,0.3,"{'level': 0.3, 'physical': {'g': 9.79249471607426, 'c_theta': 0.029004150466000928, 'c_alpha': 0.0019360738868402327, 'k_t': 0.23442139769833062, 'k_b': 0.18062481743662126, 'k_u': 0.04566672039653671, 'R': 4.138222515205951, 'm1': 0.22128533599290767, 'm2': 0.15242085102540326, 'l1cg': 0.0824469574047421, 'l1': 0.15217232163725905, 'l2cg': 0.07111250548166617, 'I1z': 0.0005528315475432294, 'I2x': 0.00036885905859969083, 'I2y': 2.3290454363673495e-05, 'I2z': 0.0003924322187371846}, 'init_theta_std_deg': 5.253600285236432, 'init_alpha_std_deg': 7.681157860024683, 'init_theta_dot_std': 0.12243106890410133, 'init_alpha_dot_std': 0.6957428987155351, 'pwm_limit': 142.26272607052823, 'pwm_gain': 0.977100207783287, 'pwm_bias': 0.3731414147338845, 'pwm_deadzone': 0.21596108554208315, 'pwm_noise_sigma': 0.573741819449096, 'actuator_tau': 0.004624273161928742, 'action_delay_steps': 0, 'theta_bias': 0.001584745931225146, 'alpha_bias': -0.0035242269874721766, 'theta_sigma': 0.0009411264046321006, 'alpha_sigma': 0.001395532865338213, 'theta_dot_sigma': 0.026632268007247585, 'alpha_dot_sigma': 0.05710642925619364, 'encoder_quantization_rad': 0.00014429430281385713, 'velocity_lpf': 0.25, 'process_theta_dot_sigma': 0.0, 'process_alpha_dot_sigma': 0.0}"
3834000,3,randomization_0.30,0.3,"{'level': 0.3, 'physical': {'g': 9.73289104574148, 'c_theta': 0.029744320826873057, 'c_alpha': 0.0009301927709954503, 'k_t': 0.2356932731104712, 'k_b': 0.17863926677027808, 'k_u': 0.04368134109832824, 'R': 4.088133531676854, 'm1': 0.19775570060423142, 'm2': 0.15804751504771336, 'l1cg': 0.07877277305030234, 'l1': 0.14983913100238655, 'l2cg': 0.06763646749011498, 'I1z': 0.00051934224927223, 'I2x': 0.00038809936871240093, 'I2y': 2.7846132264196768e-05, 'I2z': 0.0003377802032014005}, 'init_theta_std_deg': 4.530720937339855, 'init_alpha_std_deg': 7.978745602282121, 'init_theta_dot_std': 0.40879451368709435, 'init_alpha_dot_std': 0.04523073976852765, 'pwm_limit': 147.88864389332497, 'pwm_gain': 0.9814994157846255, 'pwm_bias': -0.28092879315882957, 'pwm_deadzone': 2.0878910631022447, 'pwm_noise_sigma': 0.17887196702907604, 'actuator_tau': 0.006314667323420976, 'action_delay_steps': 0, 'theta_bias': -0.0013307134736368063, 'alpha_bias': -0.0031017529114499725, 'theta_sigma': 0.00025275451813099866, 'alpha_sigma': 0.002137086369329378, 'theta_dot_sigma': 0.07226266682623268, 'alpha_dot_sigma': 0.11649180859668078, 'encoder_quantization_rad': 0.00022490081573456482, 'velocity_lpf': 0.24684858193641396, 'process_theta_dot_sigma': 0.0, 'process_alpha_dot_sigma': 0.0}"
3836000,3,randomization_0.30,0.3,"{'level': 0.3, 'physical': {'g': 9.775709501182307, 'c_theta': 0.03616345736785704, 'c_alpha': 0.0017620630421260268, 'k_t': 0.2421969165489562, 'k_b': 0.1790437716024029, 'k_u': 0.04812380868808188, 'R': 4.295659467032749, 'm1': 0.2158280800802308, 'm2': 0.15305472259111033, 'l1cg': 0.08258413996987359, 'l1': 0.14859328923803208, 'l2cg': 0.06311993482803889, 'I1z': 0.0005219272190151046, 'I2x': 0.0003596934583540765, 'I2y': 2.8134253248823224e-05, 'I2z': 0.0003868825910327314}, 'init_theta_std_deg': 5.4293559665392435, 'init_alpha_std_deg': 7.8253582546156215, 'init_theta_dot_std': 0.3849349556162878, 'init_alpha_dot_std': 0.03917701909182533, 'pwm_limit': 144.68435264733913, 'pwm_gain': 0.995852299917985, 'pwm_bias': 0.8261314818147959, 'pwm_deadzone': 0.8397849070672389, 'pwm_noise_sigma': 0.3180972579408342, 'actuator_tau': 0.004226165206815736, 'action_delay_steps': 0, 'theta_bias': 0.002051502147152323, 'alpha_bias': 0.0004756508010234741, 'theta_sigma': 0.0010101076367689753, 'alpha_sigma': 0.002721181319937815, 'theta_dot_sigma': 0.0028096194610419704, 'alpha_dot_sigma': 0.014439054454865105, 'encoder_quantization_rad': 0.00023395534935301886, 'velocity_lpf': 0.25, 'process_theta_dot_sigma': 0.0, 'process_alpha_dot_sigma': 0.0}"
3838000,3,randomization_0.30,0.3,"{'level': 0.3, 'physical': {'g': 9.793106350194934, 'c_theta': 0.0254488221412919, 'c_alpha': 0.0008856226220124801, 'k_t': 0.2211143269170199, 'k_b': 0.18412249961521363, 'k_u': 0.0467499215227926, 'R': 4.059801401709808, 'm1': 0.2001016549597056, 'm2': 0.15320725436084992, 'l1cg': 0.07670657981911647, 'l1': 0.15614773724167821, 'l2cg': 0.06502690513327593, 'I1z': 0.0005834709466314683, 'I2x': 0.00034975326903515175, 'I2y': 2.5811729094294782e-05, 'I2z': 0.00033666552722685217}, 'init_theta_std_deg': 4.5346491123902775, 'init_alpha_std_deg': 7.133973611021756, 'init_theta_dot_std': 0.3003646985111033, 'init_alpha_dot_std': 0.12853036732827733, 'pwm_limit': 141.04290908026715, 'pwm_gain': 1.015346778448844, 'pwm_bias': -0.4033048281651604, 'pwm_deadzone': 2.87234787491234, 'pwm_noise_sigma': 0.03440153880222678, 'actuator_tau': 0.0022564694059910464, 'action_delay_steps': 0, 'theta_bias': 0.0009039401315746072, 'alpha_bias': 0.00346665897610432, 'theta_sigma': 0.00016634106024069145, 'alpha_sigma': 0.0036549426244791854, 'theta_dot_sigma': 0.021056905047617924, 'alpha_dot_sigma': 0.07731035472851021, 'encoder_quantization_rad': 0.0003312731364203221, 'velocity_lpf': 0.25, 'process_theta_dot_sigma': 0.0, 'process_alpha_dot_sigma': 0.0}"
3840000,3,randomization_0.30,0.3,"{'level': 0.3, 'physical': {'g': 9.9352817659771, 'c_theta': 0.04177232942543416, 'c_alpha': 0.001536480177640646, 'k_t': 0.23237005913293002, 'k_b': 0.19048908777694545, 'k_u': 0.04309729895764212, 'R': 4.393221043238322, 'm1': 0.20574666218493615, 'm2': 0.15475123176263678, 'l1cg': 0.0806027053401995, 'l1': 0.15220325262392875, 'l2cg': 0.06241850901319409, 'I1z': 0.0004352440974717583, 'I2x': 0.000357941137750592, 'I2y': 2.309158547603335e-05, 'I2z': 0.00037748691558378355}, 'init_theta_std_deg': 4.799192728583674, 'init_alpha_std_deg': 8.464679736176427, 'init_theta_dot_std': 0.2474506674054876, 'init_alpha_dot_std': 0.14500199266615252, 'pwm_limit': 141.80672992771494, 'pwm_gain': 1.0159683751447277, 'pwm_bias': 0.5882886985066174, 'pwm_deadzone': 2.2124736578458672, 'pwm_noise_sigma': 0.277277121837695, 'actuator_tau': 0.005040480754305935, 'action_delay_steps': 0, 'theta_bias': -0.0020901484256887625, 'alpha_bias': 0.0032560517796122335, 'theta_sigma': 0.00014613906925013678, 'alpha_sigma': 0.00037330468703776075, 'theta_dot_sigma': 0.061894690969568705, 'alpha_dot_sigma': 0.00795805424047029, 'encoder_quantization_rad': 0.0002053621763491316, 'velocity_lpf': 0.25, 'process_theta_dot_sigma': 0.0, 'process_alpha_dot_sigma': 0.0}"
3842000,3,randomization_0.30,0.3,"{'level': 0.3, 'physical': {'g': 9.729251869532899, 'c_theta': 0.030586836096909587, 'c_alpha': 0.0013547465814163536, 'k_t': 0.23069825103346686, 'k_b': 0.19881875247470449, 'k_u': 0.050568505173042226, 'R': 4.346316930847068, 'm1': 0.2159427958583313, 'm2': 0.15201314104229166, 'l1cg': 0.08390098914837278, 'l1': 0.15514958904775955, 'l2cg': 0.07058807678591737, 'I1z': 0.0004422381566202516, 'I2x': 0.0003710936145408488, 'I2y': 2.5422013542598038e-05, 'I2z': 0.00040039741535815345}, 'init_theta_std_deg': 5.519133735453304, 'init_alpha_std_deg': 8.913006226951055, 'init_theta_dot_std': 0.2797078896395237, 'init_alpha_dot_std': 0.33111609304800277, 'pwm_limit': 144.8971510863362, 'pwm_gain': 1.0224438051383034, 'pwm_bias': 0.418890224589726, 'pwm_deadzone': 2.6087765053255545, 'pwm_noise_sigma': 0.2414414636286606, 'actuator_tau': 0.0021441764752091878, 'action_delay_steps': 0, 'theta_bias': -0.0005024851856956114, 'alpha_bias': 8.389018462298931e-05, 'theta_sigma': 0.000158916509195599, 'alpha_sigma': 0.005952179458736913, 'theta_dot_sigma': 0.10123157319695436, 'alpha_dot_sigma': 0.13830408092252774, 'encoder_quantization_rad': 0.00037559022170678474, 'velocity_lpf': 0.25, 'process_theta_dot_sigma': 0.0, 'process_alpha_dot_sigma': 0.0}"
3844000,3,randomization_0.30,0.3,"{'level': 0.3, 'physical': {'g': 9.829282314907607, 'c_theta': 0.02629855729406084, 'c_alpha': 0.0008493219135668333, 'k_t': 0.21767431793516895, 'k_b': 0.1948102752751837, 'k_u': 0.04736768749996199, 'R': 4.5526505600999805, 'm1': 0.21895020340383345, 'm2': 0.16128991825705896, 'l1cg': 0.08309661417054556, 'l1': 0.15473419129632388, 'l2cg': 0.06324189709640993, 'I1z': 0.0004275599314284604, 'I2x': 0.0003856381754968356, 'I2y': 2.4731126172771613e-05, 'I2z': 0.00031385946999499295}, 'init_theta_std_deg': 5.898887903290119, 'init_alpha_std_deg': 9.594021413039899, 'init_theta_dot_std': 0.26846988530033994, 'init_alpha_dot_std': 0.1578966602524386, 'pwm_limit': 141.63376354274172, 'pwm_gain': 0.9786733620900925, 'pwm_bias': -0.8163544901204933, 'pwm_deadzone': 0.8911933994729971, 'pwm_noise_sigma': 0.5480154388639514, 'actuator_tau': 0.006963766447865985, 'action_delay_steps': 0, 'theta_bias': -0.002960615225793197, 'alpha_bias': 0.003141002023852342, 'theta_sigma': 0.0004661821502649138, 'alpha_sigma': 0.0013095418622183774, 'theta_dot_sigma': 0.00862610828366689, 'alpha_dot_sigma': 0.10350891448889922, 'encoder_quantization_rad': 5.9941419902214346e-05, 'velocity_lpf': 0.25, 'process_theta_dot_sigma': 0.0, 'process_alpha_dot_sigma': 0.0}"
3846000,3,randomization_0.30,0.3,"{'level': 0.3, 'physical': {'g': 9.73682242160366, 'c_theta': 0.021521980201522798, 'c_alpha': 0.0008431304724379509, 'k_t': 0.23453661661701006, 'k_b': 0.19290558468691357, 'k_u': 0.047593693926422084, 'R': 4.036830057166747, 'm1': 0.21908727908087614, 'm2': 0.16021633502956092, 'l1cg': 0.08061606035587783, 'l1': 0.15021207466937977, 'l2cg': 0.06627637339230787, 'I1z': 0.0005233690912989169, 'I2x': 0.0003547548947125164, 'I2y': 2.590721776165701e-05, 'I2z': 0.00035505476618270186}, 'init_theta_std_deg': 6.3149969765699865, 'init_alpha_std_deg': 9.78447848058836, 'init_theta_dot_std': 0.018363336911095218, 'init_alpha_dot_std': 0.6056724282529437, 'pwm_limit': 143.6631180628217, 'pwm_gain': 0.9919649701309806, 'pwm_bias': 0.9219961403363448, 'pwm_deadzone': 1.099465531141223, 'pwm_noise_sigma': 0.48103635227037234, 'actuator_tau': 0.008873856637903662, 'action_delay_steps': 0, 'theta_bias': 0.002077196078101284, 'alpha_bias': 0.00035445220337154996, 'theta_sigma': 0.0006495125370125894, 'alpha_sigma': 0.0028201566828933516, 'theta_dot_sigma': 0.09648172764460636, 'alpha_dot_sigma': 0.11410770096593699, 'encoder_quantization_rad': 0.00033188468016765696, 'velocity_lpf': 0.25, 'process_theta_dot_sigma': 0.0, 'process_alpha_dot_sigma': 0.0}"
3847990,3,randomization_0.30,0.3,"{'level': 0.3, 'physical': {'g': 9.818354392287203, 'c_theta': 0.03045486173959539, 'c_alpha': 0.001728225701051012, 'k_t': 0.21510967708972503, 'k_b': 0.18709004843953422, 'k_u': 0.0497654540332637, 'R': 4.220658302824928, 'm1': 0.19347157805656146, 'm2': 0.16121081768757903, 'l1cg': 0.08184532951522906, 'l1': 0.14950176311546284, 'l2cg': 0.06753411623759313, 'I1z': 0.0004534414760959105, 'I2x': 0.0003717730303926372, 'I2y': 2.4062925147893296e-05, 'I2z': 0.0004251536709265633}, 'init_theta_std_deg': 6.4618017142259045, 'init_alpha_std_deg': 9.726218635175824, 'init_theta_dot_std': 0.15801630551614151, 'init_alpha_dot_std': 0.7134744404012466, 'pwm_limit': 148.64406343526818, 'pwm_gain': 0.9880908330580672, 'pwm_bias': 0.15616604275428295, 'pwm_deadzone': 2.2457742248014583, 'pwm_noise_sigma': 0.368883718628408, 'actuator_tau': 0.007396246610393921, 'action_delay_steps': 0, 'theta_bias': 0.0006377623827746171, 'alpha_bias': 0.00020542746984463927, 'theta_sigma': 0.00026911545679862795, 'alpha_sigma': 0.0020882023072365083, 'theta_dot_sigma': 0.08794825243714849, 'alpha_dot_sigma': 0.0023799242401519494, 'encoder_quantization_rad': 0.0002762889508514294, 'velocity_lpf': 0.25, 'process_theta_dot_sigma': 0.0, 'process_alpha_dot_sigma': 0.0}"
3849990,3,randomization_0.30,0.3,"{'level': 0.3, 'physical': {'g': 9.918013745674797, 'c_theta': 0.041911884703751755, 'c_alpha': 0.0013068590409687857, 'k_t': 0.22783163925315575, 'k_b': 0.178676823449203, 'k_u': 0.04463792036024783, 'R': 4.036346075332146, 'm1': 0.19370141289646806, 'm2': 0.16534665805954174, 'l1cg': 0.08159860036996014, 'l1': 0.14911279456870213, 'l2cg': 0.06660288752090672, 'I1z': 0.0005628657661741822, 'I2x': 0.00034754852525182173, 'I2y': 2.578591478278325e-05, 'I2z': 0.0004247783624056317}, 'init_theta_std_deg': 6.343978991235901, 'init_alpha_std_deg': 9.590643608244005, 'init_theta_dot_std': 0.17897555250128522, 'init_alpha_dot_std': 0.30577144532467, 'pwm_limit': 144.27639689063656, 'pwm_gain': 1.0033114943103234, 'pwm_bias': 0.33734242728568736, 'pwm_deadzone': 1.063327458885667, 'pwm_noise_sigma': 0.051549453176298, 'actuator_tau': 6.809591429945061e-05, 'action_delay_steps': 0, 'theta_bias': 0.002795206691559852, 'alpha_bias': 0.0005822415452552796, 'theta_sigma': 4.751889921390349e-05, 'alpha_sigma': 0.0013469895261039012, 'theta_dot_sigma': 0.06123216628176102, 'alpha_dot_sigma': 0.1591206787810304, 'encoder_quantization_rad': 0.0003716868921564105, 'velocity_lpf': 0.25, 'process_theta_dot_sigma': 0.0, 'process_alpha_dot_sigma': 0.0}"
3851990,3,randomization_0.30,0.3,"{'level': 0.3, 'physical': {'g': 9.823436252371915, 'c_theta': 0.021280530285150912, 'c_alpha': 0.0015537962106228192, 'k_t': 0.21399337249332573, 'k_b': 0.19439283406807534, 'k_u': 0.047069411127706136, 'R': 4.097478363650606, 'm1': 0.19833002501313232, 'm2': 0.15593501428864448, 'l1cg': 0.08115586526521937, 'l1': 0.14897617419504575, 'l2cg': 0.06203410229417848, 'I1z': 0.00043018869009579113, 'I2x': 0.000387327661104369, 'I2y': 2.3126742285240156e-05, 'I2z': 0.00036974214505965656}, 'init_theta_std_deg': 5.043296468131192, 'init_alpha_std_deg': 9.873843214957246, 'init_theta_dot_std': 0.3755234204968249, 'init_alpha_dot_std': 0.4675359659970809, 'pwm_limit': 148.92292758995376, 'pwm_gain': 0.991596910842426, 'pwm_bias': -0.004155207803818594, 'pwm_deadzone': 0.6535544490388656, 'pwm_noise_sigma': 0.03698646233129834, 'actuator_tau': 0.00026005571192678654, 'action_delay_steps': 0, 'theta_bias': 0.0016375769825996212, 'alpha_bias': -0.0010515985031486319, 'theta_sigma': 0.0011340539198826042, 'alpha_sigma': 0.0007764310422313432, 'theta_dot_sigma': 0.10393657594871904, 'alpha_dot_sigma': 0.12088885296069293, 'encoder_quantization_rad': 4.4173085198575814e-05, 'velocity_lpf': 0.25, 'process_theta_dot_sigma': 0.0, 'process_alpha_dot_sigma': 0.0}"
3853990,3,randomization_0.30,0.3,"{'level': 0.3, 'physical': {'g': 9.942048183252611, 'c_theta': 0.042610477033531186, 'c_alpha': 0.001892673845622959, 'k_t': 0.24827715795511193, 'k_b': 0.19583229641935174, 'k_u': 0.044870085531595015, 'R': 4.298902339423658, 'm1': 0.22166452417684457, 'm2': 0.16204177612814352, 'l1cg': 0.08077801247260956, 'l1': 0.15529964222376183, 'l2cg': 0.06663548210690398, 'I1z': 0.0005480381917353023, 'I2x': 0.00038430928524242565, 'I2y': 2.2354193528442197e-05, 'I2z': 0.0003234146147998259}, 'init_theta_std_deg': 5.820835927895791, 'init_alpha_std_deg': 8.61068496632174, 'init_theta_dot_std': 0.31273531360183304, 'init_alpha_dot_std': 0.7145394074766439, 'pwm_limit': 143.74399658831277, 'pwm_gain': 0.9973778850980348, 'pwm_bias': -0.8612092974315054, 'pwm_deadzone': 1.909052564211041, 'pwm_noise_sigma': 0.25431074290274386, 'actuator_tau': 0.007192917198158443, 'action_delay_steps': 0, 'theta_bias': -0.0023375051412546843, 'alpha_bias': 0.0010227709442455978, 'theta_sigma': 0.000695631968829483, 'alpha_sigma': 0.0018890847974438205, 'theta_dot_sigma': 0.009228253129727703, 'alpha_dot_sigma': 0.055653609463808644, 'encoder_quantization_rad': 0.00023645681205393745, 'velocity_lpf': 0.25, 'process_theta_dot_sigma': 0.0, 'process_alpha_dot_sigma': 0.0}"
3855990,3,randomization_0.30,0.3,"{'level': 0.3, 'physical': {'g': 9.79579779009781, 'c_theta': 0.041793720381385416, 'c_alpha': 0.0018562181543252093, 'k_t': 0.21412429380522122, 'k_b': 0.17647000369124624, 'k_u': 0.04624254506899677, 'R': 4.136529580837181, 'm1': 0.19955238651315527, 'm2': 0.1601463508095128, 'l1cg': 0.08013159219968215, 'l1': 0.15059587233725477, 'l2cg': 0.06327006981561213, 'I1z': 0.0004404315357676195, 'I2x': 0.0003672995689403959, 'I2y': 2.7029895532273932e-05, 'I2z': 0.00033611605494161936}, 'init_theta_std_deg': 4.561578635403785, 'init_alpha_std_deg': 9.921971154849237, 'init_theta_dot_std': 0.029676515760591902, 'init_alpha_dot_std': 0.16880757643657968, 'pwm_limit': 146.64858699095822, 'pwm_gain': 1.0045550961168224, 'pwm_bias': 0.97565451693982, 'pwm_deadzone': 0.7056537864913497, 'pwm_noise_sigma': 0.5038221003678095, 'actuator_tau': 0.0074450960330001365, 'action_delay_steps': 0, 'theta_bias': -0.002591944981421569, 'alpha_bias': -0.0016110285655410981, 'theta_sigma': 0.0016789903839404636, 'alpha_sigma': 0.00014827309814755262, 'theta_dot_sigma': 0.010159824715489617, 'alpha_dot_sigma': 0.14559039362074455, 'encoder_quantization_rad': 0.00017965298359955438, 'velocity_lpf': 0.25, 'process_theta_dot_sigma': 0.0, 'process_alpha_dot_sigma': 0.0}"
3857990,3,randomization_0.30,0.3,"{'level': 0.3, 'physical': {'g': 9.712355901761882, 'c_theta': 0.027655442889643778, 'c_alpha': 0.0012512744423427413, 'k_t': 0.2234422053101572, 'k_b': 0.1822045591683603, 'k_u': 0.04961556703542803, 'R': 4.063418570715446, 'm1': 0.2025059707483848, 'm2': 0.15693798563594868, 'l1cg': 0.07952561835823321, 'l1': 0.15308885451820792, 'l2cg': 0.06479093643592664, 'I1z': 0.00043969258126378026, 'I2x': 0.0003684726355814383, 'I2y': 2.151114280249454e-05, 'I2z': 0.000362769081766133}, 'init_theta_std_deg': 6.33790043501025, 'init_alpha_std_deg': 7.577708081930011, 'init_theta_dot_std': 0.21188237758542652, 'init_alpha_dot_std': 0.5744046810391242, 'pwm_limit': 148.51302933769722, 'pwm_gain': 0.9876822616647472, 'pwm_bias': 0.3856189753287415, 'pwm_deadzone': 0.8281517576316376, 'pwm_noise_sigma': 0.2690365010872446, 'actuator_tau': 0.00867080690665289, 'action_delay_steps': 0, 'theta_bias': 0.0029992668309051242, 'alpha_bias': 0.0027209586925233584, 'theta_sigma': 0.0017684065326391567, 'alpha_sigma': 0.003767298795762582, 'theta_dot_sigma': 0.05058202565053207, 'alpha_dot_sigma': 0.01357336939214868, 'encoder_quantization_rad': 6.241525510326913e-05, 'velocity_lpf': 0.25199169871500604, 'process_theta_dot_sigma': 0.0, 'process_alpha_dot_sigma': 0.0}"
3859990,3,randomization_0.30,0.3,"{'level': 0.3, 'physical': {'g': 9.778998408686164, 'c_theta': 0.022194596055902006, 'c_alpha': 0.0011383767605115743, 'k_t': 0.2228896173131398, 'k_b': 0.1843582666244137, 'k_u': 0.04719075421183259, 'R': 4.072172945278415, 'm1': 0.1955455164688466, 'm2': 0.15618165869951006, 'l1cg': 0.07774105265431834, 'l1': 0.15215654182563104, 'l2cg': 0.06426605110112993, 'I1z': 0.0005345982615493028, 'I2x': 0.00037005444019006336, 'I2y': 2.5884653600315514e-05, 'I2z': 0.0003090030181225785}, 'init_theta_std_deg': 5.130594068786736, 'init_alpha_std_deg': 6.853500543552699, 'init_theta_dot_std': 0.11316972167563848, 'init_alpha_dot_std': 0.6754323041778395, 'pwm_limit': 149.19208481685152, 'pwm_gain': 0.9884468307411166, 'pwm_bias': -0.8404808746253513, 'pwm_deadzone': 0.11882272368477176, 'pwm_noise_sigma': 0.4269558515370157, 'actuator_tau': 0.0017830288808939933, 'action_delay_steps': 0, 'theta_bias': -0.0014294936274861125, 'alpha_bias': -0.0006083832142642436, 'theta_sigma': 0.000666250755237155, 'alpha_sigma': 0.00040818067120483657, 'theta_dot_sigma': 0.05746676707602312, 'alpha_dot_sigma': 0.040153944449450266, 'encoder_quantization_rad': 0.00015084261388755986, 'velocity_lpf': 0.25, 'process_theta_dot_sigma': 0.0, 'process_alpha_dot_sigma': 0.0}"
3861990,3,randomization_0.30,0.3,"{'level': 0.3, 'physical': {'g': 9.933635332009779, 'c_theta': 0.026348093119548135, 'c_alpha': 0.001378422180124945, 'k_t': 0.22146839617692626, 'k_b': 0.19103599878464558, 'k_u': 0.043856160241760804, 'R': 4.5917470224371275, 'm1': 0.20143388697268055, 'm2': 0.16358877742792566, 'l1cg': 0.07960993490403599, 'l1': 0.15363613673416893, 'l2cg': 0.06923371977933548, 'I1z': 0.0005244859994586133, 'I2x': 0.0003541799778272397, 'I2y': 2.5154811102620642e-05, 'I2z': 0.0003709666180309055}, 'init_theta_std_deg': 4.49749128635957, 'init_alpha_std_deg': 7.243454334980171, 'init_theta_dot_std': 0.12200206299457565, 'init_alpha_dot_std': 0.367505674298365, 'pwm_limit': 149.13837785853914, 'pwm_gain': 0.9706490905826312, 'pwm_bias': 0.21260711360404053, 'pwm_deadzone': 2.0012410734100965, 'pwm_noise_sigma': 0.5004191109090413, 'actuator_tau': 0.007720957465243873, 'action_delay_steps': 0, 'theta_bias': -0.0014701773894759955, 'alpha_bias': -0.003484746818103789, 'theta_sigma': 0.0009688384770789767, 'alpha_sigma': 0.004448176866920373, 'theta_dot_sigma': 0.0140525466009283, 'alpha_dot_sigma': 0.09255446361537205, 'encoder_quantization_rad': 0.0004142789883138808, 'velocity_lpf': 0.25, 'process_theta_dot_sigma': 0.0, 'process_alpha_dot_sigma': 0.0}"
3863990,3,randomization_0.30,0.3,"{'level': 0.3, 'physical': {'g': 9.94258553706529, 'c_theta': 0.028652983357696882, 'c_alpha': 0.0009566868715107652, 'k_t': 0.2371740609966128, 'k_b': 0.1805707677774493, 'k_u': 0.04547212400829306, 'R': 4.121399380909755, 'm1': 0.2172752418725307, 'm2': 0.15286401318644738, 'l1cg': 0.08318568086951354, 'l1': 0.15174521616112885, 'l2cg': 0.06926296206528787, 'I1z': 0.0005849180574143761, 'I2x': 0.00036559927926214366, 'I2y': 2.9260612528055303e-05, 'I2z': 0.00036933365996770474}, 'init_theta_std_deg': 6.3894676569487245, 'init_alpha_std_deg': 8.022960747801793, 'init_theta_dot_std': 0.14393857078008152, 'init_alpha_dot_std': 0.15233933485699347, 'pwm_limit': 146.49330644098828, 'pwm_gain': 0.974730913393227, 'pwm_bias': -0.8374675183775409, 'pwm_deadzone': 0.6965834136620428, 'pwm_noise_sigma': 0.38274306718661777, 'actuator_tau': 0.004686362642797126, 'action_delay_steps': 0, 'theta_bias': -0.00017759681041283805, 'alpha_bias': 0.001509803978798049, 'theta_sigma': 0.001705204891145045, 'alpha_sigma': 0.0016510976854016057, 'theta_dot_sigma': 0.03905755146061311, 'alpha_dot_sigma': 0.01807360287010699, 'encoder_quantization_rad': 0.00042123427250689426, 'velocity_lpf': 0.2624255120232444, 'process_theta_dot_sigma': 0.0, 'process_alpha_dot_sigma': 0.0}"
3865990,3,randomization_0.30,0.3,"{'level': 0.3, 'physical': {'g': 9.943316710901044, 'c_theta': 0.040085572118585495, 'c_alpha': 0.0020393739672348726, 'k_t': 0.2292153044122388, 'k_b': 0.1849940517095343, 'k_u': 0.04655736771294239, 'R': 4.568231953750048, 'm1': 0.20661627841670444, 'm2': 0.1542417066608204, 'l1cg': 0.08026962183435533, 'l1': 0.14791680793452622, 'l2cg': 0.07116131235849972, 'I1z': 0.0005056024848757028, 'I2x': 0.00036717774101177624, 'I2y': 2.6721536062933945e-05, 'I2z': 0.00030939105424547574}, 'init_theta_std_deg': 4.364529480912705, 'init_alpha_std_deg': 8.809975783831787, 'init_theta_dot_std': 0.3147873749526127, 'init_alpha_dot_std': 0.7315127995252497, 'pwm_limit': 150.54057325530974, 'pwm_gain': 0.9904688645548794, 'pwm_bias': -0.5212130066048938, 'pwm_deadzone': 2.4400816906955467, 'pwm_noise_sigma': 0.34544237936354966, 'actuator_tau': 0.008486013184160937, 'action_delay_steps': 0, 'theta_bias': 0.0025899682578598435, 'alpha_bias': -0.0015026968390925838, 'theta_sigma': 0.0013384122777292853, 'alpha_sigma': 0.001645268319739914, 'theta_dot_sigma': 0.012894458904121458, 'alpha_dot_sigma': 0.08411968478456011, 'encoder_quantization_rad': 0.00020308600070629199, 'velocity_lpf': 0.25, 'process_theta_dot_sigma': 0.0, 'process_alpha_dot_sigma': 0.0}"
3867990,3,randomization_0.30,0.3,"{'level': 0.3, 'physical': {'g': 9.822642811108711, 'c_theta': 0.04210440870180602, 'c_alpha': 0.001543571812863748, 'k_t': 0.22495801714730157, 'k_b': 0.19120501459056638, 'k_u': 0.04937627149649158, 'R': 4.1866029986117415, 'm1': 0.19759791221685302, 'm2': 0.15221073244077984, 'l1cg': 0.07725253266291247, 'l1': 0.14983006492780185, 'l2cg': 0.06292951178645509, 'I1z': 0.000439093122479021, 'I2x': 0.00036291383496639217, 'I2y': 2.8513992628946697e-05, 'I2z': 0.0003787992619504888}, 'init_theta_std_deg': 4.797512891282234, 'init_alpha_std_deg': 8.479317092036501, 'init_theta_dot_std': 0.416998632451102, 'init_alpha_dot_std': 0.5718145053023426, 'pwm_limit': 152.16582276087766, 'pwm_gain': 1.015777008536917, 'pwm_bias': -0.977008668273973, 'pwm_deadzone': 0.7844135652080744, 'pwm_noise_sigma': 0.4245654496934036, 'actuator_tau': 0.0066339684569853155, 'action_delay_steps': 0, 'theta_bias': -0.0029752231676395636, 'alpha_bias': -0.0008047331651114499, 'theta_sigma': 0.0014329535302733485, 'alpha_sigma': 0.0059867085466808675, 'theta_dot_sigma': 0.03271237187262863, 'alpha_dot_sigma': 0.011047538137057245, 'encoder_quantization_rad': 0.0004350342906299859, 'velocity_lpf': 0.25, 'process_theta_dot_sigma': 0.0, 'process_alpha_dot_sigma': 0.0}"
3869990,3,randomization_0.30,0.3,"{'level': 0.3, 'physical': {'g': 9.750832788626212, 'c_theta': 0.02541896326982738, 'c_alpha': 0.0014621695708057023, 'k_t': 0.238611073927496, 'k_b': 0.19568221407666186, 'k_u': 0.04818169437824001, 'R': 4.213033228104606, 'm1': 0.21876569534436124, 'm2': 0.15316490967357563, 'l1cg': 0.0787518716687214, 'l1': 0.15133849148111767, 'l2cg': 0.07014212625835538, 'I1z': 0.0005361544289869288, 'I2x': 0.00036174719135757, 'I2y': 2.6946125912973223e-05, 'I2z': 0.00032018894000381687}, 'init_theta_std_deg': 5.625495818904562, 'init_alpha_std_deg': 7.409102373474171, 'init_theta_dot_std': 0.3321774139133022, 'init_alpha_dot_std': 0.4761083407134579, 'pwm_limit': 148.2650853959488, 'pwm_gain': 1.0094541333934892, 'pwm_bias': -0.9720499186486325, 'pwm_deadzone': 0.03857320747278026, 'pwm_noise_sigma': 0.1139787109166938, 'actuator_tau': 0.0010228839101233905, 'action_delay_steps': 0, 'theta_bias': -0.0008543777002632414, 'alpha_bias': -0.0016294570563030405, 'theta_sigma': 0.00047639565348266404, 'alpha_sigma': 0.002299026296522673, 'theta_dot_sigma': 0.08535944988545513, 'alpha_dot_sigma': 0.05017298934079811, 'encoder_quantization_rad': 0.00029858871257782164, 'velocity_lpf': 0.2506126911094756, 'process_theta_dot_sigma': 0.0, 'process_alpha_dot_sigma': 0.0}"
3871990,3,randomization_0.30,0.3,"{'level': 0.3, 'physical': {'g': 9.75758449382512, 'c_theta': 0.021660907375509835, 'c_alpha': 0.0011351426395148818, 'k_t': 0.23333313080122187, 'k_b': 0.19165807043572763, 'k_u': 0.047757493829820044, 'R': 4.053063329836218, 'm1': 0.21751200058130832, 'm2': 0.16437883317833968, 'l1cg': 0.07745890706825298, 'l1': 0.14793224447900694, 'l2cg': 0.06397882700035111, 'I1z': 0.0005437920965944249, 'I2x': 0.0003782228688503001, 'I2y': 2.2767901170148003e-05, 'I2z': 0.0004267178856789781}, 'init_theta_std_deg': 6.16151869497604, 'init_alpha_std_deg': 10.031364127199474, 'init_theta_dot_std': 0.14802897548079488, 'init_alpha_dot_std': 0.5702885346354573, 'pwm_limit': 148.10320646046378, 'pwm_gain': 1.0076188683914329, 'pwm_bias': -0.5915011061099897, 'pwm_deadzone': 2.058990284371683, 'pwm_noise_sigma': 0.5967244608505833, 'actuator_tau': 0.003453076366979495, 'action_delay_steps': 0, 'theta_bias': -0.0009390202365158335, 'alpha_bias': -0.0025006043809274255, 'theta_sigma': 0.0008421525777051336, 'alpha_sigma': 0.002988845143857331, 'theta_dot_sigma': 0.09975026049925682, 'alpha_dot_sigma': 0.11427458745481019, 'encoder_quantization_rad': 0.0001705019296474357, 'velocity_lpf': 0.25, 'process_theta_dot_sigma': 0.0, 'process_alpha_dot_sigma': 0.0}"
3873990,3,randomization_0.30,0.3,"{'level': 0.3, 'physical': {'g': 9.685767155951794, 'c_theta': 0.0232126828085932, 'c_alpha': 0.0015415624256250892, 'k_t': 0.2449559796874825, 'k_b': 0.19755945942834086, 'k_u': 0.044752731932595276, 'R': 4.593205268209188, 'm1': 0.21877058347375175, 'm2': 0.15295178727670516, 'l1cg': 0.07712540097467341, 'l1': 0.15537439576807072, 'l2cg': 0.06895196909727491, 'I1z': 0.0005353451919410736, 'I2x': 0.0003872447476364153, 'I2y': 2.3997890345000763e-05, 'I2z': 0.00035646593638888243}, 'init_theta_std_deg': 6.296723501213256, 'init_alpha_std_deg': 9.987291034656913, 'init_theta_dot_std': 0.4316100933342068, 'init_alpha_dot_std': 0.21036319423933392, 'pwm_limit': 148.7362399834152, 'pwm_gain': 1.0182971974589354, 'pwm_bias': -0.41397666527664023, 'pwm_deadzone': 1.525943060623283, 'pwm_noise_sigma': 0.47044284249646406, 'actuator_tau': 0.005436528415363419, 'action_delay_steps': 0, 'theta_bias': 0.0018011392325830678, 'alpha_bias': 0.0018668413437862685, 'theta_sigma': 0.001799848051037701, 'alpha_sigma': 0.002616035011915222, 'theta_dot_sigma': 0.09178017936632146, 'alpha_dot_sigma': 0.010345019120104167, 'encoder_quantization_rad': 0.0003311883867898225, 'velocity_lpf': 0.2438012309645711, 'process_theta_dot_sigma': 0.0, 'process_alpha_dot_sigma': 0.0}"
3875990,3,randomization_0.30,0.3,"{'level': 0.3, 'physical': {'g': 9.660025563426027, 'c_theta': 0.02290757213746021, 'c_alpha': 0.0011794130127745106, 'k_t': 0.23990411542975867, 'k_b': 0.1765142562289799, 'k_u': 0.0466894587535798, 'R': 4.042141067317233, 'm1': 0.19755709184157771, 'm2': 0.15935216893865756, 'l1cg': 0.07892163231723207, 'l1': 0.155688719408661, 'l2cg': 0.06978129026372366, 'I1z': 0.0005358081700373129, 'I2x': 0.0003756291568972708, 'I2y': 2.1573521312684652e-05, 'I2z': 0.00032445848215929146}, 'init_theta_std_deg': 6.380689269952895, 'init_alpha_std_deg': 9.458120893954804, 'init_theta_dot_std': 0.4304674916098901, 'init_alpha_dot_std': 0.6223284762894028, 'pwm_limit': 148.1554148835463, 'pwm_gain': 1.012838203834926, 'pwm_bias': 0.11069329888546839, 'pwm_deadzone': 1.269911358879553, 'pwm_noise_sigma': 0.37899906401744676, 'actuator_tau': 0.006296300502735415, 'action_delay_steps': 0, 'theta_bias': 0.0017072460511229476, 'alpha_bias': 0.0014847432031628535, 'theta_sigma': 0.0014364195396900908, 'alpha_sigma': 0.003360098500138237, 'theta_dot_sigma': 0.10420186378422676, 'alpha_dot_sigma': 0.04338651877146844, 'encoder_quantization_rad': 0.0001492561468073449, 'velocity_lpf': 0.25, 'process_theta_dot_sigma': 0.0, 'process_alpha_dot_sigma': 0.0}"
3877990,3,randomization_0.30,0.3,"{'level': 0.3, 'physical': {'g': 9.88087076520575, 'c_theta': 0.034482946986138074, 'c_alpha': 0.001711336908554892, 'k_t': 0.2298955721820971, 'k_b': 0.19812973657480026, 'k_u': 0.04910469175811864, 'R': 4.3742481055567, 'm1': 0.2193028096333039, 'm2': 0.16361257720715858, 'l1cg': 0.08044282160010525, 'l1': 0.14843218555976298, 'l2cg': 0.06856205626256041, 'I1z': 0.0005269019590902469, 'I2x': 0.0003803891665509995, 'I2y': 2.3858041569854463e-05, 'I2z': 0.0004013679241870326}, 'init_theta_std_deg': 4.461384724044043, 'init_alpha_std_deg': 8.265858403606924, 'init_theta_dot_std': 0.17861819220186081, 'init_alpha_dot_std': 0.7499012103508136, 'pwm_limit': 148.7071907267259, 'pwm_gain': 1.0227725013673281, 'pwm_bias': -0.5399035649901652, 'pwm_deadzone': 0.2994833478906639, 'pwm_noise_sigma': 0.2739639491723704, 'actuator_tau': 0.0025584288165526707, 'action_delay_steps': 0, 'theta_bias': 0.0015043288630942689, 'alpha_bias': -0.003548729433117881, 'theta_sigma': 0.0014955852721722886, 'alpha_sigma': 0.00249961380175129, 'theta_dot_sigma': 0.08686693298581998, 'alpha_dot_sigma': 0.06834586346808935, 'encoder_quantization_rad': 0.00018467075692859508, 'velocity_lpf': 0.25, 'process_theta_dot_sigma': 0.0, 'process_alpha_dot_sigma': 0.0}"
3879990,3,randomization_0.30,0.3,"{'level': 0.3, 'physical': {'g': 9.83897296615288, 'c_theta': 0.035158212038310106, 'c_alpha': 0.0014749217732911322, 'k_t': 0.24755608653104402, 'k_b': 0.20004610447703966, 'k_u': 0.04853894432056097, 'R': 4.165731751879172, 'm1': 0.19412448023444637, 'm2': 0.15424050049362284, 'l1cg': 0.07681264475191606, 'l1': 0.1488327266744509, 'l2cg': 0.06940888562848137, 'I1z': 0.0005392553962138121, 'I2x': 0.0003502724190512113, 'I2y': 2.2068797201168963e-05, 'I2z': 0.0003800711334549075}, 'init_theta_std_deg': 4.310180963760482, 'init_alpha_std_deg': 7.87355890606941, 'init_theta_dot_std': 0.03953737958350665, 'init_alpha_dot_std': 0.27682646080011253, 'pwm_limit': 150.69106383695095, 'pwm_gain': 0.9730719953462021, 'pwm_bias': 0.2989759595881983, 'pwm_deadzone': 1.092552562986548, 'pwm_noise_sigma': 0.09730643598370099, 'actuator_tau': 0.005082863902559439, 'action_delay_steps': 0, 'theta_bias': -0.0009974291854977426, 'alpha_bias': 0.003446266418775774, 'theta_sigma': 0.00010237370159364159, 'alpha_sigma': 0.0014633741812966987, 'theta_dot_sigma': 0.09362211165622396, 'alpha_dot_sigma': 0.11176191659543765, 'encoder_quantization_rad': 0.00011868405638259684, 'velocity_lpf': 0.25, 'process_theta_dot_sigma': 0.0, 'process_alpha_dot_sigma': 0.0}"
3881990,3,randomization_0.30,0.3,"{'level': 0.3, 'physical': {'g': 9.72938195944469, 'c_theta': 0.040793801057238864, 'c_alpha': 0.001856297848313648, 'k_t': 0.22704014794935015, 'k_b': 0.17967545710807165, 'k_u': 0.0438347230935512, 'R': 4.129082580890707, 'm1': 0.21221953167558458, 'm2': 0.16321363792773597, 'l1cg': 0.08095861189271386, 'l1': 0.155817279362686, 'l2cg': 0.06355592326498452, 'I1z': 0.000548710854006335, 'I2x': 0.0003909498504121403, 'I2y': 2.4854609117247248e-05, 'I2z': 0.0003890918948888984}, 'init_theta_std_deg': 4.9443623001025205, 'init_alpha_std_deg': 9.909440171636819, 'init_theta_dot_std': 0.38552459544754664, 'init_alpha_dot_std': 0.4225968743110045, 'pwm_limit': 142.3465338019994, 'pwm_gain': 1.0110731948576974, 'pwm_bias': -1.020045029271875, 'pwm_deadzone': 0.5487425858418478, 'pwm_noise_sigma': 0.49168869266845294, 'actuator_tau': 0.004898151021764912, 'action_delay_steps': 0, 'theta_bias': -0.0027523121059786528, 'alpha_bias': 0.0021693655507086414, 'theta_sigma': 0.0017674586351052498, 'alpha_sigma': 0.004063795946328488, 'theta_dot_sigma': 0.016404997539742342, 'alpha_dot_sigma': 0.10781923855387578, 'encoder_quantization_rad': 8.03853168017853e-05, 'velocity_lpf': 0.25, 'process_theta_dot_sigma': 0.0, 'process_alpha_dot_sigma': 0.0}"
3883990,3,randomization_0.30,0.3,"{'level': 0.3, 'physical': {'g': 9.748402319303823, 'c_theta': 0.03587051805690831, 'c_alpha': 0.0008535132291927693, 'k_t': 0.21993273830061694, 'k_b': 0.19248599134576425, 'k_u': 0.049180077819531605, 'R': 4.231299934237839, 'm1': 0.19349117781011796, 'm2': 0.15231909303527572, 'l1cg': 0.07715769879485732, 'l1': 0.15260359630555656, 'l2cg': 0.07082195580434808, 'I1z': 0.0005342332880382039, 'I2x': 0.0003508912963285524, 'I2y': 2.768275749718436e-05, 'I2z': 0.0003585856090081723}, 'init_theta_std_deg': 5.762763120623351, 'init_alpha_std_deg': 9.904414535320791, 'init_theta_dot_std': 0.06645705112898741, 'init_alpha_dot_std': 0.7090483309289811, 'pwm_limit': 150.09331722710093, 'pwm_gain': 1.0114127215259892, 'pwm_bias': 1.0305518851236286, 'pwm_deadzone': 2.841899361484218, 'pwm_noise_sigma': 0.07753587626472147, 'actuator_tau': 0.0027094167652533126, 'action_delay_steps': 0, 'theta_bias': 0.0001599857733466783, 'alpha_bias': 0.001240764425051473, 'theta_sigma': 0.0002870394120922225, 'alpha_sigma': 0.004209127661320281, 'theta_dot_sigma': 0.014792124253896978, 'alpha_dot_sigma': 0.1640191220556492, 'encoder_quantization_rad': 4.626437375963077e-06, 'velocity_lpf': 0.25, 'process_theta_dot_sigma': 0.0, 'process_alpha_dot_sigma': 0.0}"
3885990,3,randomization_0.30,0.3,"{'level': 0.3, 'physical': {'g': 9.796208746035571, 'c_theta': 0.041991237489261105, 'c_alpha': 0.0013307590485046165, 'k_t': 0.21370590819057642, 'k_b': 0.19816629393198404, 'k_u': 0.046146165946176695, 'R': 4.359983111426553, 'm1': 0.19146904018155955, 'm2': 0.15383506468813496, 'l1cg': 0.08082689426214412, 'l1': 0.1552661477154449, 'l2cg': 0.07137409551643493, 'I1z': 0.00048103915083050276, 'I2x': 0.0003468910371077582, 'I2y': 2.903934238496456e-05, 'I2z': 0.00030763689052194}, 'init_theta_std_deg': 5.203718661406964, 'init_alpha_std_deg': 10.076388883611877, 'init_theta_dot_std': 0.3526217136625329, 'init_alpha_dot_std': 0.21782216373661634, 'pwm_limit': 150.6211185894716, 'pwm_gain': 0.9955387919282398, 'pwm_bias': 0.14934486475590097, 'pwm_deadzone': 0.9609694728335024, 'pwm_noise_sigma': 0.07208098612513034, 'actuator_tau': 0.006896804482966988, 'action_delay_steps': 0, 'theta_bias': 0.0015201615053877713, 'alpha_bias': -0.00010507579518299357, 'theta_sigma': 0.0003446598460306301, 'alpha_sigma': 0.0028518720575450916, 'theta_dot_sigma': 0.0721718577728798, 'alpha_dot_sigma': 0.07597046979199683, 'encoder_quantization_rad': 0.00032298606617240744, 'velocity_lpf': 0.25, 'process_theta_dot_sigma': 0.0, 'process_alpha_dot_sigma': 0.0}"
3887990,3,randomization_0.30,0.3,"{'level': 0.3, 'physical': {'g': 9.81253714079952, 'c_theta': 0.04361158177463579, 'c_alpha': 0.0012438312705402993, 'k_t': 0.2422667775353909, 'k_b': 0.1776750989425825, 'k_u': 0.04576539901336387, 'R': 4.085136518374156, 'm1': 0.2124007030489514, 'm2': 0.15479424920586832, 'l1cg': 0.08346874841954215, 'l1': 0.1540983816787533, 'l2cg': 0.06308289243007313, 'I1z': 0.0005887242343461192, 'I2x': 0.0003792396045237991, 'I2y': 2.345204988177539e-05, 'I2z': 0.0003206372109282145}, 'init_theta_std_deg': 4.417671627804355, 'init_alpha_std_deg': 7.696315582194913, 'init_theta_dot_std': 0.09272359042610444, 'init_alpha_dot_std': 0.36640787191423346, 'pwm_limit': 147.52199533549378, 'pwm_gain': 0.9857016150275457, 'pwm_bias': 0.7877067973804779, 'pwm_deadzone': 1.053015899806753, 'pwm_noise_sigma': 0.5329944170788147, 'actuator_tau': 0.004703544982050352, 'action_delay_steps': 0, 'theta_bias': -0.0010447198636663632, 'alpha_bias': 0.0001203422248777942, 'theta_sigma': 0.0015487606037463747, 'alpha_sigma': 0.0025158168844662387, 'theta_dot_sigma': 0.03857248468303983, 'alpha_dot_sigma': 0.17699072284326597, 'encoder_quantization_rad': 0.00020423374309807066, 'velocity_lpf': 0.25, 'process_theta_dot_sigma': 0.0, 'process_alpha_dot_sigma': 0.0}"
3889990,3,randomization_0.30,0.3,"{'level': 0.3, 'physical': {'g': 9.773729716970212, 'c_theta': 0.0430053731357877, 'c_alpha': 0.0015385936903920818, 'k_t': 0.22785505479993584, 'k_b': 0.20097427582030047, 'k_u': 0.046013562591183506, 'R': 4.066359568641128, 'm1': 0.19914116361369674, 'm2': 0.16447928328615546, 'l1cg': 0.07926857074938724, 'l1': 0.15051595375577778, 'l2cg': 0.06504201450679357, 'I1z': 0.0005806864868614058, 'I2x': 0.00037113621360072727, 'I2y': 2.5890733697934823e-05, 'I2z': 0.0003291931204733152}, 'init_theta_std_deg': 6.17677258903081, 'init_alpha_std_deg': 9.482071917865358, 'init_theta_dot_std': 0.1882164797862183, 'init_alpha_dot_std': 0.6130811695665251, 'pwm_limit': 144.8772362282795, 'pwm_gain': 0.9965978356151832, 'pwm_bias': 0.05916702641901343, 'pwm_deadzone': 0.6256983402280968, 'pwm_noise_sigma': 0.08244787218125471, 'actuator_tau': 0.005094895082714156, 'action_delay_steps': 0, 'theta_bias': -0.0018999540272607346, 'alpha_bias': -0.0005484526269458048, 'theta_sigma': 0.0013913548649678647, 'alpha_sigma': 0.0029733799924850078, 'theta_dot_sigma': 0.00796903351943324, 'alpha_dot_sigma': 0.12458863157571516, 'encoder_quantization_rad': 0.00032224685331493205, 'velocity_lpf': 0.25, 'process_theta_dot_sigma': 0.0, 'process_alpha_dot_sigma': 0.0}"
3891990,3,randomization_0.30,0.3,"{'level': 0.3, 'physical': {'g': 9.71663479513052, 'c_theta': 0.0433055646984969, 'c_alpha': 0.001488774375377766, 'k_t': 0.24479493201272115, 'k_b': 0.191885909449141, 'k_u': 0.04953880901329463, 'R': 4.128749613434546, 'm1': 0.19098962043346457, 'm2': 0.1539878318426424, 'l1cg': 0.08214148864919989, 'l1': 0.15088004362152482, 'l2cg': 0.06726000897978007, 'I1z': 0.0004601062134190068, 'I2x': 0.0003707675949085987, 'I2y': 2.136211490451736e-05, 'I2z': 0.0004157852274510136}, 'init_theta_std_deg': 4.908821233966919, 'init_alpha_std_deg': 7.087457066186464, 'init_theta_dot_std': 0.09184695999002171, 'init_alpha_dot_std': 0.08749267433582017, 'pwm_limit': 144.30948394825168, 'pwm_gain': 0.9905119117594606, 'pwm_bias': 0.21910071556697366, 'pwm_deadzone': 0.5489099235721422, 'pwm_noise_sigma': 0.1070909962508101, 'actuator_tau': 0.006728282315669671, 'action_delay_steps': 0, 'theta_bias': -7.423386915169039e-05, 'alpha_bias': 0.0013601973260050774, 'theta_sigma': 0.0010739893972187455, 'alpha_sigma': 0.0011767670723945407, 'theta_dot_sigma': 0.049567718532081695, 'alpha_dot_sigma': 0.16768328826564238, 'encoder_quantization_rad': 0.0004254583029784911, 'velocity_lpf': 0.25, 'process_theta_dot_sigma': 0.0, 'process_alpha_dot_sigma': 0.0}"
3893990,3,randomization_0.30,0.3,"{'level': 0.3, 'physical': {'g': 9.814134590771928, 'c_theta': 0.034986787445746445, 'c_alpha': 0.0012227671026505413, 'k_t': 0.23233416507348495, 'k_b': 0.19431862504824043, 'k_u': 0.050971294460138615, 'R': 4.573594884931436, 'm1': 0.19372178108726956, 'm2': 0.15881437426684317, 'l1cg': 0.08303199889509051, 'l1': 0.15151910146648848, 'l2cg': 0.06585694038405508, 'I1z': 0.00043246047127655285, 'I2x': 0.0003817528664210415, 'I2y': 2.671249591122489e-05, 'I2z': 0.00044071269112499155}, 'init_theta_std_deg': 5.734985231867186, 'init_alpha_std_deg': 8.47568385980799, 'init_theta_dot_std': 0.021620617930228434, 'init_alpha_dot_std': 0.5007857567765474, 'pwm_limit': 142.33176737710235, 'pwm_gain': 0.9824504183954504, 'pwm_bias': -1.1054943091080744, 'pwm_deadzone': 2.2323701450571223, 'pwm_noise_sigma': 0.3924300089012103, 'actuator_tau': 0.0010630682258397181, 'action_delay_steps': 0, 'theta_bias': -0.002436876014981268, 'alpha_bias': 0.003555083140815696, 'theta_sigma': 0.0007142561578213104, 'alpha_sigma': 0.0029536471343595025, 'theta_dot_sigma': 0.09141759215163928, 'alpha_dot_sigma': 0.05811494954439307, 'encoder_quantization_rad': 0.00038342656690157264, 'velocity_lpf': 0.24962750623597108, 'process_theta_dot_sigma': 0.0, 'process_alpha_dot_sigma': 0.0}"
3895990,3,randomization_0.30,0.3,"{'level': 0.3, 'physical': {'g': 9.889504056015266, 'c_theta': 0.026762732111766385, 'c_alpha': 0.0018988349971890209, 'k_t': 0.23185684814782434, 'k_b': 0.1998024631995695, 'k_u': 0.048895212422283875, 'R': 4.12180220413761, 'm1': 0.20969187772001713, 'm2': 0.16251855913339885, 'l1cg': 0.07932065081690522, 'l1': 0.1485630415280352, 'l2cg': 0.07050098500577176, 'I1z': 0.0005786525019918586, 'I2x': 0.00036573923744517183, 'I2y': 2.5908778119071258e-05, 'I2z': 0.00040747435907634825}, 'init_theta_std_deg': 5.4633118184479335, 'init_alpha_std_deg': 10.175450096900834, 'init_theta_dot_std': 0.0282751082935634, 'init_alpha_dot_std': 0.1883041878509626, 'pwm_limit': 142.06323211128523, 'pwm_gain': 0.9953457181565031, 'pwm_bias': -0.48758597690910416, 'pwm_deadzone': 0.22285431343690276, 'pwm_noise_sigma': 0.2311708049225053, 'actuator_tau': 0.003696914769601567, 'action_delay_steps': 0, 'theta_bias': 0.0023736910019432093, 'alpha_bias': 0.003288341179443661, 'theta_sigma': 0.0004006956548009076, 'alpha_sigma': 0.0035333388164023017, 'theta_dot_sigma': 0.020767029188312754, 'alpha_dot_sigma': 0.0612741734728563, 'encoder_quantization_rad': 4.4198549818638e-05, 'velocity_lpf': 0.25, 'process_theta_dot_sigma': 0.0, 'process_alpha_dot_sigma': 0.0}"
3897990,3,randomization_0.30,0.3,"{'level': 0.3, 'physical': {'g': 9.69341523585793, 'c_theta': 0.01982545205473758, 'c_alpha': 0.0009441007004007517, 'k_t': 0.21491948956260962, 'k_b': 0.19718716744938802, 'k_u': 0.04889626075338453, 'R': 4.267534384674171, 'm1': 0.19850126588106443, 'm2': 0.1529255500608978, 'l1cg': 0.07853378608122696, 'l1': 0.14818570031584583, 'l2cg': 0.06322464526677818, 'I1z': 0.000478018492947567, 'I2x': 0.000366502690395436, 'I2y': 2.592508195854103e-05, 'I2z': 0.0004132912980907803}, 'init_theta_std_deg': 4.732552073637042, 'init_alpha_std_deg': 9.9059594605189, 'init_theta_dot_std': 0.033924290403911136, 'init_alpha_dot_std': 0.179782793836406, 'pwm_limit': 149.43552540829577, 'pwm_gain': 0.9937886549982793, 'pwm_bias': 1.1177937454699274, 'pwm_deadzone': 1.0345171006673706, 'pwm_noise_sigma': 0.3727122390681379, 'actuator_tau': 0.007539234526167579, 'action_delay_steps': 0, 'theta_bias': 0.0019091405277823577, 'alpha_bias': 0.0010745913062769402, 'theta_sigma': 0.0005672321911747027, 'alpha_sigma': 0.0022081536060468486, 'theta_dot_sigma': 0.02536692152097107, 'alpha_dot_sigma': 0.12506514793435414, 'encoder_quantization_rad': 0.0003982543900438197, 'velocity_lpf': 0.23538105233476056, 'process_theta_dot_sigma': 0.0, 'process_alpha_dot_sigma': 0.0}"
3899990,3,randomization_0.30,0.3,"{'level': 0.3, 'physical': {'g': 9.676555228778065, 'c_theta': 0.03504570248932472, 'c_alpha': 0.0010484830559611006, 'k_t': 0.21880749503165745, 'k_b': 0.18929094740068136, 'k_u': 0.04863770335658276, 'R': 4.412543705911874, 'm1': 0.1984035873942339, 'm2': 0.1615953972610572, 'l1cg': 0.07822659726369503, 'l1': 0.14754021661131672, 'l2cg': 0.0633695256045993, 'I1z': 0.0005136229809507293, 'I2x': 0.00034954937973721194, 'I2y': 2.1470925889216014e-05, 'I2z': 0.0004458477775899507}, 'init_theta_std_deg': 5.010253862946598, 'init_alpha_std_deg': 8.413240355965685, 'init_theta_dot_std': 0.28983679882723773, 'init_alpha_dot_std': 0.1809016642496482, 'pwm_limit': 148.56807602509923, 'pwm_gain': 0.9826940268429143, 'pwm_bias': -0.8429042971824, 'pwm_deadzone': 0.21953478529198367, 'pwm_noise_sigma': 0.5596870536464834, 'actuator_tau': 0.0011885612070684857, 'action_delay_steps': 0, 'theta_bias': -0.0008757876552486816, 'alpha_bias': 0.003072456368241428, 'theta_sigma': 0.001067279852592301, 'alpha_sigma': 0.005943275938262667, 'theta_dot_sigma': 0.0282673418249801, 'alpha_dot_sigma': 0.0815243987661048, 'encoder_quantization_rad': 0.00024134033696177046, 'velocity_lpf': 0.25, 'process_theta_dot_sigma': 0.0, 'process_alpha_dot_sigma': 0.0}"
3901990,3,randomization_0.30,0.3,"{'level': 0.3, 'physical': {'g': 9.686584096479411, 'c_theta': 0.026880079253313774, 'c_alpha': 0.0008412667701202645, 'k_t': 0.23464194312239672, 'k_b': 0.19297375737155092, 'k_u': 0.04601013017091274, 'R': 4.4961945819689, 'm1': 0.192850450561572, 'm2': 0.15213088706425257, 'l1cg': 0.08367393736432817, 'l1': 0.15139096068899166, 'l2cg': 0.06728110870817823, 'I1z': 0.00044020057508147877, 'I2x': 0.0003491383010946595, 'I2y': 2.1531349534309653e-05, 'I2z': 0.00042706643216606767}, 'init_theta_std_deg': 5.176053901587041, 'init_alpha_std_deg': 7.01594424061589, 'init_theta_dot_std': 0.05165027015365618, 'init_alpha_dot_std': 0.48972328303021956, 'pwm_limit': 145.82458961772917, 'pwm_gain': 1.015587275198551, 'pwm_bias': -0.26338703870585006, 'pwm_deadzone': 2.008398718506501, 'pwm_noise_sigma': 0.06180247730101391, 'actuator_tau': 0.007776444096239766, 'action_delay_steps': 0, 'theta_bias': -0.0006128749276009742, 'alpha_bias': 0.002219208040032155, 'theta_sigma': 0.0004404018456011623, 'alpha_sigma': 0.0028571030776813502, 'theta_dot_sigma': 0.05682643150933997, 'alpha_dot_sigma': 0.12683883178880961, 'encoder_quantization_rad': 0.0003307074132676324, 'velocity_lpf': 0.25, 'process_theta_dot_sigma': 0.0, 'process_alpha_dot_sigma': 0.0}"
3903990,3,randomization_0.30,0.3,"{'level': 0.3, 'physical': {'g': 9.846718797777347, 'c_theta': 0.025933257420575118, 'c_alpha': 0.001121802176477214, 'k_t': 0.2227115273223156, 'k_b': 0.18866772793649395, 'k_u': 0.04753990234349018, 'R': 4.522305178225885, 'm1': 0.2050921010385641, 'm2': 0.1555752876930485, 'l1cg': 0.07860153946546487, 'l1': 0.1532349951531167, 'l2cg': 0.07004793547908093, 'I1z': 0.0005884312258658178, 'I2x': 0.0003707282154786309, 'I2y': 2.6856135802596817e-05, 'I2z': 0.000439661931935255}, 'init_theta_std_deg': 4.560935095205595, 'init_alpha_std_deg': 9.561202142414572, 'init_theta_dot_std': 0.15759850239118042, 'init_alpha_dot_std': 0.5549469583109082, 'pwm_limit': 144.8997263211749, 'pwm_gain': 0.9825872749347992, 'pwm_bias': 0.7273038847437379, 'pwm_deadzone': 2.109241781343908, 'pwm_noise_sigma': 0.5457169324026395, 'actuator_tau': 0.0009775933449908917, 'action_delay_steps': 0, 'theta_bias': 0.0029591989611594885, 'alpha_bias': 0.000581897244243979, 'theta_sigma': 0.00048222059317190043, 'alpha_sigma': 0.005769537403836606, 'theta_dot_sigma': 0.08458084935771092, 'alpha_dot_sigma': 0.12110129054995944, 'encoder_quantization_rad': 0.0002661509189187642, 'velocity_lpf': 0.25, 'process_theta_dot_sigma': 0.0, 'process_alpha_dot_sigma': 0.0}"
3905990,3,randomization_0.30,0.3,"{'level': 0.3, 'physical': {'g': 9.889741104754274, 'c_theta': 0.03582880297368796, 'c_alpha': 0.0009570727968914092, 'k_t': 0.21972137641766146, 'k_b': 0.18161293679863338, 'k_u': 0.050706774526590746, 'R': 4.162070093756495, 'm1': 0.20554439243250544, 'm2': 0.15233518340808674, 'l1cg': 0.08073374515133376, 'l1': 0.153222941195963, 'l2cg': 0.0666756563620197, 'I1z': 0.0005424263161640044, 'I2x': 0.00036302590550446346, 'I2y': 2.1575879650244744e-05, 'I2z': 0.0003747871888179877}, 'init_theta_std_deg': 6.018341856725297, 'init_alpha_std_deg': 8.321883024892374, 'init_theta_dot_std': 0.3920733523785282, 'init_alpha_dot_std': 0.15945872489464144, 'pwm_limit': 144.6846768002295, 'pwm_gain': 1.0267026574804003, 'pwm_bias': 0.9872369248898119, 'pwm_deadzone': 0.2980497190348437, 'pwm_noise_sigma': 0.09341932050651862, 'actuator_tau': 0.007640620892469422, 'action_delay_steps': 0, 'theta_bias': -0.0021947611135376306, 'alpha_bias': -0.002591154788803302, 'theta_sigma': 0.0014758534338062989, 'alpha_sigma': 0.0032811406214973238, 'theta_dot_sigma': 0.07315939863349273, 'alpha_dot_sigma': 0.08204570137017896, 'encoder_quantization_rad': 5.150603946939825e-05, 'velocity_lpf': 0.2404297294382512, 'process_theta_dot_sigma': 0.0, 'process_alpha_dot_sigma': 0.0}"
3907990,3,randomization_0.30,0.3,"{'level': 0.3, 'physical': {'g': 9.724657800418473, 'c_theta': 0.033447597590113745, 'c_alpha': 0.0012356874404901427, 'k_t': 0.226272473364693, 'k_b': 0.18979060064472708, 'k_u': 0.05055221500419315, 'R': 4.492682968259644, 'm1': 0.19172226736811046, 'm2': 0.16278756382553644, 'l1cg': 0.0806671199534353, 'l1': 0.1539668568226839, 'l2cg': 0.06956864634612, 'I1z': 0.0005582775040948089, 'I2x': 0.00035379283853995337, 'I2y': 2.429612685957262e-05, 'I2z': 0.0003485687068623561}, 'init_theta_std_deg': 5.440902303795502, 'init_alpha_std_deg': 8.952386192659572, 'init_theta_dot_std': 0.2923355731804332, 'init_alpha_dot_std': 0.18401201329619146, 'pwm_limit': 141.84074840096025, 'pwm_gain': 1.0066593841212303, 'pwm_bias': 0.26464817675187363, 'pwm_deadzone': 0.6175918088374497, 'pwm_noise_sigma': 0.3442820109140246, 'actuator_tau': 0.0006147664536925249, 'action_delay_steps': 0, 'theta_bias': 0.0026693797274902615, 'alpha_bias': -0.00219675005225935, 'theta_sigma': 0.0011181675039818554, 'alpha_sigma': 0.000857478051890479, 'theta_dot_sigma': 0.09228814544988274, 'alpha_dot_sigma': 0.06127243027019034, 'encoder_quantization_rad': 0.00021049089840401085, 'velocity_lpf': 0.25, 'process_theta_dot_sigma': 0.0, 'process_alpha_dot_sigma': 0.0}"
3909990,3,randomization_0.30,0.3,"{'level': 0.3, 'physical': {'g': 9.731234840269373, 'c_theta': 0.032017805195142794, 'c_alpha': 0.0012893588260442115, 'k_t': 0.22449111275997685, 'k_b': 0.17758697275033772, 'k_u': 0.050358762714464475, 'R': 4.259246697312036, 'm1': 0.2214672074206582, 'm2': 0.15979333378325897, 'l1cg': 0.08279712811218745, 'l1': 0.1546445817023803, 'l2cg': 0.06907222551887816, 'I1z': 0.0005397125188328728, 'I2x': 0.00037958765750131427, 'I2y': 2.7052994809570052e-05, 'I2z': 0.00042598707616561284}, 'init_theta_std_deg': 6.465859368713768, 'init_alpha_std_deg': 7.784082331950798, 'init_theta_dot_std': 0.10090046625170089, 'init_alpha_dot_std': 0.6280805589958801, 'pwm_limit': 143.43889627133737, 'pwm_gain': 1.0147993682138445, 'pwm_bias': 0.8834717415886358, 'pwm_deadzone': 2.1899241570346737, 'pwm_noise_sigma': 0.24958674927779825, 'actuator_tau': 0.0038101874623808402, 'action_delay_steps': 0, 'theta_bias': -0.0019526741386112416, 'alpha_bias': -0.000495111308487068, 'theta_sigma': 0.0008177610611934575, 'alpha_sigma': 0.00418477998405677, 'theta_dot_sigma': 0.015464902663542864, 'alpha_dot_sigma': 0.04981355722519842, 'encoder_quantization_rad': 0.0002379847644849961, 'velocity_lpf': 0.25, 'process_theta_dot_sigma': 0.0, 'process_alpha_dot_sigma': 0.0}"
3911990,3,randomization_0.30,0.3,"{'level': 0.3, 'physical': {'g': 9.859074173469159, 'c_theta': 0.03420819554976896, 'c_alpha': 0.001983032403167134, 'k_t': 0.2430286042702581, 'k_b': 0.20037855276576855, 'k_u': 0.04786563254055922, 'R': 4.490374881910896, 'm1': 0.20980156964661234, 'm2': 0.1633930481408743, 'l1cg': 0.07758117601116217, 'l1': 0.1497900193608809, 'l2cg': 0.06962133420623093, 'I1z': 0.00043810854345327407, 'I2x': 0.00034913635671618876, 'I2y': 2.47429622888926e-05, 'I2z': 0.00034471255548672834}, 'init_theta_std_deg': 4.412882206836552, 'init_alpha_std_deg': 7.616140630779011, 'init_theta_dot_std': 0.13745052060742816, 'init_alpha_dot_std': 0.37157640914656975, 'pwm_limit': 149.5002474510351, 'pwm_gain': 0.9898051518435749, 'pwm_bias': 0.3564915162384659, 'pwm_deadzone': 0.10737792369076815, 'pwm_noise_sigma': 0.008002546231259688, 'actuator_tau': 0.003936242058649523, 'action_delay_steps': 0, 'theta_bias': -0.002720170844772685, 'alpha_bias': -0.0026940473411686664, 'theta_sigma': 0.0017741773626975999, 'alpha_sigma': 0.00015719697413621247, 'theta_dot_sigma': 0.010874607987089568, 'alpha_dot_sigma': 0.0016562451661524568, 'encoder_quantization_rad': 3.7176206675916422e-06, 'velocity_lpf': 0.23904088121891556, 'process_theta_dot_sigma': 0.0, 'process_alpha_dot_sigma': 0.0}"
3913990,3,randomization_0.30,0.3,"{'level': 0.3, 'physical': {'g': 9.661336326848062, 'c_theta': 0.03408677747214774, 'c_alpha': 0.0009203329871520204, 'k_t': 0.2186754474343387, 'k_b': 0.1742464250689822, 'k_u': 0.049324620226687765, 'R': 4.299718712232143, 'm1': 0.19529335931030595, 'm2': 0.16242328499788192, 'l1cg': 0.07987007169656572, 'l1': 0.14994558447851733, 'l2cg': 0.06648133341678682, 'I1z': 0.0005447274485398418, 'I2x': 0.0003639388787775888, 'I2y': 2.776652709766354e-05, 'I2z': 0.0003922347822335375}, 'init_theta_std_deg': 4.875078078019415, 'init_alpha_std_deg': 8.14068146763267, 'init_theta_dot_std': 0.3566408857916916, 'init_alpha_dot_std': 0.5886143472423693, 'pwm_limit': 142.78138490876916, 'pwm_gain': 0.9783001939376095, 'pwm_bias': 0.9917980710772958, 'pwm_deadzone': 0.13171171982465657, 'pwm_noise_sigma': 0.19999973360927314, 'actuator_tau': 0.005797255894820405, 'action_delay_steps': 0, 'theta_bias': -0.002533145807322753, 'alpha_bias': 0.0006760310166318767, 'theta_sigma': 0.0006120476614984874, 'alpha_sigma': 0.005514839998820181, 'theta_dot_sigma': 0.012383777781353264, 'alpha_dot_sigma': 0.1708957162024679, 'encoder_quantization_rad': 0.00030167307272294883, 'velocity_lpf': 0.25, 'process_theta_dot_sigma': 0.0, 'process_alpha_dot_sigma': 0.0}"
3915990,3,randomization_0.30,0.3,"{'level': 0.3, 'physical': {'g': 9.752138344264685, 'c_theta': 0.04261914309749265, 'c_alpha': 0.0014972938823745827, 'k_t': 0.23855556624854968, 'k_b': 0.1867952712942331, 'k_u': 0.043724148816526816, 'R': 4.521432308279414, 'm1': 0.20755068764066614, 'm2': 0.1634205362927296, 'l1cg': 0.07753845082734387, 'l1': 0.1505565020424826, 'l2cg': 0.06357243019522271, 'I1z': 0.000580317372980378, 'I2x': 0.00038708717836785455, 'I2y': 2.7003446557014137e-05, 'I2z': 0.0003722241111895531}, 'init_theta_std_deg': 5.0227991284890345, 'init_alpha_std_deg': 7.992016919411801, 'init_theta_dot_std': 0.00011262607340780105, 'init_alpha_dot_std': 0.6764760239821933, 'pwm_limit': 150.08456160108676, 'pwm_gain': 1.0197682568353, 'pwm_bias': -0.4041061966534875, 'pwm_deadzone': 0.5444291304004178, 'pwm_noise_sigma': 0.5868135480924352, 'actuator_tau': 0.0011173518504755215, 'action_delay_steps': 0, 'theta_bias': -0.002571890315477692, 'alpha_bias': -0.003299295881397941, 'theta_sigma': 0.0005442719676673964, 'alpha_sigma': 0.00562994857990455, 'theta_dot_sigma': 0.08078223131199022, 'alpha_dot_sigma': 0.009696377372046223, 'encoder_quantization_rad': 0.0003192338186044279, 'velocity_lpf': 0.2599861317448752, 'process_theta_dot_sigma': 0.0, 'process_alpha_dot_sigma': 0.0}"
3917990,3,randomization_0.30,0.3,"{'level': 0.3, 'physical': {'g': 9.933154792598248, 'c_theta': 0.022999060049212865, 'c_alpha': 0.0012860526721466424, 'k_t': 0.2420802558382433, 'k_b': 0.1784356734849629, 'k_u': 0.04727386033776675, 'R': 4.552403099168522, 'm1': 0.20261795029474522, 'm2': 0.15522748070898074, 'l1cg': 0.08310151433439282, 'l1': 0.1516454506806398, 'l2cg': 0.0710892044764998, 'I1z': 0.0005774178483601247, 'I2x': 0.00035581894286169794, 'I2y': 2.8601432755586546e-05, 'I2z': 0.00036905755148850515}, 'init_theta_std_deg': 6.104107877534409, 'init_alpha_std_deg': 9.092823241694745, 'init_theta_dot_std': 0.20240102760570144, 'init_alpha_dot_std': 0.3381350428901927, 'pwm_limit': 143.8253531728594, 'pwm_gain': 1.023614542883472, 'pwm_bias': 0.8662602087648319, 'pwm_deadzone': 1.5816851083156827, 'pwm_noise_sigma': 0.18976507370802553, 'actuator_tau': 0.003656232845555493, 'action_delay_steps': 0, 'theta_bias': 0.0003853651344670521, 'alpha_bias': -0.001837298166249605, 'theta_sigma': 0.0002451436362339738, 'alpha_sigma': 0.00214575641443047, 'theta_dot_sigma': 0.03814127532455785, 'alpha_dot_sigma': 0.031036065551407067, 'encoder_quantization_rad': 0.00037328205272372356, 'velocity_lpf': 0.25, 'process_theta_dot_sigma': 0.0, 'process_alpha_dot_sigma': 0.0}"
3919990,3,randomization_0.30,0.3,"{'level': 0.3, 'physical': {'g': 9.765336566322487, 'c_theta': 0.04209244389462313, 'c_alpha': 0.0007986559592792645, 'k_t': 0.22473612767519574, 'k_b': 0.17631165530576637, 'k_u': 0.04683018896389325, 'R': 4.313053091810535, 'm1': 0.19390914576052729, 'm2': 0.16497494058014928, 'l1cg': 0.08214805499480296, 'l1': 0.1487816689965252, 'l2cg': 0.06930355396057891, 'I1z': 0.0005955902750277222, 'I2x': 0.0003667443011673355, 'I2y': 2.2865403195157236e-05, 'I2z': 0.0003294667871960433}, 'init_theta_std_deg': 6.158453383031283, 'init_alpha_std_deg': 9.956821241734668, 'init_theta_dot_std': 0.17672906147382525, 'init_alpha_dot_std': 0.47211418725053245, 'pwm_limit': 144.28416046743104, 'pwm_gain': 0.9929377480989476, 'pwm_bias': -1.0054065282881757, 'pwm_deadzone': 0.6513933786403913, 'pwm_noise_sigma': 0.327388283434185, 'actuator_tau': 0.0002211432351481073, 'action_delay_steps': 0, 'theta_bias': -8.01425887276137e-05, 'alpha_bias': 0.0013539478271810308, 'theta_sigma': 0.001598635519532842, 'alpha_sigma': 0.0016798246866465759, 'theta_dot_sigma': 0.03516822110778535, 'alpha_dot_sigma': 0.1689752679502681, 'encoder_quantization_rad': 0.00023563114494464828, 'velocity_lpf': 0.25, 'process_theta_dot_sigma': 0.0, 'process_alpha_dot_sigma': 0.0}"
3921990,3,randomization_0.30,0.3,"{'level': 0.3, 'physical': {'g': 9.654232438137376, 'c_theta': 0.04293480529512308, 'c_alpha': 0.0010030925660661828, 'k_t': 0.2478918171271243, 'k_b': 0.18492965075667364, 'k_u': 0.044238087268893556, 'R': 4.159364242489893, 'm1': 0.2119472945101303, 'm2': 0.16372093705457794, 'l1cg': 0.07983019303835906, 'l1': 0.15274749789709405, 'l2cg': 0.07127475541802468, 'I1z': 0.0005502228651049232, 'I2x': 0.0003486151139913444, 'I2y': 2.0471115187052934e-05, 'I2z': 0.00037819493117265194}, 'init_theta_std_deg': 4.3150568270360425, 'init_alpha_std_deg': 7.311299960787267, 'init_theta_dot_std': 0.3093108093594159, 'init_alpha_dot_std': 0.7211493050564043, 'pwm_limit': 147.43338284930883, 'pwm_gain': 1.0051709167034912, 'pwm_bias': -1.1062855589861753, 'pwm_deadzone': 1.6382776737554976, 'pwm_noise_sigma': 0.2454230761832115, 'actuator_tau': 0.0009884830146342412, 'action_delay_steps': 0, 'theta_bias': 0.0011320369244309893, 'alpha_bias': 0.001489340326172807, 'theta_sigma': 0.0010257142785363494, 'alpha_sigma': 0.002035390813405405, 'theta_dot_sigma': 0.03255594962614823, 'alpha_dot_sigma': 0.1333200455611341, 'encoder_quantization_rad': 0.000425791980008115, 'velocity_lpf': 0.25, 'process_theta_dot_sigma': 0.0, 'process_alpha_dot_sigma': 0.0}"
3923990,3,randomization_0.30,0.3,"{'level': 0.3, 'physical': {'g': 9.660743413647802, 'c_theta': 0.03506249255862012, 'c_alpha': 0.0009654030942128153, 'k_t': 0.2312975083457355, 'k_b': 0.18164807248984016, 'k_u': 0.04748975957810582, 'R': 4.216579383516792, 'm1': 0.1922119272211039, 'm2': 0.15683095964502336, 'l1cg': 0.07889120293560432, 'l1': 0.14856290749648932, 'l2cg': 0.0684560154414626, 'I1z': 0.0004579428577038259, 'I2x': 0.00037906830096965776, 'I2y': 2.7152295266640565e-05, 'I2z': 0.00039980973162858236}, 'init_theta_std_deg': 5.3129246691370495, 'init_alpha_std_deg': 8.320770109332523, 'init_theta_dot_std': 0.2610347175280058, 'init_alpha_dot_std': 0.14502902077443267, 'pwm_limit': 149.56321329310046, 'pwm_gain': 0.975108300790245, 'pwm_bias': 0.23508875361386677, 'pwm_deadzone': 2.097185338118296, 'pwm_noise_sigma': 0.06417054172318144, 'actuator_tau': 0.008903405092054287, 'action_delay_steps': 0, 'theta_bias': -0.0020443029696977236, 'alpha_bias': -0.0008112323848506837, 'theta_sigma': 0.0012298340717825013, 'alpha_sigma': 0.0045374094320756895, 'theta_dot_sigma': 0.06163926252476405, 'alpha_dot_sigma': 0.11654443034026507, 'encoder_quantization_rad': 8.602525996379926e-05, 'velocity_lpf': 0.26435183797306583, 'process_theta_dot_sigma': 0.0, 'process_alpha_dot_sigma': 0.0}"
3925990,3,randomization_0.30,0.3,"{'level': 0.3, 'physical': {'g': 9.749223815397716, 'c_theta': 0.03015345509054658, 'c_alpha': 0.0014596682152220172, 'k_t': 0.22470955917121185, 'k_b': 0.1881174047017027, 'k_u': 0.050707968199351125, 'R': 4.043086351933537, 'm1': 0.19881155233221104, 'm2': 0.15141392327210143, 'l1cg': 0.07789963252796071, 'l1': 0.15361052485195772, 'l2cg': 0.07011238407604936, 'I1z': 0.0005136570721234736, 'I2x': 0.0003822730889630853, 'I2y': 2.598469409526152e-05, 'I2z': 0.00030719772153750904}, 'init_theta_std_deg': 6.372936129373628, 'init_alpha_std_deg': 8.820763311158224, 'init_theta_dot_std': 0.265353893886856, 'init_alpha_dot_std': 0.11225736528505248, 'pwm_limit': 146.8486799700665, 'pwm_gain': 1.0003268704931627, 'pwm_bias': 0.15940506466718699, 'pwm_deadzone': 2.2480457807738983, 'pwm_noise_sigma': 0.20734399532012696, 'actuator_tau': 0.0028575516250252367, 'action_delay_steps': 0, 'theta_bias': -0.0005332061414200951, 'alpha_bias': 0.0016265715390796145, 'theta_sigma': 0.0015156849717475776, 'alpha_sigma': 0.0044441836558586625, 'theta_dot_sigma': 0.023647710165680683, 'alpha_dot_sigma': 0.07898563442641078, 'encoder_quantization_rad': 0.00040490933515546974, 'velocity_lpf': 0.25, 'process_theta_dot_sigma': 0.0, 'process_alpha_dot_sigma': 0.0}"
3927990,3,randomization_0.30,0.3,"{'level': 0.3, 'physical': {'g': 9.818344360937713, 'c_theta': 0.028147183913410354, 'c_alpha': 0.001969434463202456, 'k_t': 0.24663372841967854, 'k_b': 0.1880988968120721, 'k_u': 0.045575840647488944, 'R': 4.520264742930624, 'm1': 0.21172724767687676, 'm2': 0.1540041359763962, 'l1cg': 0.0777563661520822, 'l1': 0.15222791165344587, 'l2cg': 0.06566260224769171, 'I1z': 0.0004966655530859262, 'I2x': 0.0003658691969347268, 'I2y': 2.0849774621166337e-05, 'I2z': 0.0003399899540677413}, 'init_theta_std_deg': 5.639716984959142, 'init_alpha_std_deg': 8.204515002666803, 'init_theta_dot_std': 0.4059152586023271, 'init_alpha_dot_std': 0.448777527565398, 'pwm_limit': 143.64652924671114, 'pwm_gain': 1.0224176889228145, 'pwm_bias': -0.47258559050945004, 'pwm_deadzone': 2.8420503992421744, 'pwm_noise_sigma': 0.36054637258326167, 'actuator_tau': 0.0007655552399985583, 'action_delay_steps': 0, 'theta_bias': 0.001697083531300838, 'alpha_bias': -0.0015559037327454444, 'theta_sigma': 0.0017003216707940627, 'alpha_sigma': 0.0009405294634297576, 'theta_dot_sigma': 0.10338499448150439, 'alpha_dot_sigma': 0.07875734293451545, 'encoder_quantization_rad': 5.8000000953471426e-05, 'velocity_lpf': 0.25, 'process_theta_dot_sigma': 0.0, 'process_alpha_dot_sigma': 0.0}"
3929990,3,randomization_0.30,0.3,"{'level': 0.3, 'physical': {'g': 9.69402702326866, 'c_theta': 0.026388908019766222, 'c_alpha': 0.00145645235259175, 'k_t': 0.22075038979201142, 'k_b': 0.1982075906787052, 'k_u': 0.046516742104931626, 'R': 4.20226267368723, 'm1': 0.20532425716528058, 'm2': 0.1627780325689226, 'l1cg': 0.08344549453323404, 'l1': 0.14749443656304942, 'l2cg': 0.06877484846089207, 'I1z': 0.0005651171305646175, 'I2x': 0.00035998862288725837, 'I2y': 2.375613034477471e-05, 'I2z': 0.00031576726180288}, 'init_theta_std_deg': 6.3227607616067525, 'init_alpha_std_deg': 8.004097897228924, 'init_theta_dot_std': 0.08533523421118498, 'init_alpha_dot_std': 0.36864622282063136, 'pwm_limit': 145.21491313419725, 'pwm_gain': 0.9977253472042056, 'pwm_bias': -0.0890141278389633, 'pwm_deadzone': 2.544157177768839, 'pwm_noise_sigma': 0.5551288730909019, 'actuator_tau': 0.001959434884159106, 'action_delay_steps': 0, 'theta_bias': -0.0007613874559231715, 'alpha_bias': 0.0029397804930365165, 'theta_sigma': 0.0002881519608061299, 'alpha_sigma': 0.0056796420698692835, 'theta_dot_sigma': 0.03461929828632362, 'alpha_dot_sigma': 0.027137618683559205, 'encoder_quantization_rad': 2.1861402329036715e-06, 'velocity_lpf': 0.25, 'process_theta_dot_sigma': 0.0, 'process_alpha_dot_sigma': 0.0}"
3931990,3,randomization_0.30,0.3,"{'level': 0.3, 'physical': {'g': 9.705824507356477, 'c_theta': 0.03935641019407522, 'c_alpha': 0.0013506610860648332, 'k_t': 0.2352444181468037, 'k_b': 0.1892784869736004, 'k_u': 0.04964505556504169, 'R': 4.5381052358696685, 'm1': 0.19489094942944057, 'm2': 0.15261692723980325, 'l1cg': 0.0791969144621203, 'l1': 0.15140528221778987, 'l2cg': 0.061810330700186676, 'I1z': 0.0005328237347760134, 'I2x': 0.00036175516993192173, 'I2y': 2.452042819212037e-05, 'I2z': 0.0003779940654890263}, 'init_theta_std_deg': 4.274611269925829, 'init_alpha_std_deg': 8.447678345644698, 'init_theta_dot_std': 0.3693088249566339, 'init_alpha_dot_std': 0.267820015149483, 'pwm_limit': 151.43519251590567, 'pwm_gain': 0.9791963423554878, 'pwm_bias': -1.161223893939166, 'pwm_deadzone': 1.653601453702108, 'pwm_noise_sigma': 0.04585359549315155, 'actuator_tau': 0.007301717317713198, 'action_delay_steps': 0, 'theta_bias': -0.0015014579335610395, 'alpha_bias': 0.0020734518786420138, 'theta_sigma': 0.0016047958357531032, 'alpha_sigma': 0.005196500361369448, 'theta_dot_sigma': 0.05947699725466332, 'alpha_dot_sigma': 0.00428491996004561, 'encoder_quantization_rad': 0.00032889189454931406, 'velocity_lpf': 0.25, 'process_theta_dot_sigma': 0.0, 'process_alpha_dot_sigma': 0.0}"
3933990,3,randomization_0.30,0.3,"{'level': 0.3, 'physical': {'g': 9.740512402472394, 'c_theta': 0.022343920591355728, 'c_alpha': 0.0018211754952363623, 'k_t': 0.22784549961166892, 'k_b': 0.17837254324965385, 'k_u': 0.04817321135012237, 'R': 4.258887799643217, 'm1': 0.19235368225558178, 'm2': 0.1603854605786032, 'l1cg': 0.07779758547270964, 'l1': 0.15200212023268, 'l2cg': 0.07029460932231753, 'I1z': 0.0005741670421743251, 'I2x': 0.00036625440099476603, 'I2y': 2.9233948987112514e-05, 'I2z': 0.00031235648299234183}, 'init_theta_std_deg': 4.510311204116104, 'init_alpha_std_deg': 10.346740842728378, 'init_theta_dot_std': 0.05822855291925465, 'init_alpha_dot_std': 0.24902927551159965, 'pwm_limit': 150.61091244028117, 'pwm_gain': 1.0046000960347152, 'pwm_bias': -1.171351074666922, 'pwm_deadzone': 0.16546447431554157, 'pwm_noise_sigma': 0.018239817800749503, 'actuator_tau': 0.0004073973119736186, 'action_delay_steps': 0, 'theta_bias': -0.002973661678108299, 'alpha_bias': 0.001913260876095684, 'theta_sigma': 0.0013306258064941163, 'alpha_sigma': 0.005235403115085063, 'theta_dot_sigma': 0.0555913348365838, 'alpha_dot_sigma': 0.026647354352973933, 'encoder_quantization_rad': 0.00019928987448195458, 'velocity_lpf': 0.25, 'process_theta_dot_sigma': 0.0, 'process_alpha_dot_sigma': 0.0}"
3935990,3,randomization_0.30,0.3,"{'level': 0.3, 'physical': {'g': 9.73770170913459, 'c_theta': 0.04366892386566037, 'c_alpha': 0.0008267677186849234, 'k_t': 0.22832145927538042, 'k_b': 0.17752881556759922, 'k_u': 0.045561726457140364, 'R': 4.323317323720903, 'm1': 0.20899628339722506, 'm2': 0.1623821965870748, 'l1cg': 0.07821521492268546, 'l1': 0.15270384675370355, 'l2cg': 0.06641225499445035, 'I1z': 0.00044768838193686366, 'I2x': 0.00035824092585746173, 'I2y': 2.179224958711448e-05, 'I2z': 0.0004265227144211794}, 'init_theta_std_deg': 4.789725189757352, 'init_alpha_std_deg': 9.691679999204409, 'init_theta_dot_std': 0.2765474337891283, 'init_alpha_dot_std': 0.29429201755914564, 'pwm_limit': 144.4456795065111, 'pwm_gain': 0.9880046415625022, 'pwm_bias': 1.186742745012542, 'pwm_deadzone': 1.5648913762007046, 'pwm_noise_sigma': 0.3408482204226791, 'actuator_tau': 0.0055258132611641945, 'action_delay_steps': 0, 'theta_bias': 0.0019159711495188294, 'alpha_bias': -0.0004871381251808156, 'theta_sigma': 0.0016005550726220707, 'alpha_sigma': 0.005731538051847971, 'theta_dot_sigma': 0.06313026671209203, 'alpha_dot_sigma': 0.17721577368696106, 'encoder_quantization_rad': 0.0001961821915751311, 'velocity_lpf': 0.23862605566416184, 'process_theta_dot_sigma': 0.0, 'process_alpha_dot_sigma': 0.0}"
3937990,3,randomization_0.30,0.3,"{'level': 0.3, 'physical': {'g': 9.703157648935925, 'c_theta': 0.03489527799580241, 'c_alpha': 0.00199601205881127, 'k_t': 0.21456564504127018, 'k_b': 0.19946987993399068, 'k_u': 0.048492570497962524, 'R': 4.446775071453261, 'm1': 0.1985410852411753, 'm2': 0.15329750678650292, 'l1cg': 0.07757748212745885, 'l1': 0.15112779727990314, 'l2cg': 0.06204708566972822, 'I1z': 0.000492695745709434, 'I2x': 0.00037832785155439105, 'I2y': 2.4933642797503237e-05, 'I2z': 0.00032374930030959335}, 'init_theta_std_deg': 4.675180944544905, 'init_alpha_std_deg': 7.395873825590791, 'init_theta_dot_std': 0.05244689613221055, 'init_alpha_dot_std': 0.0053423314420369405, 'pwm_limit': 146.81862492451015, 'pwm_gain': 1.0101658495190515, 'pwm_bias': 1.0653259381663756, 'pwm_deadzone': 1.4874811717868335, 'pwm_noise_sigma': 0.1855467403797927, 'actuator_tau': 0.005116322703703394, 'action_delay_steps': 0, 'theta_bias': -0.001852622201857904, 'alpha_bias': 0.0035846751245051174, 'theta_sigma': 0.00029677458628592977, 'alpha_sigma': 0.002429574998134141, 'theta_dot_sigma': 0.028097578090703113, 'alpha_dot_sigma': 0.10327289053910359, 'encoder_quantization_rad': 0.0004027075406701644, 'velocity_lpf': 0.2641865055654009, 'process_theta_dot_sigma': 0.0, 'process_alpha_dot_sigma': 0.0}"
3939990,3,randomization_0.30,0.3,"{'level': 0.3, 'physical': {'g': 9.864983786628883, 'c_theta': 0.04002233019728224, 'c_alpha': 0.0009721966123600134, 'k_t': 0.24297856519139227, 'k_b': 0.18785212454825767, 'k_u': 0.05090644590949241, 'R': 4.111467000085244, 'm1': 0.21417602804757907, 'm2': 0.15873870720297972, 'l1cg': 0.0827390334097912, 'l1': 0.15456468372605525, 'l2cg': 0.06473387454451573, 'I1z': 0.0005557049906200561, 'I2x': 0.00038141759457393875, 'I2y': 2.7403038711984852e-05, 'I2z': 0.00036199003789151655}, 'init_theta_std_deg': 4.616211480119827, 'init_alpha_std_deg': 6.98638007956162, 'init_theta_dot_std': 0.3446921881339912, 'init_alpha_dot_std': 0.5931345598490029, 'pwm_limit': 141.3191503506604, 'pwm_gain': 1.0250037228493176, 'pwm_bias': 0.47374683665926925, 'pwm_deadzone': 0.5157052398174717, 'pwm_noise_sigma': 0.5232301280969279, 'actuator_tau': 0.005343097630988528, 'action_delay_steps': 0, 'theta_bias': -0.002466420906110318, 'alpha_bias': -0.0008749031768331167, 'theta_sigma': 0.0007123623857696554, 'alpha_sigma': 0.004518063793377768, 'theta_dot_sigma': 0.028030886994819756, 'alpha_dot_sigma': 0.07080896673309027, 'encoder_quantization_rad': 0.00040918728170653417, 'velocity_lpf': 0.25, 'process_theta_dot_sigma': 0.0, 'process_alpha_dot_sigma': 0.0}"
3941990,3,randomization_0.30,0.3,"{'level': 0.3, 'physical': {'g': 9.860847657052542, 'c_theta': 0.022444370578787304, 'c_alpha': 0.0012640897566072657, 'k_t': 0.23584081144475974, 'k_b': 0.18307311719019104, 'k_u': 0.04523611318848574, 'R': 4.442042169514457, 'm1': 0.22009720616143574, 'm2': 0.15533541205269244, 'l1cg': 0.07672052359826027, 'l1': 0.15372593734675274, 'l2cg': 0.06711246890512251, 'I1z': 0.0005938987114940273, 'I2x': 0.0003616362986727374, 'I2y': 2.610784843899339e-05, 'I2z': 0.00040374119221967924}, 'init_theta_std_deg': 5.221008801738254, 'init_alpha_std_deg': 6.916258539215556, 'init_theta_dot_std': 0.43363249268555604, 'init_alpha_dot_std': 0.2523408108848171, 'pwm_limit': 150.94051076371088, 'pwm_gain': 1.0203494568929798, 'pwm_bias': -0.7127659077557753, 'pwm_deadzone': 0.7406043851261116, 'pwm_noise_sigma': 0.2730374621180888, 'actuator_tau': 0.0015097193041613175, 'action_delay_steps': 0, 'theta_bias': 0.0006723287371129659, 'alpha_bias': -0.002862947624694867, 'theta_sigma': 0.00030886802646049304, 'alpha_sigma': 0.005894651354620765, 'theta_dot_sigma': 0.034614186992605954, 'alpha_dot_sigma': 0.13997504896467433, 'encoder_quantization_rad': 0.00035996410862797527, 'velocity_lpf': 0.25, 'process_theta_dot_sigma': 0.0, 'process_alpha_dot_sigma': 0.0}"
3943990,3,randomization_0.30,0.3,"{'level': 0.3, 'physical': {'g': 9.656216335991221, 'c_theta': 0.032014465711762245, 'c_alpha': 0.0015196282797203201, 'k_t': 0.22481631623092582, 'k_b': 0.1807068946432492, 'k_u': 0.049843590507893776, 'R': 4.097344431734848, 'm1': 0.2041178349478673, 'm2': 0.15971780152361492, 'l1cg': 0.07887138021218393, 'l1': 0.14812116793179186, 'l2cg': 0.06729402648329137, 'I1z': 0.00047840555925252905, 'I2x': 0.00036957358077877375, 'I2y': 2.6634906108344795e-05, 'I2z': 0.00037110558099930747}, 'init_theta_std_deg': 5.35311842557856, 'init_alpha_std_deg': 6.8440311554343936, 'init_theta_dot_std': 0.18917543102844744, 'init_alpha_dot_std': 0.6800020157961529, 'pwm_limit': 141.96830962951253, 'pwm_gain': 1.0140784969053382, 'pwm_bias': -0.18167044636365848, 'pwm_deadzone': 2.00018695649829, 'pwm_noise_sigma': 0.45966279977911895, 'actuator_tau': 0.002702873974685333, 'action_delay_steps': 0, 'theta_bias': 0.0004991631572967014, 'alpha_bias': 0.0019556691164740697, 'theta_sigma': 0.001665739973019817, 'alpha_sigma': 0.005986355481621702, 'theta_dot_sigma': 0.018297592917401094, 'alpha_dot_sigma': 0.006513657036896892, 'encoder_quantization_rad': 0.00040638457055109593, 'velocity_lpf': 0.25, 'process_theta_dot_sigma': 0.0, 'process_alpha_dot_sigma': 0.0}"
3945990,3,randomization_0.30,0.3,"{'level': 0.3, 'physical': {'g': 9.664294057573851, 'c_theta': 0.03548520907252174, 'c_alpha': 0.0020379545438109063, 'k_t': 0.22609364016353356, 'k_b': 0.19747172427260512, 'k_u': 0.047936344363788075, 'R': 4.465318192171317, 'm1': 0.2141486417120707, 'm2': 0.16316320888576955, 'l1cg': 0.08070288264803123, 'l1': 0.1558728435591296, 'l2cg': 0.07126315094903564, 'I1z': 0.0005624939033415114, 'I2x': 0.00036136173325660456, 'I2y': 2.3941578728495712e-05, 'I2z': 0.00035544215987175914}, 'init_theta_std_deg': 5.992214852339673, 'init_alpha_std_deg': 7.795476846308462, 'init_theta_dot_std': 0.11133934348583725, 'init_alpha_dot_std': 0.5093405707385045, 'pwm_limit': 148.99360584365132, 'pwm_gain': 1.0239340935690497, 'pwm_bias': 0.7777382298599252, 'pwm_deadzone': 2.5906876033058186, 'pwm_noise_sigma': 0.5541606690990158, 'actuator_tau': 0.002674182662001458, 'action_delay_steps': 0, 'theta_bias': 0.0006651774765698837, 'alpha_bias': -0.00031760077005469354, 'theta_sigma': 0.001509081429925646, 'alpha_sigma': 0.001537273712981839, 'theta_dot_sigma': 0.02828609741790258, 'alpha_dot_sigma': 0.14107747779175897, 'encoder_quantization_rad': 0.00016404961140596594, 'velocity_lpf': 0.25, 'process_theta_dot_sigma': 0.0, 'process_alpha_dot_sigma': 0.0}"
3947990,3,randomization_0.30,0.3,"{'level': 0.3, 'physical': {'g': 9.921623455422804, 'c_theta': 0.03377163575512988, 'c_alpha': 0.0016179129507069797, 'k_t': 0.22540603958875038, 'k_b': 0.17878941854442026, 'k_u': 0.043599277480384696, 'R': 4.204364626790065, 'm1': 0.2202719243753433, 'm2': 0.15441221790975382, 'l1cg': 0.07756529531883911, 'l1': 0.1485845518181224, 'l2cg': 0.0631464622516029, 'I1z': 0.0004613075236071135, 'I2x': 0.0003650595201100914, 'I2y': 2.4162769170024026e-05, 'I2z': 0.00042559096803313276}, 'init_theta_std_deg': 5.194438288534634, 'init_alpha_std_deg': 10.198186090862492, 'init_theta_dot_std': 0.18396228857426555, 'init_alpha_dot_std': 0.023265892137387334, 'pwm_limit': 141.9656822358728, 'pwm_gain': 1.004253099211392, 'pwm_bias': 1.0834202410366818, 'pwm_deadzone': 0.7282674741894635, 'pwm_noise_sigma': 0.4307238000548797, 'actuator_tau': 0.006263073339781689, 'action_delay_steps': 0, 'theta_bias': -0.002899098974930625, 'alpha_bias': -0.0013067439815113225, 'theta_sigma': 0.00033864843806240107, 'alpha_sigma': 0.0044606922960216035, 'theta_dot_sigma': 0.03771242429125509, 'alpha_dot_sigma': 0.058791155362276304, 'encoder_quantization_rad': 0.00043698003157161436, 'velocity_lpf': 0.25, 'process_theta_dot_sigma': 0.0, 'process_alpha_dot_sigma': 0.0}"
3949990,3,randomization_0.30,0.3,"{'level': 0.3, 'physical': {'g': 9.866197614341173, 'c_theta': 0.02579492514021612, 'c_alpha': 0.0016239335819476686, 'k_t': 0.23761239709922893, 'k_b': 0.17867691054077978, 'k_u': 0.0446919941612629, 'R': 4.159077901863665, 'm1': 0.2019660739749781, 'm2': 0.15195218509619268, 'l1cg': 0.08252853606713674, 'l1': 0.15461049761188084, 'l2cg': 0.06253266619729306, 'I1z': 0.0005152578646620149, 'I2x': 0.000387670507850439, 'I2y': 2.823447231866361e-05, 'I2z': 0.000415939444064857}, 'init_theta_std_deg': 5.222348304034489, 'init_alpha_std_deg': 10.377173178631569, 'init_theta_dot_std': 0.30944645837351514, 'init_alpha_dot_std': 0.2026579851388811, 'pwm_limit': 147.48873156377158, 'pwm_gain': 0.9931087863958759, 'pwm_bias': -0.7791588991924058, 'pwm_deadzone': 0.9043420778931318, 'pwm_noise_sigma': 0.19533233806940975, 'actuator_tau': 0.008840789585922642, 'action_delay_steps': 0, 'theta_bias': -7.564009472277755e-06, 'alpha_bias': 0.000674336586688535, 'theta_sigma': 0.0009190131806057386, 'alpha_sigma': 0.0035228613649119795, 'theta_dot_sigma': 0.06919478372755095, 'alpha_dot_sigma': 0.06693094768034981, 'encoder_quantization_rad': 5.578196418095965e-05, 'velocity_lpf': 0.25, 'process_theta_dot_sigma': 0.0, 'process_alpha_dot_sigma': 0.0}"
3951990,3,randomization_0.30,0.3,"{'level': 0.3, 'physical': {'g': 9.939595082799803, 'c_theta': 0.029713101841513902, 'c_alpha': 0.001593081870812021, 'k_t': 0.23722241135518743, 'k_b': 0.18929115597094728, 'k_u': 0.04460982027323126, 'R': 4.2097990259772855, 'm1': 0.22052934281492317, 'm2': 0.1629404208682161, 'l1cg': 0.07845130866086665, 'l1': 0.15264796290149993, 'l2cg': 0.06320510597626831, 'I1z': 0.000492717760123628, 'I2x': 0.00038594307192921755, 'I2y': 2.7989546436406038e-05, 'I2z': 0.00040605110741607467}, 'init_theta_std_deg': 4.704191010786145, 'init_alpha_std_deg': 9.572199068599227, 'init_theta_dot_std': 0.037948487374790875, 'init_alpha_dot_std': 0.572700731408862, 'pwm_limit': 150.43888209236678, 'pwm_gain': 0.9776061762789751, 'pwm_bias': -0.9453646411025245, 'pwm_deadzone': 0.12661312346664944, 'pwm_noise_sigma': 0.5496478635609329, 'actuator_tau': 0.006031051021116328, 'action_delay_steps': 0, 'theta_bias': -0.0011759419394755256, 'alpha_bias': 0.0023544612233072277, 'theta_sigma': 0.0012677390590022798, 'alpha_sigma': 0.0011058866035767254, 'theta_dot_sigma': 0.075597750845067, 'alpha_dot_sigma': 0.07207955936396426, 'encoder_quantization_rad': 2.733332828907578e-05, 'velocity_lpf': 0.25, 'process_theta_dot_sigma': 0.0, 'process_alpha_dot_sigma': 0.0}"
3953990,3,randomization_0.30,0.3,"{'level': 0.3, 'physical': {'g': 9.87866141157651, 'c_theta': 0.021866953048559262, 'c_alpha': 0.0008886685039457843, 'k_t': 0.2262443230333621, 'k_b': 0.1953832657057304, 'k_u': 0.04465326889849121, 'R': 4.097720784737991, 'm1': 0.21419604878856258, 'm2': 0.15847842405068796, 'l1cg': 0.07957802533985413, 'l1': 0.1539518834462734, 'l2cg': 0.06697948953938114, 'I1z': 0.0005891548355870021, 'I2x': 0.0003595873785612585, 'I2y': 2.7976960947251237e-05, 'I2z': 0.00035249749940603823}, 'init_theta_std_deg': 4.271239398664192, 'init_alpha_std_deg': 7.205675296728367, 'init_theta_dot_std': 0.4071671413375469, 'init_alpha_dot_std': 0.11814345152356762, 'pwm_limit': 141.05074283561027, 'pwm_gain': 1.0140049347985047, 'pwm_bias': -1.0464060173628569, 'pwm_deadzone': 2.726083083471982, 'pwm_noise_sigma': 0.044837590214669244, 'actuator_tau': 0.0006909026023071536, 'action_delay_steps': 0, 'theta_bias': 0.0002241770528875544, 'alpha_bias': 0.002780548585158119, 'theta_sigma': 0.0011569800146227114, 'alpha_sigma': 0.00222324432659529, 'theta_dot_sigma': 0.09701896319537585, 'alpha_dot_sigma': 0.1732500947208057, 'encoder_quantization_rad': 3.6594436656894268e-06, 'velocity_lpf': 0.25, 'process_theta_dot_sigma': 0.0, 'process_alpha_dot_sigma': 0.0}"
3955990,3,randomization_0.30,0.3,"{'level': 0.3, 'physical': {'g': 9.946282689228841, 'c_theta': 0.03822727484443955, 'c_alpha': 0.0014086596000840632, 'k_t': 0.22640648816176806, 'k_b': 0.20068111370274003, 'k_u': 0.05104084837271955, 'R': 4.2781835832912245, 'm1': 0.20698944670574582, 'm2': 0.16067777432550392, 'l1cg': 0.0838993415567785, 'l1': 0.15262570138877848, 'l2cg': 0.06811166613529276, 'I1z': 0.0004982961950045968, 'I2x': 0.00038390563635957065, 'I2y': 2.809090090110362e-05, 'I2z': 0.00043560343650775936}, 'init_theta_std_deg': 4.793559520694169, 'init_alpha_std_deg': 7.626271710971331, 'init_theta_dot_std': 0.4043320953123987, 'init_alpha_dot_std': 0.6464937408428117, 'pwm_limit': 144.30793833828483, 'pwm_gain': 0.9955143296574064, 'pwm_bias': -1.0863455185850814, 'pwm_deadzone': 2.4096680713069962, 'pwm_noise_sigma': 0.4687499920984858, 'actuator_tau': 0.0026806858294837962, 'action_delay_steps': 0, 'theta_bias': 0.0012783374962995764, 'alpha_bias': -0.0028608152517582003, 'theta_sigma': 0.0010101760380006057, 'alpha_sigma': 0.0005216053952031734, 'theta_dot_sigma': 0.08248229629792403, 'alpha_dot_sigma': 0.017573686854117077, 'encoder_quantization_rad': 7.502889195582497e-05, 'velocity_lpf': 0.25, 'process_theta_dot_sigma': 0.0, 'process_alpha_dot_sigma': 0.0}"
3957990,3,randomization_0.30,0.3,"{'level': 0.3, 'physical': {'g': 9.883726966152665, 'c_theta': 0.024057306598539104, 'c_alpha': 0.0012773843187113636, 'k_t': 0.2175704189324452, 'k_b': 0.18536819790138104, 'k_u': 0.04676799891403478, 'R': 4.523416987353142, 'm1': 0.2175372762324293, 'm2': 0.15524261478787194, 'l1cg': 0.08340522501848296, 'l1': 0.15280152644325187, 'l2cg': 0.06821721412659945, 'I1z': 0.0005562289209166486, 'I2x': 0.00038656237209395007, 'I2y': 2.802086971594366e-05, 'I2z': 0.00041140490455560287}, 'init_theta_std_deg': 5.726837678813915, 'init_alpha_std_deg': 7.865374586332596, 'init_theta_dot_std': 0.21213767432752467, 'init_alpha_dot_std': 0.690352393630347, 'pwm_limit': 148.03223988918802, 'pwm_gain': 1.0180222747324978, 'pwm_bias': -0.4240603368629389, 'pwm_deadzone': 2.5179217685921143, 'pwm_noise_sigma': 0.11959186009274018, 'actuator_tau': 0.0032833767221593863, 'action_delay_steps': 0, 'theta_bias': -0.00033492320315530756, 'alpha_bias': 0.0024119144741590543, 'theta_sigma': 0.00030273741969961336, 'alpha_sigma': 0.0002517188509669697, 'theta_dot_sigma': 0.06041250891157222, 'alpha_dot_sigma': 0.0786893692853527, 'encoder_quantization_rad': 0.0004257158696579748, 'velocity_lpf': 0.25, 'process_theta_dot_sigma': 0.0, 'process_alpha_dot_sigma': 0.0}"
3959990,3,randomization_0.30,0.3,"{'level': 0.3, 'physical': {'g': 9.897739472405185, 'c_theta': 0.0234181763183531, 'c_alpha': 0.0019036848914789955, 'k_t': 0.2315085794423008, 'k_b': 0.19929679661886363, 'k_u': 0.047855357606454846, 'R': 4.233398874755258, 'm1': 0.19726082866054728, 'm2': 0.1574359331148567, 'l1cg': 0.07882651971461693, 'l1': 0.14998611414786242, 'l2cg': 0.0669433957678265, 'I1z': 0.0005135329828124369, 'I2x': 0.0003887262804466581, 'I2y': 2.899232524217627e-05, 'I2z': 0.0003305513687990922}, 'init_theta_std_deg': 5.617178134440012, 'init_alpha_std_deg': 9.190151518880981, 'init_theta_dot_std': 0.09852106949015522, 'init_alpha_dot_std': 0.5986642962174767, 'pwm_limit': 148.41413053284174, 'pwm_gain': 1.0207262569628377, 'pwm_bias': 0.20662726912445387, 'pwm_deadzone': 0.003455896646444412, 'pwm_noise_sigma': 0.4114867860232994, 'actuator_tau': 0.005075370381056524, 'action_delay_steps': 0, 'theta_bias': 0.0026556980549867857, 'alpha_bias': 0.0025939371623575533, 'theta_sigma': 0.00038599314569119387, 'alpha_sigma': 0.004990466771497529, 'theta_dot_sigma': 0.05191339730547393, 'alpha_dot_sigma': 0.12682966651644134, 'encoder_quantization_rad': 5.7911513749283554e-05, 'velocity_lpf': 0.25, 'process_theta_dot_sigma': 0.0, 'process_alpha_dot_sigma': 0.0}"
3961990,3,randomization_0.30,0.3,"{'level': 0.3, 'physical': {'g': 9.901912585940757, 'c_theta': 0.028021887688774484, 'c_alpha': 0.0016702676468650034, 'k_t': 0.22756901952451483, 'k_b': 0.18540114769954386, 'k_u': 0.04294755465430622, 'R': 4.071689653018681, 'm1': 0.20449023866341595, 'm2': 0.15655227061976806, 'l1cg': 0.0838305344972665, 'l1': 0.15502989229686057, 'l2cg': 0.06765762401288088, 'I1z': 0.0005226701835259356, 'I2x': 0.00039013722230221953, 'I2y': 2.466738364672604e-05, 'I2z': 0.0003164492030113371}, 'init_theta_std_deg': 4.267307457842442, 'init_alpha_std_deg': 7.683537257816022, 'init_theta_dot_std': 0.10232705132567675, 'init_alpha_dot_std': 0.2482957300403894, 'pwm_limit': 141.92243845706224, 'pwm_gain': 0.9993786298305559, 'pwm_bias': -0.8815060046477814, 'pwm_deadzone': 0.4416103224222576, 'pwm_noise_sigma': 0.20908183308124528, 'actuator_tau': 0.0028150056926748556, 'action_delay_steps': 0, 'theta_bias': 0.001525679786827604, 'alpha_bias': 0.002335002306905605, 'theta_sigma': 0.0009611788643527387, 'alpha_sigma': 0.0019439024625378628, 'theta_dot_sigma': 0.09476017320616284, 'alpha_dot_sigma': 0.05669998027132258, 'encoder_quantization_rad': 0.0002518983268329298, 'velocity_lpf': 0.25, 'process_theta_dot_sigma': 0.0, 'process_alpha_dot_sigma': 0.0}"
3963990,3,randomization_0.30,0.3,"{'level': 0.3, 'physical': {'g': 9.84757803646178, 'c_theta': 0.03915078681720237, 'c_alpha': 0.0018524133519402849, 'k_t': 0.21857789807934785, 'k_b': 0.1934318081503395, 'k_u': 0.04807271943742751, 'R': 4.045301658841814, 'm1': 0.2170041840635124, 'm2': 0.163059265055967, 'l1cg': 0.07993669718528552, 'l1': 0.14847465956505457, 'l2cg': 0.06963357405924107, 'I1z': 0.0004552282106729022, 'I2x': 0.0003786891446183728, 'I2y': 2.3870068215432072e-05, 'I2z': 0.0003088480001637726}, 'init_theta_std_deg': 5.140367293755831, 'init_alpha_std_deg': 9.05360128121735, 'init_theta_dot_std': 0.3828433916344528, 'init_alpha_dot_std': 0.13430231643111853, 'pwm_limit': 149.35000494378366, 'pwm_gain': 1.001823658117237, 'pwm_bias': -1.0397234701135403, 'pwm_deadzone': 1.5689984255763942, 'pwm_noise_sigma': 0.2514942608549235, 'actuator_tau': 0.007285187594055198, 'action_delay_steps': 0, 'theta_bias': -0.0014344972723475, 'alpha_bias': -0.002240353063471499, 'theta_sigma': 0.0009683282899711882, 'alpha_sigma': 0.0022860605207026996, 'theta_dot_sigma': 0.03332682996982941, 'alpha_dot_sigma': 0.11600566419066723, 'encoder_quantization_rad': 0.0002510832290396869, 'velocity_lpf': 0.25, 'process_theta_dot_sigma': 0.0, 'process_alpha_dot_sigma': 0.0}"
3965990,3,randomization_0.30,0.3,"{'level': 0.3, 'physical': {'g': 9.826491638535098, 'c_theta': 0.033162259105980973, 'c_alpha': 0.0017045199804113628, 'k_t': 0.22283088772878815, 'k_b': 0.18040629722655951, 'k_u': 0.04962409968178628, 'R': 4.247186535230631, 'm1': 0.20286182984033743, 'm2': 0.1565365388129548, 'l1cg': 0.07740288397304587, 'l1': 0.15382421839801827, 'l2cg': 0.06496430300111632, 'I1z': 0.0005359307410865532, 'I2x': 0.0003672580870665252, 'I2y': 2.2440851608582493e-05, 'I2z': 0.0003565335061045342}, 'init_theta_std_deg': 6.441903138807259, 'init_alpha_std_deg': 10.393859591492454, 'init_theta_dot_std': 0.39426367054136224, 'init_alpha_dot_std': 0.17903288655438737, 'pwm_limit': 145.1964790672657, 'pwm_gain': 1.012260066598575, 'pwm_bias': -0.9558006109774837, 'pwm_deadzone': 2.1618749993954207, 'pwm_noise_sigma': 0.12265011281959354, 'actuator_tau': 0.0014557607635350437, 'action_delay_steps': 0, 'theta_bias': -0.0025114708766395912, 'alpha_bias': -0.0005699339562967461, 'theta_sigma': 0.0017949512075067613, 'alpha_sigma': 0.0047629651980529725, 'theta_dot_sigma': 0.0705917282872207, 'alpha_dot_sigma': 0.0929153215984031, 'encoder_quantization_rad': 6.600630603376948e-05, 'velocity_lpf': 0.25, 'process_theta_dot_sigma': 0.0, 'process_alpha_dot_sigma': 0.0}"
3967990,3,randomization_0.30,0.3,"{'level': 0.3, 'physical': {'g': 9.837816165780385, 'c_theta': 0.032062544116703326, 'c_alpha': 0.0016012951605517843, 'k_t': 0.23222491149146765, 'k_b': 0.19700756316253748, 'k_u': 0.047148416035197066, 'R': 4.484863752823714, 'm1': 0.21119556802175504, 'm2': 0.15633198581859922, 'l1cg': 0.07716923621060408, 'l1': 0.1558390591806914, 'l2cg': 0.06474302809930407, 'I1z': 0.0004369701869548823, 'I2x': 0.00037620450375379036, 'I2y': 2.2143124193425944e-05, 'I2z': 0.00036923770298779836}, 'init_theta_std_deg': 5.105272258318612, 'init_alpha_std_deg': 9.817467262010126, 'init_theta_dot_std': 0.2477692520017875, 'init_alpha_dot_std': 0.3365445696389134, 'pwm_limit': 146.4303014439298, 'pwm_gain': 1.0008027875246608, 'pwm_bias': 0.4579254535437027, 'pwm_deadzone': 0.4065110393358783, 'pwm_noise_sigma': 0.4370120924547897, 'actuator_tau': 0.0026223792072559778, 'action_delay_steps': 0, 'theta_bias': 0.0013198174139462762, 'alpha_bias': -0.002955171022351311, 'theta_sigma': 0.0015328232427941322, 'alpha_sigma': 0.004952955405147133, 'theta_dot_sigma': 0.041978825169720464, 'alpha_dot_sigma': 0.034170389946669266, 'encoder_quantization_rad': 0.00025369903082894657, 'velocity_lpf': 0.25, 'process_theta_dot_sigma': 0.0, 'process_alpha_dot_sigma': 0.0}"
3969990,3,randomization_0.30,0.3,"{'level': 0.3, 'physical': {'g': 9.81071070618542, 'c_theta': 0.029237517539975, 'c_alpha': 0.0011233782729878142, 'k_t': 0.22738865715048656, 'k_b': 0.19546803622482378, 'k_u': 0.045054269523259194, 'R': 4.497662991050553, 'm1': 0.1945940568906825, 'm2': 0.1520208639571948, 'l1cg': 0.07722637638890348, 'l1': 0.15531682866866237, 'l2cg': 0.06224638855672729, 'I1z': 0.00042999772986823025, 'I2x': 0.0003901709069718232, 'I2y': 2.2763580035082968e-05, 'I2z': 0.0003102548388514307}, 'init_theta_std_deg': 5.712556427553501, 'init_alpha_std_deg': 6.955989530062959, 'init_theta_dot_std': 0.39797294339032546, 'init_alpha_dot_std': 0.452762375509676, 'pwm_limit': 141.87763860614842, 'pwm_gain': 0.972204508757188, 'pwm_bias': 0.6029260533123699, 'pwm_deadzone': 2.322279647369678, 'pwm_noise_sigma': 0.24854133599538858, 'actuator_tau': 0.00630004781692944, 'action_delay_steps': 0, 'theta_bias': 0.00023028090472470365, 'alpha_bias': -0.003536542103167224, 'theta_sigma': 0.0015236338314351958, 'alpha_sigma': 0.0006923020025746658, 'theta_dot_sigma': 0.09147285609542002, 'alpha_dot_sigma': 0.016377924413467467, 'encoder_quantization_rad': 0.00015418682199904354, 'velocity_lpf': 0.23924744038017007, 'process_theta_dot_sigma': 0.0, 'process_alpha_dot_sigma': 0.0}"
3971990,3,randomization_0.30,0.3,"{'level': 0.3, 'physical': {'g': 9.90600113610538, 'c_theta': 0.0423041110837428, 'c_alpha': 0.001270872774480849, 'k_t': 0.24063566547105317, 'k_b': 0.1807617365228565, 'k_u': 0.045025770019201605, 'R': 4.255837782377286, 'm1': 0.2159319435307078, 'm2': 0.1541880438552057, 'l1cg': 0.08240591482517816, 'l1': 0.1558058119886666, 'l2cg': 0.0638360337513903, 'I1z': 0.0005859261972293792, 'I2x': 0.00035075640530330874, 'I2y': 2.7778446691093156e-05, 'I2z': 0.0003569729561312887}, 'init_theta_std_deg': 5.960161306745677, 'init_alpha_std_deg': 7.73929458664732, 'init_theta_dot_std': 0.4220008357045127, 'init_alpha_dot_std': 0.33868777333593775, 'pwm_limit': 145.72357370659196, 'pwm_gain': 0.9977078484584995, 'pwm_bias': 1.1307307454351538, 'pwm_deadzone': 0.9977089742650331, 'pwm_noise_sigma': 0.5118070214326458, 'actuator_tau': 0.007578600537789007, 'action_delay_steps': 0, 'theta_bias': -0.0015083531928673953, 'alpha_bias': 0.002991630103699583, 'theta_sigma': 0.00014620711837854476, 'alpha_sigma': 0.0038022792944220254, 'theta_dot_sigma': 0.01154022978976468, 'alpha_dot_sigma': 0.03294778094910018, 'encoder_quantization_rad': 0.0002795638366000018, 'velocity_lpf': 0.25, 'process_theta_dot_sigma': 0.0, 'process_alpha_dot_sigma': 0.0}"
3973990,3,randomization_0.30,0.3,"{'level': 0.3, 'physical': {'g': 9.674308953404655, 'c_theta': 0.03722384545119916, 'c_alpha': 0.0011536775799928154, 'k_t': 0.22841606006404197, 'k_b': 0.1877472175622849, 'k_u': 0.04703988347904623, 'R': 4.32071961293797, 'm1': 0.20630739585187122, 'm2': 0.1517736451215652, 'l1cg': 0.07849521378935365, 'l1': 0.15512602079376928, 'l2cg': 0.0696757556900944, 'I1z': 0.0005919079943270582, 'I2x': 0.0003657573485365827, 'I2y': 2.2978677400103583e-05, 'I2z': 0.00041556687117164326}, 'init_theta_std_deg': 4.237560564027362, 'init_alpha_std_deg': 7.468134784305678, 'init_theta_dot_std': 0.26184657674058365, 'init_alpha_dot_std': 0.6054320400800915, 'pwm_limit': 147.6569267980259, 'pwm_gain': 0.9982683117482736, 'pwm_bias': 0.3154835467915033, 'pwm_deadzone': 1.8937039845274246, 'pwm_noise_sigma': 0.5769213160532517, 'actuator_tau': 0.0032381347372080673, 'action_delay_steps': 0, 'theta_bias': 0.0018744091052816235, 'alpha_bias': -0.0011582154054358158, 'theta_sigma': 0.0012278440676016021, 'alpha_sigma': 0.005945513901027902, 'theta_dot_sigma': 0.05690524086899857, 'alpha_dot_sigma': 0.15287355563796673, 'encoder_quantization_rad': 0.0004046209403469942, 'velocity_lpf': 0.25, 'process_theta_dot_sigma': 0.0, 'process_alpha_dot_sigma': 0.0}"
3975990,3,randomization_0.30,0.3,"{'level': 0.3, 'physical': {'g': 9.869911028176027, 'c_theta': 0.03534152395564115, 'c_alpha': 0.0017369271010147394, 'k_t': 0.23517011660053294, 'k_b': 0.18127002054489091, 'k_u': 0.045809237392217254, 'R': 4.425055486873381, 'm1': 0.20496598689753737, 'm2': 0.16401464446478156, 'l1cg': 0.07729590000416373, 'l1': 0.15485667543587356, 'l2cg': 0.07114561216212337, 'I1z': 0.000532880525392839, 'I2x': 0.0003908597057420869, 'I2y': 2.5316894395869262e-05, 'I2z': 0.00042263668818004984}, 'init_theta_std_deg': 6.168723528379974, 'init_alpha_std_deg': 8.384513399840841, 'init_theta_dot_std': 0.4487989882389933, 'init_alpha_dot_std': 0.2610374193728326, 'pwm_limit': 147.66401062771786, 'pwm_gain': 1.0253669675208232, 'pwm_bias': -0.763406670673042, 'pwm_deadzone': 2.874093750186927, 'pwm_noise_sigma': 0.5098076241622679, 'actuator_tau': 0.005117833825702223, 'action_delay_steps': 0, 'theta_bias': -0.0001691259508338585, 'alpha_bias': 0.0006541216349729529, 'theta_sigma': 0.00084668611731148, 'alpha_sigma': 5.39315662211457e-05, 'theta_dot_sigma': 0.06431071012117537, 'alpha_dot_sigma': 0.026250108888569067, 'encoder_quantization_rad': 0.0003145431875827653, 'velocity_lpf': 0.25, 'process_theta_dot_sigma': 0.0, 'process_alpha_dot_sigma': 0.0}"
3977990,3,randomization_0.30,0.3,"{'level': 0.3, 'physical': {'g': 9.733114874380924, 'c_theta': 0.04189603146120784, 'c_alpha': 0.0017979574676683194, 'k_t': 0.24043324845673936, 'k_b': 0.1836282976805271, 'k_u': 0.04402784945940709, 'R': 4.242783747442696, 'm1': 0.19584518568574785, 'm2': 0.1554189639400476, 'l1cg': 0.08144883096199793, 'l1': 0.15197010052159987, 'l2cg': 0.0707145528799783, 'I1z': 0.0005415825926447994, 'I2x': 0.0003515941879201681, 'I2y': 2.3971540485748352e-05, 'I2z': 0.0003794412543870843}, 'init_theta_std_deg': 5.152451932521363, 'init_alpha_std_deg': 7.9932283395444355, 'init_theta_dot_std': 0.37699079346221215, 'init_alpha_dot_std': 0.6301976972629427, 'pwm_limit': 147.2399037451966, 'pwm_gain': 1.020884100981841, 'pwm_bias': -0.19488866396901328, 'pwm_deadzone': 1.7125038128008927, 'pwm_noise_sigma': 0.2746336147253851, 'actuator_tau': 0.005534337712843256, 'action_delay_steps': 0, 'theta_bias': -0.0006544174388573967, 'alpha_bias': 0.0028148373478553298, 'theta_sigma': 0.0003039478860433389, 'alpha_sigma': 0.0027069433002071875, 'theta_dot_sigma': 0.06364294011376696, 'alpha_dot_sigma': 0.007771157955709183, 'encoder_quantization_rad': 7.082735104659426e-05, 'velocity_lpf': 0.2419548841010166, 'process_theta_dot_sigma': 0.0, 'process_alpha_dot_sigma': 0.0}"
3979990,3,randomization_0.30,0.3,"{'level': 0.3, 'physical': {'g': 9.702442986760138, 'c_theta': 0.031612609838337406, 'c_alpha': 0.0009917162238546856, 'k_t': 0.243904441561075, 'k_b': 0.19254525429337938, 'k_u': 0.044548397387156366, 'R': 4.542168930926777, 'm1': 0.19494657710012347, 'm2': 0.16009928365085202, 'l1cg': 0.0824752581729867, 'l1': 0.15073444982557485, 'l2cg': 0.07027568547817058, 'I1z': 0.0005628606239789136, 'I2x': 0.0003543582283245704, 'I2y': 2.54264049650721e-05, 'I2z': 0.00032907643356830553}, 'init_theta_std_deg': 4.5402498070830735, 'init_alpha_std_deg': 10.382818156251087, 'init_theta_dot_std': 0.00045410113184442545, 'init_alpha_dot_std': 0.7306574496250048, 'pwm_limit': 148.11304026141772, 'pwm_gain': 0.9853370998325081, 'pwm_bias': -0.805435657237885, 'pwm_deadzone': 2.6738359418742377, 'pwm_noise_sigma': 0.35742471411939697, 'actuator_tau': 0.0005088390511470029, 'action_delay_steps': 0, 'theta_bias': 0.0012292164506403492, 'alpha_bias': -0.00213323248488297, 'theta_sigma': 0.0015909792937968531, 'alpha_sigma': 0.0025594471397747927, 'theta_dot_sigma': 0.10355267593227066, 'alpha_dot_sigma': 0.08194087089836992, 'encoder_quantization_rad': 3.168694967811395e-05, 'velocity_lpf': 0.25, 'process_theta_dot_sigma': 0.0, 'process_alpha_dot_sigma': 0.0}"
3981990,3,randomization_0.30,0.3,"{'level': 0.3, 'physical': {'g': 9.762135896424036, 'c_theta': 0.039250213308800415, 'c_alpha': 0.0016487344468251086, 'k_t': 0.23415218375875615, 'k_b': 0.19041372642572296, 'k_u': 0.04844036644771571, 'R': 4.104444372569294, 'm1': 0.1935939747881162, 'm2': 0.16009520670421806, 'l1cg': 0.08203087448676899, 'l1': 0.15257452429130572, 'l2cg': 0.0708723525742662, 'I1z': 0.0005397008105319738, 'I2x': 0.00035142842787785216, 'I2y': 2.4749935038662084e-05, 'I2z': 0.00034517643256546976}, 'init_theta_std_deg': 5.694081937232137, 'init_alpha_std_deg': 8.89831533870392, 'init_theta_dot_std': 0.0013686846490813976, 'init_alpha_dot_std': 0.6987767361157265, 'pwm_limit': 149.08068358318866, 'pwm_gain': 0.998825602457816, 'pwm_bias': -0.22372822388466512, 'pwm_deadzone': 2.5673322619644003, 'pwm_noise_sigma': 0.017481071382423385, 'actuator_tau': 0.003649261946551506, 'action_delay_steps': 0, 'theta_bias': 0.00020548236725869497, 'alpha_bias': -0.003350083117558164, 'theta_sigma': 0.00023840016964050468, 'alpha_sigma': 0.00048665268304142574, 'theta_dot_sigma': 0.08963347838014438, 'alpha_dot_sigma': 0.028223993158895646, 'encoder_quantization_rad': 0.00029620373807259575, 'velocity_lpf': 0.25, 'process_theta_dot_sigma': 0.0, 'process_alpha_dot_sigma': 0.0}"
3983990,3,randomization_0.30,0.3,"{'level': 0.3, 'physical': {'g': 9.795015798403833, 'c_theta': 0.04036021695701776, 'c_alpha': 0.0015358602635215143, 'k_t': 0.24748025199808796, 'k_b': 0.19622680594673603, 'k_u': 0.04402210497596323, 'R': 4.151937407133145, 'm1': 0.1909973050444915, 'm2': 0.15405359907619137, 'l1cg': 0.0806862992032602, 'l1': 0.14956824595445525, 'l2cg': 0.06698616176876838, 'I1z': 0.0005409937433914607, 'I2x': 0.0003751237362966893, 'I2y': 2.331129825904609e-05, 'I2z': 0.00039738962067411123}, 'init_theta_std_deg': 5.5639179305422175, 'init_alpha_std_deg': 6.890554822948527, 'init_theta_dot_std': 0.1708368817764925, 'init_alpha_dot_std': 0.5509818894638131, 'pwm_limit': 152.11075336995717, 'pwm_gain': 0.9914499775494124, 'pwm_bias': 0.8083189077372115, 'pwm_deadzone': 1.5952925886280735, 'pwm_noise_sigma': 0.5135178786591356, 'actuator_tau': 0.006663518827627872, 'action_delay_steps': 0, 'theta_bias': -0.0024567175492878775, 'alpha_bias': 0.0031169785404782913, 'theta_sigma': 0.0009463666552353144, 'alpha_sigma': 0.0028119700446901648, 'theta_dot_sigma': 0.01646723701666148, 'alpha_dot_sigma': 0.12378038954369472, 'encoder_quantization_rad': 0.0002819197504238226, 'velocity_lpf': 0.2545066541921668, 'process_theta_dot_sigma': 0.0, 'process_alpha_dot_sigma': 0.0}"
3985990,3,randomization_0.30,0.3,"{'level': 0.3, 'physical': {'g': 9.678654303592264, 'c_theta': 0.028351820694037185, 'c_alpha': 0.00119030187974988, 'k_t': 0.22318467568121658, 'k_b': 0.18715571247724605, 'k_u': 0.05038080032019772, 'R': 4.455876793654744, 'm1': 0.19655614943752034, 'm2': 0.15381952370047136, 'l1cg': 0.07802422648854433, 'l1': 0.1548261198469574, 'l2cg': 0.06849450481798844, 'I1z': 0.0005660925845762951, 'I2x': 0.0003660717863206228, 'I2y': 2.704997512174165e-05, 'I2z': 0.0003828477472573937}, 'init_theta_std_deg': 5.860843564243239, 'init_alpha_std_deg': 7.355567043015936, 'init_theta_dot_std': 0.24179886685108032, 'init_alpha_dot_std': 0.6072213077826284, 'pwm_limit': 151.87321963973272, 'pwm_gain': 0.9989616518983819, 'pwm_bias': 1.1531366000491348, 'pwm_deadzone': 2.3054115014066787, 'pwm_noise_sigma': 0.08877873270436039, 'actuator_tau': 0.007469718760976918, 'action_delay_steps': 0, 'theta_bias': 0.0024348858452265315, 'alpha_bias': 0.0008369381274164823, 'theta_sigma': 0.0008456039664666836, 'alpha_sigma': 0.004394099682059299, 'theta_dot_sigma': 0.0328559104388919, 'alpha_dot_sigma': 0.1692470763447708, 'encoder_quantization_rad': 0.00027722216436876923, 'velocity_lpf': 0.25, 'process_theta_dot_sigma': 0.0, 'process_alpha_dot_sigma': 0.0}"
3987990,3,randomization_0.30,0.3,"{'level': 0.3, 'physical': {'g': 9.873717386296816, 'c_theta': 0.042972629878311575, 'c_alpha': 0.0007848028250306471, 'k_t': 0.22579226600573776, 'k_b': 0.18338284718396683, 'k_u': 0.04291532174910569, 'R': 4.373944181405047, 'm1': 0.20341769937677612, 'm2': 0.16531104355955956, 'l1cg': 0.08173483696668608, 'l1': 0.15586593025136472, 'l2cg': 0.07153706719268925, 'I1z': 0.0005578058147731828, 'I2x': 0.0003688520676099146, 'I2y': 2.5547789918441704e-05, 'I2z': 0.00041853655416384915}, 'init_theta_std_deg': 6.1460586234717525, 'init_alpha_std_deg': 8.320244779845506, 'init_theta_dot_std': 0.31654514746828427, 'init_alpha_dot_std': 0.19036828107568518, 'pwm_limit': 145.10301201721552, 'pwm_gain': 0.9950223823997452, 'pwm_bias': -0.3496993079014173, 'pwm_deadzone': 0.6993271837762296, 'pwm_noise_sigma': 0.17778747381555624, 'actuator_tau': 0.005511329781384483, 'action_delay_steps': 0, 'theta_bias': 0.0002199528699358131, 'alpha_bias': -0.0004783733201056028, 'theta_sigma': 0.0015312947532269878, 'alpha_sigma': 0.0050006395096046, 'theta_dot_sigma': 0.005917051065868825, 'alpha_dot_sigma': 0.11282289643435092, 'encoder_quantization_rad': 9.235956589848207e-05, 'velocity_lpf': 0.25, 'process_theta_dot_sigma': 0.0, 'process_alpha_dot_sigma': 0.0}"
3989990,3,randomization_0.30,0.3,"{'level': 0.3, 'physical': {'g': 9.729726229991229, 'c_theta': 0.020275250166683422, 'c_alpha': 0.0019348817269589365, 'k_t': 0.22147068086585064, 'k_b': 0.18020119060776527, 'k_u': 0.04314486094615979, 'R': 4.082874133651377, 'm1': 0.2072044113291584, 'm2': 0.16505214329214554, 'l1cg': 0.08030546007936934, 'l1': 0.15339771647905198, 'l2cg': 0.06290832679704203, 'I1z': 0.0005813614498360269, 'I2x': 0.00037763886326931434, 'I2y': 2.2076512059398054e-05, 'I2z': 0.00036268402088278633}, 'init_theta_std_deg': 6.1315372554175305, 'init_alpha_std_deg': 6.9140543523589395, 'init_theta_dot_std': 0.3221474736267846, 'init_alpha_dot_std': 0.41376738961312615, 'pwm_limit': 147.98347733516155, 'pwm_gain': 1.0218077878222358, 'pwm_bias': 0.6592922763873372, 'pwm_deadzone': 2.5026992546194875, 'pwm_noise_sigma': 0.05749823450357554, 'actuator_tau': 0.004283684405397097, 'action_delay_steps': 0, 'theta_bias': -0.0019266385479921953, 'alpha_bias': -0.001503558363222717, 'theta_sigma': 0.0005200849584030982, 'alpha_sigma': 0.002423436106634259, 'theta_dot_sigma': 0.04333556402316027, 'alpha_dot_sigma': 0.00861078631335464, 'encoder_quantization_rad': 0.00018784357068462958, 'velocity_lpf': 0.25, 'process_theta_dot_sigma': 0.0, 'process_alpha_dot_sigma': 0.0}"
3991990,3,randomization_0.30,0.3,"{'level': 0.3, 'physical': {'g': 9.925904473845584, 'c_theta': 0.022655593035608948, 'c_alpha': 0.0016116411464794198, 'k_t': 0.2245211119681949, 'k_b': 0.18560708179032148, 'k_u': 0.04386966491647155, 'R': 4.186065857256818, 'm1': 0.21106702724379126, 'm2': 0.15494829810337618, 'l1cg': 0.07873600190158153, 'l1': 0.1484472453781559, 'l2cg': 0.06929482596179368, 'I1z': 0.0005296211697719857, 'I2x': 0.0003568015733059942, 'I2y': 2.3516535319820254e-05, 'I2z': 0.0003135811025188703}, 'init_theta_std_deg': 6.113551899407239, 'init_alpha_std_deg': 10.365570904914732, 'init_theta_dot_std': 0.3107455434270275, 'init_alpha_dot_std': 0.5722027439848082, 'pwm_limit': 145.17971678876216, 'pwm_gain': 1.0222149021504263, 'pwm_bias': 0.8102738328645097, 'pwm_deadzone': 2.1602332550239933, 'pwm_noise_sigma': 0.5160720561053822, 'actuator_tau': 0.0064486771433460354, 'action_delay_steps': 0, 'theta_bias': -0.001843736995636867, 'alpha_bias': -0.002102746168534226, 'theta_sigma': 0.0007838789487538288, 'alpha_sigma': 0.002707066080855437, 'theta_dot_sigma': 0.03161943062117867, 'alpha_dot_sigma': 0.05097096662253002, 'encoder_quantization_rad': 0.0003409982720282263, 'velocity_lpf': 0.25, 'process_theta_dot_sigma': 0.0, 'process_alpha_dot_sigma': 0.0}"
3993990,3,randomization_0.30,0.3,"{'level': 0.3, 'physical': {'g': 9.907950788446378, 'c_theta': 0.021091170841344403, 'c_alpha': 0.0011430525403914296, 'k_t': 0.21967079188778718, 'k_b': 0.19647147002908003, 'k_u': 0.047185979335979435, 'R': 4.57154400660388, 'm1': 0.19705822232771464, 'm2': 0.1607930373384922, 'l1cg': 0.08070004965564109, 'l1': 0.14803594010041604, 'l2cg': 0.06471461959067439, 'I1z': 0.0004986946812109228, 'I2x': 0.0003864272268889109, 'I2y': 2.6549691090736676e-05, 'I2z': 0.00043461611640710257}, 'init_theta_std_deg': 6.308984546730356, 'init_alpha_std_deg': 7.283699698689246, 'init_theta_dot_std': 0.3043250053069095, 'init_alpha_dot_std': 0.7194440124924882, 'pwm_limit': 149.87839616985826, 'pwm_gain': 0.9873931640202797, 'pwm_bias': -0.8760288382845501, 'pwm_deadzone': 1.9339818305345433, 'pwm_noise_sigma': 0.3576326853651944, 'actuator_tau': 0.006020689257585076, 'action_delay_steps': 0, 'theta_bias': 0.0011384634778203407, 'alpha_bias': -0.0034436973802851926, 'theta_sigma': 0.0015157001782206022, 'alpha_sigma': 0.004439351276823917, 'theta_dot_sigma': 0.042334212624245984, 'alpha_dot_sigma': 0.043714218198659664, 'encoder_quantization_rad': 0.00025497217865742204, 'velocity_lpf': 0.25, 'process_theta_dot_sigma': 0.0, 'process_alpha_dot_sigma': 0.0}"
3995990,3,randomization_0.30,0.3,"{'level': 0.3, 'physical': {'g': 9.778313667564298, 'c_theta': 0.038068818391444124, 'c_alpha': 0.0009417157676331114, 'k_t': 0.23431246641820802, 'k_b': 0.19312174170357896, 'k_u': 0.049595833136418195, 'R': 4.356122373880637, 'm1': 0.2046723807888601, 'm2': 0.1638398730798993, 'l1cg': 0.08289133918530489, 'l1': 0.14802877568843065, 'l2cg': 0.06807677509021522, 'I1z': 0.00047659303085994, 'I2x': 0.0003803606918480286, 'I2y': 2.831217499772315e-05, 'I2z': 0.00032921636126733784}, 'init_theta_std_deg': 5.7276367991154125, 'init_alpha_std_deg': 9.666620937971944, 'init_theta_dot_std': 0.43668056423856044, 'init_alpha_dot_std': 0.02605042668258689, 'pwm_limit': 143.74878876031127, 'pwm_gain': 1.022862328408634, 'pwm_bias': -1.1269433879064843, 'pwm_deadzone': 1.2115351551529099, 'pwm_noise_sigma': 0.15837323913871007, 'actuator_tau': 0.005776452287897398, 'action_delay_steps': 0, 'theta_bias': -0.001974899567488306, 'alpha_bias': -0.001499021583230363, 'theta_sigma': 8.805355035387339e-05, 'alpha_sigma': 0.004282887139074619, 'theta_dot_sigma': 0.09401574957854977, 'alpha_dot_sigma': 0.09072185116555974, 'encoder_quantization_rad': 0.0003738405884205212, 'velocity_lpf': 0.26397332042671273, 'process_theta_dot_sigma': 0.0, 'process_alpha_dot_sigma': 0.0}"
3997990,3,randomization_0.30,0.3,"{'level': 0.3, 'physical': {'g': 9.786836279764854, 'c_theta': 0.03052962303798265, 'c_alpha': 0.0011675622961489131, 'k_t': 0.22750382895995366, 'k_b': 0.189443273525688, 'k_u': 0.04979206776400166, 'R': 4.3331930874676665, 'm1': 0.22109684462062834, 'm2': 0.15633502806374822, 'l1cg': 0.0815250269064654, 'l1': 0.14884554823343363, 'l2cg': 0.06564056435399879, 'I1z': 0.00045183891744675353, 'I2x': 0.00037189772639959964, 'I2y': 2.4098637472712907e-05, 'I2z': 0.00035172302121703564}, 'init_theta_std_deg': 4.404376902175226, 'init_alpha_std_deg': 9.809311913855348, 'init_theta_dot_std': 0.08831274133135146, 'init_alpha_dot_std': 0.19784196263045353, 'pwm_limit': 142.68008183518302, 'pwm_gain': 0.9832307151989447, 'pwm_bias': 0.3120436898005883, 'pwm_deadzone': 0.9623373584378032, 'pwm_noise_sigma': 0.23818249656920856, 'actuator_tau': 0.0015993380178212647, 'action_delay_steps': 0, 'theta_bias': 0.0014249849435745325, 'alpha_bias': -0.0033079855846932507, 'theta_sigma': 0.0013717746668919565, 'alpha_sigma': 0.004387155006203411, 'theta_dot_sigma': 0.08584846290560222, 'alpha_dot_sigma': 0.12049877290659242, 'encoder_quantization_rad': 0.0003623385289333228, 'velocity_lpf': 0.25, 'process_theta_dot_sigma': 0.0, 'process_alpha_dot_sigma': 0.0}"
3999990,3,randomization_0.30,0.3,"{'level': 0.3, 'physical': {'g': 9.88386482532995, 'c_theta': 0.03814836831952036, 'c_alpha': 0.0014299814789430969, 'k_t': 0.21383642723462976, 'k_b': 0.1754913803782977, 'k_u': 0.0432118002997216, 'R': 4.512464093976085, 'm1': 0.20139413574546042, 'm2': 0.15258182803324158, 'l1cg': 0.08058319437077427, 'l1': 0.15401920476923744, 'l2cg': 0.06967376105027667, 'I1z': 0.000523269179628192, 'I2x': 0.00037247641759444975, 'I2y': 2.1229054499542513e-05, 'I2z': 0.0003800305417297881}, 'init_theta_std_deg': 6.087428203629903, 'init_alpha_std_deg': 9.154220418496797, 'init_theta_dot_std': 0.07650219804863882, 'init_alpha_dot_std': 0.39929143670969575, 'pwm_limit': 142.73795078848931, 'pwm_gain': 1.0002752270843982, 'pwm_bias': -0.4304233605175777, 'pwm_deadzone': 0.9743094549696418, 'pwm_noise_sigma': 0.4154850722129441, 'actuator_tau': 0.006268847629194584, 'action_delay_steps': 0, 'theta_bias': -0.0028986461777943087, 'alpha_bias': -0.0002468318906440972, 'theta_sigma': 0.000819049935077913, 'alpha_sigma': 0.0005910602301793075, 'theta_dot_sigma': 0.038762861399797864, 'alpha_dot_sigma': 0.06073387580662907, 'encoder_quantization_rad': 3.520960226876705e-05, 'velocity_lpf': 0.25, 'process_theta_dot_sigma': 0.0, 'process_alpha_dot_sigma': 0.0}"
4000000,4,randomization_0.50,0.5,"{'level': 0.5, 'physical': {'g': 9.643122021407137, 'c_theta': 0.02925629678821258, 'c_alpha': 0.0015289245280045067, 'k_t': 0.22044824311734532, 'k_b': 0.19465595557058735, 'k_u': 0.050798243814939456, 'R': 4.4060126379018385, 'm1': 0.22667351747246722, 'm2': 0.16529835702039086, 'l1cg': 0.07830072615632838, 'l1': 0.15622075023091272, 'l2cg': 0.06912979524644679, 'I1z': 0.0006071351376504393, 'I2x': 0.00039283723356832825, 'I2y': 2.0382705634369755e-05, 'I2z': 0.0003599234388532317}, 'init_theta_std_deg': 4.45451881178252, 'init_alpha_std_deg': 11.910220637388687, 'init_theta_dot_std': 0.297145256664514, 'init_alpha_dot_std': 0.962812062383907, 'pwm_limit': 145.3322431807976, 'pwm_gain': 1.0340584250990426, 'pwm_bias': -1.8627775991710762, 'pwm_deadzone': 4.509098620883991, 'pwm_noise_sigma': 0.157911007808906, 'actuator_tau': 0.007952462276385042, 'action_delay_steps': 1, 'theta_bias': 0.0015196764407326958, 'alpha_bias': -0.00588674571205699, 'theta_sigma': 0.0010825014484528758, 'alpha_sigma': 0.0012751762691140024, 'theta_dot_sigma': 0.018950939254034883, 'alpha_dot_sigma': 0.26349049592900337, 'encoder_quantization_rad': 0.0003972119917337101, 'velocity_lpf': 0.25, 'process_theta_dot_sigma': 0.0, 'process_alpha_dot_sigma': 0.0}"
4002000,4,randomization_0.50,0.5,"{'level': 0.5, 'physical': {'g': 9.854028256012004, 'c_theta': 0.04897457233879067, 'c_alpha': 0.0015372259293777797, 'k_t': 0.20356154111424415, 'k_b': 0.2007669193229871, 'k_u': 0.04226343426055776, 'R': 4.419281966727413, 'm1': 0.19652241207085863, 'm2': 0.1500843312905987, 'l1cg': 0.0815012827728235, 'l1': 0.1491777540544081, 'l2cg': 0.07393817910000505, 'I1z': 0.0004387578860528048, 'I2x': 0.00036516231440372944, 'I2y': 2.2296102542831273e-05, 'I2z': 0.00048314268828842044}, 'init_theta_std_deg': 4.082552084847733, 'init_alpha_std_deg': 9.292298276226783, 'init_theta_dot_std': 0.23997426872756178, 'init_alpha_dot_std': 1.1603535925157218, 'pwm_limit': 138.0479176728133, 'pwm_gain': 1.0472020775705524, 'pwm_bias': -0.0725877001449895, 'pwm_deadzone': 1.3883911853404474, 'pwm_noise_sigma': 0.520783189163004, 'actuator_tau': 0.002076550398222588, 'action_delay_steps': 1, 'theta_bias': -0.00234380423208022, 'alpha_bias': -0.0011135222713546532, 'theta_sigma': 0.0003544530907533119, 'alpha_sigma': 0.006630043272034139, 'theta_dot_sigma': 0.013461075667954353, 'alpha_dot_sigma': 0.147454146067197, 'encoder_quantization_rad': 0.0001501132713379493, 'velocity_lpf': 0.25, 'process_theta_dot_sigma': 0.0, 'process_alpha_dot_sigma': 0.0}"
4004000,4,randomization_0.50,0.5,"{'level': 0.5, 'physical': {'g': 9.844903167758044, 'c_theta': 0.018736540955787123, 'c_alpha': 0.0010467774864814168, 'k_t': 0.2587294180945059, 'k_b': 0.20501084967820477, 'k_u': 0.05169972024022759, 'R': 4.491929089898323, 'm1': 0.21778080837038002, 'm2': 0.16963114387430533, 'l1cg': 0.0754475839958026, 'l1': 0.1522790836299036, 'l2cg': 0.07405560903061181, 'I1z': 0.0004395971608921604, 'I2x': 0.0003890966463272554, 'I2y': 2.0522780088126197e-05, 'I2z': 0.00027180123762848976}, 'init_theta_std_deg': 5.617449036732662, 'init_alpha_std_deg': 8.97802928863267, 'init_theta_dot_std': 0.3456596408203541, 'init_alpha_dot_std': 0.9459750265208916, 'pwm_limit': 143.68202428151955, 'pwm_gain': 0.9533708613010136, 'pwm_bias': 1.1384946534606688, 'pwm_deadzone': 3.174069627225065, 'pwm_noise_sigma': 0.19124260304296892, 'actuator_tau': 0.0033049713979398637, 'action_delay_steps': 0, 'theta_bias': 0.0014732651057793634, 'alpha_bias': 0.003307492628523668, 'theta_sigma': 0.0029593987423128802, 'alpha_sigma': 0.0029522521619536847, 'theta_dot_sigma': 0.032231454440790036, 'alpha_dot_sigma': 0.11421493623251477, 'encoder_quantization_rad': 0.0001192988694821516, 'velocity_lpf': 0.25, 'process_theta_dot_sigma': 0.0, 'process_alpha_dot_sigma': 0.0}"
4006000,4,randomization_0.50,0.5,"{'level': 0.5, 'physical': {'g': 9.935594248892563, 'c_theta': 0.015947224713288338, 'c_alpha': 0.0010564040031714524, 'k_t': 0.22406755422532545, 'k_b': 0.19755695818780428, 'k_u': 0.05332416070579307, 'R': 4.027745014899951, 'm1': 0.22706373286140277, 'm2': 0.14986229863405678, 'l1cg': 0.07641553198000689, 'l1': 0.15006744520864362, 'l2cg': 0.05990776276777102, 'I1z': 0.0006645164883999899, 'I2x': 0.000362676836248716, 'I2y': 2.5719906420486705e-05, 'I2z': 0.00033974164394583417}, 'init_theta_std_deg': 6.322309991043967, 'init_alpha_std_deg': 10.566546768337037, 'init_theta_dot_std': 0.4338444683102504, 'init_alpha_dot_std': 1.2426246593617205, 'pwm_limit': 139.34047740826992, 'pwm_gain': 0.9517627820543981, 'pwm_bias': 0.33181719166464463, 'pwm_deadzone': 0.9425497300284114, 'pwm_noise_sigma': 0.6462274592584295, 'actuator_tau': 0.00867482226051564, 'action_delay_steps': 1, 'theta_bias': -0.003254948243974413, 'alpha_bias': 0.005026015438808363, 'theta_sigma': 0.002238755052727686, 'alpha_sigma': 0.00786131511975794, 'theta_dot_sigma': 0.1266787678842283, 'alpha_dot_sigma': 0.2183100642412624, 'encoder_quantization_rad': 0.00038618863944775677, 'velocity_lpf': 0.27384244132493085, 'process_theta_dot_sigma': 0.0, 'process_alpha_dot_sigma': 0.0}"
4008000,4,randomization_0.50,0.5,"{'level': 0.5, 'physical': {'g': 10.021169732180264, 'c_theta': 0.02191477870742859, 'c_alpha': 0.0011858996025958227, 'k_t': 0.2323216790501167, 'k_b': 0.16750600725468717, 'k_u': 0.05229602171083984, 'R': 4.502408876884766, 'm1': 0.1832072694265132, 'm2': 0.16473624403147802, 'l1cg': 0.0843838373176679, 'l1': 0.15701979808456606, 'l2cg': 0.05895673614579484, 'I1z': 0.0006105056481972739, 'I2x': 0.00034589378049916725, 'I2y': 2.7641160825436032e-05, 'I2z': 0.00047109507101739497}, 'init_theta_std_deg': 4.052445279556497, 'init_alpha_std_deg': 6.917373226365373, 'init_theta_dot_std': 0.06860854329794486, 'init_alpha_dot_std': 0.46502682579900034, 'pwm_limit': 135.25126904975107, 'pwm_gain': 1.0488552434063179, 'pwm_bias': -1.273833569178811, 'pwm_deadzone': 3.7777793599970315, 'pwm_noise_sigma': 0.37034504178431005, 'actuator_tau': 0.01066438494028301, 'action_delay_steps': 1, 'theta_bias': -0.0009656353758524372, 'alpha_bias': -0.0012534375345692745, 'theta_sigma': 0.0019275049492235427, 'alpha_sigma': 0.005899230051532459, 'theta_dot_sigma': 0.10008617865849848, 'alpha_dot_sigma': 0.27851842396539317, 'encoder_quantization_rad': 0.0002260042986907373, 'velocity_lpf': 0.25, 'process_theta_dot_sigma': 0.0, 'process_alpha_dot_sigma': 0.0}"
4010000,4,randomization_0.50,0.5,"{'level': 0.5, 'physical': {'g': 9.651639608062744, 'c_theta': 0.042860498344196134, 'c_alpha': 0.002062630382696999, 'k_t': 0.24894793260606202, 'k_b': 0.17316665162539202, 'k_u': 0.04942627943630014, 'R': 4.378813302053996, 'm1': 0.1944807979971229, 'm2': 0.1594827478707749, 'l1cg': 0.08010118746485137, 'l1': 0.15882450449371294, 'l2cg': 0.06225726882705962, 'I1z': 0.00044042064520849944, 'I2x': 0.00037012818793293474, 'I2y': 3.299695703797546e-05, 'I2z': 0.00045019018275527294}, 'init_theta_std_deg': 7.048434039297529, 'init_alpha_std_deg': 9.541361860550893, 'init_theta_dot_std': 0.6292852125228401, 'init_alpha_dot_std': 0.7171975243676827, 'pwm_limit': 146.34133411907933, 'pwm_gain': 0.9576997166612716, 'pwm_bias': 0.33623414061553714, 'pwm_deadzone': 2.1427861386803877, 'pwm_noise_sigma': 0.5359231926507367, 'actuator_tau': 0.010310962620088862, 'action_delay_steps': 0, 'theta_bias': -0.0043407100658434785, 'alpha_bias': -0.0013995386938604594, 'theta_sigma': 0.002567702113349218, 'alpha_sigma': 0.002344537004657118, 'theta_dot_sigma': 0.10592167051862088, 'alpha_dot_sigma': 0.22592177987527562, 'encoder_quantization_rad': 0.000567525918758602, 'velocity_lpf': 0.23071137441584538, 'process_theta_dot_sigma': 0.0, 'process_alpha_dot_sigma': 0.0}"
4012000,4,randomization_0.50,0.5,"{'level': 0.5, 'physical': {'g': 9.775172061178353, 'c_theta': 0.04455776176350579, 'c_alpha': 0.0021788100395287694, 'k_t': 0.21157554602317571, 'k_b': 0.16584012133672438, 'k_u': 0.05100057091707339, 'R': 4.203649847097042, 'm1': 0.1996489872560911, 'm2': 0.15973227373668347, 'l1cg': 0.08473633375945418, 'l1': 0.14625261028578335, 'l2cg': 0.060333010598844154, 'I1z': 0.0005900369415161314, 'I2x': 0.0004005763238284757, 'I2y': 2.2432056900336562e-05, 'I2z': 0.00044493162100976545}, 'init_theta_std_deg': 5.862654608280209, 'init_alpha_std_deg': 7.200657689735501, 'init_theta_dot_std': 0.1366906038621643, 'init_alpha_dot_std': 0.9100650947181406, 'pwm_limit': 153.07737537801415, 'pwm_gain': 0.9750225548844177, 'pwm_bias': 1.6592643281834607, 'pwm_deadzone': 2.2521261615520647, 'pwm_noise_sigma': 0.06357658753777717, 'actuator_tau': 0.010508315530307717, 'action_delay_steps': 1, 'theta_bias': 0.002175509228796605, 'alpha_bias': -0.0010469662051175268, 'theta_sigma': 0.0025141176697850184, 'alpha_sigma': 0.0009659229911335665, 'theta_dot_sigma': 0.11505008899345111, 'alpha_dot_sigma': 0.029111477319090848, 'encoder_quantization_rad': 0.0005686021709008697, 'velocity_lpf': 0.25, 'process_theta_dot_sigma': 0.0, 'process_alpha_dot_sigma': 0.0}"
4014000,4,randomization_0.50,0.5,"{'level': 0.5, 'physical': {'g': 9.894395840074756, 'c_theta': 0.02041720630287842, 'c_alpha': 0.0021723307982132, 'k_t': 0.2104511506604431, 'k_b': 0.19534028036917583, 'k_u': 0.04741697608929387, 'R': 4.059472067095159, 'm1': 0.18965469939042437, 'm2': 0.16336450420240559, 'l1cg': 0.08009487730526006, 'l1': 0.15690523372854362, 'l2cg': 0.06407013499283366, 'I1z': 0.0004132813783160222, 'I2x': 0.00039810951895507624, 'I2y': 3.174723569372336e-05, 'I2z': 0.00034128806475363385}, 'init_theta_std_deg': 3.695772748320196, 'init_alpha_std_deg': 9.022337381608494, 'init_theta_dot_std': 0.7144625900546033, 'init_alpha_dot_std': 0.004568368267691136, 'pwm_limit': 137.19660128085607, 'pwm_gain': 0.9555530487292799, 'pwm_bias': 0.21094109033279285, 'pwm_deadzone': 4.569700777148339, 'pwm_noise_sigma': 0.8537309488330295, 'actuator_tau': 0.004388402863579742, 'action_delay_steps': 1, 'theta_bias': 0.002259921588601844, 'alpha_bias': 0.004485843381026966, 'theta_sigma': 0.0005787630492957112, 'alpha_sigma': 0.00983495917350769, 'theta_dot_sigma': 0.04209120222087222, 'alpha_dot_sigma': 0.06049768591010239, 'encoder_quantization_rad': 0.0004996049717658549, 'velocity_lpf': 0.25436978468061433, 'process_theta_dot_sigma': 0.0, 'process_alpha_dot_sigma': 0.0}"
4016000,4,randomization_0.50,0.5,"{'level': 0.5, 'physical': {'g': 9.68481233358201, 'c_theta': 0.04708834591499111, 'c_alpha': 0.0012142903068393864, 'k_t': 0.2401399814205441, 'k_b': 0.20990399569718757, 'k_u': 0.05027832962847259, 'R': 4.561126832354684, 'm1': 0.20609747750777221, 'm2': 0.16707237859111448, 'l1cg': 0.08035940247135683, 'l1': 0.15503631801522255, 'l2cg': 0.07374324030786854, 'I1z': 0.000602949521647904, 'I2x': 0.0003443068155791861, 'I2y': 2.228988730157094e-05, 'I2z': 0.00028003916483174677}, 'init_theta_std_deg': 7.327968152533911, 'init_alpha_std_deg': 9.405290619291636, 'init_theta_dot_std': 0.7322613651175114, 'init_alpha_dot_std': 0.46065895888619063, 'pwm_limit': 135.54692749329928, 'pwm_gain': 1.0153791722742784, 'pwm_bias': -0.9384453404923869, 'pwm_deadzone': 3.3577971211417674, 'pwm_noise_sigma': 0.5861639690546636, 'actuator_tau': 0.006568441514596017, 'action_delay_steps': 0, 'theta_bias': -5.272954381082551e-05, 'alpha_bias': -0.0019873080166815907, 'theta_sigma': 0.00044117307922871685, 'alpha_sigma': 0.004190399103846803, 'theta_dot_sigma': 0.01807901716576082, 'alpha_dot_sigma': 0.1983356774394748, 'encoder_quantization_rad': 0.0002250454316662027, 'velocity_lpf': 0.2718449249447892, 'process_theta_dot_sigma': 0.0, 'process_alpha_dot_sigma': 0.0}"
4018000,4,randomization_0.50,0.5,"{'level': 0.5, 'physical': {'g': 9.715118472989829, 'c_theta': 0.029676793832301842, 'c_alpha': 0.001352094000256734, 'k_t': 0.20366146763635826, 'k_b': 0.16819807168644477, 'k_u': 0.054104553863607324, 'R': 4.418907847218538, 'm1': 0.19310326133490213, 'm2': 0.1627810519481164, 'l1cg': 0.07472812900261612, 'l1': 0.14713535198399214, 'l2cg': 0.06321353988210146, 'I1z': 0.000607989750181189, 'I2x': 0.00033226647484776593, 'I2y': 2.806629277951813e-05, 'I2z': 0.00041612930301213855}, 'init_theta_std_deg': 5.437866070672422, 'init_alpha_std_deg': 10.300558432537033, 'init_theta_dot_std': 0.3743112408766361, 'init_alpha_dot_std': 0.4838672132198127, 'pwm_limit': 136.86327719925015, 'pwm_gain': 1.0317686793575922, 'pwm_bias': -0.5124822542425598, 'pwm_deadzone': 3.26293936784317, 'pwm_noise_sigma': 0.5354500511115856, 'actuator_tau': 0.01125350957887757, 'action_delay_steps': 1, 'theta_bias': 0.0012830859984740096, 'alpha_bias': 0.0028719503776576697, 'theta_sigma': 0.0015009964933242821, 'alpha_sigma': 0.003393854407117547, 'theta_dot_sigma': 0.07286067951981533, 'alpha_dot_sigma': 0.0987435641778633, 'encoder_quantization_rad': 0.0005559805315364136, 'velocity_lpf': 0.25, 'process_theta_dot_sigma': 0.0, 'process_alpha_dot_sigma': 0.0}"
4020000,4,randomization_0.50,0.5,"{'level': 0.5, 'physical': {'g': 9.831519230549043, 'c_theta': 0.04092311317589913, 'c_alpha': 0.0026710875282509993, 'k_t': 0.21248589460342018, 'k_b': 0.19808647178155478, 'k_u': 0.05183750448088015, 'R': 4.815150957494308, 'm1': 0.18926505214340114, 'm2': 0.14845351496955994, 'l1cg': 0.07446476170100597, 'l1': 0.15897726785348237, 'l2cg': 0.07461062227899107, 'I1z': 0.0004241134672767818, 'I2x': 0.00033724420782222243, 'I2y': 3.094191520740869e-05, 'I2z': 0.000324116656539873}, 'init_theta_std_deg': 3.9105531876397, 'init_alpha_std_deg': 11.860334515323686, 'init_theta_dot_std': 0.4188713766907648, 'init_alpha_dot_std': 0.5202461510711447, 'pwm_limit': 153.1365546080517, 'pwm_gain': 1.008049920987579, 'pwm_bias': -0.3004086513628108, 'pwm_deadzone': 0.6252585396565064, 'pwm_noise_sigma': 0.7863016591499321, 'actuator_tau': 0.0016878658889640274, 'action_delay_steps': 1, 'theta_bias': 0.000446310747442884, 'alpha_bias': -0.002271210466904594, 'theta_sigma': 0.0007505402312990301, 'alpha_sigma': 0.007952747254704455, 'theta_dot_sigma': 0.07796953336886972, 'alpha_dot_sigma': 0.003473593594428981, 'encoder_quantization_rad': 8.716668389251026e-05, 'velocity_lpf': 0.25, 'process_theta_dot_sigma': 0.0, 'process_alpha_dot_sigma': 0.0}"
4022000,4,randomization_0.50,0.5,"{'level': 0.5, 'physical': {'g': 9.651212588407976, 'c_theta': 0.04090764624509204, 'c_alpha': 0.0016872585847126107, 'k_t': 0.23271456086926876, 'k_b': 0.1848433407649908, 'k_u': 0.04980333909513552, 'R': 4.820386559021144, 'm1': 0.2080151260980199, 'm2': 0.1490209821881575, 'l1cg': 0.07620508324872238, 'l1': 0.14925736242127818, 'l2cg': 0.06185466089459437, 'I1z': 0.0006592547261725978, 'I2x': 0.00037421738498181985, 'I2y': 2.0362378039074507e-05, 'I2z': 0.0003034858831590125}, 'init_theta_std_deg': 3.608915258597767, 'init_alpha_std_deg': 9.93428983209769, 'init_theta_dot_std': 0.238181527205393, 'init_alpha_dot_std': 0.33713434914218104, 'pwm_limit': 149.6908670094443, 'pwm_gain': 0.9699887247507184, 'pwm_bias': 1.4529916101141835, 'pwm_deadzone': 2.5286683024458227, 'pwm_noise_sigma': 0.8964472187005857, 'actuator_tau': 0.014928980289266142, 'action_delay_steps': 0, 'theta_bias': 0.0018855692490314924, 'alpha_bias': -0.004200212437651994, 'theta_sigma': 0.0027816000180041498, 'alpha_sigma': 0.00620386360830065, 'theta_dot_sigma': 0.16855276194582827, 'alpha_dot_sigma': 0.2916999136616567, 'encoder_quantization_rad': 0.0006731006261776141, 'velocity_lpf': 0.25, 'process_theta_dot_sigma': 0.0, 'process_alpha_dot_sigma': 0.0}"
4024000,4,randomization_0.50,0.5,"{'level': 0.5, 'physical': {'g': 9.916796151634431, 'c_theta': 0.04913407581659138, 'c_alpha': 0.002398348258339092, 'k_t': 0.23168934654826553, 'k_b': 0.19365561553311172, 'k_u': 0.0509659620569605, 'R': 4.350472048037308, 'm1': 0.22574723379541373, 'm2': 0.1664521390420679, 'l1cg': 0.08339324208835755, 'l1': 0.14558312667584214, 'l2cg': 0.06229379530065451, 'I1z': 0.00038868926717939255, 'I2x': 0.0003704377157389381, 'I2y': 2.9528099121188043e-05, 'I2z': 0.0002958397048541584}, 'init_theta_std_deg': 3.6377649515375827, 'init_alpha_std_deg': 7.538475386724364, 'init_theta_dot_std': 0.22583799677335772, 'init_alpha_dot_std': 0.8330346531167087, 'pwm_limit': 138.6712442653033, 'pwm_gain': 1.0161188559338932, 'pwm_bias': 0.7175631417670565, 'pwm_deadzone': 3.5707203968960095, 'pwm_noise_sigma': 0.3909709615568232, 'actuator_tau': 0.010447956138549503, 'action_delay_steps': 0, 'theta_bias': 0.0015607738552507223, 'alpha_bias': 0.004793828715023668, 'theta_sigma': 0.0015658212527503521, 'alpha_sigma': 0.00018980889750736308, 'theta_dot_sigma': 0.10060713050868603, 'alpha_dot_sigma': 0.024447925502807877, 'encoder_quantization_rad': 0.00037836851485324404, 'velocity_lpf': 0.2534261083392429, 'process_theta_dot_sigma': 0.0, 'process_alpha_dot_sigma': 0.0}"
4026000,4,randomization_0.50,0.5,"{'level': 0.5, 'physical': {'g': 9.828768407057622, 'c_theta': 0.04690404041765987, 'c_alpha': 0.002723292595842066, 'k_t': 0.21857419381618304, 'k_b': 0.16409129887901963, 'k_u': 0.04167484362269291, 'R': 4.261977922891183, 'm1': 0.21221770514868468, 'm2': 0.15310683238038333, 'l1cg': 0.08429703939701202, 'l1': 0.15877134247597002, 'l2cg': 0.06957932567574054, 'I1z': 0.0006599219974526333, 'I2x': 0.00040452516410797095, 'I2y': 3.2900450934920555e-05, 'I2z': 0.00040800446537889976}, 'init_theta_std_deg': 5.391271682115183, 'init_alpha_std_deg': 7.535524351258747, 'init_theta_dot_std': 0.4867704197907371, 'init_alpha_dot_std': 0.3082714135216573, 'pwm_limit': 137.41574626723272, 'pwm_gain': 0.9934471062363964, 'pwm_bias': -1.6925037224213684, 'pwm_deadzone': 2.0808762714361912, 'pwm_noise_sigma': 0.8742989657488424, 'actuator_tau': 0.010693078404180401, 'action_delay_steps': 1, 'theta_bias': 0.0009085817131814233, 'alpha_bias': 0.0012502981430351024, 'theta_sigma': 0.0014398645278167043, 'alpha_sigma': 0.005196734629585232, 'theta_dot_sigma': 0.00825598547705629, 'alpha_dot_sigma': 0.22173244727539876, 'encoder_quantization_rad': 0.00048423180140861054, 'velocity_lpf': 0.25, 'process_theta_dot_sigma': 0.0, 'process_alpha_dot_sigma': 0.0}"
4028000,4,randomization_0.50,0.5,"{'level': 0.5, 'physical': {'g': 9.757856398320515, 'c_theta': 0.033223251702803984, 'c_alpha': 0.0017227754751959533, 'k_t': 0.22460071142365062, 'k_b': 0.17954462358092121, 'k_u': 0.041145077593718285, 'R': 4.389111401135846, 'm1': 0.22130357754498445, 'm2': 0.15386293423237793, 'l1cg': 0.08488219146528585, 'l1': 0.15558771971574312, 'l2cg': 0.0642248783942395, 'I1z': 0.0005698490926903723, 'I2x': 0.00038259710996034095, 'I2y': 2.083400937015643e-05, 'I2z': 0.0005041421785223463}, 'init_theta_std_deg': 5.2595410020554105, 'init_alpha_std_deg': 6.374064054310474, 'init_theta_dot_std': 0.7354207285605391, 'init_alpha_dot_std': 0.22361867170262645, 'pwm_limit': 140.13169245590987, 'pwm_gain': 1.048280402909561, 'pwm_bias': -1.8484414267055413, 'pwm_deadzone': 2.676356625014736, 'pwm_noise_sigma': 0.8561041056519483, 'actuator_tau': 0.00023958503924251305, 'action_delay_steps': 1, 'theta_bias': 0.0011413659077628947, 'alpha_bias': 0.005881659517771258, 'theta_sigma': 0.0010909694427727512, 'alpha_sigma': 0.008892870279002818, 'theta_dot_sigma': 0.07067380048498358, 'alpha_dot_sigma': 0.21589690097309774, 'encoder_quantization_rad': 0.0001542307653228076, 'velocity_lpf': 0.25, 'process_theta_dot_sigma': 0.0, 'process_alpha_dot_sigma': 0.0}"
4030000,4,randomization_0.50,0.5,"{'level': 0.5, 'physical': {'g': 9.912737289063855, 'c_theta': 0.038847004240793646, 'c_alpha': 0.0011033409853598165, 'k_t': 0.25906316668761914, 'k_b': 0.18799079403248276, 'k_u': 0.04379258174688222, 'R': 4.623919908066948, 'm1': 0.19191478265722947, 'm2': 0.16601059202116683, 'l1cg': 0.08546080345389012, 'l1': 0.1561469705290151, 'l2cg': 0.07230640942811631, 'I1z': 0.00039692039869134495, 'I2x': 0.00040516755418512596, 'I2y': 2.7707925381535472e-05, 'I2z': 0.00039734412850197224}, 'init_theta_std_deg': 5.518839955472691, 'init_alpha_std_deg': 8.382785426686628, 'init_theta_dot_std': 0.3349624738961834, 'init_alpha_dot_std': 1.0179006613741128, 'pwm_limit': 150.87009492276417, 'pwm_gain': 1.0025706074512282, 'pwm_bias': 1.765098049541812, 'pwm_deadzone': 1.350017414360123, 'pwm_noise_sigma': 0.7372453947455361, 'actuator_tau': 0.010518801080901868, 'action_delay_steps': 0, 'theta_bias': -0.004247800232967949, 'alpha_bias': -0.0024890522730126896, 'theta_sigma': 0.0018308113834483478, 'alpha_sigma': 0.005791074761637961, 'theta_dot_sigma': 0.055604091332696476, 'alpha_dot_sigma': 0.2664898138005105, 'encoder_quantization_rad': 0.0006724176003915267, 'velocity_lpf': 0.25, 'process_theta_dot_sigma': 0.0, 'process_alpha_dot_sigma': 0.0}"
4032000,4,randomization_0.50,0.5,"{'level': 0.5, 'physical': {'g': 9.84422792110592, 'c_theta': 0.024334642003670016, 'c_alpha': 0.0018403390289814566, 'k_t': 0.23167681995233316, 'k_b': 0.17345081990340816, 'k_u': 0.047836930470922245, 'R': 4.246644944265451, 'm1': 0.22229899618313603, 'm2': 0.15837492742830958, 'l1cg': 0.08017756611919599, 'l1': 0.15116730755137867, 'l2cg': 0.05843749546432847, 'I1z': 0.0005907542647796845, 'I2x': 0.000371373481078572, 'I2y': 2.6864475284946977e-05, 'I2z': 0.00048741754783006313}, 'init_theta_std_deg': 6.171565973762073, 'init_alpha_std_deg': 10.195429872620393, 'init_theta_dot_std': 0.28751289483264997, 'init_alpha_dot_std': 0.8344068040877524, 'pwm_limit': 136.10288443260097, 'pwm_gain': 1.0284541903512336, 'pwm_bias': -1.9558513507840232, 'pwm_deadzone': 2.2106332283773824, 'pwm_noise_sigma': 0.9526756776506543, 'actuator_tau': 0.004148145759583454, 'action_delay_steps': 1, 'theta_bias': 0.0006668719374622257, 'alpha_bias': -0.004637970730457214, 'theta_sigma': 0.00048777099183018835, 'alpha_sigma': 0.003926407696710556, 'theta_dot_sigma': 0.11329588598251543, 'alpha_dot_sigma': 0.19202493341429477, 'encoder_quantization_rad': 0.000116526283844543, 'velocity_lpf': 0.2479870742437153, 'process_theta_dot_sigma': 0.0, 'process_alpha_dot_sigma': 0.0}"
4034000,4,randomization_0.50,0.5,"{'level': 0.5, 'physical': {'g': 9.955408582144326, 'c_theta': 0.022342338309958767, 'c_alpha': 0.002128306515932203, 'k_t': 0.24046749087452168, 'k_b': 0.19287922204805896, 'k_u': 0.04441469193637454, 'R': 4.1197884624636885, 'm1': 0.18186284572284755, 'm2': 0.15608664418253163, 'l1cg': 0.08545781964288947, 'l1': 0.14567983366349924, 'l2cg': 0.06908824291120684, 'I1z': 0.0006589513867041587, 'I2x': 0.00038368023902112815, 'I2y': 2.7877393199484092e-05, 'I2z': 0.00031094693321663004}, 'init_theta_std_deg': 7.02508276103411, 'init_alpha_std_deg': 8.203565555733853, 'init_theta_dot_std': 0.6735413432341362, 'init_alpha_dot_std': 0.15579757194759014, 'pwm_limit': 135.12291891136982, 'pwm_gain': 0.9629191471654253, 'pwm_bias': -0.3339181766494641, 'pwm_deadzone': 3.4193863103733153, 'pwm_noise_sigma': 0.6795183932465572, 'actuator_tau': 0.005481116037299055, 'action_delay_steps': 1, 'theta_bias': 0.004755426796540139, 'alpha_bias': -0.0026943836976847466, 'theta_sigma': 0.0009545290818387962, 'alpha_sigma': 0.009474122920467268, 'theta_dot_sigma': 0.11302063953297314, 'alpha_dot_sigma': 0.24035851700787433, 'encoder_quantization_rad': 0.0004913170595897916, 'velocity_lpf': 0.22839273233207902, 'process_theta_dot_sigma': 0.0, 'process_alpha_dot_sigma': 0.0}"
4036000,4,randomization_0.50,0.5,"{'level': 0.5, 'physical': {'g': 9.969328569107427, 'c_theta': 0.030198378958731932, 'c_alpha': 0.0022949782829743753, 'k_t': 0.24716507226136303, 'k_b': 0.18957263742327643, 'k_u': 0.050011282962132114, 'R': 4.279651401266555, 'm1': 0.22890446057247102, 'm2': 0.15427190499389665, 'l1cg': 0.08492266825179179, 'l1': 0.1525747919665378, 'l2cg': 0.07407913898909295, 'I1z': 0.0005439353757600978, 'I2x': 0.0003371644726863534, 'I2y': 2.4419918403486596e-05, 'I2z': 0.0004323450981013635}, 'init_theta_std_deg': 6.3809544242491185, 'init_alpha_std_deg': 8.945617116756134, 'init_theta_dot_std': 0.12534894198941388, 'init_alpha_dot_std': 0.7476893274482971, 'pwm_limit': 151.64609517760215, 'pwm_gain': 1.025617645988551, 'pwm_bias': 0.26358456238987094, 'pwm_deadzone': 1.3246970753561704, 'pwm_noise_sigma': 0.675069648225956, 'actuator_tau': 0.0025008838821821465, 'action_delay_steps': 1, 'theta_bias': -0.0011995202971293074, 'alpha_bias': -0.005584259262352033, 'theta_sigma': 0.0006292104491414611, 'alpha_sigma': 0.003996276964729769, 'theta_dot_sigma': 0.0020932317003685944, 'alpha_dot_sigma': 0.0784267173784991, 'encoder_quantization_rad': 0.0005032138256643107, 'velocity_lpf': 0.25, 'process_theta_dot_sigma': 0.0, 'process_alpha_dot_sigma': 0.0}"
4038000,4,randomization_0.50,0.5,"{'level': 0.5, 'physical': {'g': 10.039694308797587, 'c_theta': 0.018812207684389456, 'c_alpha': 0.002624031463471575, 'k_t': 0.22018433470584872, 'k_b': 0.17184567134980022, 'k_u': 0.0529303165097611, 'R': 4.356709892417271, 'm1': 0.2146621152477433, 'm2': 0.16704389042962217, 'l1cg': 0.08055921193793215, 'l1': 0.1585091309058953, 'l2cg': 0.06678858142818846, 'I1z': 0.0006435718842747986, 'I2x': 0.00036735519095888866, 'I2y': 3.1604172691132516e-05, 'I2z': 0.0004684036003386971}, 'init_theta_std_deg': 5.747911689403452, 'init_alpha_std_deg': 8.230533612268186, 'init_theta_dot_std': 0.7156806127363602, 'init_alpha_dot_std': 0.8447031357366669, 'pwm_limit': 139.13389533845228, 'pwm_gain': 1.0448008832289548, 'pwm_bias': 0.49969786532389904, 'pwm_deadzone': 3.772336118117601, 'pwm_noise_sigma': 0.011615349000841602, 'actuator_tau': 0.00026370492766517983, 'action_delay_steps': 0, 'theta_bias': -0.004807651560786766, 'alpha_bias': 0.0027208642303840356, 'theta_sigma': 0.002860827103740168, 'alpha_sigma': 0.004415271600260293, 'theta_dot_sigma': 0.1546377962737912, 'alpha_dot_sigma': 0.012132956308747033, 'encoder_quantization_rad': 0.0002513838987850835, 'velocity_lpf': 0.25, 'process_theta_dot_sigma': 0.0, 'process_alpha_dot_sigma': 0.0}"
4040000,4,randomization_0.50,0.5,"{'level': 0.5, 'physical': {'g': 9.947238406497345, 'c_theta': 0.04109550311883947, 'c_alpha': 0.0021082925792766695, 'k_t': 0.23546344856431653, 'k_b': 0.1771828681169808, 'k_u': 0.05107607448997099, 'R': 3.94029255789058, 'm1': 0.21337045009033853, 'm2': 0.1477911796375504, 'l1cg': 0.07810315258779281, 'l1': 0.1546741154868856, 'l2cg': 0.06123059758199761, 'I1z': 0.0005573547057806166, 'I2x': 0.000377453642710696, 'I2y': 2.3220687947676556e-05, 'I2z': 0.0003234440330618585}, 'init_theta_std_deg': 5.509292649947238, 'init_alpha_std_deg': 6.590565900585561, 'init_theta_dot_std': 0.09756913986541066, 'init_alpha_dot_std': 0.5236141371458508, 'pwm_limit': 139.34050010976372, 'pwm_gain': 0.9761011672278782, 'pwm_bias': -1.378517713631922, 'pwm_deadzone': 0.15732617737872212, 'pwm_noise_sigma': 0.8070436939114883, 'actuator_tau': 0.0033359147081226115, 'action_delay_steps': 1, 'theta_bias': 0.004327344061500414, 'alpha_bias': -0.0030548122876261226, 'theta_sigma': 0.0013623332409868174, 'alpha_sigma': 0.007596751683545061, 'theta_dot_sigma': 0.05463103301303991, 'alpha_dot_sigma': 0.15915386193693828, 'encoder_quantization_rad': 0.00035033223665421274, 'velocity_lpf': 0.25, 'process_theta_dot_sigma': 0.0, 'process_alpha_dot_sigma': 0.0}"
4042000,4,randomization_0.50,0.5,"{'level': 0.5, 'physical': {'g': 9.737257196362284, 'c_theta': 0.0495999028990645, 'c_alpha': 0.0022016401887582095, 'k_t': 0.2135699411982336, 'k_b': 0.20187354689238557, 'k_u': 0.04320446579928803, 'R': 4.400108956435599, 'm1': 0.21411421118708476, 'm2': 0.16453769717767502, 'l1cg': 0.08020675069411176, 'l1': 0.1558470528346364, 'l2cg': 0.07477810333000703, 'I1z': 0.000645555001565629, 'I2x': 0.0003745339021897332, 'I2y': 2.1450488448757593e-05, 'I2z': 0.00038835010099571925}, 'init_theta_std_deg': 5.109847775298667, 'init_alpha_std_deg': 9.530209998030356, 'init_theta_dot_std': 0.17894654405445903, 'init_alpha_dot_std': 1.139237637191624, 'pwm_limit': 139.96067345351224, 'pwm_gain': 0.9873863138014098, 'pwm_bias': -1.169956679314332, 'pwm_deadzone': 4.112893118079206, 'pwm_noise_sigma': 0.07142565295006065, 'actuator_tau': 0.010625078249507373, 'action_delay_steps': 1, 'theta_bias': -0.0019861030905371246, 'alpha_bias': 0.004043594565538007, 'theta_sigma': 0.0015108724854167707, 'alpha_sigma': 0.0033104772308558406, 'theta_dot_sigma': 0.14681047659384547, 'alpha_dot_sigma': 0.13157085725521078, 'encoder_quantization_rad': 0.0004797198016496195, 'velocity_lpf': 0.25, 'process_theta_dot_sigma': 0.0, 'process_alpha_dot_sigma': 0.0}"
4044000,4,randomization_0.50,0.5,"{'level': 0.5, 'physical': {'g': 9.886302334458604, 'c_theta': 0.02913525159943563, 'c_alpha': 0.0014585588113834541, 'k_t': 0.25230134450079855, 'k_b': 0.20106001755707845, 'k_u': 0.04652986043479116, 'R': 4.168299854821709, 'm1': 0.2182634040292158, 'm2': 0.16688694641742519, 'l1cg': 0.07874479471768042, 'l1': 0.15223251921810085, 'l2cg': 0.061481294744450216, 'I1z': 0.0004925344179829165, 'I2x': 0.000396622937165065, 'I2y': 3.0235391417173187e-05, 'I2z': 0.00032140469601226574}, 'init_theta_std_deg': 4.082409970233796, 'init_alpha_std_deg': 11.678348317063758, 'init_theta_dot_std': 0.6754781150784148, 'init_alpha_dot_std': 1.169786531128966, 'pwm_limit': 147.61443211087942, 'pwm_gain': 0.9991274517841553, 'pwm_bias': -0.05327349212235255, 'pwm_deadzone': 1.4336556536279348, 'pwm_noise_sigma': 0.010880053269650247, 'actuator_tau': 0.0003782984308180659, 'action_delay_steps': 1, 'theta_bias': 0.0006096916910850903, 'alpha_bias': -0.0009430776586348508, 'theta_sigma': 0.0014019679597226998, 'alpha_sigma': 0.00756710822457809, 'theta_dot_sigma': 0.015079530293275727, 'alpha_dot_sigma': 0.11310231109802459, 'encoder_quantization_rad': 0.00042554034683089985, 'velocity_lpf': 0.25, 'process_theta_dot_sigma': 0.0, 'process_alpha_dot_sigma': 0.0}"
4046000,4,randomization_0.50,0.5,"{'level': 0.5, 'physical': {'g': 9.869607234242622, 'c_theta': 0.031137048662422857, 'c_alpha': 0.0020959593612042845, 'k_t': 0.2560677809417023, 'k_b': 0.1868322676768282, 'k_u': 0.041135558982707016, 'R': 4.209066041902528, 'm1': 0.2088267589287796, 'm2': 0.14871457633906607, 'l1cg': 0.07981267089267811, 'l1': 0.1536498068355149, 'l2cg': 0.07093568486482063, 'I1z': 0.00039825946317602676, 'I2x': 0.0003574786033649459, 'I2y': 1.9346842783467716e-05, 'I2z': 0.00038836120402401805}, 'init_theta_std_deg': 4.874688081690332, 'init_alpha_std_deg': 8.15422424935424, 'init_theta_dot_std': 0.3664342662108928, 'init_alpha_dot_std': 0.8669438775263687, 'pwm_limit': 139.3790287679239, 'pwm_gain': 1.0092198646674715, 'pwm_bias': 0.8819776074305987, 'pwm_deadzone': 2.2071283439917853, 'pwm_noise_sigma': 0.32864806842905203, 'actuator_tau': 0.009807805969955995, 'action_delay_steps': 0, 'theta_bias': -0.0017148250708520275, 'alpha_bias': 0.004978745176258473, 'theta_sigma': 0.002277665389000323, 'alpha_sigma': 0.005290335437126004, 'theta_dot_sigma': 0.15506957738245972, 'alpha_dot_sigma': 0.056150955389690935, 'encoder_quantization_rad': 0.00022020920874795717, 'velocity_lpf': 0.25, 'process_theta_dot_sigma': 0.0, 'process_alpha_dot_sigma': 0.0}"
4048000,4,randomization_0.50,0.5,"{'level': 0.5, 'physical': {'g': 9.866999231463142, 'c_theta': 0.031317852933572345, 'c_alpha': 0.002018329654435038, 'k_t': 0.2523910437198529, 'k_b': 0.1653040125556844, 'k_u': 0.0415204511827011, 'R': 4.0140014311741075, 'm1': 0.18520345836457536, 'm2': 0.1543748185729743, 'l1cg': 0.07694424995834291, 'l1': 0.15862264951414093, 'l2cg': 0.05878329165206247, 'I1z': 0.0005247251583448332, 'I2x': 0.00036995355249621947, 'I2y': 3.307485993175486e-05, 'I2z': 0.0004290466296031078}, 'init_theta_std_deg': 4.086554109496893, 'init_alpha_std_deg': 10.698033221375177, 'init_theta_dot_std': 0.6745183676342426, 'init_alpha_dot_std': 0.6876788498571462, 'pwm_limit': 144.3963811202591, 'pwm_gain': 1.037183546392565, 'pwm_bias': -1.0727078388149245, 'pwm_deadzone': 2.50222838755818, 'pwm_noise_sigma': 0.17272703091612096, 'actuator_tau': 0.004102494031003501, 'action_delay_steps': 0, 'theta_bias': -0.004034414159022982, 'alpha_bias': 0.004761298612591468, 'theta_sigma': 8.299923765363548e-05, 'alpha_sigma': 0.003747884424700918, 'theta_dot_sigma': 0.16527642104817872, 'alpha_dot_sigma': 0.17096779667785664, 'encoder_quantization_rad': 0.0005018676867823078, 'velocity_lpf': 0.25, 'process_theta_dot_sigma': 0.0, 'process_alpha_dot_sigma': 0.0}"
4050000,4,randomization_0.50,0.5,"{'level': 0.5, 'physical': {'g': 9.768220342634327, 'c_theta': 0.05308292453601296, 'c_alpha': 0.001572765269388351, 'k_t': 0.2219670020912581, 'k_b': 0.18133237850750827, 'k_u': 0.05059353483875999, 'R': 4.70230221042804, 'm1': 0.21766004164309405, 'm2': 0.14791976650680827, 'l1cg': 0.0795486643808875, 'l1': 0.15706552263202558, 'l2cg': 0.06110279913774117, 'I1z': 0.0006352078633344769, 'I2x': 0.0003877174494863799, 'I2y': 2.3685769373684114e-05, 'I2z': 0.00048589025495382514}, 'init_theta_std_deg': 5.460168022421316, 'init_alpha_std_deg': 10.625718745897107, 'init_theta_dot_std': 0.009282024689952206, 'init_alpha_dot_std': 0.517693990025872, 'pwm_limit': 135.01787543029596, 'pwm_gain': 0.9513440774634279, 'pwm_bias': 1.6869591548364609, 'pwm_deadzone': 2.126170933064045, 'pwm_noise_sigma': 0.8740936253662324, 'actuator_tau': 0.00779619531591975, 'action_delay_steps': 0, 'theta_bias': 0.0026672513215729486, 'alpha_bias': -0.002390590124390974, 'theta_sigma': 0.001973606937046425, 'alpha_sigma': 0.004963170106157893, 'theta_dot_sigma': 0.015905795728515918, 'alpha_dot_sigma': 0.1555640368447782, 'encoder_quantization_rad': 0.00022757106193715759, 'velocity_lpf': 0.25, 'process_theta_dot_sigma': 0.0, 'process_alpha_dot_sigma': 0.0}"
4052000,4,randomization_0.50,0.5,"{'level': 0.5, 'physical': {'g': 9.939237858836991, 'c_theta': 0.0508982304381691, 'c_alpha': 0.0008381548197274563, 'k_t': 0.2265195350507943, 'k_b': 0.1918482292189348, 'k_u': 0.040096460789283916, 'R': 4.731348353288373, 'm1': 0.20554917714746013, 'm2': 0.1688771673253864, 'l1cg': 0.08547567601184906, 'l1': 0.1459313198939872, 'l2cg': 0.07478452040847314, 'I1z': 0.0003966576896070555, 'I2x': 0.0003631981403540173, 'I2y': 3.280517529621935e-05, 'I2z': 0.0004807479829473482}, 'init_theta_std_deg': 5.968972722749136, 'init_alpha_std_deg': 9.206526160722799, 'init_theta_dot_std': 0.0874124882903333, 'init_alpha_dot_std': 0.12590249649669177, 'pwm_limit': 144.03500629388932, 'pwm_gain': 1.0397778223563934, 'pwm_bias': -1.8899144803334917, 'pwm_deadzone': 1.5666651831069607, 'pwm_noise_sigma': 0.17021591675648007, 'actuator_tau': 0.01070005349137984, 'action_delay_steps': 1, 'theta_bias': 0.0001247300528957851, 'alpha_bias': -0.0015930239493709907, 'theta_sigma': 0.0014822576032290024, 'alpha_sigma': 0.00048109084601293927, 'theta_dot_sigma': 0.02886198269046029, 'alpha_dot_sigma': 0.06174078019837047, 'encoder_quantization_rad': 0.000498407703950311, 'velocity_lpf': 0.25, 'process_theta_dot_sigma': 0.0, 'process_alpha_dot_sigma': 0.0}"
4054000,4,randomization_0.50,0.5,"{'level': 0.5, 'physical': {'g': 9.6368746906113, 'c_theta': 0.02881861963268187, 'c_alpha': 0.002085004558700746, 'k_t': 0.21170873170660023, 'k_b': 0.19919536389670636, 'k_u': 0.05345404434607037, 'R': 4.318879883934837, 'm1': 0.1866040863457262, 'm2': 0.14868399655099032, 'l1cg': 0.07785500068879861, 'l1': 0.14826993201307812, 'l2cg': 0.06752381926038324, 'I1z': 0.0006078844970036619, 'I2x': 0.00033608418580911875, 'I2y': 2.6224043496327784e-05, 'I2z': 0.0003424121042283601}, 'init_theta_std_deg': 3.906586795785604, 'init_alpha_std_deg': 11.454552403420799, 'init_theta_dot_std': 0.5965681304932032, 'init_alpha_dot_std': 0.429967990030487, 'pwm_limit': 137.3360122109544, 'pwm_gain': 0.9639197337322829, 'pwm_bias': -1.2046269760786315, 'pwm_deadzone': 0.4921980251961039, 'pwm_noise_sigma': 0.040219799293314096, 'actuator_tau': 0.002334483532644617, 'action_delay_steps': 0, 'theta_bias': -0.0036141792198097155, 'alpha_bias': -0.0013314809847824322, 'theta_sigma': 8.588773976675123e-05, 'alpha_sigma': 0.0017089393935478625, 'theta_dot_sigma': 0.0381139243019833, 'alpha_dot_sigma': 0.05952657685718107, 'encoder_quantization_rad': 0.0006626735497672955, 'velocity_lpf': 0.24699693167502224, 'process_theta_dot_sigma': 0.0, 'process_alpha_dot_sigma': 0.0}"
4056000,4,randomization_0.50,0.5,"{'level': 0.5, 'physical': {'g': 9.701803368846225, 'c_theta': 0.0557990801191028, 'c_alpha': 0.001539055378917668, 'k_t': 0.25257497552598196, 'k_b': 0.20866957889420215, 'k_u': 0.05355736116373986, 'R': 4.678422711972996, 'm1': 0.1984682510940011, 'm2': 0.16527759311242768, 'l1cg': 0.07836084035386483, 'l1': 0.14656760622910858, 'l2cg': 0.061526718090617036, 'I1z': 0.0004304261361012171, 'I2x': 0.00033350870683462126, 'I2y': 2.6860035544148266e-05, 'I2z': 0.0003935216152054261}, 'init_theta_std_deg': 4.5062667098376465, 'init_alpha_std_deg': 10.028162430135481, 'init_theta_dot_std': 0.4102032342815295, 'init_alpha_dot_std': 0.892379245706231, 'pwm_limit': 142.78257433476446, 'pwm_gain': 0.9654104555330705, 'pwm_bias': 1.2648646063120075, 'pwm_deadzone': 1.1183862293962004, 'pwm_noise_sigma': 0.5625075970605213, 'actuator_tau': 0.0009666785094677727, 'action_delay_steps': 0, 'theta_bias': 0.0036498550835022125, 'alpha_bias': -0.00035462144329433576, 'theta_sigma': 0.0012798564735592196, 'alpha_sigma': 0.00740241798203506, 'theta_dot_sigma': 0.05513207573567561, 'alpha_dot_sigma': 0.29888040312940595, 'encoder_quantization_rad': 0.0006680256995305236, 'velocity_lpf': 0.2701102717395275, 'process_theta_dot_sigma': 0.0, 'process_alpha_dot_sigma': 0.0}"
4058000,4,randomization_0.50,0.5,"{'level': 0.5, 'physical': {'g': 9.603190183864971, 'c_theta': 0.021583032464619192, 'c_alpha': 0.002325661498552798, 'k_t': 0.22510342312462234, 'k_b': 0.1946474832284678, 'k_u': 0.04631373220152836, 'R': 4.679208480399901, 'm1': 0.2138222636621847, 'm2': 0.1588679630071008, 'l1cg': 0.082557726901788, 'l1': 0.15411670868924524, 'l2cg': 0.06329197643416182, 'I1z': 0.0005190043062418617, 'I2x': 0.00040328091742431734, 'I2y': 2.828374068921212e-05, 'I2z': 0.00032314112676539483}, 'init_theta_std_deg': 5.649911696939848, 'init_alpha_std_deg': 6.564319917545221, 'init_theta_dot_std': 0.07277745142946723, 'init_alpha_dot_std': 0.08305621477838948, 'pwm_limit': 136.3270316967261, 'pwm_gain': 1.036555470816521, 'pwm_bias': -0.8674976565080299, 'pwm_deadzone': 1.750034472759986, 'pwm_noise_sigma': 0.7425450154066285, 'actuator_tau': 0.0040046738056107685, 'action_delay_steps': 1, 'theta_bias': 0.0016707205164065164, 'alpha_bias': 0.002876759801389312, 'theta_sigma': 0.001576085499860962, 'alpha_sigma': 0.003685044264236547, 'theta_dot_sigma': 0.04020205838973747, 'alpha_dot_sigma': 0.26276791739632466, 'encoder_quantization_rad': 0.0005083239067004536, 'velocity_lpf': 0.25, 'process_theta_dot_sigma': 0.0, 'process_alpha_dot_sigma': 0.0}"
4060000,4,randomization_0.50,0.5,"{'level': 0.5, 'physical': {'g': 9.869799376325698, 'c_theta': 0.04237310069661444, 'c_alpha': 0.0019497354462358527, 'k_t': 0.23007005714002557, 'k_b': 0.21079671983856438, 'k_u': 0.047886349642063064, 'R': 4.0712171405625295, 'm1': 0.2276312430902719, 'm2': 0.15301811346301716, 'l1cg': 0.08245107932467133, 'l1': 0.15057858096383933, 'l2cg': 0.062228846646657954, 'I1z': 0.000505532018252453, 'I2x': 0.0003903990691274243, 'I2y': 2.898456899027624e-05, 'I2z': 0.00031851442990379425}, 'init_theta_std_deg': 7.2258571051152645, 'init_alpha_std_deg': 11.74218915667721, 'init_theta_dot_std': 0.19255709800496149, 'init_alpha_dot_std': 1.0380622256011862, 'pwm_limit': 140.7200538980021, 'pwm_gain': 1.0345370078088538, 'pwm_bias': -0.6613442153141311, 'pwm_deadzone': 1.0495769617470803, 'pwm_noise_sigma': 0.5610579702695205, 'actuator_tau': 0.004955035955839473, 'action_delay_steps': 1, 'theta_bias': 0.002840381175141472, 'alpha_bias': -0.00040705651730464746, 'theta_sigma': 0.0009254351104844162, 'alpha_sigma': 0.009638485894248582, 'theta_dot_sigma': 0.0940306372163932, 'alpha_dot_sigma': 0.024788747897423778, 'encoder_quantization_rad': 0.00039722223790914494, 'velocity_lpf': 0.25, 'process_theta_dot_sigma': 0.0, 'process_alpha_dot_sigma': 0.0}"
4062000,4,randomization_0.50,0.5,"{'level': 0.5, 'physical': {'g': 9.659915995669213, 'c_theta': 0.055257378219908365, 'c_alpha': 0.0018811654878283675, 'k_t': 0.20338305788475933, 'k_b': 0.20842364283526044, 'k_u': 0.04016638641567592, 'R': 4.209448326864769, 'm1': 0.21827176187809272, 'm2': 0.15820431172798202, 'l1cg': 0.08358106242504694, 'l1': 0.15744316877931605, 'l2cg': 0.05934494739059717, 'I1z': 0.0003816485897298185, 'I2x': 0.0003493706451444729, 'I2y': 2.4505383336946445e-05, 'I2z': 0.0003170657883269524}, 'init_theta_std_deg': 3.559607294326033, 'init_alpha_std_deg': 9.89867037274136, 'init_theta_dot_std': 0.2109870790225043, 'init_alpha_dot_std': 0.9461718116704233, 'pwm_limit': 145.1065181323857, 'pwm_gain': 0.9657947243370262, 'pwm_bias': -0.5110316567256592, 'pwm_deadzone': 2.4363285000753407, 'pwm_noise_sigma': 0.8101921355686649, 'actuator_tau': 0.0018191302411922172, 'action_delay_steps': 0, 'theta_bias': 0.003538012745629986, 'alpha_bias': -0.0007097859162766769, 'theta_sigma': 0.001072588974383162, 'alpha_sigma': 0.0071389293902691985, 'theta_dot_sigma': 0.08425178535086113, 'alpha_dot_sigma': 0.13061952937320734, 'encoder_quantization_rad': 1.0724235553988742e-05, 'velocity_lpf': 0.25, 'process_theta_dot_sigma': 0.0, 'process_alpha_dot_sigma': 0.0}"
4064000,4,randomization_0.50,0.5,"{'level': 0.5, 'physical': {'g': 9.927948363883386, 'c_theta': 0.050543104979360244, 'c_alpha': 0.0016684190673578617, 'k_t': 0.21613781043842897, 'k_b': 0.2037342425595815, 'k_u': 0.05254853057785296, 'R': 4.151778485247868, 'm1': 0.2036964931939265, 'm2': 0.1513049848101425, 'l1cg': 0.0801089902627056, 'l1': 0.1479242251699433, 'l2cg': 0.06799531481248229, 'I1z': 0.0004790904539896256, 'I2x': 0.00038238266636304917, 'I2y': 1.9594919115078834e-05, 'I2z': 0.00036897411771602084}, 'init_theta_std_deg': 4.862606430529274, 'init_alpha_std_deg': 8.56901754156162, 'init_theta_dot_std': 0.012150463019589164, 'init_alpha_dot_std': 0.9911886820987124, 'pwm_limit': 149.52656776040746, 'pwm_gain': 0.9550870371587094, 'pwm_bias': -1.7889803345771043, 'pwm_deadzone': 1.4161801125117828, 'pwm_noise_sigma': 0.05367035508367335, 'actuator_tau': 0.00837579581507334, 'action_delay_steps': 0, 'theta_bias': -0.0004906773406125342, 'alpha_bias': 0.0013816904803754212, 'theta_sigma': 0.000530857262430353, 'alpha_sigma': 0.008275209652488045, 'theta_dot_sigma': 0.14375189931869253, 'alpha_dot_sigma': 0.25051121160972784, 'encoder_quantization_rad': 0.0006399339708862315, 'velocity_lpf': 0.25, 'process_theta_dot_sigma': 0.0, 'process_alpha_dot_sigma': 0.0}"
4066000,4,randomization_0.50,0.5,"{'level': 0.5, 'physical': {'g': 10.01905741663979, 'c_theta': 0.023872945858098592, 'c_alpha': 0.0017066757963437361, 'k_t': 0.23534723941358823, 'k_b': 0.20878983524607303, 'k_u': 0.04254369914313341, 'R': 4.620607991945357, 'm1': 0.20756595180312068, 'm2': 0.15743733504195764, 'l1cg': 0.08487542607081897, 'l1': 0.153356875742455, 'l2cg': 0.058902526600750946, 'I1z': 0.0004325179559812514, 'I2x': 0.00039842789616365286, 'I2y': 2.348027478719323e-05, 'I2z': 0.0003458193496220303}, 'init_theta_std_deg': 6.6637629229235875, 'init_alpha_std_deg': 6.409356617022426, 'init_theta_dot_std': 0.47006096402569963, 'init_alpha_dot_std': 0.872592515326865, 'pwm_limit': 144.3053135018301, 'pwm_gain': 0.9556438960839385, 'pwm_bias': -0.41359829241596247, 'pwm_deadzone': 0.7120096523480662, 'pwm_noise_sigma': 0.2887583471624583, 'actuator_tau': 0.007087591270340063, 'action_delay_steps': 1, 'theta_bias': -0.0019232936935561706, 'alpha_bias': 0.00045305080945904085, 'theta_sigma': 0.001409165121866935, 'alpha_sigma': 0.007526791206028326, 'theta_dot_sigma': 0.018945898258374533, 'alpha_dot_sigma': 0.2360740609753793, 'encoder_quantization_rad': 0.00010850430483132903, 'velocity_lpf': 0.25, 'process_theta_dot_sigma': 0.0, 'process_alpha_dot_sigma': 0.0}"
4068000,4,randomization_0.50,0.5,"{'level': 0.5, 'physical': {'g': 9.948636542390858, 'c_theta': 0.024906512523167446, 'c_alpha': 0.0017067094051766239, 'k_t': 0.25130627442282055, 'k_b': 0.1722189596630568, 'k_u': 0.049525449504486445, 'R': 4.0724222150020175, 'm1': 0.20940228860367885, 'm2': 0.1675468426991152, 'l1cg': 0.085569499875857, 'l1': 0.15457167304333014, 'l2cg': 0.07068759478831721, 'I1z': 0.0004876952730594681, 'I2x': 0.00034370416170295296, 'I2y': 2.5629885287938512e-05, 'I2z': 0.0003346566324144578}, 'init_theta_std_deg': 6.487848360980168, 'init_alpha_std_deg': 8.155611854865178, 'init_theta_dot_std': 0.7062074364673159, 'init_alpha_dot_std': 0.12709665896595918, 'pwm_limit': 149.2355059913397, 'pwm_gain': 0.9791830683588154, 'pwm_bias': -0.29589407477693097, 'pwm_deadzone': 0.005310599720157461, 'pwm_noise_sigma': 0.40689896961638417, 'actuator_tau': 0.002104474582936529, 'action_delay_steps': 0, 'theta_bias': 0.004919438540702363, 'alpha_bias': 0.0010012637919208421, 'theta_sigma': 0.0002427364685886172, 'alpha_sigma': 0.00983972318828124, 'theta_dot_sigma': 0.10723420949495788, 'alpha_dot_sigma': 0.2417141045327108, 'encoder_quantization_rad': 0.00038288979150171386, 'velocity_lpf': 0.25, 'process_theta_dot_sigma': 0.0, 'process_alpha_dot_sigma': 0.0}"
4070000,4,randomization_0.50,0.5,"{'level': 0.5, 'physical': {'g': 9.942310443986559, 'c_theta': 0.015777725917926384, 'c_alpha': 0.0012757772260059434, 'k_t': 0.22880584332249515, 'k_b': 0.18394078670317415, 'k_u': 0.04746873816204099, 'R': 4.683960125503936, 'm1': 0.20050454038759993, 'm2': 0.16188438982130318, 'l1cg': 0.0859942098331608, 'l1': 0.15244586364410484, 'l2cg': 0.06259068549533105, 'I1z': 0.0005912013446214367, 'I2x': 0.00034095098403966526, 'I2y': 2.4128085122930806e-05, 'I2z': 0.000403412702056768}, 'init_theta_std_deg': 3.6314978177873805, 'init_alpha_std_deg': 10.780575998080387, 'init_theta_dot_std': 0.5411253611796255, 'init_alpha_dot_std': 0.9715870420870943, 'pwm_limit': 138.69126831554385, 'pwm_gain': 1.0128236718192734, 'pwm_bias': -0.9517593875936798, 'pwm_deadzone': 2.4534876700348685, 'pwm_noise_sigma': 0.09206241911068791, 'actuator_tau': 0.004287163101149663, 'action_delay_steps': 1, 'theta_bias': -0.001151927351750941, 'alpha_bias': 0.005203753704294837, 'theta_sigma': 0.002197432125184241, 'alpha_sigma': 0.009474636364120919, 'theta_dot_sigma': 0.11863789885921266, 'alpha_dot_sigma': 0.17492785627538307, 'encoder_quantization_rad': 0.00011809641608764734, 'velocity_lpf': 0.27002450134165096, 'process_theta_dot_sigma': 0.0, 'process_alpha_dot_sigma': 0.0}"
4072000,4,randomization_0.50,0.5,"{'level': 0.5, 'physical': {'g': 9.823274109465943, 'c_theta': 0.05392738128559349, 'c_alpha': 0.0006722597622107476, 'k_t': 0.20298209830358369, 'k_b': 0.19032983207455217, 'k_u': 0.042654923432661425, 'R': 4.792851555678399, 'm1': 0.21701137741130802, 'm2': 0.16839963916882175, 'l1cg': 0.07699053106359333, 'l1': 0.15558614012882177, 'l2cg': 0.0730890600969552, 'I1z': 0.0003990177809754122, 'I2x': 0.00034344005160190177, 'I2y': 2.076518444687002e-05, 'I2z': 0.00043838810353634156}, 'init_theta_std_deg': 5.061720145250966, 'init_alpha_std_deg': 7.634970808582695, 'init_theta_dot_std': 0.3479330340554807, 'init_alpha_dot_std': 1.1189066089833841, 'pwm_limit': 143.40157124103558, 'pwm_gain': 1.0440831416158296, 'pwm_bias': 1.2778536885887903, 'pwm_deadzone': 2.119907577243775, 'pwm_noise_sigma': 0.44446186073579597, 'actuator_tau': 0.008102729535333282, 'action_delay_steps': 0, 'theta_bias': -0.0017482962266816705, 'alpha_bias': -0.0016174882477961031, 'theta_sigma': 0.002043161006283619, 'alpha_sigma': 0.005169210298889642, 'theta_dot_sigma': 0.03471392557245472, 'alpha_dot_sigma': 0.11881726677890768, 'encoder_quantization_rad': 0.00039176564978406057, 'velocity_lpf': 0.25, 'process_theta_dot_sigma': 0.0, 'process_alpha_dot_sigma': 0.0}"
4074000,4,randomization_0.50,0.5,"{'level': 0.5, 'physical': {'g': 9.783274722649548, 'c_theta': 0.05601760614670104, 'c_alpha': 0.0007709423609173006, 'k_t': 0.23691800533425167, 'k_b': 0.18613660838226284, 'k_u': 0.0419373264900802, 'R': 4.437995296063719, 'm1': 0.18439657299969284, 'm2': 0.15861989246907507, 'l1cg': 0.08468253880267895, 'l1': 0.14586038988546887, 'l2cg': 0.060421980200310574, 'I1z': 0.0004396490682025991, 'I2x': 0.000386002955969994, 'I2y': 2.582752862092922e-05, 'I2z': 0.000357359627740316}, 'init_theta_std_deg': 3.991354833725513, 'init_alpha_std_deg': 10.86966819852572, 'init_theta_dot_std': 0.22560975004692405, 'init_alpha_dot_std': 0.07418242564116925, 'pwm_limit': 136.49835586746096, 'pwm_gain': 0.9753621389618523, 'pwm_bias': -1.5786642579794372, 'pwm_deadzone': 4.561343706185182, 'pwm_noise_sigma': 0.17499821753897649, 'actuator_tau': 0.006270702660260803, 'action_delay_steps': 0, 'theta_bias': -0.0048270916934152405, 'alpha_bias': -0.004487594907981528, 'theta_sigma': 0.0026998117551871085, 'alpha_sigma': 0.0011376066179538203, 'theta_dot_sigma': 0.015593676215701228, 'alpha_dot_sigma': 0.10672283531140503, 'encoder_quantization_rad': 0.0007177106488513718, 'velocity_lpf': 0.25, 'process_theta_dot_sigma': 0.0, 'process_alpha_dot_sigma': 0.0}"
4076000,4,randomization_0.50,0.5,"{'level': 0.5, 'physical': {'g': 9.605970063620788, 'c_theta': 0.0471888778446014, 'c_alpha': 0.0022792648651653747, 'k_t': 0.20978025553341328, 'k_b': 0.1777735958828085, 'k_u': 0.05343200496856368, 'R': 4.77967873003007, 'm1': 0.22927706824977423, 'm2': 0.1515244295107562, 'l1cg': 0.07698859501147601, 'l1': 0.1506186167548115, 'l2cg': 0.06473617967024686, 'I1z': 0.0006262874083364106, 'I2x': 0.0003328759495051275, 'I2y': 2.2108432751138922e-05, 'I2z': 0.00032026961548942134}, 'init_theta_std_deg': 7.112542121993183, 'init_alpha_std_deg': 10.990036979955239, 'init_theta_dot_std': 0.0979373802505615, 'init_alpha_dot_std': 0.7233928471797869, 'pwm_limit': 139.84540285840288, 'pwm_gain': 1.0240833711569455, 'pwm_bias': -1.1169113727650801, 'pwm_deadzone': 1.1094435284043453, 'pwm_noise_sigma': 0.5061955412196169, 'actuator_tau': 0.014059206848050409, 'action_delay_steps': 1, 'theta_bias': 0.0033058783664033087, 'alpha_bias': 0.005631858111057162, 'theta_sigma': 0.0025524672372069907, 'alpha_sigma': 0.006965661154633215, 'theta_dot_sigma': 0.08901873357018447, 'alpha_dot_sigma': 0.2793343042636312, 'encoder_quantization_rad': 0.00035844641949435484, 'velocity_lpf': 0.25, 'process_theta_dot_sigma': 0.0, 'process_alpha_dot_sigma': 0.0}"
4078000,4,randomization_0.50,0.5,"{'level': 0.5, 'physical': {'g': 10.011532731240914, 'c_theta': 0.019262386785817265, 'c_alpha': 0.0011633313532611906, 'k_t': 0.20860302046866497, 'k_b': 0.1863244050068879, 'k_u': 0.046668584584007716, 'R': 4.714711755864887, 'm1': 0.1946438328038832, 'm2': 0.1481950130366575, 'l1cg': 0.08469753325358076, 'l1': 0.15359803799592006, 'l2cg': 0.07130980836998801, 'I1z': 0.00045158181027483475, 'I2x': 0.0003719219287761656, 'I2y': 2.7955972096084522e-05, 'I2z': 0.0004092874408690382}, 'init_theta_std_deg': 3.810893733252251, 'init_alpha_std_deg': 7.006204040017018, 'init_theta_dot_std': 0.27977154092711853, 'init_alpha_dot_std': 0.4342726063083638, 'pwm_limit': 148.54787629393812, 'pwm_gain': 1.0364307654998421, 'pwm_bias': -0.5002441418896528, 'pwm_deadzone': 2.361127829576126, 'pwm_noise_sigma': 0.6779043412179552, 'actuator_tau': 0.004505176453861288, 'action_delay_steps': 0, 'theta_bias': -0.00400369060894684, 'alpha_bias': 0.0029839512142468684, 'theta_sigma': 0.002509937690212316, 'alpha_sigma': 0.007293444147403691, 'theta_dot_sigma': 0.13636230939386595, 'alpha_dot_sigma': 0.12790014090117888, 'encoder_quantization_rad': 0.0006386434875672286, 'velocity_lpf': 0.25, 'process_theta_dot_sigma': 0.0, 'process_alpha_dot_sigma': 0.0}"
4080000,4,randomization_0.50,0.5,"{'level': 0.5, 'physical': {'g': 9.899101105284576, 'c_theta': 0.024599655282233936, 'c_alpha': 0.002470560617813874, 'k_t': 0.21090534596683405, 'k_b': 0.18244761783878913, 'k_u': 0.0428889655635119, 'R': 3.908362165156525, 'm1': 0.22796148401768074, 'm2': 0.15852122186751608, 'l1cg': 0.08327263192430492, 'l1': 0.14828080179014808, 'l2cg': 0.067573048194724, 'I1z': 0.0005792820865001313, 'I2x': 0.00038476958292088276, 'I2y': 2.1215949357752848e-05, 'I2z': 0.00039993857552745134}, 'init_theta_std_deg': 3.5468583722343916, 'init_alpha_std_deg': 6.616772655412551, 'init_theta_dot_std': 0.34665937740949726, 'init_alpha_dot_std': 0.54594380573515, 'pwm_limit': 143.1712329632108, 'pwm_gain': 1.0250271727194056, 'pwm_bias': -0.5152910462848395, 'pwm_deadzone': 4.641208716938062, 'pwm_noise_sigma': 0.3481714292709356, 'actuator_tau': 0.0018531201361966898, 'action_delay_steps': 1, 'theta_bias': 0.0034322995799245404, 'alpha_bias': -0.004586693981387591, 'theta_sigma': 0.002843865047432046, 'alpha_sigma': 0.0032827711663531334, 'theta_dot_sigma': 0.11806717309008595, 'alpha_dot_sigma': 0.29267403566233813, 'encoder_quantization_rad': 0.0006249101625025596, 'velocity_lpf': 0.25, 'process_theta_dot_sigma': 0.0, 'process_alpha_dot_sigma': 0.0}"
4082000,4,randomization_0.50,0.5,"{'level': 0.5, 'physical': {'g': 9.98809633425428, 'c_theta': 0.04028737523324639, 'c_alpha': 0.002200939630306759, 'k_t': 0.23872517436490745, 'k_b': 0.17680828843897686, 'k_u': 0.04526772380107258, 'R': 3.9516536099237625, 'm1': 0.20349020051485756, 'm2': 0.14742760430285878, 'l1cg': 0.0789199248725912, 'l1': 0.14613515759843174, 'l2cg': 0.06615636992304644, 'I1z': 0.0003992560180959051, 'I2x': 0.0003819310979404456, 'I2y': 2.6727740530202704e-05, 'I2z': 0.0004195184168854654}, 'init_theta_std_deg': 6.859596639278212, 'init_alpha_std_deg': 8.99453686098278, 'init_theta_dot_std': 0.30999799000266026, 'init_alpha_dot_std': 0.41952659291249816, 'pwm_limit': 143.14117049592187, 'pwm_gain': 1.0074156254013753, 'pwm_bias': -0.8558848909060695, 'pwm_deadzone': 2.5684616105407705, 'pwm_noise_sigma': 0.4183284432676998, 'actuator_tau': 0.004898299614729318, 'action_delay_steps': 1, 'theta_bias': 0.002978735519223739, 'alpha_bias': -0.004807699547685426, 'theta_sigma': 0.0017867733801440033, 'alpha_sigma': 0.008197639854909376, 'theta_dot_sigma': 0.11127509078457519, 'alpha_dot_sigma': 0.14203771281751137, 'encoder_quantization_rad': 0.0006080562270599281, 'velocity_lpf': 0.25, 'process_theta_dot_sigma': 0.0, 'process_alpha_dot_sigma': 0.0}"
4084000,4,randomization_0.50,0.5,"{'level': 0.5, 'physical': {'g': 9.817634082828866, 'c_theta': 0.028660475169121114, 'c_alpha': 0.001799342193814581, 'k_t': 0.23114331957262746, 'k_b': 0.16424630062222118, 'k_u': 0.04914687741988698, 'R': 4.613478161062194, 'm1': 0.2281099703850691, 'm2': 0.16466820083683587, 'l1cg': 0.08052786083785424, 'l1': 0.15255519859318134, 'l2cg': 0.0588482676367219, 'I1z': 0.0005254762656160231, 'I2x': 0.0003714330351786758, 'I2y': 2.28884336562642e-05, 'I2z': 0.000360124976659581}, 'init_theta_std_deg': 4.079819804614381, 'init_alpha_std_deg': 11.183794319806633, 'init_theta_dot_std': 0.3587998972862825, 'init_alpha_dot_std': 0.5494841165916333, 'pwm_limit': 135.28610608050002, 'pwm_gain': 1.0452446850213888, 'pwm_bias': 0.6353732487526771, 'pwm_deadzone': 4.7443330400202814, 'pwm_noise_sigma': 0.9255774364384111, 'actuator_tau': 0.003713655725580073, 'action_delay_steps': 0, 'theta_bias': -0.001986402453725058, 'alpha_bias': 0.005289693529453589, 'theta_sigma': 0.0011032902664330742, 'alpha_sigma': 0.006952422074000253, 'theta_dot_sigma': 0.06098156857827456, 'alpha_dot_sigma': 0.053262973360455046, 'encoder_quantization_rad': 0.0004010536434190232, 'velocity_lpf': 0.25, 'process_theta_dot_sigma': 0.0, 'process_alpha_dot_sigma': 0.0}"
4086000,4,randomization_0.50,0.5,"{'level': 0.5, 'physical': {'g': 9.927446024519496, 'c_theta': 0.0470351359645186, 'c_alpha': 0.0012911622566487038, 'k_t': 0.24669820681102295, 'k_b': 0.179078431944099, 'k_u': 0.04293909140410146, 'R': 4.358922894915973, 'm1': 0.18644331275306444, 'm2': 0.16948275530214288, 'l1cg': 0.0756511262578882, 'l1': 0.15481437322259395, 'l2cg': 0.05886816258363922, 'I1z': 0.0005350265075866256, 'I2x': 0.00038019660819812654, 'I2y': 2.1577461063964897e-05, 'I2z': 0.0003226361068940474}, 'init_theta_std_deg': 4.776036707878715, 'init_alpha_std_deg': 10.892178538006593, 'init_theta_dot_std': 0.7433841471484137, 'init_alpha_dot_std': 0.25964817866712203, 'pwm_limit': 138.18123801212653, 'pwm_gain': 0.9836404841407026, 'pwm_bias': 0.545079599181904, 'pwm_deadzone': 2.0376587510213446, 'pwm_noise_sigma': 0.24831129366576288, 'actuator_tau': 0.011208472577071126, 'action_delay_steps': 0, 'theta_bias': -0.003179668895437109, 'alpha_bias': -0.005999662675928695, 'theta_sigma': 0.0005734251428131812, 'alpha_sigma': 0.007669845977077509, 'theta_dot_sigma': 0.04701206674872907, 'alpha_dot_sigma': 0.05326830120395829, 'encoder_quantization_rad': 0.0005117068369367205, 'velocity_lpf': 0.25, 'process_theta_dot_sigma': 0.0, 'process_alpha_dot_sigma': 0.0}"
4088000,4,randomization_0.50,0.5,"{'level': 0.5, 'physical': {'g': 9.837582985719576, 'c_theta': 0.0286080187682066, 'c_alpha': 0.0010903576626180036, 'k_t': 0.21231903975611102, 'k_b': 0.1887346579165099, 'k_u': 0.05331792898576311, 'R': 4.084826591302463, 'm1': 0.2248895132760569, 'm2': 0.1508044309356572, 'l1cg': 0.07785700306776255, 'l1': 0.15070714381451303, 'l2cg': 0.06605994833849652, 'I1z': 0.0004559103180611306, 'I2x': 0.00036846789686341674, 'I2y': 2.3126585349800774e-05, 'I2z': 0.0004058696838808901}, 'init_theta_std_deg': 6.89270065189878, 'init_alpha_std_deg': 8.148588824472345, 'init_theta_dot_std': 0.26019107614293824, 'init_alpha_dot_std': 0.8276540721620634, 'pwm_limit': 138.22780168631047, 'pwm_gain': 0.9840419539279579, 'pwm_bias': -0.7627004748738617, 'pwm_deadzone': 0.042888371767506595, 'pwm_noise_sigma': 0.4113794976787215, 'actuator_tau': 0.0066083434772099174, 'action_delay_steps': 0, 'theta_bias': 0.000582300296968199, 'alpha_bias': 0.003937870180238281, 'theta_sigma': 0.0012330045072409114, 'alpha_sigma': 0.0037736289740191078, 'theta_dot_sigma': 0.02530485148649811, 'alpha_dot_sigma': 0.08101709506601608, 'encoder_quantization_rad': 0.0001811837737410249, 'velocity_lpf': 0.25, 'process_theta_dot_sigma': 0.0, 'process_alpha_dot_sigma': 0.0}"
4090000,4,randomization_0.50,0.5,"{'level': 0.5, 'physical': {'g': 9.946778440216004, 'c_theta': 0.03631522518542479, 'c_alpha': 0.001397298805455215, 'k_t': 0.2356333078289845, 'k_b': 0.1710312161002663, 'k_u': 0.04249759339998247, 'R': 4.574889231794993, 'm1': 0.22408251916889715, 'm2': 0.15294882502342436, 'l1cg': 0.08279937118200806, 'l1': 0.15516683284929184, 'l2cg': 0.061864349115292705, 'I1z': 0.0005555638250068512, 'I2x': 0.00036049172333474556, 'I2y': 2.092059723689133e-05, 'I2z': 0.00030221874925168303}, 'init_theta_std_deg': 5.955698564810765, 'init_alpha_std_deg': 8.677343426333058, 'init_theta_dot_std': 0.07943612139871886, 'init_alpha_dot_std': 0.2046218621810801, 'pwm_limit': 150.2659876824528, 'pwm_gain': 0.9543375594664307, 'pwm_bias': -1.349163096388224, 'pwm_deadzone': 0.6670481957943836, 'pwm_noise_sigma': 0.9311984435391234, 'actuator_tau': 0.014171511471110898, 'action_delay_steps': 1, 'theta_bias': 0.0029416282917562944, 'alpha_bias': 0.002547149124145907, 'theta_sigma': 0.0008043411540874226, 'alpha_sigma': 0.0026094128183153675, 'theta_dot_sigma': 0.09808761407168091, 'alpha_dot_sigma': 0.292082011350389, 'encoder_quantization_rad': 0.0005701721702565551, 'velocity_lpf': 0.25, 'process_theta_dot_sigma': 0.0, 'process_alpha_dot_sigma': 0.0}"
4092000,4,randomization_0.50,0.5,"{'level': 0.5, 'physical': {'g': 10.021639016934204, 'c_theta': 0.01691475712185635, 'c_alpha': 0.002300481721761262, 'k_t': 0.23413041734983758, 'k_b': 0.19785563175419035, 'k_u': 0.052484428663362344, 'R': 4.587603709598469, 'm1': 0.22549867560375714, 'm2': 0.1567775443309785, 'l1cg': 0.0853151940047723, 'l1': 0.15848987705112347, 'l2cg': 0.05840426798259542, 'I1z': 0.0005215825461558867, 'I2x': 0.000365829988890831, 'I2y': 2.1743270707540912e-05, 'I2z': 0.0005027781188697964}, 'init_theta_std_deg': 3.96848425779106, 'init_alpha_std_deg': 7.2568376187717885, 'init_theta_dot_std': 0.3578410020093545, 'init_alpha_dot_std': 0.24125092692715788, 'pwm_limit': 152.89924629005762, 'pwm_gain': 0.9834101599155716, 'pwm_bias': -1.9084962762664168, 'pwm_deadzone': 2.1495476958717163, 'pwm_noise_sigma': 0.9166842514782632, 'actuator_tau': 0.0032327531290032466, 'action_delay_steps': 1, 'theta_bias': 0.0014463553741467783, 'alpha_bias': 0.00321083034438993, 'theta_sigma': 0.0022890805694678316, 'alpha_sigma': 0.001705114151346946, 'theta_dot_sigma': 0.07083129582662348, 'alpha_dot_sigma': 0.2077428663779579, 'encoder_quantization_rad': 0.0004367669834305294, 'velocity_lpf': 0.22862850228965192, 'process_theta_dot_sigma': 0.0, 'process_alpha_dot_sigma': 0.0}"
4094000,4,randomization_0.50,0.5,"{'level': 0.5, 'physical': {'g': 9.60545570516774, 'c_theta': 0.023294273466156295, 'c_alpha': 0.0007685145473685957, 'k_t': 0.24085355132612685, 'k_b': 0.1716517887750041, 'k_u': 0.044465615451408785, 'R': 4.349869575962644, 'm1': 0.21602095958311582, 'm2': 0.1645571080683707, 'l1cg': 0.07828487522414833, 'l1': 0.15387550377906664, 'l2cg': 0.06753581893933332, 'I1z': 0.0004623104717131179, 'I2x': 0.00034060431770628564, 'I2y': 1.984834043941507e-05, 'I2z': 0.00041302775793274944}, 'init_theta_std_deg': 4.706151137371238, 'init_alpha_std_deg': 11.871022650147198, 'init_theta_dot_std': 0.4919076280486252, 'init_alpha_dot_std': 0.24264676766734355, 'pwm_limit': 146.32670954152735, 'pwm_gain': 0.9921496112301437, 'pwm_bias': 0.2331124820368582, 'pwm_deadzone': 2.41818217670603, 'pwm_noise_sigma': 0.933825727555172, 'actuator_tau': 0.001162151166819712, 'action_delay_steps': 1, 'theta_bias': 0.004608748606576339, 'alpha_bias': 0.0040270307676311045, 'theta_sigma': 0.002237738017800215, 'alpha_sigma': 0.008349243573298174, 'theta_dot_sigma': 0.09955839407743364, 'alpha_dot_sigma': 0.23728502109626423, 'encoder_quantization_rad': 0.0005343423335572244, 'velocity_lpf': 0.25, 'process_theta_dot_sigma': 0.0, 'process_alpha_dot_sigma': 0.0}"
4096000,4,randomization_0.50,0.5,"{'level': 0.5, 'physical': {'g': 9.745029690949746, 'c_theta': 0.020371444824297782, 'c_alpha': 0.0027360262643624767, 'k_t': 0.25235982348305236, 'k_b': 0.17430127291916847, 'k_u': 0.0489599508252474, 'R': 4.080306012472172, 'm1': 0.22723738311007646, 'm2': 0.16371715973648554, 'l1cg': 0.07805800679696798, 'l1': 0.1482523647030472, 'l2cg': 0.07368609465341866, 'I1z': 0.00041905174335518495, 'I2x': 0.0003350741011122892, 'I2y': 2.156712876318602e-05, 'I2z': 0.0004385219986629132}, 'init_theta_std_deg': 5.46928268918556, 'init_alpha_std_deg': 6.601175828317221, 'init_theta_dot_std': 0.314604669317317, 'init_alpha_dot_std': 0.9962478679760358, 'pwm_limit': 138.8552371371517, 'pwm_gain': 1.02688924612307, 'pwm_bias': -0.7722726353359701, 'pwm_deadzone': 4.8630721208133085, 'pwm_noise_sigma': 0.8855426891638083, 'actuator_tau': 0.011193072436671952, 'action_delay_steps': 1, 'theta_bias': -0.0008902100493949272, 'alpha_bias': 0.0014802531304319508, 'theta_sigma': 0.0010916326744917113, 'alpha_sigma': 0.0035352268794628704, 'theta_dot_sigma': 0.038282458364822206, 'alpha_dot_sigma': 0.2956610403619644, 'encoder_quantization_rad': 0.0001592199186689294, 'velocity_lpf': 0.26638743681509236, 'process_theta_dot_sigma': 0.0, 'process_alpha_dot_sigma': 0.0}"
4098000,4,randomization_0.50,0.5,"{'level': 0.5, 'physical': {'g': 9.93724268753979, 'c_theta': 0.039458646748786616, 'c_alpha': 0.002254528235697138, 'k_t': 0.20654774879783308, 'k_b': 0.16895080015549793, 'k_u': 0.040289966020582296, 'R': 4.1909894295190755, 'm1': 0.20494576594656383, 'm2': 0.15381749647638185, 'l1cg': 0.07547527152060579, 'l1': 0.14474690405538077, 'l2cg': 0.0681877575965155, 'I1z': 0.000552427860354105, 'I2x': 0.00038812124119590386, 'I2y': 2.8861274389494904e-05, 'I2z': 0.000480056811819157}, 'init_theta_std_deg': 6.4167964266040585, 'init_alpha_std_deg': 9.531997348651956, 'init_theta_dot_std': 0.5200970228979455, 'init_alpha_dot_std': 0.35391315706184506, 'pwm_limit': 140.66152702596068, 'pwm_gain': 0.9665320104928197, 'pwm_bias': 0.10501349511065872, 'pwm_deadzone': 3.6184759357220893, 'pwm_noise_sigma': 0.5553594705384371, 'actuator_tau': 0.004233027799471485, 'action_delay_steps': 1, 'theta_bias': -0.004749222756095608, 'alpha_bias': -0.0029963639231736223, 'theta_sigma': 0.00022115320537452178, 'alpha_sigma': 0.006243141894299862, 'theta_dot_sigma': 0.10672708110181181, 'alpha_dot_sigma': 0.10282262410050828, 'encoder_quantization_rad': 0.0006304851055636847, 'velocity_lpf': 0.2728082590226173, 'process_theta_dot_sigma': 0.0, 'process_alpha_dot_sigma': 0.0}"
4100000,4,randomization_0.50,0.5,"{'level': 0.5, 'physical': {'g': 9.939686168557744, 'c_theta': 0.03940728698214864, 'c_alpha': 0.0008817514765995304, 'k_t': 0.20787144314657927, 'k_b': 0.20053623046186828, 'k_u': 0.04590708434409277, 'R': 3.9576409468811096, 'm1': 0.1983389338297544, 'm2': 0.16531619484600318, 'l1cg': 0.07711345039931636, 'l1': 0.147998544022375, 'l2cg': 0.07337754093990076, 'I1z': 0.0004867725424049191, 'I2x': 0.00038975176885200564, 'I2y': 1.9811938816029522e-05, 'I2z': 0.0003904387401138}, 'init_theta_std_deg': 6.684973594866781, 'init_alpha_std_deg': 9.446025562127375, 'init_theta_dot_std': 0.08382936801088467, 'init_alpha_dot_std': 0.46056809791428066, 'pwm_limit': 137.55592794362516, 'pwm_gain': 0.9992740612497927, 'pwm_bias': -1.03797999867, 'pwm_deadzone': 2.58636454686177, 'pwm_noise_sigma': 0.8287940390103288, 'actuator_tau': 0.012094446842866714, 'action_delay_steps': 1, 'theta_bias': -0.0049608606278557675, 'alpha_bias': -0.004256198198811683, 'theta_sigma': 0.00148109335534368, 'alpha_sigma': 0.0030797669209062383, 'theta_dot_sigma': 0.08393909877521553, 'alpha_dot_sigma': 0.2882810041089996, 'encoder_quantization_rad': 0.0004024853107074355, 'velocity_lpf': 0.25, 'process_theta_dot_sigma': 0.0, 'process_alpha_dot_sigma': 0.0}"
4102000,4,randomization_0.50,0.5,"{'level': 0.5, 'physical': {'g': 9.879558790568966, 'c_theta': 0.03257889744846625, 'c_alpha': 0.001666591594849867, 'k_t': 0.22024010425867288, 'k_b': 0.20309687589131836, 'k_u': 0.051685384884733634, 'R': 4.481745368978536, 'm1': 0.23137366404766205, 'm2': 0.15846602481299257, 'l1cg': 0.0845040041232225, 'l1': 0.14822958061229055, 'l2cg': 0.07221599156523514, 'I1z': 0.0005825537807803912, 'I2x': 0.0003496341174562382, 'I2y': 3.053710099462852e-05, 'I2z': 0.0003864945292546787}, 'init_theta_std_deg': 3.6681664743909934, 'init_alpha_std_deg': 10.629372679762172, 'init_theta_dot_std': 0.12659882423320504, 'init_alpha_dot_std': 1.126450477096265, 'pwm_limit': 149.40272784426185, 'pwm_gain': 1.0124377946520962, 'pwm_bias': 1.7652397725191449, 'pwm_deadzone': 3.182473811011265, 'pwm_noise_sigma': 0.8456579775044295, 'actuator_tau': 0.0049028626560149715, 'action_delay_steps': 0, 'theta_bias': 0.004997265472698119, 'alpha_bias': 0.005385286047109755, 'theta_sigma': 0.0005678543589039122, 'alpha_sigma': 0.004202090462993943, 'theta_dot_sigma': 0.17281508389893713, 'alpha_dot_sigma': 0.018419832825315008, 'encoder_quantization_rad': 0.0004935616602186597, 'velocity_lpf': 0.25, 'process_theta_dot_sigma': 0.0, 'process_alpha_dot_sigma': 0.0}"
4104000,4,randomization_0.50,0.5,"{'level': 0.5, 'physical': {'g': 9.697145200608531, 'c_theta': 0.03332313896403893, 'c_alpha': 0.0026602760191641885, 'k_t': 0.2588422854963003, 'k_b': 0.19138316193843352, 'k_u': 0.043595264684050436, 'R': 4.208657617770986, 'm1': 0.19805014815929747, 'm2': 0.162261525629059, 'l1cg': 0.07894560179888822, 'l1': 0.15424537597915686, 'l2cg': 0.0728036848047403, 'I1z': 0.0004803804264407439, 'I2x': 0.00033972651964139436, 'I2y': 2.9306899057653802e-05, 'I2z': 0.0004082826963289259}, 'init_theta_std_deg': 3.722058062917236, 'init_alpha_std_deg': 9.873417412078489, 'init_theta_dot_std': 0.1094303153778797, 'init_alpha_dot_std': 0.5290499875460211, 'pwm_limit': 135.79541346898955, 'pwm_gain': 0.9763966562610197, 'pwm_bias': -1.9632308992273813, 'pwm_deadzone': 3.4882625176446727, 'pwm_noise_sigma': 0.2354609151110869, 'actuator_tau': 0.0027778142638259346, 'action_delay_steps': 0, 'theta_bias': -0.0036621746958451053, 'alpha_bias': -0.0026296392796723955, 'theta_sigma': 0.0007139075101859954, 'alpha_sigma': 0.0038475239915900807, 'theta_dot_sigma': 0.05033024716127695, 'alpha_dot_sigma': 0.11348964615740646, 'encoder_quantization_rad': 0.00019428138413097096, 'velocity_lpf': 0.25, 'process_theta_dot_sigma': 0.0, 'process_alpha_dot_sigma': 0.0}"
4106000,4,randomization_0.50,0.5,"{'level': 0.5, 'physical': {'g': 9.607539512252211, 'c_theta': 0.04491180247008574, 'c_alpha': 0.0021471619539608334, 'k_t': 0.21113023951381935, 'k_b': 0.18998463188016376, 'k_u': 0.04831877606761478, 'R': 3.964414754332788, 'm1': 0.190829928855917, 'm2': 0.16635699119886851, 'l1cg': 0.07479325202576655, 'l1': 0.15693133182623684, 'l2cg': 0.060243811911554195, 'I1z': 0.0005283081114632723, 'I2x': 0.000354916529527197, 'I2y': 2.6653771212682786e-05, 'I2z': 0.0004213541151925661}, 'init_theta_std_deg': 6.984343482636275, 'init_alpha_std_deg': 10.05550260819211, 'init_theta_dot_std': 0.06597379444688223, 'init_alpha_dot_std': 0.02479860033703582, 'pwm_limit': 136.52473096626045, 'pwm_gain': 0.98337774185312, 'pwm_bias': 1.5487142042375757, 'pwm_deadzone': 4.354346123174196, 'pwm_noise_sigma': 0.609503434317796, 'actuator_tau': 0.008830241460778033, 'action_delay_steps': 1, 'theta_bias': -0.0010612202172581864, 'alpha_bias': -0.0022432972214807187, 'theta_sigma': 0.0009991450130588896, 'alpha_sigma': 0.0006044099805473447, 'theta_dot_sigma': 0.0965262852887525, 'alpha_dot_sigma': 0.1069250404527768, 'encoder_quantization_rad': 0.0007221860341755877, 'velocity_lpf': 0.235167040244675, 'process_theta_dot_sigma': 0.0, 'process_alpha_dot_sigma': 0.0}"
4108000,4,randomization_0.50,0.5,"{'level': 0.5, 'physical': {'g': 9.827827417671557, 'c_theta': 0.05315869439838359, 'c_alpha': 0.001476643726051944, 'k_t': 0.254048287022982, 'k_b': 0.19902571078394135, 'k_u': 0.04914708308043965, 'R': 4.600733642814843, 'm1': 0.18915051395324603, 'm2': 0.1474596992023081, 'l1cg': 0.08261628649243871, 'l1': 0.15177853572957808, 'l2cg': 0.06715643249834657, 'I1z': 0.0005628193073901808, 'I2x': 0.00036972079733448325, 'I2y': 2.365865546307107e-05, 'I2z': 0.0004292648005413171}, 'init_theta_std_deg': 6.047327721128195, 'init_alpha_std_deg': 9.003085384474925, 'init_theta_dot_std': 0.013072420370811882, 'init_alpha_dot_std': 0.2464569385306596, 'pwm_limit': 138.6073916647595, 'pwm_gain': 0.9534334443099131, 'pwm_bias': -1.7302611331800204, 'pwm_deadzone': 0.8981917993605659, 'pwm_noise_sigma': 0.45408289863858864, 'actuator_tau': 0.0012060504915376213, 'action_delay_steps': 1, 'theta_bias': 0.004354995766877478, 'alpha_bias': -0.003481587352903176, 'theta_sigma': 0.0014462896602444788, 'alpha_sigma': 0.006102165159016979, 'theta_dot_sigma': 0.12150773685400948, 'alpha_dot_sigma': 0.19747881110537124, 'encoder_quantization_rad': 0.00030526834483233026, 'velocity_lpf': 0.25, 'process_theta_dot_sigma': 0.0, 'process_alpha_dot_sigma': 0.0}"
4110000,4,randomization_0.50,0.5,"{'level': 0.5, 'physical': {'g': 9.76848920673034, 'c_theta': 0.03507209858651391, 'c_alpha': 0.0025833411552090607, 'k_t': 0.24919374896098587, 'k_b': 0.19978754285913825, 'k_u': 0.04197909119996488, 'R': 4.820190689815653, 'm1': 0.22377758786619084, 'm2': 0.16020539749073182, 'l1cg': 0.08343738337306696, 'l1': 0.15555730149337338, 'l2cg': 0.07386264575900128, 'I1z': 0.0006642431244600998, 'I2x': 0.0004051329920820787, 'I2y': 2.5854993294856153e-05, 'I2z': 0.00035374411426769976}, 'init_theta_std_deg': 5.7111775315420825, 'init_alpha_std_deg': 10.245228221718145, 'init_theta_dot_std': 0.20728894101594122, 'init_alpha_dot_std': 0.23201149991291609, 'pwm_limit': 139.24288651178844, 'pwm_gain': 0.9978412332549977, 'pwm_bias': 1.1871767176974344, 'pwm_deadzone': 2.404504286626245, 'pwm_noise_sigma': 0.03458725793801998, 'actuator_tau': 0.004824703325069727, 'action_delay_steps': 0, 'theta_bias': -0.0034966655015580585, 'alpha_bias': 0.00045554469666656504, 'theta_sigma': 0.002734589604655155, 'alpha_sigma': 5.3305292698783144e-05, 'theta_dot_sigma': 0.08851950630667854, 'alpha_dot_sigma': 0.21250043417632816, 'encoder_quantization_rad': 4.795920502671267e-05, 'velocity_lpf': 0.25, 'process_theta_dot_sigma': 0.0, 'process_alpha_dot_sigma': 0.0}"
4112000,4,randomization_0.50,0.5,"{'level': 0.5, 'physical': {'g': 9.5767031879523, 'c_theta': 0.017974414198443256, 'c_alpha': 0.0014638736222719448, 'k_t': 0.23915656014751652, 'k_b': 0.20743448706439546, 'k_u': 0.045068353800295974, 'R': 4.508889412101903, 'm1': 0.18602556353235572, 'm2': 0.15976424390000393, 'l1cg': 0.07967341774598263, 'l1': 0.14979550937789737, 'l2cg': 0.0710228671364029, 'I1z': 0.0006569524018303555, 'I2x': 0.000386943238390786, 'I2y': 2.0730790996161342e-05, 'I2z': 0.0002743503517629936}, 'init_theta_std_deg': 6.74133049505363, 'init_alpha_std_deg': 6.671121876047644, 'init_theta_dot_std': 0.5246593764974501, 'init_alpha_dot_std': 0.4274311308081664, 'pwm_limit': 139.9243710922259, 'pwm_gain': 1.0083097067184679, 'pwm_bias': 0.729276908335533, 'pwm_deadzone': 3.9376380211266406, 'pwm_noise_sigma': 0.1815945737979835, 'actuator_tau': 0.007743180663450206, 'action_delay_steps': 1, 'theta_bias': 0.004094654269404268, 'alpha_bias': -0.002301667633536431, 'theta_sigma': 0.00030654531691437725, 'alpha_sigma': 0.005798048672660593, 'theta_dot_sigma': 0.1357289639074128, 'alpha_dot_sigma': 0.12619426226471533, 'encoder_quantization_rad': 0.0006220088895616538, 'velocity_lpf': 0.23425473585323947, 'process_theta_dot_sigma': 0.0, 'process_alpha_dot_sigma': 0.0}"
4114000,4,randomization_0.50,0.5,"{'level': 0.5, 'physical': {'g': 9.755259791601455, 'c_theta': 0.043865295310268435, 'c_alpha': 0.0009546830122504207, 'k_t': 0.24319156180090057, 'k_b': 0.19842227652700728, 'k_u': 0.04696943050160183, 'R': 4.529831121882834, 'm1': 0.2104815383648075, 'm2': 0.16380173349769486, 'l1cg': 0.07648707646299667, 'l1': 0.15443821002002392, 'l2cg': 0.06495398854145391, 'I1z': 0.0005520868630369931, 'I2x': 0.0004036309909495772, 'I2y': 2.8022180458602827e-05, 'I2z': 0.0003583698631946633}, 'init_theta_std_deg': 6.831117144514101, 'init_alpha_std_deg': 9.509483277233251, 'init_theta_dot_std': 0.3152447732848298, 'init_alpha_dot_std': 0.7580309925808812, 'pwm_limit': 144.48268657113675, 'pwm_gain': 1.0121313397600669, 'pwm_bias': -1.4066269146444683, 'pwm_deadzone': 2.884824199310347, 'pwm_noise_sigma': 0.08282060912182976, 'actuator_tau': 0.004706567511357612, 'action_delay_steps': 0, 'theta_bias': -0.00013564445933714753, 'alpha_bias': -0.0006737647627892032, 'theta_sigma': 0.0017960558756273065, 'alpha_sigma': 0.004562886439017133, 'theta_dot_sigma': 0.003313675857378231, 'alpha_dot_sigma': 0.2192382376559963, 'encoder_quantization_rad': 0.0004622983981991881, 'velocity_lpf': 0.22511687609152115, 'process_theta_dot_sigma': 0.0, 'process_alpha_dot_sigma': 0.0}"
4116000,4,randomization_0.50,0.5,"{'level': 0.5, 'physical': {'g': 9.943773381327224, 'c_theta': 0.0193704402684773, 'c_alpha': 0.0007430267381124574, 'k_t': 0.25977255220062107, 'k_b': 0.17116479915752636, 'k_u': 0.0411635061286843, 'R': 3.8678893656168594, 'm1': 0.1865033783744096, 'm2': 0.15164379674519501, 'l1cg': 0.07483990014091049, 'l1': 0.1496608125232138, 'l2cg': 0.07050521208416789, 'I1z': 0.0006095521513999063, 'I2x': 0.0003638428091299388, 'I2y': 1.993758706873746e-05, 'I2z': 0.00046722498855898426}, 'init_theta_std_deg': 4.863463979127335, 'init_alpha_std_deg': 9.121863264555405, 'init_theta_dot_std': 0.2729931571551586, 'init_alpha_dot_std': 1.086086671193465, 'pwm_limit': 146.58315798187073, 'pwm_gain': 1.027072003015668, 'pwm_bias': -1.4458826789725285, 'pwm_deadzone': 4.532655313233663, 'pwm_noise_sigma': 0.5951258004710351, 'actuator_tau': 0.0038082882740538564, 'action_delay_steps': 1, 'theta_bias': -0.0036624084891954058, 'alpha_bias': -0.005258113748427223, 'theta_sigma': 0.00040138379487164724, 'alpha_sigma': 0.006235130596149886, 'theta_dot_sigma': 0.047714004466956846, 'alpha_dot_sigma': 0.239201237818918, 'encoder_quantization_rad': 0.0004572122902528389, 'velocity_lpf': 0.23971586982945692, 'process_theta_dot_sigma': 0.0, 'process_alpha_dot_sigma': 0.0}"
4118000,4,randomization_0.50,0.5,"{'level': 0.5, 'physical': {'g': 9.749781125355206, 'c_theta': 0.028764967364785895, 'c_alpha': 0.00189191637361793, 'k_t': 0.20550188575972578, 'k_b': 0.19377361390456693, 'k_u': 0.05166486669361936, 'R': 4.205412394709991, 'm1': 0.23150360548117604, 'm2': 0.15842705938416787, 'l1cg': 0.07455931593639151, 'l1': 0.1546726631284819, 'l2cg': 0.06606830301851056, 'I1z': 0.0005687327503320659, 'I2x': 0.0003399335420601458, 'I2y': 2.2502683695602874e-05, 'I2z': 0.0004063661154474577}, 'init_theta_std_deg': 4.6248656672050945, 'init_alpha_std_deg': 9.452144184670175, 'init_theta_dot_std': 0.7481754372727903, 'init_alpha_dot_std': 1.2322401896492532, 'pwm_limit': 151.70548994818185, 'pwm_gain': 0.9637384398865214, 'pwm_bias': 0.6192122680521002, 'pwm_deadzone': 1.6138021258151651, 'pwm_noise_sigma': 0.854371389260811, 'actuator_tau': 0.008517463373294832, 'action_delay_steps': 0, 'theta_bias': -0.004071255377783701, 'alpha_bias': -0.0004935089542167144, 'theta_sigma': 0.000669486191235948, 'alpha_sigma': 0.007336956206639033, 'theta_dot_sigma': 0.08427576928407826, 'alpha_dot_sigma': 0.06664225247217354, 'encoder_quantization_rad': 0.0003456326032840952, 'velocity_lpf': 0.2623480662963693, 'process_theta_dot_sigma': 0.0, 'process_alpha_dot_sigma': 0.0}"
4120000,4,randomization_0.50,0.5,"{'level': 0.5, 'physical': {'g': 9.945087135001454, 'c_theta': 0.047249324529526696, 'c_alpha': 0.001585323306797912, 'k_t': 0.2588764370046867, 'k_b': 0.1711648919593126, 'k_u': 0.051883180089496335, 'R': 4.020883540043306, 'm1': 0.2162822065372758, 'm2': 0.16008317449158518, 'l1cg': 0.08127636141919316, 'l1': 0.15393824807782475, 'l2cg': 0.07338350222230958, 'I1z': 0.0005563636386512902, 'I2x': 0.0003841716868076804, 'I2y': 2.265877459649026e-05, 'I2z': 0.0004703533548613509}, 'init_theta_std_deg': 7.378447515417443, 'init_alpha_std_deg': 10.046992946194448, 'init_theta_dot_std': 0.47032044311300214, 'init_alpha_dot_std': 0.30681395992139815, 'pwm_limit': 143.26764375104256, 'pwm_gain': 1.0070069907827341, 'pwm_bias': 1.815880771049096, 'pwm_deadzone': 4.749565987911948, 'pwm_noise_sigma': 0.6782774078208016, 'actuator_tau': 0.011087371777157694, 'action_delay_steps': 1, 'theta_bias': -0.0026441559615550205, 'alpha_bias': 0.00594076378851443, 'theta_sigma': 0.0004678935766874316, 'alpha_sigma': 0.007919060618930383, 'theta_dot_sigma': 0.004237637124539045, 'alpha_dot_sigma': 0.03736420244888363, 'encoder_quantization_rad': 0.00010342145499936456, 'velocity_lpf': 0.25, 'process_theta_dot_sigma': 0.0, 'process_alpha_dot_sigma': 0.0}"
4122000,4,randomization_0.50,0.5,"{'level': 0.5, 'physical': {'g': 9.703643245463478, 'c_theta': 0.01800594906442828, 'c_alpha': 0.0007154788365490933, 'k_t': 0.20740851694673743, 'k_b': 0.18895562590839865, 'k_u': 0.051833648704604225, 'R': 4.21614002312979, 'm1': 0.20831785982623424, 'm2': 0.15701215542491095, 'l1cg': 0.08145952925755036, 'l1': 0.14975772135585116, 'l2cg': 0.07011282100201711, 'I1z': 0.0004901536654401607, 'I2x': 0.00039987764275987254, 'I2y': 2.9417270581651204e-05, 'I2z': 0.00028709542335966787}, 'init_theta_std_deg': 5.1295473581999484, 'init_alpha_std_deg': 8.966794945401764, 'init_theta_dot_std': 0.6636768966201607, 'init_alpha_dot_std': 1.0361850790099665, 'pwm_limit': 142.91807823539986, 'pwm_gain': 1.0120662934549305, 'pwm_bias': -1.2741200404421038, 'pwm_deadzone': 3.7251986979469844, 'pwm_noise_sigma': 0.8272252136183759, 'actuator_tau': 0.013449669223343045, 'action_delay_steps': 0, 'theta_bias': 0.003656762331294494, 'alpha_bias': -0.0034315913310795565, 'theta_sigma': 0.0025504398475348585, 'alpha_sigma': 0.0032433168734694773, 'theta_dot_sigma': 0.16161559462758912, 'alpha_dot_sigma': 0.20858796634970633, 'encoder_quantization_rad': 0.0002014927247768925, 'velocity_lpf': 0.25, 'process_theta_dot_sigma': 0.0, 'process_alpha_dot_sigma': 0.0}"
4124000,4,randomization_0.50,0.5,"{'level': 0.5, 'physical': {'g': 10.002828566685086, 'c_theta': 0.03731104305075466, 'c_alpha': 0.0018755863700515407, 'k_t': 0.22325925683056322, 'k_b': 0.19224307297086307, 'k_u': 0.04668966931211225, 'R': 4.345499483427172, 'm1': 0.22845952787424254, 'm2': 0.16887533360415657, 'l1cg': 0.08170228073236427, 'l1': 0.14604001402859138, 'l2cg': 0.06549558394719568, 'I1z': 0.0004199681966062161, 'I2x': 0.0003614823541552402, 'I2y': 2.1820283868093417e-05, 'I2z': 0.0003867101022534057}, 'init_theta_std_deg': 6.985876340691801, 'init_alpha_std_deg': 9.650182424977803, 'init_theta_dot_std': 0.4683883910416572, 'init_alpha_dot_std': 0.06915466447107194, 'pwm_limit': 135.63541678975963, 'pwm_gain': 0.9653934986485901, 'pwm_bias': -1.7750316883869122, 'pwm_deadzone': 0.16012547284659784, 'pwm_noise_sigma': 0.16288755545642386, 'actuator_tau': 0.006690468160805053, 'action_delay_steps': 1, 'theta_bias': -0.004281107511326131, 'alpha_bias': -0.0007699007084505061, 'theta_sigma': 0.0015763354245084537, 'alpha_sigma': 0.008731551719265103, 'theta_dot_sigma': 0.16855943919212799, 'alpha_dot_sigma': 0.1747461925531563, 'encoder_quantization_rad': 0.0007136390629671496, 'velocity_lpf': 0.2533136567408262, 'process_theta_dot_sigma': 0.0, 'process_alpha_dot_sigma': 0.0}"
4126000,4,randomization_0.50,0.5,"{'level': 0.5, 'physical': {'g': 9.935888142860756, 'c_theta': 0.02380646499282516, 'c_alpha': 0.0015391520006555908, 'k_t': 0.20947564803873647, 'k_b': 0.1819738401999386, 'k_u': 0.04633021554780658, 'R': 4.474146412000114, 'm1': 0.2027410275499525, 'm2': 0.16273634142659524, 'l1cg': 0.0846986619534984, 'l1': 0.15574426014260936, 'l2cg': 0.06847566823559256, 'I1z': 0.000506743517075927, 'I2x': 0.0003411982634176856, 'I2y': 3.1452552779112336e-05, 'I2z': 0.00028086414803735974}, 'init_theta_std_deg': 4.332868769930614, 'init_alpha_std_deg': 7.78170056354258, 'init_theta_dot_std': 0.18652091655402575, 'init_alpha_dot_std': 0.9834175195908484, 'pwm_limit': 151.43527156450543, 'pwm_gain': 0.9609649584705198, 'pwm_bias': 0.5966272787484517, 'pwm_deadzone': 0.36688865017303784, 'pwm_noise_sigma': 0.3336460512385193, 'actuator_tau': 0.008919886901162202, 'action_delay_steps': 0, 'theta_bias': -0.004726505180377892, 'alpha_bias': -0.002155483233011797, 'theta_sigma': 0.002002709197449473, 'alpha_sigma': 0.007521994902791662, 'theta_dot_sigma': 0.07999628044542763, 'alpha_dot_sigma': 0.16184958609245995, 'encoder_quantization_rad': 0.00022015833902292367, 'velocity_lpf': 0.23888264042532292, 'process_theta_dot_sigma': 0.0, 'process_alpha_dot_sigma': 0.0}"
4128000,4,randomization_0.50,0.5,"{'level': 0.5, 'physical': {'g': 9.632014172676797, 'c_theta': 0.02712453405706034, 'c_alpha': 0.0026282954516658507, 'k_t': 0.2359674096679902, 'k_b': 0.20679963748638283, 'k_u': 0.043909425839636876, 'R': 4.152920544369581, 'm1': 0.21924588182061533, 'm2': 0.15457726119707332, 'l1cg': 0.07562417459706051, 'l1': 0.15272528737255298, 'l2cg': 0.061731950066981754, 'I1z': 0.00045580103807912593, 'I2x': 0.0003730947264199048, 'I2y': 1.890350882794819e-05, 'I2z': 0.00031617857725003127}, 'init_theta_std_deg': 7.258774494756693, 'init_alpha_std_deg': 8.808004222420854, 'init_theta_dot_std': 0.5340258639785882, 'init_alpha_dot_std': 1.1424042049032048, 'pwm_limit': 148.16744966707563, 'pwm_gain': 1.0299397368989098, 'pwm_bias': 1.4457682525847422, 'pwm_deadzone': 4.260534022799759, 'pwm_noise_sigma': 0.7356781012098311, 'actuator_tau': 0.009695398849690182, 'action_delay_steps': 0, 'theta_bias': 0.004803008045864134, 'alpha_bias': -0.004940605490966465, 'theta_sigma': 0.00039015085896416815, 'alpha_sigma': 0.004456076411473219, 'theta_dot_sigma': 0.06049438991996083, 'alpha_dot_sigma': 0.029091139672908772, 'encoder_quantization_rad': 0.00043767429968154644, 'velocity_lpf': 0.25, 'process_theta_dot_sigma': 0.0, 'process_alpha_dot_sigma': 0.0}"
4130000,4,randomization_0.50,0.5,"{'level': 0.5, 'physical': {'g': 9.923922602384172, 'c_theta': 0.04784586390416064, 'c_alpha': 0.002517027279647486, 'k_t': 0.20734518799118318, 'k_b': 0.18189890085344151, 'k_u': 0.04488401514313414, 'R': 4.368233246015433, 'm1': 0.2176319542973514, 'm2': 0.14875323753594838, 'l1cg': 0.07803639790343553, 'l1': 0.14566089228468249, 'l2cg': 0.06579035994266626, 'I1z': 0.000566419057477587, 'I2x': 0.0003745058694127169, 'I2y': 3.145449344825883e-05, 'I2z': 0.00038506190138463676}, 'init_theta_std_deg': 7.251501385199148, 'init_alpha_std_deg': 10.813136813412633, 'init_theta_dot_std': 0.03292872413207035, 'init_alpha_dot_std': 1.0004629972354477, 'pwm_limit': 146.40823005007826, 'pwm_gain': 0.9813510079744908, 'pwm_bias': -0.6101791327455421, 'pwm_deadzone': 3.0476837756393986, 'pwm_noise_sigma': 0.3115774815638559, 'actuator_tau': 0.009038662011087049, 'action_delay_steps': 1, 'theta_bias': 0.0030945379913134455, 'alpha_bias': 0.0016790411142869818, 'theta_sigma': 0.0001646295600291513, 'alpha_sigma': 0.004632057781646487, 'theta_dot_sigma': 0.016052544312763418, 'alpha_dot_sigma': 0.2935585473565042, 'encoder_quantization_rad': 6.62424522041871e-05, 'velocity_lpf': 0.25, 'process_theta_dot_sigma': 0.0, 'process_alpha_dot_sigma': 0.0}"
4132000,4,randomization_0.50,0.5,"{'level': 0.5, 'physical': {'g': 9.987297852192633, 'c_theta': 0.016540619031741522, 'c_alpha': 0.0008445769959776149, 'k_t': 0.20525665780518906, 'k_b': 0.16800746028747207, 'k_u': 0.04873446222941869, 'R': 4.4890885870344635, 'm1': 0.22421802818096934, 'm2': 0.16876925660512906, 'l1cg': 0.08375521691615453, 'l1': 0.152637346856593, 'l2cg': 0.06396259604661568, 'I1z': 0.0005646151743347953, 'I2x': 0.00035766447595229965, 'I2y': 2.0389377812064593e-05, 'I2z': 0.0004318443186783008}, 'init_theta_std_deg': 7.368439802519161, 'init_alpha_std_deg': 8.110093359024791, 'init_theta_dot_std': 0.3702596405670733, 'init_alpha_dot_std': 0.30275003127305455, 'pwm_limit': 149.91109364925063, 'pwm_gain': 0.965144171513558, 'pwm_bias': 1.1836408439472583, 'pwm_deadzone': 0.06682187218040092, 'pwm_noise_sigma': 0.45022169504145315, 'actuator_tau': 0.003391894490497521, 'action_delay_steps': 1, 'theta_bias': -0.0016964887966081788, 'alpha_bias': 0.004202373433310547, 'theta_sigma': 3.7750950843574717e-05, 'alpha_sigma': 0.008352023017706938, 'theta_dot_sigma': 0.1663615327554664, 'alpha_dot_sigma': 0.022259854853701497, 'encoder_quantization_rad': 0.0006781887309539143, 'velocity_lpf': 0.25, 'process_theta_dot_sigma': 0.0, 'process_alpha_dot_sigma': 0.0}"
4134000,4,randomization_0.50,0.5,"{'level': 0.5, 'physical': {'g': 9.998689505469464, 'c_theta': 0.03379823190962488, 'c_alpha': 0.001555583357296637, 'k_t': 0.21760523476205726, 'k_b': 0.17796633590925812, 'k_u': 0.04061369161805783, 'R': 4.742046258997734, 'm1': 0.1958158621769021, 'm2': 0.156632486957132, 'l1cg': 0.08474993411273224, 'l1': 0.15559008103340716, 'l2cg': 0.06219587118034881, 'I1z': 0.0005173597554621866, 'I2x': 0.00038457851720380225, 'I2y': 3.2524882090986756e-05, 'I2z': 0.0004935156127358981}, 'init_theta_std_deg': 4.2945018085176425, 'init_alpha_std_deg': 11.906618590312249, 'init_theta_dot_std': 0.6027617841904422, 'init_alpha_dot_std': 1.2338691521493055, 'pwm_limit': 140.9833542850254, 'pwm_gain': 0.9730316502682022, 'pwm_bias': 1.1206098168347123, 'pwm_deadzone': 1.395447860467793, 'pwm_noise_sigma': 0.8224075954192929, 'actuator_tau': 0.004679748576929224, 'action_delay_steps': 0, 'theta_bias': 0.003778919984172419, 'alpha_bias': 0.00205794347256929, 'theta_sigma': 0.0011519883724081046, 'alpha_sigma': 0.0018049903484314688, 'theta_dot_sigma': 0.004451966657124065, 'alpha_dot_sigma': 0.2829425474932302, 'encoder_quantization_rad': 0.0007266471573079953, 'velocity_lpf': 0.25, 'process_theta_dot_sigma': 0.0, 'process_alpha_dot_sigma': 0.0}"
4136000,4,randomization_0.50,0.5,"{'level': 0.5, 'physical': {'g': 9.814445853685857, 'c_theta': 0.01929083973269908, 'c_alpha': 0.0018162068145397437, 'k_t': 0.23349493847317473, 'k_b': 0.1933870434749496, 'k_u': 0.051841126342652956, 'R': 4.683791981058227, 'm1': 0.19464616022696193, 'm2': 0.1590361668985087, 'l1cg': 0.07855935635672179, 'l1': 0.14922775918598064, 'l2cg': 0.05974273519533465, 'I1z': 0.0005928429038855728, 'I2x': 0.00033834500150878267, 'I2y': 2.7258304580847897e-05, 'I2z': 0.00037409887777060865}, 'init_theta_std_deg': 5.846341633711846, 'init_alpha_std_deg': 10.208636848548647, 'init_theta_dot_std': 0.6307943470816996, 'init_alpha_dot_std': 0.866546259533651, 'pwm_limit': 151.066214625052, 'pwm_gain': 0.9756915028543208, 'pwm_bias': -0.6347765943585197, 'pwm_deadzone': 3.170464718248167, 'pwm_noise_sigma': 0.3256108221544366, 'actuator_tau': 0.007470639755537789, 'action_delay_steps': 0, 'theta_bias': 0.0021250303611845024, 'alpha_bias': -0.0052925008587596965, 'theta_sigma': 0.002486351040330778, 'alpha_sigma': 0.003573262209637331, 'theta_dot_sigma': 0.05185948551091381, 'alpha_dot_sigma': 0.09340355757271855, 'encoder_quantization_rad': 0.0007287584378001861, 'velocity_lpf': 0.25671651261801715, 'process_theta_dot_sigma': 0.0, 'process_alpha_dot_sigma': 0.0}"
4138000,4,randomization_0.50,0.5,"{'level': 0.5, 'physical': {'g': 9.788199617570998, 'c_theta': 0.049776884807850565, 'c_alpha': 0.0008568986154810671, 'k_t': 0.2473878728595314, 'k_b': 0.20328399094133726, 'k_u': 0.04693823976479589, 'R': 4.739116426235153, 'm1': 0.19784367028889513, 'm2': 0.152036778664901, 'l1cg': 0.08350265060995635, 'l1': 0.14731444151171247, 'l2cg': 0.06963450279742067, 'I1z': 0.00046992983285497087, 'I2x': 0.0003704512454761135, 'I2y': 3.163448046901542e-05, 'I2z': 0.00044146347885661805}, 'init_theta_std_deg': 6.964415261387892, 'init_alpha_std_deg': 9.479769000591588, 'init_theta_dot_std': 0.2390901978521758, 'init_alpha_dot_std': 1.211860157718523, 'pwm_limit': 144.9297763864496, 'pwm_gain': 0.9913416755135279, 'pwm_bias': -1.201093080030835, 'pwm_deadzone': 2.84237331782582, 'pwm_noise_sigma': 0.9214898113631861, 'actuator_tau': 0.010622649568820475, 'action_delay_steps': 1, 'theta_bias': -0.004919807253706971, 'alpha_bias': 0.005932164211469727, 'theta_sigma': 0.00253567889612245, 'alpha_sigma': 0.006708024027424523, 'theta_dot_sigma': 0.12290288789555405, 'alpha_dot_sigma': 0.23321981193344918, 'encoder_quantization_rad': 0.0005275804280047665, 'velocity_lpf': 0.25, 'process_theta_dot_sigma': 0.0, 'process_alpha_dot_sigma': 0.0}"
4140000,4,randomization_0.50,0.5,"{'level': 0.5, 'physical': {'g': 9.593862774101547, 'c_theta': 0.05253868389070635, 'c_alpha': 0.001527809093587045, 'k_t': 0.20567447147688056, 'k_b': 0.17281135167900713, 'k_u': 0.042519460581284606, 'R': 4.06295217061286, 'm1': 0.21089605816351037, 'm2': 0.16734289923821066, 'l1cg': 0.08307059202197117, 'l1': 0.15027051996066812, 'l2cg': 0.0727514487313537, 'I1z': 0.0005972638182834692, 'I2x': 0.00040209760036788217, 'I2y': 3.296955319653784e-05, 'I2z': 0.00036682158932413184}, 'init_theta_std_deg': 6.306298494671802, 'init_alpha_std_deg': 11.506481739238875, 'init_theta_dot_std': 0.6523131315042594, 'init_alpha_dot_std': 0.8482983038454339, 'pwm_limit': 151.07283223815833, 'pwm_gain': 1.0054196459990763, 'pwm_bias': 1.96966605368506, 'pwm_deadzone': 4.520199271761257, 'pwm_noise_sigma': 0.8770695765727384, 'actuator_tau': 0.01175217917791072, 'action_delay_steps': 1, 'theta_bias': 0.004020650898386014, 'alpha_bias': -0.002696764427074587, 'theta_sigma': 0.0022257694174609467, 'alpha_sigma': 0.00826724237625382, 'theta_dot_sigma': 0.06742439878815959, 'alpha_dot_sigma': 0.16743421549863655, 'encoder_quantization_rad': 0.00046541660955719586, 'velocity_lpf': 0.25, 'process_theta_dot_sigma': 0.0, 'process_alpha_dot_sigma': 0.0}"
4142000,4,randomization_0.50,0.5,"{'level': 0.5, 'physical': {'g': 10.016633635432239, 'c_theta': 0.02372488206913878, 'c_alpha': 0.0022881636866779187, 'k_t': 0.21322300465750835, 'k_b': 0.195636935554444, 'k_u': 0.04901150007420412, 'R': 4.400635842368948, 'm1': 0.20861597694733558, 'm2': 0.15357762830289173, 'l1cg': 0.07476618534761337, 'l1': 0.15520932724994918, 'l2cg': 0.07328140014320927, 'I1z': 0.0005319122522916937, 'I2x': 0.000332745785071135, 'I2y': 2.2778677542262815e-05, 'I2z': 0.00031815912884392136}, 'init_theta_std_deg': 5.962049961983748, 'init_alpha_std_deg': 10.214444076957747, 'init_theta_dot_std': 0.3480956340463902, 'init_alpha_dot_std': 0.6269377085479843, 'pwm_limit': 153.3200516137274, 'pwm_gain': 1.0405788884887122, 'pwm_bias': -1.6456628832290474, 'pwm_deadzone': 2.9272012405945853, 'pwm_noise_sigma': 0.5617195629949424, 'actuator_tau': 0.0069428489899852315, 'action_delay_steps': 0, 'theta_bias': -0.0015418118073036126, 'alpha_bias': 0.003679984504821593, 'theta_sigma': 0.000775749378620505, 'alpha_sigma': 0.009142699159452814, 'theta_dot_sigma': 0.023535494534981095, 'alpha_dot_sigma': 0.2939008346891072, 'encoder_quantization_rad': 0.0004363387997809018, 'velocity_lpf': 0.25, 'process_theta_dot_sigma': 0.0, 'process_alpha_dot_sigma': 0.0}"
4144000,4,randomization_0.50,0.5,"{'level': 0.5, 'physical': {'g': 9.625666964977897, 'c_theta': 0.04402706450369471, 'c_alpha': 0.0006323579182560977, 'k_t': 0.24011084755816595, 'k_b': 0.19253389391812176, 'k_u': 0.05002117761772908, 'R': 4.300547508850218, 'm1': 0.2174934476759872, 'm2': 0.16540970680482386, 'l1cg': 0.08544739747014417, 'l1': 0.15674557449679635, 'l2cg': 0.06973539531017996, 'I1z': 0.0005977613832668225, 'I2x': 0.00038460866854802845, 'I2y': 2.213136295202226e-05, 'I2z': 0.0003825011182820369}, 'init_theta_std_deg': 5.349170241967952, 'init_alpha_std_deg': 6.642955964983085, 'init_theta_dot_std': 0.007068156473429871, 'init_alpha_dot_std': 1.041795791953082, 'pwm_limit': 150.9810890679, 'pwm_gain': 1.0014707026518495, 'pwm_bias': -0.8882831834952238, 'pwm_deadzone': 0.9636522427302363, 'pwm_noise_sigma': 0.8459723643064635, 'actuator_tau': 0.007967085822153455, 'action_delay_steps': 0, 'theta_bias': -0.001565988513664256, 'alpha_bias': -0.005679667944526123, 'theta_sigma': 0.0009121231432128313, 'alpha_sigma': 0.0018145040631438935, 'theta_dot_sigma': 0.16282598195539927, 'alpha_dot_sigma': 0.0838151496485236, 'encoder_quantization_rad': 0.000515259455567918, 'velocity_lpf': 0.25, 'process_theta_dot_sigma': 0.0, 'process_alpha_dot_sigma': 0.0}"
4146000,4,randomization_0.50,0.5,"{'level': 0.5, 'physical': {'g': 9.92018423508116, 'c_theta': 0.02094743449428249, 'c_alpha': 0.000873283687112307, 'k_t': 0.21302730491088093, 'k_b': 0.18515232867529136, 'k_u': 0.0507263791889355, 'R': 4.345130275950783, 'm1': 0.2316824169531572, 'm2': 0.15459018023096796, 'l1cg': 0.0810228124924854, 'l1': 0.1457494972289558, 'l2cg': 0.06737885498630114, 'I1z': 0.0005111253357336218, 'I2x': 0.0003447069856132307, 'I2y': 2.8857083761455832e-05, 'I2z': 0.0003898241489290535}, 'init_theta_std_deg': 6.801238038723779, 'init_alpha_std_deg': 7.60114175081153, 'init_theta_dot_std': 0.3565597537995742, 'init_alpha_dot_std': 0.8212357547061161, 'pwm_limit': 135.31480754497542, 'pwm_gain': 0.979378929500701, 'pwm_bias': 1.0199824130801334, 'pwm_deadzone': 3.8438206456074093, 'pwm_noise_sigma': 0.7625713681808303, 'actuator_tau': 0.010431741176056636, 'action_delay_steps': 1, 'theta_bias': 0.004174773194506284, 'alpha_bias': 0.0023566868629727217, 'theta_sigma': 0.00044721897280378743, 'alpha_sigma': 0.0080613325163059, 'theta_dot_sigma': 0.16800844122257014, 'alpha_dot_sigma': 0.0427933854320654, 'encoder_quantization_rad': 0.0004019722899620475, 'velocity_lpf': 0.25, 'process_theta_dot_sigma': 0.0, 'process_alpha_dot_sigma': 0.0}"
4148000,4,randomization_0.50,0.5,"{'level': 0.5, 'physical': {'g': 9.840255682826358, 'c_theta': 0.0470558502470914, 'c_alpha': 0.0008114163725757697, 'k_t': 0.24553925907557622, 'k_b': 0.19902563397601566, 'k_u': 0.044967420920169636, 'R': 4.34905661149464, 'm1': 0.18222386964975032, 'm2': 0.15727226808334419, 'l1cg': 0.07511936582595329, 'l1': 0.15488921366415587, 'l2cg': 0.06698860236538219, 'I1z': 0.0006389161304519217, 'I2x': 0.0004019361741261077, 'I2y': 3.090748151928315e-05, 'I2z': 0.0004648983605521376}, 'init_theta_std_deg': 5.279068845917372, 'init_alpha_std_deg': 9.399778544428536, 'init_theta_dot_std': 0.5044600097993929, 'init_alpha_dot_std': 0.13780781497740993, 'pwm_limit': 141.0351282982034, 'pwm_gain': 1.004063955402124, 'pwm_bias': -1.9260875770514927, 'pwm_deadzone': 4.185094525074787, 'pwm_noise_sigma': 0.7616349764335235, 'actuator_tau': 0.00593599939705654, 'action_delay_steps': 0, 'theta_bias': 0.0024387791751766465, 'alpha_bias': 0.0032197466369086433, 'theta_sigma': 0.00036577977783069725, 'alpha_sigma': 0.00799534550947063, 'theta_dot_sigma': 0.0757109425544885, 'alpha_dot_sigma': 0.02213368145147886, 'encoder_quantization_rad': 0.0001271878933180821, 'velocity_lpf': 0.2565362904969903, 'process_theta_dot_sigma': 0.0, 'process_alpha_dot_sigma': 0.0}"
4150000,4,randomization_0.50,0.5,"{'level': 0.5, 'physical': {'g': 9.580781252367995, 'c_theta': 0.03510809111918755, 'c_alpha': 0.0027320383235896212, 'k_t': 0.2584079456161011, 'k_b': 0.1980747230147461, 'k_u': 0.04833702009395889, 'R': 4.18454511725227, 'm1': 0.23154041884956683, 'm2': 0.14907778957497442, 'l1cg': 0.08406540397125035, 'l1': 0.15617131231507558, 'l2cg': 0.0603499703680995, 'I1z': 0.0006089356135018192, 'I2x': 0.0003884823562610365, 'I2y': 1.9295131200552366e-05, 'I2z': 0.0004144986479452812}, 'init_theta_std_deg': 6.685842821271866, 'init_alpha_std_deg': 9.190236046013203, 'init_theta_dot_std': 0.2221566667383184, 'init_alpha_dot_std': 0.1971594505442567, 'pwm_limit': 137.74789165597213, 'pwm_gain': 0.9610714528996155, 'pwm_bias': 1.1797340567960442, 'pwm_deadzone': 4.638373983738705, 'pwm_noise_sigma': 0.5035136847876759, 'actuator_tau': 0.010932198715164933, 'action_delay_steps': 1, 'theta_bias': 0.0020827200129882053, 'alpha_bias': -0.004096181139255235, 'theta_sigma': 0.0011928786701635367, 'alpha_sigma': 0.004495571597037125, 'theta_dot_sigma': 0.09899433750023456, 'alpha_dot_sigma': 0.21741328128669168, 'encoder_quantization_rad': 0.0005322688641028651, 'velocity_lpf': 0.25, 'process_theta_dot_sigma': 0.0, 'process_alpha_dot_sigma': 0.0}"
4152000,4,randomization_0.50,0.5,"{'level': 0.5, 'physical': {'g': 9.876508287515014, 'c_theta': 0.036734077560857385, 'c_alpha': 0.001753041773573015, 'k_t': 0.21429189258952247, 'k_b': 0.19152324839951218, 'k_u': 0.05113622767010121, 'R': 3.951177701130277, 'm1': 0.21426894119345075, 'm2': 0.15953250416680761, 'l1cg': 0.0746528083767327, 'l1': 0.15311496726261328, 'l2cg': 0.05885189541735591, 'I1z': 0.00039348311554409407, 'I2x': 0.0003723559171971648, 'I2y': 2.932468314304435e-05, 'I2z': 0.00029066458753373184}, 'init_theta_std_deg': 5.8963276975957815, 'init_alpha_std_deg': 10.56239449221553, 'init_theta_dot_std': 0.6862884015014086, 'init_alpha_dot_std': 0.20808393788090115, 'pwm_limit': 146.4646600037171, 'pwm_gain': 0.9504742260030504, 'pwm_bias': -0.9319412728829359, 'pwm_deadzone': 3.0031187453200463, 'pwm_noise_sigma': 0.23649692422957203, 'actuator_tau': 0.0021236121960239423, 'action_delay_steps': 0, 'theta_bias': 0.0013861509998105048, 'alpha_bias': -0.00360535445396965, 'theta_sigma': 0.0019823970459657402, 'alpha_sigma': 0.005695923299623274, 'theta_dot_sigma': 0.16975057510108046, 'alpha_dot_sigma': 0.28867141725546014, 'encoder_quantization_rad': 0.00038478374025555307, 'velocity_lpf': 0.25, 'process_theta_dot_sigma': 0.0, 'process_alpha_dot_sigma': 0.0}"
4154000,4,randomization_0.50,0.5,"{'level': 0.5, 'physical': {'g': 9.831755179421197, 'c_theta': 0.027232127024452615, 'c_alpha': 0.0021715559868613517, 'k_t': 0.20870565491943838, 'k_b': 0.17347978797128852, 'k_u': 0.05185338118424231, 'R': 4.289267077925788, 'm1': 0.19665107915934552, 'm2': 0.14881371424773843, 'l1cg': 0.08405560288695972, 'l1': 0.15403699755996336, 'l2cg': 0.06759610018673796, 'I1z': 0.0006445844488898898, 'I2x': 0.00036873010168580003, 'I2y': 3.201981901617088e-05, 'I2z': 0.0004986217024042685}, 'init_theta_std_deg': 5.224854690990913, 'init_alpha_std_deg': 11.963071848961832, 'init_theta_dot_std': 0.4290550780428203, 'init_alpha_dot_std': 1.0447174400996484, 'pwm_limit': 137.7810223089328, 'pwm_gain': 0.974414943166217, 'pwm_bias': 0.766666590506631, 'pwm_deadzone': 3.6959214748057168, 'pwm_noise_sigma': 0.5913265820421952, 'actuator_tau': 0.005783323260130714, 'action_delay_steps': 0, 'theta_bias': 0.0005941876945911973, 'alpha_bias': 0.005191305510235076, 'theta_sigma': 0.001483864854855058, 'alpha_sigma': 0.003087709646156107, 'theta_dot_sigma': 0.12375395817029738, 'alpha_dot_sigma': 0.13006007163488384, 'encoder_quantization_rad': 0.00020781599117150173, 'velocity_lpf': 0.25, 'process_theta_dot_sigma': 0.0, 'process_alpha_dot_sigma': 0.0}"
4156000,4,randomization_0.50,0.5,"{'level': 0.5, 'physical': {'g': 9.567875702168314, 'c_theta': 0.035375313575488995, 'c_alpha': 0.0010197512670953388, 'k_t': 0.21463365095973402, 'k_b': 0.1960995421851526, 'k_u': 0.04269916970974212, 'R': 4.330679688063321, 'm1': 0.2245471251299721, 'm2': 0.1611173159847356, 'l1cg': 0.07643969299988818, 'l1': 0.1506606430153311, 'l2cg': 0.07075357823297589, 'I1z': 0.0004103857625688899, 'I2x': 0.000339174951742285, 'I2y': 1.8175602743912488e-05, 'I2z': 0.00041112917071285345}, 'init_theta_std_deg': 4.018944090991582, 'init_alpha_std_deg': 7.657074020181154, 'init_theta_dot_std': 0.3374016292254115, 'init_alpha_dot_std': 1.2245257882982017, 'pwm_limit': 148.91187776279523, 'pwm_gain': 0.9688043238465732, 'pwm_bias': 0.1340510078175532, 'pwm_deadzone': 0.3012631639981589, 'pwm_noise_sigma': 0.4559575547595275, 'actuator_tau': 0.0017173513430589903, 'action_delay_steps': 1, 'theta_bias': 0.001015747460506421, 'alpha_bias': 0.0025958435708414006, 'theta_sigma': 0.0027263862402405413, 'alpha_sigma': 0.005243169805096109, 'theta_dot_sigma': 0.17285078935407555, 'alpha_dot_sigma': 0.24060968720480513, 'encoder_quantization_rad': 0.00020129179498110233, 'velocity_lpf': 0.25, 'process_theta_dot_sigma': 0.0, 'process_alpha_dot_sigma': 0.0}"
4158000,4,randomization_0.50,0.5,"{'level': 0.5, 'physical': {'g': 10.016727057749666, 'c_theta': 0.02925899921049791, 'c_alpha': 0.0027281538151993846, 'k_t': 0.21230483382673843, 'k_b': 0.18671757740419945, 'k_u': 0.044917036603107315, 'R': 4.303254406480558, 'm1': 0.21342092261416937, 'm2': 0.15893975303657226, 'l1cg': 0.07454417756567197, 'l1': 0.15647224426017037, 'l2cg': 0.05844970778558901, 'I1z': 0.0005848004074479913, 'I2x': 0.0003753376428556423, 'I2y': 2.4228391523644132e-05, 'I2z': 0.00042549151138248655}, 'init_theta_std_deg': 7.458480357231307, 'init_alpha_std_deg': 10.429042961225562, 'init_theta_dot_std': 0.6184684255884674, 'init_alpha_dot_std': 1.0314899946241523, 'pwm_limit': 138.66554033426178, 'pwm_gain': 1.006626217311277, 'pwm_bias': -0.8451212677571824, 'pwm_deadzone': 1.8070205727775028, 'pwm_noise_sigma': 0.44930677392267804, 'actuator_tau': 0.009083953730723621, 'action_delay_steps': 1, 'theta_bias': 0.0006509017759606051, 'alpha_bias': -0.003086762899036113, 'theta_sigma': 0.0018994483428595762, 'alpha_sigma': 0.005539254489808652, 'theta_dot_sigma': 0.11980556832258013, 'alpha_dot_sigma': 0.18986812539408662, 'encoder_quantization_rad': 0.0007156119328664118, 'velocity_lpf': 0.25, 'process_theta_dot_sigma': 0.0, 'process_alpha_dot_sigma': 0.0}"
4160000,4,randomization_0.50,0.5,"{'level': 0.5, 'physical': {'g': 9.656726372680678, 'c_theta': 0.052799258042978706, 'c_alpha': 0.002571525607487514, 'k_t': 0.23815084779510842, 'k_b': 0.19276678216451265, 'k_u': 0.04545117404140331, 'R': 4.494632826393426, 'm1': 0.19816690671164194, 'm2': 0.16091235736160064, 'l1cg': 0.08132579517309273, 'l1': 0.1521072139366065, 'l2cg': 0.07421872652404271, 'I1z': 0.00048762038398928484, 'I2x': 0.0003786698902364703, 'I2y': 2.8616315096402883e-05, 'I2z': 0.000345714977610265}, 'init_theta_std_deg': 4.680922367054844, 'init_alpha_std_deg': 8.506641149119732, 'init_theta_dot_std': 0.45710929212662266, 'init_alpha_dot_std': 0.9287697841429563, 'pwm_limit': 151.6956540646566, 'pwm_gain': 0.964290488409966, 'pwm_bias': 0.2863724813645865, 'pwm_deadzone': 4.001496078874038, 'pwm_noise_sigma': 0.8994264056522601, 'actuator_tau': 0.0018122547989467236, 'action_delay_steps': 1, 'theta_bias': 0.004451605428981361, 'alpha_bias': 0.0017184204331768718, 'theta_sigma': 0.0002934739044242727, 'alpha_sigma': 0.0029368080417378917, 'theta_dot_sigma': 0.017808488417241974, 'alpha_dot_sigma': 0.09579836917810304, 'encoder_quantization_rad': 0.00048500248088214585, 'velocity_lpf': 0.25, 'process_theta_dot_sigma': 0.0, 'process_alpha_dot_sigma': 0.0}"
4162000,4,randomization_0.50,0.5,"{'level': 0.5, 'physical': {'g': 9.589084461539464, 'c_theta': 0.019614247212364013, 'c_alpha': 0.0021904041116008965, 'k_t': 0.23276262676799583, 'k_b': 0.2078679659328158, 'k_u': 0.04584242468843255, 'R': 3.9300558422295504, 'm1': 0.20653502403536375, 'm2': 0.15202285499190452, 'l1cg': 0.08514716809442495, 'l1': 0.1490015950824473, 'l2cg': 0.07451572521278767, 'I1z': 0.0005224372833493256, 'I2x': 0.0004011660861138132, 'I2y': 2.636376293430843e-05, 'I2z': 0.00032056510527661455}, 'init_theta_std_deg': 4.890531456505309, 'init_alpha_std_deg': 8.27498625148274, 'init_theta_dot_std': 0.08934064883375814, 'init_alpha_dot_std': 0.4185229710346533, 'pwm_limit': 151.1951397632791, 'pwm_gain': 1.011282695239334, 'pwm_bias': -0.8368307019052055, 'pwm_deadzone': 0.2563060639787029, 'pwm_noise_sigma': 0.32030890300523096, 'actuator_tau': 0.003451432448681294, 'action_delay_steps': 0, 'theta_bias': 0.0033211496824742883, 'alpha_bias': 0.0021035121265256364, 'theta_sigma': 0.002903296406238145, 'alpha_sigma': 0.0036473047904904054, 'theta_dot_sigma': 0.03236967661168174, 'alpha_dot_sigma': 0.021137224623216978, 'encoder_quantization_rad': 0.00047919157686710087, 'velocity_lpf': 0.25, 'process_theta_dot_sigma': 0.0, 'process_alpha_dot_sigma': 0.0}"
4164000,4,randomization_0.50,0.5,"{'level': 0.5, 'physical': {'g': 9.997153478834818, 'c_theta': 0.04310000764923452, 'c_alpha': 0.002228188958756148, 'k_t': 0.2548100258175506, 'k_b': 0.20607488212405936, 'k_u': 0.04586806957199755, 'R': 4.433728952637267, 'm1': 0.18464169617589923, 'm2': 0.16350553940746732, 'l1cg': 0.08042232335559628, 'l1': 0.1453086123232275, 'l2cg': 0.059907481520500634, 'I1z': 0.0006365632726468429, 'I2x': 0.0003613123554101318, 'I2y': 1.953579977192528e-05, 'I2z': 0.00033420965972457914}, 'init_theta_std_deg': 7.234830442442969, 'init_alpha_std_deg': 7.494914979680498, 'init_theta_dot_std': 0.4351024164249311, 'init_alpha_dot_std': 0.2953828676274044, 'pwm_limit': 139.77869288965297, 'pwm_gain': 1.0187704333270151, 'pwm_bias': 1.1293960038231843, 'pwm_deadzone': 3.123128180761917, 'pwm_noise_sigma': 0.7993678252472856, 'actuator_tau': 0.01217125655655795, 'action_delay_steps': 0, 'theta_bias': 0.0025183824826135594, 'alpha_bias': 9.039005131946931e-05, 'theta_sigma': 0.001323278741112672, 'alpha_sigma': 0.009143328615006153, 'theta_dot_sigma': 0.10588300072598958, 'alpha_dot_sigma': 0.14331977380833674, 'encoder_quantization_rad': 0.0007386631041681163, 'velocity_lpf': 0.25, 'process_theta_dot_sigma': 0.0, 'process_alpha_dot_sigma': 0.0}"
4166000,4,randomization_0.50,0.5,"{'level': 0.5, 'physical': {'g': 9.761026742419476, 'c_theta': 0.0409658434005801, 'c_alpha': 0.000857021431353188, 'k_t': 0.2260342837722993, 'k_b': 0.21033639282212563, 'k_u': 0.05191099411602831, 'R': 4.7855217399490035, 'm1': 0.2141068836832829, 'm2': 0.15275988643612587, 'l1cg': 0.08019833286538944, 'l1': 0.15070471562059287, 'l2cg': 0.06630430224859486, 'I1z': 0.00040695307542860666, 'I2x': 0.00036124865925837233, 'I2y': 2.6231930558933356e-05, 'I2z': 0.00036821887414691833}, 'init_theta_std_deg': 5.553258305201478, 'init_alpha_std_deg': 6.0728336816972845, 'init_theta_dot_std': 0.17226853042091955, 'init_alpha_dot_std': 0.9305166234412315, 'pwm_limit': 151.73489322167276, 'pwm_gain': 0.9662045931085558, 'pwm_bias': 0.7097314175740785, 'pwm_deadzone': 2.5840067242570157, 'pwm_noise_sigma': 0.1789029307690162, 'actuator_tau': 0.00958859929657137, 'action_delay_steps': 0, 'theta_bias': -0.0019130932429875258, 'alpha_bias': 0.0030254493063987427, 'theta_sigma': 0.001762922315400646, 'alpha_sigma': 0.004412524970863956, 'theta_dot_sigma': 0.13809026788928852, 'alpha_dot_sigma': 0.18621943987302586, 'encoder_quantization_rad': 0.0006727629763600534, 'velocity_lpf': 0.25, 'process_theta_dot_sigma': 0.0, 'process_alpha_dot_sigma': 0.0}"
4168000,4,randomization_0.50,0.5,"{'level': 0.5, 'physical': {'g': 9.799476598136684, 'c_theta': 0.05405439146410913, 'c_alpha': 0.0007903926394398475, 'k_t': 0.22800790622141842, 'k_b': 0.19831409532895988, 'k_u': 0.04246381960657465, 'R': 4.211396194021176, 'm1': 0.2207268760498223, 'm2': 0.15486764422850458, 'l1cg': 0.07881796492488836, 'l1': 0.1564739889579011, 'l2cg': 0.0704054943725644, 'I1z': 0.0005851098115754359, 'I2x': 0.0003759290616515772, 'I2y': 2.762125524535373e-05, 'I2z': 0.0003167057722206205}, 'init_theta_std_deg': 7.19545970446484, 'init_alpha_std_deg': 7.607100215509488, 'init_theta_dot_std': 0.364521262365816, 'init_alpha_dot_std': 0.5863046736386937, 'pwm_limit': 153.56386143224813, 'pwm_gain': 0.9612432077423702, 'pwm_bias': 0.22172636455276917, 'pwm_deadzone': 3.936705469631849, 'pwm_noise_sigma': 0.5566342612742528, 'actuator_tau': 0.007332686145366304, 'action_delay_steps': 1, 'theta_bias': -0.003892938855202347, 'alpha_bias': -0.00582805652645247, 'theta_sigma': 0.002896996153418711, 'alpha_sigma': 0.005463248481863875, 'theta_dot_sigma': 0.04278741425128942, 'alpha_dot_sigma': 0.2134777448702769, 'encoder_quantization_rad': 0.0005777837881075191, 'velocity_lpf': 0.25, 'process_theta_dot_sigma': 0.0, 'process_alpha_dot_sigma': 0.0}"
4170000,4,randomization_0.50,0.5,"{'level': 0.5, 'physical': {'g': 9.59967716383641, 'c_theta': 0.020925880674626467, 'c_alpha': 0.002471889767144988, 'k_t': 0.20436989919508647, 'k_b': 0.19120657111260664, 'k_u': 0.052108826472133156, 'R': 4.592180962526785, 'm1': 0.22103049875118416, 'm2': 0.155009074856826, 'l1cg': 0.08201026644458768, 'l1': 0.14917740775899566, 'l2cg': 0.07187300892808345, 'I1z': 0.0003825909304150235, 'I2x': 0.0003616680074387525, 'I2y': 3.089099134330051e-05, 'I2z': 0.00034165982220548183}, 'init_theta_std_deg': 6.703298163115605, 'init_alpha_std_deg': 6.173302336937381, 'init_theta_dot_std': 0.5823951512429307, 'init_alpha_dot_std': 0.5452701860039842, 'pwm_limit': 151.49876431520494, 'pwm_gain': 0.9729389322955213, 'pwm_bias': -1.9350347874049212, 'pwm_deadzone': 3.7631894305099407, 'pwm_noise_sigma': 0.3670536263822636, 'actuator_tau': 0.0060483547857516085, 'action_delay_steps': 0, 'theta_bias': 0.004783885114569488, 'alpha_bias': -0.004267050284040989, 'theta_sigma': 0.0013709487889912724, 'alpha_sigma': 0.009121986443871724, 'theta_dot_sigma': 0.1451335031456943, 'alpha_dot_sigma': 0.00014633828803087834, 'encoder_quantization_rad': 0.0004104994482573124, 'velocity_lpf': 0.25, 'process_theta_dot_sigma': 0.0, 'process_alpha_dot_sigma': 0.0}"
4172000,4,randomization_0.50,0.5,"{'level': 0.5, 'physical': {'g': 9.714607433441614, 'c_theta': 0.022684738016915215, 'c_alpha': 0.0022583749996871565, 'k_t': 0.23595795553590213, 'k_b': 0.19096449868934898, 'k_u': 0.04991546036531592, 'R': 4.395945466691602, 'm1': 0.18360486175838586, 'm2': 0.160472971553665, 'l1cg': 0.08016407503466576, 'l1': 0.15564913525774782, 'l2cg': 0.06341467408224503, 'I1z': 0.0005402099917492635, 'I2x': 0.0003624577849454029, 'I2y': 2.125279018333276e-05, 'I2z': 0.00047074676589489305}, 'init_theta_std_deg': 5.6522257722527005, 'init_alpha_std_deg': 7.123117800118315, 'init_theta_dot_std': 0.3549082606037458, 'init_alpha_dot_std': 1.1007326325478404, 'pwm_limit': 146.92295686866274, 'pwm_gain': 0.9666824434913711, 'pwm_bias': -0.902681098664182, 'pwm_deadzone': 4.5068842862193, 'pwm_noise_sigma': 0.6716498097408049, 'actuator_tau': 0.012345209802687563, 'action_delay_steps': 1, 'theta_bias': -0.004203277934767217, 'alpha_bias': 0.003949759151787313, 'theta_sigma': 0.0016470873821591353, 'alpha_sigma': 0.0019084460104590573, 'theta_dot_sigma': 0.11872165645659724, 'alpha_dot_sigma': 0.14953313891811465, 'encoder_quantization_rad': 0.00020830463628807692, 'velocity_lpf': 0.25, 'process_theta_dot_sigma': 0.0, 'process_alpha_dot_sigma': 0.0}"
4174000,4,randomization_0.50,0.5,"{'level': 0.5, 'physical': {'g': 9.802733397727815, 'c_theta': 0.03689258029032673, 'c_alpha': 0.0015158323103722485, 'k_t': 0.23669984211227094, 'k_b': 0.2028570312307303, 'k_u': 0.04119919064595949, 'R': 4.332851757644826, 'm1': 0.2026639893020393, 'm2': 0.15549491947552677, 'l1cg': 0.08307831680816972, 'l1': 0.1519560918252057, 'l2cg': 0.06903337557134559, 'I1z': 0.00040536502111321847, 'I2x': 0.00038201212283841174, 'I2y': 3.052128156290357e-05, 'I2z': 0.00041217500028139104}, 'init_theta_std_deg': 4.739721299156805, 'init_alpha_std_deg': 8.241075032240742, 'init_theta_dot_std': 0.5797657759106992, 'init_alpha_dot_std': 0.24246143050637478, 'pwm_limit': 145.32853248568205, 'pwm_gain': 1.0295985016872156, 'pwm_bias': 1.6040755433025176, 'pwm_deadzone': 3.5906777697033694, 'pwm_noise_sigma': 0.2408311929285024, 'actuator_tau': 0.006177872810312492, 'action_delay_steps': 1, 'theta_bias': 0.0002848121987327001, 'alpha_bias': -0.0004237380714229522, 'theta_sigma': 0.0029976950081827144, 'alpha_sigma': 0.001943362032431243, 'theta_dot_sigma': 0.01163781525561771, 'alpha_dot_sigma': 0.24763195242908967, 'encoder_quantization_rad': 0.0005700962501436277, 'velocity_lpf': 0.25, 'process_theta_dot_sigma': 0.0, 'process_alpha_dot_sigma': 0.0}"
4176000,4,randomization_0.50,0.5,"{'level': 0.5, 'physical': {'g': 9.648750685270096, 'c_theta': 0.041780111117303585, 'c_alpha': 0.0011301721535050904, 'k_t': 0.21653810497565573, 'k_b': 0.20109032912746072, 'k_u': 0.04939245484870327, 'R': 4.1383055105150195, 'm1': 0.21127187864202981, 'm2': 0.16699351887635985, 'l1cg': 0.08418265971710576, 'l1': 0.15002881454601022, 'l2cg': 0.06635753492700061, 'I1z': 0.0005145639635325499, 'I2x': 0.00033839947718136834, 'I2y': 2.0453581609903243e-05, 'I2z': 0.00048669117862123735}, 'init_theta_std_deg': 5.263552104154517, 'init_alpha_std_deg': 10.88811518815482, 'init_theta_dot_std': 0.46877880185912113, 'init_alpha_dot_std': 1.18756178072395, 'pwm_limit': 147.5761911972625, 'pwm_gain': 1.0362690670285315, 'pwm_bias': -1.7154543745518356, 'pwm_deadzone': 4.901817695715274, 'pwm_noise_sigma': 0.716243969650906, 'actuator_tau': 0.004000758536651621, 'action_delay_steps': 1, 'theta_bias': -0.00010427876358053979, 'alpha_bias': 0.003358718754170322, 'theta_sigma': 0.001533799070141542, 'alpha_sigma': 0.002201339651525749, 'theta_dot_sigma': 0.1348712292390863, 'alpha_dot_sigma': 0.0913312320798633, 'encoder_quantization_rad': 9.338511221158364e-05, 'velocity_lpf': 0.25, 'process_theta_dot_sigma': 0.0, 'process_alpha_dot_sigma': 0.0}"
4178000,4,randomization_0.50,0.5,"{'level': 0.5, 'physical': {'g': 9.65362286578321, 'c_theta': 0.01933183798727811, 'c_alpha': 0.001176282339538048, 'k_t': 0.23305273132791918, 'k_b': 0.2008957034162135, 'k_u': 0.05004850480313256, 'R': 3.9379966207952566, 'm1': 0.18360999449295023, 'm2': 0.1691205323363359, 'l1cg': 0.08314907754645737, 'l1': 0.14960764496460446, 'l2cg': 0.07273909184181529, 'I1z': 0.00058659404289665, 'I2x': 0.0003756518295208704, 'I2y': 2.415964264903899e-05, 'I2z': 0.0004081434284190843}, 'init_theta_std_deg': 3.8825482562277567, 'init_alpha_std_deg': 6.598575507728926, 'init_theta_dot_std': 0.4982908672153, 'init_alpha_dot_std': 1.0129839880048725, 'pwm_limit': 146.66293181481774, 'pwm_gain': 0.9584557211035247, 'pwm_bias': 1.4836184727642556, 'pwm_deadzone': 3.0072659984445997, 'pwm_noise_sigma': 0.6186966524366349, 'actuator_tau': 0.0023171078312454055, 'action_delay_steps': 1, 'theta_bias': 0.004770394155953149, 'alpha_bias': 0.005513507826163405, 'theta_sigma': 0.0014304412562255672, 'alpha_sigma': 0.008019651818320475, 'theta_dot_sigma': 0.17172555614210477, 'alpha_dot_sigma': 0.024997384893657437, 'encoder_quantization_rad': 3.818513415041963e-05, 'velocity_lpf': 0.24685751926058946, 'process_theta_dot_sigma': 0.0, 'process_alpha_dot_sigma': 0.0}"
4180000,4,randomization_0.50,0.5,"{'level': 0.5, 'physical': {'g': 9.703095472205407, 'c_theta': 0.028243077982482503, 'c_alpha': 0.0007306846058996881, 'k_t': 0.2319872220814647, 'k_b': 0.1805229797610911, 'k_u': 0.04013685832570906, 'R': 4.308581921552398, 'm1': 0.22777297571492056, 'm2': 0.16416144715550302, 'l1cg': 0.08102362368406958, 'l1': 0.14430090753945643, 'l2cg': 0.06552692685253303, 'I1z': 0.0005257398649844475, 'I2x': 0.0004047088587281113, 'I2y': 1.8955474427330904e-05, 'I2z': 0.0004998359070342023}, 'init_theta_std_deg': 6.967512055585953, 'init_alpha_std_deg': 7.9021513333512345, 'init_theta_dot_std': 0.2735371900748021, 'init_alpha_dot_std': 0.24159510086391833, 'pwm_limit': 140.3068422671546, 'pwm_gain': 0.9810912033660321, 'pwm_bias': 0.7175108183111893, 'pwm_deadzone': 1.5097912828260212, 'pwm_noise_sigma': 0.22545796473952429, 'actuator_tau': 0.002531351925969777, 'action_delay_steps': 0, 'theta_bias': 0.00491927022494944, 'alpha_bias': -0.0019066283940381613, 'theta_sigma': 0.0011423614293400235, 'alpha_sigma': 0.008069181906389718, 'theta_dot_sigma': 0.06272389635768406, 'alpha_dot_sigma': 0.2902037648299656, 'encoder_quantization_rad': 1.3590603285688924e-05, 'velocity_lpf': 0.25, 'process_theta_dot_sigma': 0.0, 'process_alpha_dot_sigma': 0.0}"
4182000,4,randomization_0.50,0.5,"{'level': 0.5, 'physical': {'g': 9.938113295748556, 'c_theta': 0.05128146617787197, 'c_alpha': 0.002655645343140881, 'k_t': 0.2305817318157411, 'k_b': 0.20036461812393036, 'k_u': 0.04243869890248229, 'R': 4.542673988127453, 'm1': 0.19391043468099384, 'm2': 0.1621731388067254, 'l1cg': 0.08026218210867396, 'l1': 0.15902578494486427, 'l2cg': 0.07410850950194901, 'I1z': 0.00040360144862039383, 'I2x': 0.00033749438871465143, 'I2y': 2.129865849973814e-05, 'I2z': 0.0003370796639651701}, 'init_theta_std_deg': 4.948100153534233, 'init_alpha_std_deg': 6.760733614892459, 'init_theta_dot_std': 0.1474524006655705, 'init_alpha_dot_std': 0.4684588627358874, 'pwm_limit': 140.76700288360854, 'pwm_gain': 1.0291217293971708, 'pwm_bias': -1.9518327924155527, 'pwm_deadzone': 3.581181210574461, 'pwm_noise_sigma': 0.06498116631141237, 'actuator_tau': 0.002501852625173282, 'action_delay_steps': 0, 'theta_bias': -0.0017017307623660473, 'alpha_bias': 0.00019289232614708098, 'theta_sigma': 0.0021049508368242444, 'alpha_sigma': 0.004036564969519395, 'theta_dot_sigma': 0.1584703742974031, 'alpha_dot_sigma': 0.17424669616883837, 'encoder_quantization_rad': 0.00042353038622073777, 'velocity_lpf': 0.25, 'process_theta_dot_sigma': 0.0, 'process_alpha_dot_sigma': 0.0}"
4184000,4,randomization_0.50,0.5,"{'level': 0.5, 'physical': {'g': 9.669184079397574, 'c_theta': 0.028032273253911017, 'c_alpha': 0.0016030450752276626, 'k_t': 0.23521579922345018, 'k_b': 0.17708874886504627, 'k_u': 0.049161193763946245, 'R': 4.203589175583408, 'm1': 0.18199925841987707, 'm2': 0.15212413789593449, 'l1cg': 0.08001540135846104, 'l1': 0.1531472961037096, 'l2cg': 0.060977601477824495, 'I1z': 0.0006307960785271291, 'I2x': 0.00034588870627679034, 'I2y': 2.1828290392983855e-05, 'I2z': 0.00041512488880090473}, 'init_theta_std_deg': 7.121426796285103, 'init_alpha_std_deg': 6.859158362218056, 'init_theta_dot_std': 0.5532669400814236, 'init_alpha_dot_std': 1.0379903893990212, 'pwm_limit': 149.72521722758236, 'pwm_gain': 0.9794985062070953, 'pwm_bias': 1.1052692189850504, 'pwm_deadzone': 2.7396360514603035, 'pwm_noise_sigma': 0.7814685047432127, 'actuator_tau': 0.008337665564786656, 'action_delay_steps': 0, 'theta_bias': -0.003434388090394075, 'alpha_bias': -0.0036497588275267246, 'theta_sigma': 0.00036676173266423273, 'alpha_sigma': 0.002475137822460649, 'theta_dot_sigma': 0.09260567594129296, 'alpha_dot_sigma': 0.24367649005655587, 'encoder_quantization_rad': 0.0004422847456561153, 'velocity_lpf': 0.24511675968151186, 'process_theta_dot_sigma': 0.0, 'process_alpha_dot_sigma': 0.0}"
4186000,4,randomization_0.50,0.5,"{'level': 0.5, 'physical': {'g': 9.878844632943023, 'c_theta': 0.036901969838468655, 'c_alpha': 0.0023081702941955507, 'k_t': 0.22696489553252966, 'k_b': 0.18333797576319855, 'k_u': 0.04365118749092251, 'R': 3.9719078913461225, 'm1': 0.21244647154675317, 'm2': 0.1569231826411641, 'l1cg': 0.08475617698280835, 'l1': 0.15291166849398619, 'l2cg': 0.06641176218731425, 'I1z': 0.0005690589486056635, 'I2x': 0.00039036259173831823, 'I2y': 2.0224929576296067e-05, 'I2z': 0.00045972955724189496}, 'init_theta_std_deg': 5.0467278634574635, 'init_alpha_std_deg': 7.8763708202860085, 'init_theta_dot_std': 0.49480140385263616, 'init_alpha_dot_std': 0.7482352564980157, 'pwm_limit': 152.8440292432292, 'pwm_gain': 1.039011820414783, 'pwm_bias': 0.9080075338515368, 'pwm_deadzone': 0.3178681166250752, 'pwm_noise_sigma': 0.894763926115678, 'actuator_tau': 0.008917548919830216, 'action_delay_steps': 1, 'theta_bias': -0.0033125886189482702, 'alpha_bias': -0.004743318148330677, 'theta_sigma': 0.001141394147135225, 'alpha_sigma': 0.009749336709621883, 'theta_dot_sigma': 0.06681400943854476, 'alpha_dot_sigma': 0.15368977932056957, 'encoder_quantization_rad': 0.0005848617876332508, 'velocity_lpf': 0.2452061825881553, 'process_theta_dot_sigma': 0.0, 'process_alpha_dot_sigma': 0.0}"
4188000,4,randomization_0.50,0.5,"{'level': 0.5, 'physical': {'g': 9.73681009178414, 'c_theta': 0.03413899338394152, 'c_alpha': 0.0009412219877233534, 'k_t': 0.2535980678479422, 'k_b': 0.17711413575659665, 'k_u': 0.04176841354858346, 'R': 4.424239994905331, 'm1': 0.21828110829772893, 'm2': 0.1577164037634962, 'l1cg': 0.08041079375388463, 'l1': 0.14459665550050485, 'l2cg': 0.07039968873877123, 'I1z': 0.0005628043692951434, 'I2x': 0.0003897121804954876, 'I2y': 2.07870759857058e-05, 'I2z': 0.00042353705161701457}, 'init_theta_std_deg': 5.135892894482202, 'init_alpha_std_deg': 10.625536478429066, 'init_theta_dot_std': 0.21137144875140426, 'init_alpha_dot_std': 0.3712597100803965, 'pwm_limit': 149.41769531986776, 'pwm_gain': 1.0308829228117546, 'pwm_bias': 0.5533056923233608, 'pwm_deadzone': 0.1732486833856972, 'pwm_noise_sigma': 0.853268623180228, 'actuator_tau': 0.007108712022492937, 'action_delay_steps': 1, 'theta_bias': -0.001059318388248065, 'alpha_bias': -0.0013266538037636328, 'theta_sigma': 0.0020465368866153183, 'alpha_sigma': 0.006723316480306818, 'theta_dot_sigma': 0.03238583547023311, 'alpha_dot_sigma': 0.06626685790828009, 'encoder_quantization_rad': 0.00045078914437913245, 'velocity_lpf': 0.25, 'process_theta_dot_sigma': 0.0, 'process_alpha_dot_sigma': 0.0}"
4190000,4,randomization_0.50,0.5,"{'level': 0.5, 'physical': {'g': 9.915939013447952, 'c_theta': 0.04510475168751234, 'c_alpha': 0.0009281337173226257, 'k_t': 0.2321304217120582, 'k_b': 0.18009465587192433, 'k_u': 0.05008037345641671, 'R': 4.484351798765095, 'm1': 0.20690032588567492, 'm2': 0.15157354607059836, 'l1cg': 0.07972888663686467, 'l1': 0.14509413386861308, 'l2cg': 0.05936814025984648, 'I1z': 0.0005979028619337441, 'I2x': 0.0003724110210703617, 'I2y': 2.3282747492697177e-05, 'I2z': 0.0004648442000931295}, 'init_theta_std_deg': 5.5179534299711515, 'init_alpha_std_deg': 7.677359463059765, 'init_theta_dot_std': 0.3075308641743242, 'init_alpha_dot_std': 0.6189021123397019, 'pwm_limit': 151.3659139281184, 'pwm_gain': 0.9724279798152071, 'pwm_bias': 1.1132265865656032, 'pwm_deadzone': 1.870650863956298, 'pwm_noise_sigma': 0.9394676339383535, 'actuator_tau': 0.004338400177177931, 'action_delay_steps': 1, 'theta_bias': 0.004449392960288066, 'alpha_bias': 0.0028069732742459982, 'theta_sigma': 0.0006696149819000467, 'alpha_sigma': 0.0018705681393993469, 'theta_dot_sigma': 0.07510285496500961, 'alpha_dot_sigma': 0.016015406860185842, 'encoder_quantization_rad': 0.0003371994833656055, 'velocity_lpf': 0.25, 'process_theta_dot_sigma': 0.0, 'process_alpha_dot_sigma': 0.0}"
4192000,4,randomization_0.50,0.5,"{'level': 0.5, 'physical': {'g': 9.88045545281374, 'c_theta': 0.03176976641860034, 'c_alpha': 0.0018777328939491894, 'k_t': 0.20964863023862018, 'k_b': 0.16900889014856074, 'k_u': 0.049662849362401944, 'R': 4.624825957945214, 'm1': 0.19886631370068816, 'm2': 0.16504853769074657, 'l1cg': 0.08237399513776256, 'l1': 0.14479572823369596, 'l2cg': 0.07345870974878925, 'I1z': 0.00042978542126839654, 'I2x': 0.0004048876669352938, 'I2y': 2.634660955863536e-05, 'I2z': 0.0003644835613866795}, 'init_theta_std_deg': 6.779204104566228, 'init_alpha_std_deg': 6.673964583942202, 'init_theta_dot_std': 0.7449707633833392, 'init_alpha_dot_std': 0.24859648588742483, 'pwm_limit': 138.85809249057135, 'pwm_gain': 1.0378186285284852, 'pwm_bias': -0.030638850203738688, 'pwm_deadzone': 4.137272277257251, 'pwm_noise_sigma': 0.9424890386336578, 'actuator_tau': 0.007427356534936221, 'action_delay_steps': 0, 'theta_bias': -0.004835469056487614, 'alpha_bias': 0.0016277759437238748, 'theta_sigma': 0.0017445242066110966, 'alpha_sigma': 0.00519677749602765, 'theta_dot_sigma': 0.11384884239265655, 'alpha_dot_sigma': 0.11775799998047895, 'encoder_quantization_rad': 9.606751092549604e-05, 'velocity_lpf': 0.25, 'process_theta_dot_sigma': 0.0, 'process_alpha_dot_sigma': 0.0}"
4194000,4,randomization_0.50,0.5,"{'level': 0.5, 'physical': {'g': 9.692069412460011, 'c_theta': 0.03601800322747383, 'c_alpha': 0.001973393192544277, 'k_t': 0.20840671272360783, 'k_b': 0.21057966065477549, 'k_u': 0.05059310504980845, 'R': 3.886116733460123, 'm1': 0.19999232146054838, 'm2': 0.15856955344348644, 'l1cg': 0.07976683806522149, 'l1': 0.15370666629215454, 'l2cg': 0.06695367783437764, 'I1z': 0.00044927112229275703, 'I2x': 0.00035784741860857614, 'I2y': 2.703540666891613e-05, 'I2z': 0.0003673242655607348}, 'init_theta_std_deg': 7.236432205921836, 'init_alpha_std_deg': 10.639121053610388, 'init_theta_dot_std': 0.7184452731138855, 'init_alpha_dot_std': 0.21251996667791206, 'pwm_limit': 150.37766400815912, 'pwm_gain': 0.9748216297765828, 'pwm_bias': -1.01094250295992, 'pwm_deadzone': 4.645622963708815, 'pwm_noise_sigma': 0.0028781272825858517, 'actuator_tau': 0.012219477982768403, 'action_delay_steps': 1, 'theta_bias': -0.0022456034274837733, 'alpha_bias': -0.0010363308679580414, 'theta_sigma': 0.00016647386689285737, 'alpha_sigma': 0.008640457076850105, 'theta_dot_sigma': 0.039545379703635725, 'alpha_dot_sigma': 0.17392678908443618, 'encoder_quantization_rad': 5.762365199360464e-07, 'velocity_lpf': 0.25, 'process_theta_dot_sigma': 0.0, 'process_alpha_dot_sigma': 0.0}"
4196000,4,randomization_0.50,0.5,"{'level': 0.5, 'physical': {'g': 9.736755086441821, 'c_theta': 0.03243891472711918, 'c_alpha': 0.000768685777656045, 'k_t': 0.222548926940594, 'k_b': 0.1727866598484431, 'k_u': 0.0476427696410067, 'R': 3.9296691916990736, 'm1': 0.19902197092144158, 'm2': 0.1602364842898728, 'l1cg': 0.08211340776127854, 'l1': 0.15204290646794044, 'l2cg': 0.06868991843092288, 'I1z': 0.0006026167396392051, 'I2x': 0.00038837647488371147, 'I2y': 2.7399597400818297e-05, 'I2z': 0.0004394126788828828}, 'init_theta_std_deg': 6.870449108897384, 'init_alpha_std_deg': 6.786920398301931, 'init_theta_dot_std': 0.09572539155609741, 'init_alpha_dot_std': 0.12872153077672255, 'pwm_limit': 137.83640222281258, 'pwm_gain': 0.9525637885242004, 'pwm_bias': -1.9143707658660225, 'pwm_deadzone': 3.66469513497118, 'pwm_noise_sigma': 0.11080024426985136, 'actuator_tau': 0.005806756366184691, 'action_delay_steps': 1, 'theta_bias': 0.0006723691415816302, 'alpha_bias': -0.0037376405151920175, 'theta_sigma': 0.0009251302540959736, 'alpha_sigma': 0.005829482043764426, 'theta_dot_sigma': 0.1014686811843858, 'alpha_dot_sigma': 0.2713625851159766, 'encoder_quantization_rad': 0.0006645061026921493, 'velocity_lpf': 0.25, 'process_theta_dot_sigma': 0.0, 'process_alpha_dot_sigma': 0.0}"
4198000,4,randomization_0.50,0.5,"{'level': 0.5, 'physical': {'g': 9.750377125587054, 'c_theta': 0.03500166920138285, 'c_alpha': 0.002553873869653975, 'k_t': 0.21811595465695632, 'k_b': 0.19576487917560959, 'k_u': 0.04524342104342447, 'R': 3.9314999346554256, 'm1': 0.19901768379845813, 'm2': 0.1570498244603032, 'l1cg': 0.07759419653749736, 'l1': 0.14981191923900397, 'l2cg': 0.0654562721611777, 'I1z': 0.0004998109679876136, 'I2x': 0.00039275608859565384, 'I2y': 2.206143962576681e-05, 'I2z': 0.0003955836960514951}, 'init_theta_std_deg': 3.801459527925325, 'init_alpha_std_deg': 6.324964777318934, 'init_theta_dot_std': 0.007099322733501751, 'init_alpha_dot_std': 1.2125380509725947, 'pwm_limit': 147.71029349175558, 'pwm_gain': 0.9569947962860562, 'pwm_bias': 1.3711866833996433, 'pwm_deadzone': 4.401428837153768, 'pwm_noise_sigma': 0.550825779980018, 'actuator_tau': 0.0076943536974019835, 'action_delay_steps': 1, 'theta_bias': -0.004794636524180455, 'alpha_bias': 0.0006156103803202875, 'theta_sigma': 0.0028044754693492195, 'alpha_sigma': 0.007140503409156067, 'theta_dot_sigma': 0.03800091546681025, 'alpha_dot_sigma': 0.13018055242098803, 'encoder_quantization_rad': 9.597698870495538e-05, 'velocity_lpf': 0.2617369732355071, 'process_theta_dot_sigma': 0.0, 'process_alpha_dot_sigma': 0.0}"
4200000,4,randomization_0.50,0.5,"{'level': 0.5, 'physical': {'g': 9.898104103909843, 'c_theta': 0.048749091715179355, 'c_alpha': 0.0025434484320889204, 'k_t': 0.2072631359299532, 'k_b': 0.17821002885790355, 'k_u': 0.04432922963104314, 'R': 4.494675974303731, 'm1': 0.22232464595017132, 'm2': 0.15351814367899572, 'l1cg': 0.08546496418289806, 'l1': 0.15032682027584393, 'l2cg': 0.06742852621897379, 'I1z': 0.0005115832636406558, 'I2x': 0.00037786302055022687, 'I2y': 2.7291415526242653e-05, 'I2z': 0.0004562745715183907}, 'init_theta_std_deg': 6.720592856554153, 'init_alpha_std_deg': 7.364191497633161, 'init_theta_dot_std': 0.6627448624931584, 'init_alpha_dot_std': 1.0979594323827684, 'pwm_limit': 139.5254738117047, 'pwm_gain': 0.9801565257732938, 'pwm_bias': -1.4234640605557791, 'pwm_deadzone': 0.28928505333999155, 'pwm_noise_sigma': 0.45775846893404937, 'actuator_tau': 0.013778894519083481, 'action_delay_steps': 0, 'theta_bias': 0.00012594165465058317, 'alpha_bias': -0.002649508270958215, 'theta_sigma': 0.0019072284582666863, 'alpha_sigma': 0.001295490976328625, 'theta_dot_sigma': 0.1477714925990915, 'alpha_dot_sigma': 0.16305301277030357, 'encoder_quantization_rad': 0.00036926592211266994, 'velocity_lpf': 0.25, 'process_theta_dot_sigma': 0.0, 'process_alpha_dot_sigma': 0.0}"
4202000,4,randomization_0.50,0.5,"{'level': 0.5, 'physical': {'g': 9.560739891387527, 'c_theta': 0.016249042670071157, 'c_alpha': 0.001433424442890849, 'k_t': 0.24567888163905954, 'k_b': 0.20979185755270469, 'k_u': 0.051286760009724826, 'R': 4.207672583160517, 'm1': 0.19254777575125165, 'm2': 0.15908682082641726, 'l1cg': 0.07997648168104066, 'l1': 0.1457535146590522, 'l2cg': 0.05882525425248931, 'I1z': 0.00039284393685401703, 'I2x': 0.00034109844380523276, 'I2y': 1.9442601886259546e-05, 'I2z': 0.00041233418980347257}, 'init_theta_std_deg': 6.138493950214137, 'init_alpha_std_deg': 9.628837556413664, 'init_theta_dot_std': 0.07862141106483786, 'init_alpha_dot_std': 0.9277468146095235, 'pwm_limit': 138.95333448191315, 'pwm_gain': 0.9856040163430491, 'pwm_bias': 0.8433363433354941, 'pwm_deadzone': 3.2436618373442023, 'pwm_noise_sigma': 0.8629849632923896, 'actuator_tau': 0.0006077118264127418, 'action_delay_steps': 0, 'theta_bias': 0.0033356047269827893, 'alpha_bias': -0.003029748819108649, 'theta_sigma': 0.0026766631828192807, 'alpha_sigma': 0.007896784991682901, 'theta_dot_sigma': 0.05804672943613169, 'alpha_dot_sigma': 0.0725925524360762, 'encoder_quantization_rad': 0.00025819783180309287, 'velocity_lpf': 0.23664134897101408, 'process_theta_dot_sigma': 0.0, 'process_alpha_dot_sigma': 0.0}"
4204000,4,randomization_0.50,0.5,"{'level': 0.5, 'physical': {'g': 9.758531067120188, 'c_theta': 0.03222180966247847, 'c_alpha': 0.0007413479432043598, 'k_t': 0.24851651247240106, 'k_b': 0.16427795005538492, 'k_u': 0.05165558007199027, 'R': 4.498823602545372, 'm1': 0.18434445891628568, 'm2': 0.14955677925717425, 'l1cg': 0.08072140149233585, 'l1': 0.1559094435573724, 'l2cg': 0.06661305005124618, 'I1z': 0.0006319998905809672, 'I2x': 0.0003773775999558692, 'I2y': 3.3089070486158734e-05, 'I2z': 0.0004183055700779077}, 'init_theta_std_deg': 4.703629684626483, 'init_alpha_std_deg': 11.446315364754355, 'init_theta_dot_std': 0.39855291893957956, 'init_alpha_dot_std': 0.03444530918718852, 'pwm_limit': 137.10744621482883, 'pwm_gain': 1.0265023707484218, 'pwm_bias': -0.16326456265357603, 'pwm_deadzone': 4.861962713204806, 'pwm_noise_sigma': 0.01163365575649411, 'actuator_tau': 0.012477011392955888, 'action_delay_steps': 1, 'theta_bias': 0.0020748918134031956, 'alpha_bias': 0.0054843927053936, 'theta_sigma': 0.00221508339334483, 'alpha_sigma': 0.004420607793717481, 'theta_dot_sigma': 0.07179691864449367, 'alpha_dot_sigma': 0.04613033753163715, 'encoder_quantization_rad': 0.00011119208387233636, 'velocity_lpf': 0.2717279061764248, 'process_theta_dot_sigma': 0.0, 'process_alpha_dot_sigma': 0.0}"
4206000,4,randomization_0.50,0.5,"{'level': 0.5, 'physical': {'g': 9.792883298352477, 'c_theta': 0.053303393042778494, 'c_alpha': 0.0027302148557526427, 'k_t': 0.20713536728866372, 'k_b': 0.1796408580651852, 'k_u': 0.04179711111541436, 'R': 4.7614903189771915, 'm1': 0.19329503560527506, 'm2': 0.15245419289262052, 'l1cg': 0.0780330351901368, 'l1': 0.15132377015083662, 'l2cg': 0.06901856687290389, 'I1z': 0.0005151056870156848, 'I2x': 0.0003399099212979539, 'I2y': 2.7917162244765393e-05, 'I2z': 0.0003138347942310483}, 'init_theta_std_deg': 4.460099808872588, 'init_alpha_std_deg': 7.878628860693953, 'init_theta_dot_std': 0.06118987019020178, 'init_alpha_dot_std': 0.06925651607390462, 'pwm_limit': 151.30166507271042, 'pwm_gain': 0.9533407287788975, 'pwm_bias': -1.8405322977672798, 'pwm_deadzone': 1.1433028676362178, 'pwm_noise_sigma': 0.3066811176461478, 'actuator_tau': 0.0007589260085694221, 'action_delay_steps': 1, 'theta_bias': 0.001732418741919245, 'alpha_bias': -0.004259490702986535, 'theta_sigma': 0.00011741651549123767, 'alpha_sigma': 0.0018943295360500368, 'theta_dot_sigma': 0.10176768967827153, 'alpha_dot_sigma': 0.09905269528338792, 'encoder_quantization_rad': 0.0004447888987803318, 'velocity_lpf': 0.25, 'process_theta_dot_sigma': 0.0, 'process_alpha_dot_sigma': 0.0}"
4208000,4,randomization_0.50,0.5,"{'level': 0.5, 'physical': {'g': 9.741280732742917, 'c_theta': 0.03757894937220483, 'c_alpha': 0.0008978173577778792, 'k_t': 0.20589823149060935, 'k_b': 0.18348655256406637, 'k_u': 0.05068810479025275, 'R': 4.764102265721665, 'm1': 0.215284512735376, 'm2': 0.15575259788806162, 'l1cg': 0.07803542948913965, 'l1': 0.1456304097035539, 'l2cg': 0.07496342326508518, 'I1z': 0.000503076768929115, 'I2x': 0.0003371420808030051, 'I2y': 2.4047836289059313e-05, 'I2z': 0.0003522020100304971}, 'init_theta_std_deg': 5.526262092379586, 'init_alpha_std_deg': 10.615034535985213, 'init_theta_dot_std': 0.6031270242502196, 'init_alpha_dot_std': 0.4077540315688166, 'pwm_limit': 153.58756521469616, 'pwm_gain': 1.0021791712099442, 'pwm_bias': 0.9417628036050671, 'pwm_deadzone': 3.7165298507943056, 'pwm_noise_sigma': 0.899080957572184, 'actuator_tau': 0.005037722123356476, 'action_delay_steps': 0, 'theta_bias': 0.002716088652894335, 'alpha_bias': 0.004925887273117991, 'theta_sigma': 0.002355787383219698, 'alpha_sigma': 0.005426284371812956, 'theta_dot_sigma': 0.125658628455629, 'alpha_dot_sigma': 0.24442914324842366, 'encoder_quantization_rad': 0.00041181862492246273, 'velocity_lpf': 0.25, 'process_theta_dot_sigma': 0.0, 'process_alpha_dot_sigma': 0.0}"
4210000,4,randomization_0.50,0.5,"{'level': 0.5, 'physical': {'g': 9.768945470611069, 'c_theta': 0.023986068009229734, 'c_alpha': 0.001002857129019748, 'k_t': 0.2573863105509743, 'k_b': 0.20918496271201822, 'k_u': 0.045706757352976746, 'R': 4.297814133821557, 'm1': 0.1969186466639941, 'm2': 0.15892207392217536, 'l1cg': 0.0760432237193209, 'l1': 0.15547964861080232, 'l2cg': 0.05950348079750298, 'I1z': 0.00040104378374030363, 'I2x': 0.0003531397780721386, 'I2y': 2.0912947519459522e-05, 'I2z': 0.00035967103557055984}, 'init_theta_std_deg': 4.928350138368197, 'init_alpha_std_deg': 6.254254663305089, 'init_theta_dot_std': 0.16967250836951678, 'init_alpha_dot_std': 0.8501187187060555, 'pwm_limit': 136.00555213822963, 'pwm_gain': 0.9754711292517502, 'pwm_bias': 0.2790441812108915, 'pwm_deadzone': 1.717421299865347, 'pwm_noise_sigma': 0.5501921721326156, 'actuator_tau': 0.013290840785725807, 'action_delay_steps': 1, 'theta_bias': 0.002439693143967191, 'alpha_bias': -0.00556319689141587, 'theta_sigma': 0.002301838658403493, 'alpha_sigma': 0.0005441163433015616, 'theta_dot_sigma': 0.08353939813003644, 'alpha_dot_sigma': 0.2685237492654175, 'encoder_quantization_rad': 0.0006191097307590451, 'velocity_lpf': 0.25, 'process_theta_dot_sigma': 0.0, 'process_alpha_dot_sigma': 0.0}"
4212000,4,randomization_0.50,0.5,"{'level': 0.5, 'physical': {'g': 9.899466704079053, 'c_theta': 0.0426053032576083, 'c_alpha': 0.002096159132890409, 'k_t': 0.2567521276864186, 'k_b': 0.19401327601380847, 'k_u': 0.05356713442588239, 'R': 4.298071940966306, 'm1': 0.2098555393162969, 'm2': 0.15758116649770584, 'l1cg': 0.08230541875377204, 'l1': 0.15285090626870082, 'l2cg': 0.06976512556604683, 'I1z': 0.0005997577018993035, 'I2x': 0.00039623143164622585, 'I2y': 2.602167581060321e-05, 'I2z': 0.000473188884022351}, 'init_theta_std_deg': 5.817972981576959, 'init_alpha_std_deg': 8.376221064507073, 'init_theta_dot_std': 0.30521259796323486, 'init_alpha_dot_std': 0.8689363262069333, 'pwm_limit': 141.0740671043107, 'pwm_gain': 1.024269759468222, 'pwm_bias': -0.8947041424059288, 'pwm_deadzone': 0.503496846928963, 'pwm_noise_sigma': 0.21737958951482295, 'actuator_tau': 0.005503188839270062, 'action_delay_steps': 1, 'theta_bias': -0.0039140444865398095, 'alpha_bias': 0.005976854432628475, 'theta_sigma': 0.001010112729738044, 'alpha_sigma': 0.004251130508786134, 'theta_dot_sigma': 0.16623096994848155, 'alpha_dot_sigma': 0.10042469576223421, 'encoder_quantization_rad': 0.0001554668410368515, 'velocity_lpf': 0.25, 'process_theta_dot_sigma': 0.0, 'process_alpha_dot_sigma': 0.0}"
4214000,4,randomization_0.50,0.5,"{'level': 0.5, 'physical': {'g': 9.701069074944362, 'c_theta': 0.04203607165964309, 'c_alpha': 0.001125634146577223, 'k_t': 0.23906607968213825, 'k_b': 0.1836816518266628, 'k_u': 0.04158502343633873, 'R': 4.468875712090968, 'm1': 0.19903226337889074, 'm2': 0.1620432818509487, 'l1cg': 0.08510035252875828, 'l1': 0.15383271448387428, 'l2cg': 0.06956868273407314, 'I1z': 0.00045003903350399424, 'I2x': 0.0003710458403840781, 'I2y': 2.971465469059911e-05, 'I2z': 0.0002992361851108435}, 'init_theta_std_deg': 7.413769874367999, 'init_alpha_std_deg': 9.438820916479958, 'init_theta_dot_std': 0.39360832220596353, 'init_alpha_dot_std': 0.09255569598221464, 'pwm_limit': 144.68508443266504, 'pwm_gain': 0.9691998585964228, 'pwm_bias': -1.3019549792184715, 'pwm_deadzone': 3.8670306816878055, 'pwm_noise_sigma': 0.8474251196902945, 'actuator_tau': 0.005310287619792783, 'action_delay_steps': 0, 'theta_bias': 0.0012414108251555744, 'alpha_bias': -0.0009311468502719734, 'theta_sigma': 0.0029720326379226994, 'alpha_sigma': 0.004479695426370675, 'theta_dot_sigma': 0.13398941031494882, 'alpha_dot_sigma': 0.09209550988966576, 'encoder_quantization_rad': 0.0007496073491394332, 'velocity_lpf': 0.2521192791965172, 'process_theta_dot_sigma': 0.0, 'process_alpha_dot_sigma': 0.0}"
4216000,4,randomization_0.50,0.5,"{'level': 0.5, 'physical': {'g': 9.759018443838869, 'c_theta': 0.04326362950004201, 'c_alpha': 0.001825196486741396, 'k_t': 0.23888351899958185, 'k_b': 0.18331440771526947, 'k_u': 0.0536761551301923, 'R': 4.662565620697664, 'm1': 0.1928946160792856, 'm2': 0.1654123455848776, 'l1cg': 0.08505198163865896, 'l1': 0.15290442374121999, 'l2cg': 0.059837183484238436, 'I1z': 0.0006322469976055178, 'I2x': 0.0003790442337806412, 'I2y': 2.10331036558208e-05, 'I2z': 0.0002923168618637361}, 'init_theta_std_deg': 5.804667588758182, 'init_alpha_std_deg': 10.191705255943253, 'init_theta_dot_std': 0.4934250795367028, 'init_alpha_dot_std': 1.2338662738694341, 'pwm_limit': 147.15444441399217, 'pwm_gain': 1.0410762975206123, 'pwm_bias': -0.9272103939681284, 'pwm_deadzone': 4.757441626895727, 'pwm_noise_sigma': 0.3869170934613717, 'actuator_tau': 0.008156378988163014, 'action_delay_steps': 0, 'theta_bias': -0.0011930760957274444, 'alpha_bias': 0.005835394132102721, 'theta_sigma': 0.0026921881404012348, 'alpha_sigma': 0.008484860056420233, 'theta_dot_sigma': 0.06237928910651734, 'alpha_dot_sigma': 0.18515705073301877, 'encoder_quantization_rad': 0.0003319457089181172, 'velocity_lpf': 0.25, 'process_theta_dot_sigma': 0.0, 'process_alpha_dot_sigma': 0.0}"
4218000,4,randomization_0.50,0.5,"{'level': 0.5, 'physical': {'g': 9.574366259820833, 'c_theta': 0.019158731530882305, 'c_alpha': 0.002690351599005825, 'k_t': 0.24344002666659487, 'k_b': 0.18622991760476149, 'k_u': 0.04335318478392771, 'R': 4.496633005887211, 'm1': 0.21563224754789168, 'm2': 0.15132488469431918, 'l1cg': 0.08312940699277793, 'l1': 0.15391164049745232, 'l2cg': 0.07161966839671684, 'I1z': 0.00039908136738163805, 'I2x': 0.0003977342169102584, 'I2y': 2.724536793963328e-05, 'I2z': 0.0003776322287733585}, 'init_theta_std_deg': 3.581469173292921, 'init_alpha_std_deg': 10.70460677779199, 'init_theta_dot_std': 0.5307759537342648, 'init_alpha_dot_std': 0.3136624978984649, 'pwm_limit': 141.1681605122195, 'pwm_gain': 0.9838576085532926, 'pwm_bias': -1.85659065370848, 'pwm_deadzone': 1.6175592996303656, 'pwm_noise_sigma': 0.5341124640620492, 'actuator_tau': 0.008183912418755794, 'action_delay_steps': 0, 'theta_bias': 0.0008560786981576929, 'alpha_bias': 0.003741008343263323, 'theta_sigma': 0.001459217630741403, 'alpha_sigma': 0.00532611078114709, 'theta_dot_sigma': 0.16772255558571458, 'alpha_dot_sigma': 0.22554378007891487, 'encoder_quantization_rad': 0.0006482635058577887, 'velocity_lpf': 0.26700660007741583, 'process_theta_dot_sigma': 0.0, 'process_alpha_dot_sigma': 0.0}"
4220000,4,randomization_0.50,0.5,"{'level': 0.5, 'physical': {'g': 9.71488910137605, 'c_theta': 0.01731498869313125, 'c_alpha': 0.0023682992294739155, 'k_t': 0.2226518902925731, 'k_b': 0.1841030639757049, 'k_u': 0.04048966797708397, 'R': 4.155647885103043, 'm1': 0.18089868101254353, 'm2': 0.1536178370727762, 'l1cg': 0.0750327208562365, 'l1': 0.15948063460920311, 'l2cg': 0.07246982228956494, 'I1z': 0.00038527126982713787, 'I2x': 0.0003989357342050599, 'I2y': 2.418405053024433e-05, 'I2z': 0.000300656105291092}, 'init_theta_std_deg': 5.479990401218462, 'init_alpha_std_deg': 6.152036221234308, 'init_theta_dot_std': 0.7105359793391276, 'init_alpha_dot_std': 1.2116055836689856, 'pwm_limit': 138.0564687415712, 'pwm_gain': 0.9885193345731688, 'pwm_bias': -0.35983861352381474, 'pwm_deadzone': 1.1259869506855886, 'pwm_noise_sigma': 0.6459639610909922, 'actuator_tau': 0.012173305816687723, 'action_delay_steps': 0, 'theta_bias': -0.0007133380813402123, 'alpha_bias': 0.00252790171488601, 'theta_sigma': 0.0007776946757219962, 'alpha_sigma': 0.0006207029090033534, 'theta_dot_sigma': 0.11083184016897499, 'alpha_dot_sigma': 0.2748674095800701, 'encoder_quantization_rad': 0.0004180827702292096, 'velocity_lpf': 0.25, 'process_theta_dot_sigma': 0.0, 'process_alpha_dot_sigma': 0.0}"
4222000,4,randomization_0.50,0.5,"{'level': 0.5, 'physical': {'g': 9.921742920379051, 'c_theta': 0.04305161848213767, 'c_alpha': 0.0015595137995419084, 'k_t': 0.22235348020497062, 'k_b': 0.20912086822208006, 'k_u': 0.04874049141435362, 'R': 4.070747876084396, 'm1': 0.2130980622342003, 'm2': 0.15375114207212318, 'l1cg': 0.07837742084341867, 'l1': 0.1557331335327304, 'l2cg': 0.06820632346964497, 'I1z': 0.0005549882338943517, 'I2x': 0.00038361278497462266, 'I2y': 3.2647909097871886e-05, 'I2z': 0.0003825259156191689}, 'init_theta_std_deg': 6.393103243768451, 'init_alpha_std_deg': 6.524160346074533, 'init_theta_dot_std': 0.21694485746598613, 'init_alpha_dot_std': 0.9629759396086504, 'pwm_limit': 145.23625211701884, 'pwm_gain': 1.02346941905297, 'pwm_bias': 1.8314590269264897, 'pwm_deadzone': 3.479702795264519, 'pwm_noise_sigma': 0.8315393168979728, 'actuator_tau': 0.00561945263247057, 'action_delay_steps': 0, 'theta_bias': 0.0033052813465890385, 'alpha_bias': -0.005447620120445796, 'theta_sigma': 0.002518464219148951, 'alpha_sigma': 0.0064622466350914365, 'theta_dot_sigma': 0.035973209348862445, 'alpha_dot_sigma': 0.19752434639206534, 'encoder_quantization_rad': 5.727661561036568e-05, 'velocity_lpf': 0.25, 'process_theta_dot_sigma': 0.0, 'process_alpha_dot_sigma': 0.0}"
4224000,4,randomization_0.50,0.5,"{'level': 0.5, 'physical': {'g': 9.787524506292563, 'c_theta': 0.04392582537469322, 'c_alpha': 0.002147297712660191, 'k_t': 0.20368284507325343, 'k_b': 0.20764605404853895, 'k_u': 0.04155559990139775, 'R': 4.229556481172072, 'm1': 0.19310873313147645, 'm2': 0.15000660607163327, 'l1cg': 0.07943327987203172, 'l1': 0.15550389004959175, 'l2cg': 0.07114194666373339, 'I1z': 0.000587921033251457, 'I2x': 0.00036953967821432655, 'I2y': 2.352172446144533e-05, 'I2z': 0.0003416868730267948}, 'init_theta_std_deg': 4.757336815810609, 'init_alpha_std_deg': 10.22278691725784, 'init_theta_dot_std': 0.6220625992077013, 'init_alpha_dot_std': 1.187607685258676, 'pwm_limit': 153.56276763132388, 'pwm_gain': 1.0110788979958263, 'pwm_bias': -1.9949408232584664, 'pwm_deadzone': 2.7974393999967875, 'pwm_noise_sigma': 0.5024602388670337, 'actuator_tau': 0.008445291226701982, 'action_delay_steps': 1, 'theta_bias': -0.004749555234450205, 'alpha_bias': -0.002459010893575962, 'theta_sigma': 0.001009346238370789, 'alpha_sigma': 0.008048432065632457, 'theta_dot_sigma': 0.012896505358857642, 'alpha_dot_sigma': 0.09275342797334116, 'encoder_quantization_rad': 0.0002737240171510443, 'velocity_lpf': 0.2711131125071891, 'process_theta_dot_sigma': 0.0, 'process_alpha_dot_sigma': 0.0}"
4226000,4,randomization_0.50,0.5,"{'level': 0.5, 'physical': {'g': 9.908305022756084, 'c_theta': 0.05510789484203674, 'c_alpha': 0.0012222313807695494, 'k_t': 0.204312401365045, 'k_b': 0.19836536311174907, 'k_u': 0.04142672483262181, 'R': 4.2738832457275375, 'm1': 0.21176574128841907, 'm2': 0.15308431412161314, 'l1cg': 0.08503975868928805, 'l1': 0.15575556348864003, 'l2cg': 0.06009587892145874, 'I1z': 0.0004845030674314863, 'I2x': 0.0003962025796987891, 'I2y': 2.8536566918841508e-05, 'I2z': 0.0002963044732904782}, 'init_theta_std_deg': 6.989918634431168, 'init_alpha_std_deg': 9.18661498472024, 'init_theta_dot_std': 0.11416171344809556, 'init_alpha_dot_std': 0.8760900753823782, 'pwm_limit': 150.95043815797544, 'pwm_gain': 1.0309133573456204, 'pwm_bias': -0.2632111882623569, 'pwm_deadzone': 3.4443820882602703, 'pwm_noise_sigma': 0.92197243469659, 'actuator_tau': 0.008899493087686778, 'action_delay_steps': 0, 'theta_bias': -0.0030477977732124907, 'alpha_bias': 0.00045590543417058793, 'theta_sigma': 0.0020223586300427893, 'alpha_sigma': 0.007575875600332329, 'theta_dot_sigma': 0.09138442578272897, 'alpha_dot_sigma': 0.05986746487077049, 'encoder_quantization_rad': 0.0004078810131949139, 'velocity_lpf': 0.25, 'process_theta_dot_sigma': 0.0, 'process_alpha_dot_sigma': 0.0}"
4228000,4,randomization_0.50,0.5,"{'level': 0.5, 'physical': {'g': 9.818494747989403, 'c_theta': 0.03192112724002786, 'c_alpha': 0.0006340640358155822, 'k_t': 0.21166913386165048, 'k_b': 0.16689944166184997, 'k_u': 0.04382148299223771, 'R': 4.31070263181039, 'm1': 0.2294219006496678, 'm2': 0.15799862695478833, 'l1cg': 0.07563501650567576, 'l1': 0.15623362086863704, 'l2cg': 0.0660508185510381, 'I1z': 0.0005530712195787364, 'I2x': 0.0003769616680637232, 'I2y': 2.839788442671084e-05, 'I2z': 0.00037480115373127437}, 'init_theta_std_deg': 6.6030217977271635, 'init_alpha_std_deg': 10.714398161470378, 'init_theta_dot_std': 0.09072561443544219, 'init_alpha_dot_std': 0.8731229006897279, 'pwm_limit': 138.0847876599118, 'pwm_gain': 0.9771059865085238, 'pwm_bias': 0.6235590828723407, 'pwm_deadzone': 4.542988652382071, 'pwm_noise_sigma': 0.32243824538941657, 'actuator_tau': 0.0036579834962925375, 'action_delay_steps': 1, 'theta_bias': -0.00308387962538374, 'alpha_bias': 0.004031170107296764, 'theta_sigma': 0.0013064228842540808, 'alpha_sigma': 0.009915383938533626, 'theta_dot_sigma': 0.05267537219726826, 'alpha_dot_sigma': 0.23704647115474145, 'encoder_quantization_rad': 0.00023515326384067066, 'velocity_lpf': 0.25, 'process_theta_dot_sigma': 0.0, 'process_alpha_dot_sigma': 0.0}"
4230000,4,randomization_0.50,0.5,"{'level': 0.5, 'physical': {'g': 10.043820545239802, 'c_theta': 0.03751609857574839, 'c_alpha': 0.002408302291309079, 'k_t': 0.23948091872781643, 'k_b': 0.17421954446686258, 'k_u': 0.05286783775259087, 'R': 4.702321899685844, 'm1': 0.18289566281847608, 'm2': 0.15886725137697527, 'l1cg': 0.07921433873045447, 'l1': 0.1530881859448904, 'l2cg': 0.07444956843678474, 'I1z': 0.0005150359505771289, 'I2x': 0.00036607954084865964, 'I2y': 2.8050030959431854e-05, 'I2z': 0.00037990005261646475}, 'init_theta_std_deg': 5.143788074356184, 'init_alpha_std_deg': 8.37447163875903, 'init_theta_dot_std': 0.5152822950843106, 'init_alpha_dot_std': 0.5420565144037116, 'pwm_limit': 150.70381861661397, 'pwm_gain': 1.0041447920015065, 'pwm_bias': 0.779280047410154, 'pwm_deadzone': 3.552469942793298, 'pwm_noise_sigma': 0.560063627558877, 'actuator_tau': 0.005613950983094873, 'action_delay_steps': 1, 'theta_bias': 0.003847361098151111, 'alpha_bias': -0.00037762611253835, 'theta_sigma': 0.0008418927144569267, 'alpha_sigma': 0.005693838990295356, 'theta_dot_sigma': 0.14026494439597506, 'alpha_dot_sigma': 0.09412054033819911, 'encoder_quantization_rad': 0.0005237391957566547, 'velocity_lpf': 0.25, 'process_theta_dot_sigma': 0.0, 'process_alpha_dot_sigma': 0.0}"
4232000,4,randomization_0.50,0.5,"{'level': 0.5, 'physical': {'g': 9.923609489615584, 'c_theta': 0.053815690897033946, 'c_alpha': 0.0010331015806469119, 'k_t': 0.2570396988303473, 'k_b': 0.16615402960576386, 'k_u': 0.045700539409448626, 'R': 4.544168290605507, 'm1': 0.1928395983849452, 'm2': 0.1586051018244163, 'l1cg': 0.07675073065209506, 'l1': 0.15016894529628647, 'l2cg': 0.06965836597944432, 'I1z': 0.0005038123647096269, 'I2x': 0.00038477890761012845, 'I2y': 2.2267192310833662e-05, 'I2z': 0.00048747721966713593}, 'init_theta_std_deg': 5.736371866599082, 'init_alpha_std_deg': 10.100266785334744, 'init_theta_dot_std': 0.1971998261268657, 'init_alpha_dot_std': 0.38878531045353937, 'pwm_limit': 148.27902052396695, 'pwm_gain': 1.0458786924916887, 'pwm_bias': 0.7661847263609514, 'pwm_deadzone': 2.0322597006047607, 'pwm_noise_sigma': 0.8050986765198086, 'actuator_tau': 0.012395911763047107, 'action_delay_steps': 0, 'theta_bias': -0.003239067059241467, 'alpha_bias': -0.0030283104081263077, 'theta_sigma': 0.0017011070407071203, 'alpha_sigma': 0.0021430168193751543, 'theta_dot_sigma': 0.1454458322754272, 'alpha_dot_sigma': 0.2852009688668232, 'encoder_quantization_rad': 3.1635084611678325e-05, 'velocity_lpf': 0.25, 'process_theta_dot_sigma': 0.0, 'process_alpha_dot_sigma': 0.0}"
4234000,4,randomization_0.50,0.5,"{'level': 0.5, 'physical': {'g': 9.874042425374757, 'c_theta': 0.040718172295409166, 'c_alpha': 0.002608136525527054, 'k_t': 0.20657823279569526, 'k_b': 0.19490775667190355, 'k_u': 0.043369048157599406, 'R': 4.517882306537509, 'm1': 0.22187322310257432, 'm2': 0.15618629019612154, 'l1cg': 0.0751433539251594, 'l1': 0.1511527114835557, 'l2cg': 0.06079947769150047, 'I1z': 0.0006505721828824705, 'I2x': 0.0003485851590356453, 'I2y': 3.243914173694938e-05, 'I2z': 0.0002788321978086323}, 'init_theta_std_deg': 4.267197340804659, 'init_alpha_std_deg': 9.819796107040688, 'init_theta_dot_std': 0.01564865547219868, 'init_alpha_dot_std': 0.7879373368837224, 'pwm_limit': 152.2951886420612, 'pwm_gain': 1.0152354522996616, 'pwm_bias': -0.46735552307956985, 'pwm_deadzone': 3.2241987200141353, 'pwm_noise_sigma': 0.2069741990641336, 'actuator_tau': 0.013288699850568986, 'action_delay_steps': 1, 'theta_bias': 0.004685758101705259, 'alpha_bias': 0.0044920941579922906, 'theta_sigma': 0.002669141596711748, 'alpha_sigma': 0.0004998579607724962, 'theta_dot_sigma': 0.08061842347681394, 'alpha_dot_sigma': 0.13504194751403273, 'encoder_quantization_rad': 0.00020931831195374387, 'velocity_lpf': 0.25, 'process_theta_dot_sigma': 0.0, 'process_alpha_dot_sigma': 0.0}"
4236000,4,randomization_0.50,0.5,"{'level': 0.5, 'physical': {'g': 9.992231485789485, 'c_theta': 0.04026314220176391, 'c_alpha': 0.0007405392591600631, 'k_t': 0.21362669656279704, 'k_b': 0.2061823662335321, 'k_u': 0.04110240300761619, 'R': 4.009589370693235, 'm1': 0.22099051793968308, 'm2': 0.1593437870316374, 'l1cg': 0.08385784212820084, 'l1': 0.15259561644325084, 'l2cg': 0.07358293869568085, 'I1z': 0.000586991626420447, 'I2x': 0.0003703721697429889, 'I2y': 2.6016420413761614e-05, 'I2z': 0.0003527802741676822}, 'init_theta_std_deg': 7.17936075077665, 'init_alpha_std_deg': 6.58340543435742, 'init_theta_dot_std': 0.028227710084250318, 'init_alpha_dot_std': 1.0137111841705295, 'pwm_limit': 153.7339766607546, 'pwm_gain': 0.9726764143595666, 'pwm_bias': 1.0258786379256977, 'pwm_deadzone': 4.804941331588802, 'pwm_noise_sigma': 0.4562925886616368, 'actuator_tau': 0.012237361641195382, 'action_delay_steps': 0, 'theta_bias': -0.0034673605181844013, 'alpha_bias': -0.005471425146107303, 'theta_sigma': 0.002077800504581648, 'alpha_sigma': 0.0030364993875290746, 'theta_dot_sigma': 0.1408647149999011, 'alpha_dot_sigma': 0.20943234226621701, 'encoder_quantization_rad': 5.6166926621961796e-05, 'velocity_lpf': 0.25, 'process_theta_dot_sigma': 0.0, 'process_alpha_dot_sigma': 0.0}"
4238000,4,randomization_0.50,0.5,"{'level': 0.5, 'physical': {'g': 9.753656378953412, 'c_theta': 0.024844909244872957, 'c_alpha': 0.0018051330707758242, 'k_t': 0.2411600730073154, 'k_b': 0.20187233684306893, 'k_u': 0.041872620026337126, 'R': 4.792360739930319, 'm1': 0.22654810049234675, 'm2': 0.17011180946492246, 'l1cg': 0.08514193831665172, 'l1': 0.1519025777179699, 'l2cg': 0.06274605264494104, 'I1z': 0.0005586649278450771, 'I2x': 0.0003352769198213391, 'I2y': 2.382466121881638e-05, 'I2z': 0.0004750038718872913}, 'init_theta_std_deg': 6.284684372758907, 'init_alpha_std_deg': 9.773915975684892, 'init_theta_dot_std': 0.15652756827769934, 'init_alpha_dot_std': 0.21932784828606264, 'pwm_limit': 150.7975286645122, 'pwm_gain': 1.0096482556476, 'pwm_bias': 0.7009681151221274, 'pwm_deadzone': 3.1659927049433287, 'pwm_noise_sigma': 0.32892861734453527, 'actuator_tau': 0.014006873237261214, 'action_delay_steps': 0, 'theta_bias': -0.0013908916410162132, 'alpha_bias': -0.005807773818847161, 'theta_sigma': 0.0007927811299853272, 'alpha_sigma': 0.006972593755771717, 'theta_dot_sigma': 0.05544550680567548, 'alpha_dot_sigma': 0.1501190203815815, 'encoder_quantization_rad': 0.0006577340144147933, 'velocity_lpf': 0.25, 'process_theta_dot_sigma': 0.0, 'process_alpha_dot_sigma': 0.0}"
4240000,4,randomization_0.50,0.5,"{'level': 0.5, 'physical': {'g': 9.722203525726785, 'c_theta': 0.03705870197444341, 'c_alpha': 0.0017720919333349332, 'k_t': 0.2531521107731383, 'k_b': 0.18629919209293933, 'k_u': 0.040715034235988753, 'R': 4.696323648609785, 'm1': 0.2128759510451818, 'm2': 0.16734768506631792, 'l1cg': 0.07549715794031418, 'l1': 0.1505853383935326, 'l2cg': 0.06659404001969842, 'I1z': 0.00043451432817585205, 'I2x': 0.00037364242277841594, 'I2y': 2.191991791465007e-05, 'I2z': 0.00028461897053774516}, 'init_theta_std_deg': 3.825417386651169, 'init_alpha_std_deg': 7.193902373257964, 'init_theta_dot_std': 0.37126934788301763, 'init_alpha_dot_std': 0.749800127887324, 'pwm_limit': 150.80228767209226, 'pwm_gain': 1.0133930104795388, 'pwm_bias': -1.9065117515830279, 'pwm_deadzone': 0.7700159580499488, 'pwm_noise_sigma': 0.4353919810758946, 'actuator_tau': 0.014445737496315145, 'action_delay_steps': 0, 'theta_bias': -0.0022670087553260956, 'alpha_bias': -0.004227759010275226, 'theta_sigma': 0.002472578410559915, 'alpha_sigma': 0.0031788904208434766, 'theta_dot_sigma': 0.1018424731112372, 'alpha_dot_sigma': 0.10732537538347377, 'encoder_quantization_rad': 0.0005275540532220967, 'velocity_lpf': 0.25, 'process_theta_dot_sigma': 0.0, 'process_alpha_dot_sigma': 0.0}"
4242000,4,randomization_0.50,0.5,"{'level': 0.5, 'physical': {'g': 9.699373983777432, 'c_theta': 0.03927209173947224, 'c_alpha': 0.002047984363121038, 'k_t': 0.25974419468341425, 'k_b': 0.16459759309858027, 'k_u': 0.04603125236717282, 'R': 4.28796027235889, 'm1': 0.1873118891146334, 'm2': 0.1595958043584063, 'l1cg': 0.08060266781098059, 'l1': 0.14609167685507707, 'l2cg': 0.06610117957453039, 'I1z': 0.0004464955084345545, 'I2x': 0.00036462673397487594, 'I2y': 3.3047101211621465e-05, 'I2z': 0.00034058738578032603}, 'init_theta_std_deg': 4.892022751883949, 'init_alpha_std_deg': 6.103458715421409, 'init_theta_dot_std': 0.4929250468342923, 'init_alpha_dot_std': 1.1053030863084137, 'pwm_limit': 145.57070908328524, 'pwm_gain': 0.998257398589575, 'pwm_bias': -0.6957919255386766, 'pwm_deadzone': 0.7660198583727362, 'pwm_noise_sigma': 0.2597391981601429, 'actuator_tau': 0.011926687794068738, 'action_delay_steps': 0, 'theta_bias': 0.0032957189770554665, 'alpha_bias': -0.0032335725196115774, 'theta_sigma': 0.0006521509300307882, 'alpha_sigma': 0.007164227474679499, 'theta_dot_sigma': 0.13571343231826813, 'alpha_dot_sigma': 0.004281089031182094, 'encoder_quantization_rad': 0.00038936414061993216, 'velocity_lpf': 0.25, 'process_theta_dot_sigma': 0.0, 'process_alpha_dot_sigma': 0.0}"
4244000,4,randomization_0.50,0.5,"{'level': 0.5, 'physical': {'g': 9.644111926915844, 'c_theta': 0.02859194805755331, 'c_alpha': 0.0008228644222510488, 'k_t': 0.25007584168401203, 'k_b': 0.183640526240768, 'k_u': 0.04956906723562997, 'R': 4.803969353922405, 'm1': 0.18186011279576741, 'm2': 0.14977137058175236, 'l1cg': 0.07941195836745776, 'l1': 0.14478955168121208, 'l2cg': 0.06710096044072379, 'I1z': 0.0004336468653460425, 'I2x': 0.0003670653052773258, 'I2y': 2.0187253684097517e-05, 'I2z': 0.00037616488832079053}, 'init_theta_std_deg': 4.4646926957167725, 'init_alpha_std_deg': 11.327798976067008, 'init_theta_dot_std': 0.5592791602740073, 'init_alpha_dot_std': 0.8032216632831253, 'pwm_limit': 141.87236275437905, 'pwm_gain': 1.0044280379443158, 'pwm_bias': -0.5074998429638309, 'pwm_deadzone': 2.6579870205608676, 'pwm_noise_sigma': 0.05665093776432717, 'actuator_tau': 0.001567510287522506, 'action_delay_steps': 0, 'theta_bias': -0.0037691226652322787, 'alpha_bias': -0.0043981008957246935, 'theta_sigma': 0.00020686067911332917, 'alpha_sigma': 0.005335266913926113, 'theta_dot_sigma': 0.09113282669930474, 'alpha_dot_sigma': 0.2685518650687658, 'encoder_quantization_rad': 0.000570900048861387, 'velocity_lpf': 0.25, 'process_theta_dot_sigma': 0.0, 'process_alpha_dot_sigma': 0.0}"
4246000,4,randomization_0.50,0.5,"{'level': 0.5, 'physical': {'g': 9.605259822246538, 'c_theta': 0.020211726631902235, 'c_alpha': 0.0023567366904102003, 'k_t': 0.20968958126356171, 'k_b': 0.17293796890719199, 'k_u': 0.053673737532871926, 'R': 4.3016757158997185, 'm1': 0.18914889444894684, 'm2': 0.16710508678559513, 'l1cg': 0.08022680696591075, 'l1': 0.1488303100534925, 'l2cg': 0.06546007734330132, 'I1z': 0.00043893407158718587, 'I2x': 0.00035492772663511086, 'I2y': 2.462760181294164e-05, 'I2z': 0.00043239186084634566}, 'init_theta_std_deg': 5.181522812418507, 'init_alpha_std_deg': 9.494017833984596, 'init_theta_dot_std': 0.08668378585854322, 'init_alpha_dot_std': 0.7829013865675387, 'pwm_limit': 146.56313487324024, 'pwm_gain': 1.0293946038811876, 'pwm_bias': 1.2742655842036092, 'pwm_deadzone': 3.89420097150053, 'pwm_noise_sigma': 0.1852122311310639, 'actuator_tau': 0.014268671635920034, 'action_delay_steps': 0, 'theta_bias': 0.0027977222698738857, 'alpha_bias': -0.003833103182390733, 'theta_sigma': 0.0015550262880451163, 'alpha_sigma': 0.004625236295668356, 'theta_dot_sigma': 0.10234761785559768, 'alpha_dot_sigma': 0.1333823424406378, 'encoder_quantization_rad': 0.0004666921714798523, 'velocity_lpf': 0.26709244157411727, 'process_theta_dot_sigma': 0.0, 'process_alpha_dot_sigma': 0.0}"
4248000,4,randomization_0.50,0.5,"{'level': 0.5, 'physical': {'g': 9.669237279456974, 'c_theta': 0.0435476105731629, 'c_alpha': 0.0013836794374858402, 'k_t': 0.22339609521210205, 'k_b': 0.17259535130170828, 'k_u': 0.041928956583458424, 'R': 3.878250006014822, 'm1': 0.22840513268983803, 'm2': 0.1668131367670853, 'l1cg': 0.07663236730881501, 'l1': 0.15512813297276268, 'l2cg': 0.06346893952856082, 'I1z': 0.0004080158495807592, 'I2x': 0.0003982011749933929, 'I2y': 2.7357088586637313e-05, 'I2z': 0.00032244045560186234}, 'init_theta_std_deg': 6.4855544859555145, 'init_alpha_std_deg': 10.954717043924958, 'init_theta_dot_std': 0.6105909922979615, 'init_alpha_dot_std': 0.27117138203081453, 'pwm_limit': 150.12605559548194, 'pwm_gain': 1.00106671800563, 'pwm_bias': -1.573511937304621, 'pwm_deadzone': 2.7514645960998445, 'pwm_noise_sigma': 0.8467848642558358, 'actuator_tau': 0.011894155863963116, 'action_delay_steps': 1, 'theta_bias': 0.0013059666440843698, 'alpha_bias': -0.00035645763461824133, 'theta_sigma': 0.0008867880748953695, 'alpha_sigma': 0.0010349546593965931, 'theta_dot_sigma': 0.042039730225100755, 'alpha_dot_sigma': 0.09601248896145155, 'encoder_quantization_rad': 0.0006209323155674716, 'velocity_lpf': 0.25, 'process_theta_dot_sigma': 0.0, 'process_alpha_dot_sigma': 0.0}"
4250000,4,randomization_0.50,0.5,"{'level': 0.5, 'physical': {'g': 9.679475418572881, 'c_theta': 0.04116154368441476, 'c_alpha': 0.002189086957131283, 'k_t': 0.23047516400675294, 'k_b': 0.1910482649091004, 'k_u': 0.04783404298359672, 'R': 3.9285655867340488, 'm1': 0.217454944711395, 'm2': 0.15075206578737219, 'l1cg': 0.07945880365688132, 'l1': 0.1562895886601485, 'l2cg': 0.06741551763177775, 'I1z': 0.00041360010642434115, 'I2x': 0.00036697581049111234, 'I2y': 2.2216847751913203e-05, 'I2z': 0.00030589736111104337}, 'init_theta_std_deg': 5.000642063843473, 'init_alpha_std_deg': 9.960534137093077, 'init_theta_dot_std': 0.10317460905291026, 'init_alpha_dot_std': 0.5755578740128676, 'pwm_limit': 150.1784559240566, 'pwm_gain': 1.0001268445884544, 'pwm_bias': -0.7033427843245872, 'pwm_deadzone': 3.0085742187655677, 'pwm_noise_sigma': 0.8538698841070399, 'actuator_tau': 0.0033226409436372282, 'action_delay_steps': 1, 'theta_bias': -0.0007588076518820219, 'alpha_bias': -0.0008184642827298476, 'theta_sigma': 0.001596364945033247, 'alpha_sigma': 0.0005023392437485896, 'theta_dot_sigma': 0.08624087240894153, 'alpha_dot_sigma': 0.2342203733126827, 'encoder_quantization_rad': 0.00028144325883078383, 'velocity_lpf': 0.2552883823293005, 'process_theta_dot_sigma': 0.0, 'process_alpha_dot_sigma': 0.0}"
4252000,4,randomization_0.50,0.5,"{'level': 0.5, 'physical': {'g': 9.584625330719634, 'c_theta': 0.04988750596134632, 'c_alpha': 0.0006556604018010016, 'k_t': 0.20963093256683915, 'k_b': 0.1646565415349241, 'k_u': 0.04469449973866359, 'R': 4.245207020515948, 'm1': 0.2148144238654097, 'm2': 0.14803910556251815, 'l1cg': 0.08331890437463191, 'l1': 0.1498463764870041, 'l2cg': 0.05994238664633527, 'I1z': 0.0006425079600243455, 'I2x': 0.00038682364058144635, 'I2y': 2.617899452436147e-05, 'I2z': 0.0002818659736082641}, 'init_theta_std_deg': 6.564433029896686, 'init_alpha_std_deg': 8.84340435376296, 'init_theta_dot_std': 0.5015479690137117, 'init_alpha_dot_std': 0.7765809023913895, 'pwm_limit': 138.75222329227313, 'pwm_gain': 0.9732526803621081, 'pwm_bias': -1.5360853322144639, 'pwm_deadzone': 4.497802683335038, 'pwm_noise_sigma': 0.32945180106743155, 'actuator_tau': 0.009799041914183924, 'action_delay_steps': 0, 'theta_bias': -0.00231300641446848, 'alpha_bias': 0.0053100805118674235, 'theta_sigma': 0.0020562644096829763, 'alpha_sigma': 0.007870184802615322, 'theta_dot_sigma': 0.15762996255079453, 'alpha_dot_sigma': 0.17224980386461705, 'encoder_quantization_rad': 5.197010315575768e-05, 'velocity_lpf': 0.25, 'process_theta_dot_sigma': 0.0, 'process_alpha_dot_sigma': 0.0}"
4254000,4,randomization_0.50,0.5,"{'level': 0.5, 'physical': {'g': 9.622949969992444, 'c_theta': 0.03766604817929298, 'c_alpha': 0.0017354423087744763, 'k_t': 0.20602104810841346, 'k_b': 0.17410196553733662, 'k_u': 0.04187002811370722, 'R': 4.630422431309383, 'm1': 0.20820723834898736, 'm2': 0.15392958344549534, 'l1cg': 0.07721229790647822, 'l1': 0.14476831141810148, 'l2cg': 0.07070671150512414, 'I1z': 0.00041693149383027485, 'I2x': 0.00040545005381455266, 'I2y': 2.576115583448441e-05, 'I2z': 0.0002938347627703598}, 'init_theta_std_deg': 4.633099986857343, 'init_alpha_std_deg': 11.505105510523485, 'init_theta_dot_std': 0.3573147830328298, 'init_alpha_dot_std': 0.49784010615938845, 'pwm_limit': 135.47218128990613, 'pwm_gain': 1.0348162823738822, 'pwm_bias': 1.2898991566016846, 'pwm_deadzone': 0.21167443973841793, 'pwm_noise_sigma': 0.4932349365294737, 'actuator_tau': 0.010237816592582227, 'action_delay_steps': 0, 'theta_bias': 0.004498790746664055, 'alpha_bias': -0.0042810849770251805, 'theta_sigma': 0.0005431583117446147, 'alpha_sigma': 0.0059663137411602, 'theta_dot_sigma': 0.07341528437184265, 'alpha_dot_sigma': 0.2931897738183123, 'encoder_quantization_rad': 1.125970527851128e-06, 'velocity_lpf': 0.25, 'process_theta_dot_sigma': 0.0, 'process_alpha_dot_sigma': 0.0}"
4256000,4,randomization_0.50,0.5,"{'level': 0.5, 'physical': {'g': 9.80640751686508, 'c_theta': 0.052866237776575446, 'c_alpha': 0.0022701700241215955, 'k_t': 0.23601345377057512, 'k_b': 0.2041471325269154, 'k_u': 0.04324082341544298, 'R': 4.24728191649174, 'm1': 0.1967186917756787, 'm2': 0.16714251412478692, 'l1cg': 0.08542726079227098, 'l1': 0.15481534876308634, 'l2cg': 0.06371054416291515, 'I1z': 0.0006174456793784258, 'I2x': 0.00037984210715508214, 'I2y': 3.171555223254791e-05, 'I2z': 0.0004556349537061903}, 'init_theta_std_deg': 6.248638732257236, 'init_alpha_std_deg': 11.509243511730896, 'init_theta_dot_std': 0.5898840824227243, 'init_alpha_dot_std': 0.16705810306982552, 'pwm_limit': 146.51683273807438, 'pwm_gain': 1.0407324714259238, 'pwm_bias': -1.9672234445287806, 'pwm_deadzone': 4.03316090198651, 'pwm_noise_sigma': 0.8366284361345138, 'actuator_tau': 0.005013039216536094, 'action_delay_steps': 0, 'theta_bias': 0.003966908509473035, 'alpha_bias': 0.005871901667411557, 'theta_sigma': 0.0028122235245354003, 'alpha_sigma': 0.0021775786045221714, 'theta_dot_sigma': 0.022323418188085392, 'alpha_dot_sigma': 0.0009099669552227518, 'encoder_quantization_rad': 7.906137965530893e-05, 'velocity_lpf': 0.25, 'process_theta_dot_sigma': 0.0, 'process_alpha_dot_sigma': 0.0}"
4258000,4,randomization_0.50,0.5,"{'level': 0.5, 'physical': {'g': 9.790414837717773, 'c_theta': 0.026558306294585277, 'c_alpha': 0.0018978871297706452, 'k_t': 0.24159627643102866, 'k_b': 0.20058453103194035, 'k_u': 0.04262741839513062, 'R': 4.535881965624492, 'm1': 0.2095880504307799, 'm2': 0.1590078247255819, 'l1cg': 0.07603810021886173, 'l1': 0.15324723805694807, 'l2cg': 0.05881037013649535, 'I1z': 0.0005058994934594429, 'I2x': 0.0003608174805710749, 'I2y': 2.8604461013623854e-05, 'I2z': 0.0003807328052185938}, 'init_theta_std_deg': 7.079224897570555, 'init_alpha_std_deg': 6.232919542957123, 'init_theta_dot_std': 0.35138856382602857, 'init_alpha_dot_std': 1.0116449165429615, 'pwm_limit': 152.51251032709015, 'pwm_gain': 0.9889049147431798, 'pwm_bias': -0.8590874494132734, 'pwm_deadzone': 4.925424601390471, 'pwm_noise_sigma': 0.4774061610052758, 'actuator_tau': 0.006707576744918667, 'action_delay_steps': 0, 'theta_bias': 0.0008511051369098844, 'alpha_bias': 0.005066057443013271, 'theta_sigma': 0.00036501675686387026, 'alpha_sigma': 0.0026347042447256675, 'theta_dot_sigma': 0.1423775529558102, 'alpha_dot_sigma': 0.12482121362417932, 'encoder_quantization_rad': 0.0006533783885360742, 'velocity_lpf': 0.25, 'process_theta_dot_sigma': 0.0, 'process_alpha_dot_sigma': 0.0}"
4260000,4,randomization_0.50,0.5,"{'level': 0.5, 'physical': {'g': 9.953961694738672, 'c_theta': 0.047040241379901204, 'c_alpha': 0.002673789523053724, 'k_t': 0.2158344271255263, 'k_b': 0.20635638401769268, 'k_u': 0.04117161513849351, 'R': 4.439461011170823, 'm1': 0.20003481599693296, 'm2': 0.16436413881667147, 'l1cg': 0.08335882880465202, 'l1': 0.15775272707468235, 'l2cg': 0.072824183528344, 'I1z': 0.00060402595217026, 'I2x': 0.00040270470505323805, 'I2y': 3.114916356198762e-05, 'I2z': 0.0004039704443211358}, 'init_theta_std_deg': 5.5684675487119835, 'init_alpha_std_deg': 7.693132510999702, 'init_theta_dot_std': 0.1119261550010055, 'init_alpha_dot_std': 1.1155241718634419, 'pwm_limit': 153.5432857835021, 'pwm_gain': 1.019312090826024, 'pwm_bias': 1.6238797791903417, 'pwm_deadzone': 3.5949373427835063, 'pwm_noise_sigma': 0.4120547730983134, 'actuator_tau': 0.006275767646925379, 'action_delay_steps': 1, 'theta_bias': -0.002078506563245477, 'alpha_bias': 0.0005478353520373158, 'theta_sigma': 0.0018788227732375756, 'alpha_sigma': 0.001844371051980378, 'theta_dot_sigma': 0.01621943790653458, 'alpha_dot_sigma': 0.18412688858797263, 'encoder_quantization_rad': 0.0005518139085120741, 'velocity_lpf': 0.24369253850857003, 'process_theta_dot_sigma': 0.0, 'process_alpha_dot_sigma': 0.0}"
4262000,4,randomization_0.50,0.5,"{'level': 0.5, 'physical': {'g': 9.996355817311601, 'c_theta': 0.02374932799523179, 'c_alpha': 0.0012649764942693844, 'k_t': 0.22538528903814833, 'k_b': 0.1898169503928343, 'k_u': 0.04542115206979483, 'R': 3.8836915309200393, 'm1': 0.21393809438087422, 'm2': 0.15673880610396437, 'l1cg': 0.07440507936154017, 'l1': 0.15267828610776205, 'l2cg': 0.074944658055105, 'I1z': 0.0004195502638732198, 'I2x': 0.0003718172964060662, 'I2y': 2.0566766031425232e-05, 'I2z': 0.0005021529335844228}, 'init_theta_std_deg': 6.887246349054882, 'init_alpha_std_deg': 10.417862089053022, 'init_theta_dot_std': 0.11903988642966684, 'init_alpha_dot_std': 1.0112459612288605, 'pwm_limit': 136.08630687564076, 'pwm_gain': 0.9505429165752446, 'pwm_bias': -1.4155287881551795, 'pwm_deadzone': 4.543827349821471, 'pwm_noise_sigma': 0.8265488212211314, 'actuator_tau': 0.012419290308291718, 'action_delay_steps': 1, 'theta_bias': -0.0039033044788612946, 'alpha_bias': -0.001376245392198756, 'theta_sigma': 0.0012834754945249144, 'alpha_sigma': 0.008121813313472795, 'theta_dot_sigma': 0.10719121383446036, 'alpha_dot_sigma': 0.29902773696330254, 'encoder_quantization_rad': 8.411664103251112e-05, 'velocity_lpf': 0.25, 'process_theta_dot_sigma': 0.0, 'process_alpha_dot_sigma': 0.0}"
4264000,4,randomization_0.50,0.5,"{'level': 0.5, 'physical': {'g': 9.64717693531163, 'c_theta': 0.02672929840359184, 'c_alpha': 0.0007340127729096576, 'k_t': 0.21683620846939297, 'k_b': 0.16829194556117139, 'k_u': 0.04035774333951237, 'R': 4.037216574464746, 'm1': 0.21756392738241198, 'm2': 0.16406627335870402, 'l1cg': 0.07687215430641957, 'l1': 0.14528819356988396, 'l2cg': 0.0693455050532151, 'I1z': 0.0005214956447649588, 'I2x': 0.0003466322325931901, 'I2y': 2.6216393237132867e-05, 'I2z': 0.0003970872663381364}, 'init_theta_std_deg': 6.867153089811247, 'init_alpha_std_deg': 10.555340559863906, 'init_theta_dot_std': 0.6027361917977031, 'init_alpha_dot_std': 0.8336692493077157, 'pwm_limit': 151.44434279563208, 'pwm_gain': 0.9961396990020274, 'pwm_bias': -0.6082856477747383, 'pwm_deadzone': 1.2474117877168978, 'pwm_noise_sigma': 0.811203047323751, 'actuator_tau': 0.008354169161313568, 'action_delay_steps': 1, 'theta_bias': 0.0018528010204842162, 'alpha_bias': -0.005499035065363458, 'theta_sigma': 0.00206643624478281, 'alpha_sigma': 0.009895887264394556, 'theta_dot_sigma': 0.023525993847312337, 'alpha_dot_sigma': 0.26583275763515873, 'encoder_quantization_rad': 0.0005591359426679044, 'velocity_lpf': 0.25, 'process_theta_dot_sigma': 0.0, 'process_alpha_dot_sigma': 0.0}"
4266000,4,randomization_0.50,0.5,"{'level': 0.5, 'physical': {'g': 9.707448796397532, 'c_theta': 0.04691873450197076, 'c_alpha': 0.0023332024998136904, 'k_t': 0.21876617128340947, 'k_b': 0.1646458022561705, 'k_u': 0.04843215028654418, 'R': 4.13458919704223, 'm1': 0.220750194040468, 'm2': 0.1683465443674063, 'l1cg': 0.07769311552512106, 'l1': 0.1507314014603569, 'l2cg': 0.06236365670304971, 'I1z': 0.0004713370142759255, 'I2x': 0.000361473942638627, 'I2y': 2.151132000210373e-05, 'I2z': 0.00039888588868988966}, 'init_theta_std_deg': 6.884099498758712, 'init_alpha_std_deg': 11.73400013593623, 'init_theta_dot_std': 0.6470877347465921, 'init_alpha_dot_std': 0.5102541934980311, 'pwm_limit': 144.71764453033674, 'pwm_gain': 1.0004527428060175, 'pwm_bias': -1.1072632225679304, 'pwm_deadzone': 3.441497991414068, 'pwm_noise_sigma': 0.5342771558002873, 'actuator_tau': 0.010971564018282472, 'action_delay_steps': 0, 'theta_bias': -0.0003720252414928682, 'alpha_bias': 0.004088979999697809, 'theta_sigma': 0.0014423610498557702, 'alpha_sigma': 0.006243665995895947, 'theta_dot_sigma': 0.0839773458586006, 'alpha_dot_sigma': 0.23959782306783495, 'encoder_quantization_rad': 7.062833822721471e-05, 'velocity_lpf': 0.25, 'process_theta_dot_sigma': 0.0, 'process_alpha_dot_sigma': 0.0}"
4268000,4,randomization_0.50,0.5,"{'level': 0.5, 'physical': {'g': 10.029155417362185, 'c_theta': 0.030148876595621266, 'c_alpha': 0.0008209748373846864, 'k_t': 0.24574830210252638, 'k_b': 0.17793932553629171, 'k_u': 0.053502031080548434, 'R': 4.672495991268114, 'm1': 0.1974049715380425, 'm2': 0.14865393709896826, 'l1cg': 0.07516079144508377, 'l1': 0.15053483188535952, 'l2cg': 0.06579703255734799, 'I1z': 0.0004458472770271821, 'I2x': 0.0003440490026364688, 'I2y': 2.4851924344957607e-05, 'I2z': 0.0003048162227985098}, 'init_theta_std_deg': 6.7965320232176705, 'init_alpha_std_deg': 7.296966645878355, 'init_theta_dot_std': 0.33388127270338525, 'init_alpha_dot_std': 0.5284905981836492, 'pwm_limit': 151.50113021893569, 'pwm_gain': 1.0389379495236615, 'pwm_bias': 0.5095155548678378, 'pwm_deadzone': 1.1686063629701915, 'pwm_noise_sigma': 0.1451497296854919, 'actuator_tau': 0.007335108458128709, 'action_delay_steps': 1, 'theta_bias': -0.0041833809163771465, 'alpha_bias': -0.0051511937898319, 'theta_sigma': 6.468907967558346e-05, 'alpha_sigma': 0.004781196924691207, 'theta_dot_sigma': 0.14189605487290827, 'alpha_dot_sigma': 0.11453117666823585, 'encoder_quantization_rad': 0.0006505202692938392, 'velocity_lpf': 0.25, 'process_theta_dot_sigma': 0.0, 'process_alpha_dot_sigma': 0.0}"
4270000,4,randomization_0.50,0.5,"{'level': 0.5, 'physical': {'g': 9.805528188904974, 'c_theta': 0.05206647567779941, 'c_alpha': 0.0016879579094344298, 'k_t': 0.21644804874203624, 'k_b': 0.16966381852241202, 'k_u': 0.04986114083426944, 'R': 4.763498502123733, 'm1': 0.2160964595291918, 'm2': 0.15213087998797192, 'l1cg': 0.0797626599065156, 'l1': 0.14533916240494799, 'l2cg': 0.07074328985499778, 'I1z': 0.0006111168408963241, 'I2x': 0.00037128549326822066, 'I2y': 2.3206276336050177e-05, 'I2z': 0.0003463388948139825}, 'init_theta_std_deg': 5.408470894592156, 'init_alpha_std_deg': 10.690427692490339, 'init_theta_dot_std': 0.3241808136591667, 'init_alpha_dot_std': 0.7827539692135308, 'pwm_limit': 146.10595134142562, 'pwm_gain': 1.0199972677418023, 'pwm_bias': -1.2591265647831684, 'pwm_deadzone': 2.6246544180305627, 'pwm_noise_sigma': 0.015222810162622502, 'actuator_tau': 0.005320874796001308, 'action_delay_steps': 0, 'theta_bias': -0.004610738762204365, 'alpha_bias': 0.0028555391784480105, 'theta_sigma': 0.001074869111532182, 'alpha_sigma': 0.002494300488749517, 'theta_dot_sigma': 0.11598958220954252, 'alpha_dot_sigma': 0.06051458508606408, 'encoder_quantization_rad': 9.822510690563185e-05, 'velocity_lpf': 0.25, 'process_theta_dot_sigma': 0.0, 'process_alpha_dot_sigma': 0.0}"
4272000,4,randomization_0.50,0.5,"{'level': 0.5, 'physical': {'g': 9.781844862760357, 'c_theta': 0.019670702279199436, 'c_alpha': 0.000963027401097283, 'k_t': 0.22831232680699148, 'k_b': 0.19875596720885375, 'k_u': 0.041026256195072656, 'R': 4.764484983516242, 'm1': 0.22816272703820567, 'm2': 0.15172469165787678, 'l1cg': 0.0786584934924294, 'l1': 0.15233376079693223, 'l2cg': 0.07204714781186643, 'I1z': 0.0004401443806246134, 'I2x': 0.0003356882221536271, 'I2y': 2.7022082398390055e-05, 'I2z': 0.0003047991150966032}, 'init_theta_std_deg': 4.544979338006618, 'init_alpha_std_deg': 10.717651767566693, 'init_theta_dot_std': 0.034542059586630036, 'init_alpha_dot_std': 0.4652859411811687, 'pwm_limit': 151.75092250356644, 'pwm_gain': 1.0467442400766973, 'pwm_bias': 0.5093889128107252, 'pwm_deadzone': 0.809118735822818, 'pwm_noise_sigma': 0.5303021131901529, 'actuator_tau': 0.01400121255044715, 'action_delay_steps': 0, 'theta_bias': 0.00019343109797354875, 'alpha_bias': -0.0052164317310114325, 'theta_sigma': 2.798016525076852e-05, 'alpha_sigma': 0.0085832462129152, 'theta_dot_sigma': 0.16544297237795846, 'alpha_dot_sigma': 0.1931602313076423, 'encoder_quantization_rad': 0.0007443641655655741, 'velocity_lpf': 0.25939195664304904, 'process_theta_dot_sigma': 0.0, 'process_alpha_dot_sigma': 0.0}"
4274000,4,randomization_0.50,0.5,"{'level': 0.5, 'physical': {'g': 9.841229435584381, 'c_theta': 0.03517223014343144, 'c_alpha': 0.002111148992346259, 'k_t': 0.20519083183029557, 'k_b': 0.17308056100810668, 'k_u': 0.05367808120121156, 'R': 4.813271688611244, 'm1': 0.18186521002405082, 'm2': 0.15864025405047097, 'l1cg': 0.07744886773957967, 'l1': 0.1519006422716791, 'l2cg': 0.06522756327475288, 'I1z': 0.00038243950514645227, 'I2x': 0.00040552926925965425, 'I2y': 2.0920583348269978e-05, 'I2z': 0.00032024531201917155}, 'init_theta_std_deg': 5.901233616592237, 'init_alpha_std_deg': 11.708786264709799, 'init_theta_dot_std': 0.4080388120530958, 'init_alpha_dot_std': 0.11855384747273323, 'pwm_limit': 142.40445114386094, 'pwm_gain': 0.9731563095456176, 'pwm_bias': -1.6888817720901637, 'pwm_deadzone': 1.3464399358968664, 'pwm_noise_sigma': 0.9674849565229862, 'actuator_tau': 0.003958650470290518, 'action_delay_steps': 0, 'theta_bias': -0.0007531461766255709, 'alpha_bias': 0.0022973656389787918, 'theta_sigma': 0.0005029333468812056, 'alpha_sigma': 0.009681328899394145, 'theta_dot_sigma': 0.135707970631351, 'alpha_dot_sigma': 0.010164275732712235, 'encoder_quantization_rad': 0.0006718422875337884, 'velocity_lpf': 0.2712116447151802, 'process_theta_dot_sigma': 0.0, 'process_alpha_dot_sigma': 0.0}"
4276000,4,randomization_0.50,0.5,"{'level': 0.5, 'physical': {'g': 10.00092265117663, 'c_theta': 0.0490242605115092, 'c_alpha': 0.0025262933103852954, 'k_t': 0.23955288869756136, 'k_b': 0.18798726542140073, 'k_u': 0.04944543167625833, 'R': 3.893244689479705, 'm1': 0.19284153910583846, 'm2': 0.15109465983495313, 'l1cg': 0.08400456073712045, 'l1': 0.1528354742456728, 'l2cg': 0.07359214647445406, 'I1z': 0.0005982219476780031, 'I2x': 0.00036102067648165567, 'I2y': 2.7849967444666004e-05, 'I2z': 0.0005020309759466758}, 'init_theta_std_deg': 6.816749925948642, 'init_alpha_std_deg': 6.777812724523528, 'init_theta_dot_std': 0.4313324637858785, 'init_alpha_dot_std': 0.33130489330187207, 'pwm_limit': 152.55345921068525, 'pwm_gain': 1.0148545263757087, 'pwm_bias': 1.330973168903677, 'pwm_deadzone': 0.6448348808140225, 'pwm_noise_sigma': 0.04769466250538168, 'actuator_tau': 0.005799516302985782, 'action_delay_steps': 0, 'theta_bias': 0.004370223928784541, 'alpha_bias': -0.001653433063893036, 'theta_sigma': 0.0004568412588238771, 'alpha_sigma': 8.330246198305025e-05, 'theta_dot_sigma': 0.1430720584011264, 'alpha_dot_sigma': 0.27193034721340753, 'encoder_quantization_rad': 0.0004491820371853831, 'velocity_lpf': 0.25, 'process_theta_dot_sigma': 0.0, 'process_alpha_dot_sigma': 0.0}"
4278000,4,randomization_0.50,0.5,"{'level': 0.5, 'physical': {'g': 10.010201832381497, 'c_theta': 0.028489997049744833, 'c_alpha': 0.001600428387796063, 'k_t': 0.253818058020379, 'k_b': 0.18181194822544963, 'k_u': 0.04909121918311232, 'R': 4.290108068987993, 'm1': 0.21789184500356923, 'm2': 0.16652634937046917, 'l1cg': 0.08235162094485053, 'l1': 0.15608161859084257, 'l2cg': 0.069990816516307, 'I1z': 0.000511377437410234, 'I2x': 0.00037882719243642713, 'I2y': 2.234147623442718e-05, 'I2z': 0.0003086995254651945}, 'init_theta_std_deg': 6.682031853375132, 'init_alpha_std_deg': 7.581098202323332, 'init_theta_dot_std': 0.5385556407808803, 'init_alpha_dot_std': 0.5364360651535695, 'pwm_limit': 135.2451188678729, 'pwm_gain': 0.9761556381477914, 'pwm_bias': -1.137356260206416, 'pwm_deadzone': 1.2582826161519671, 'pwm_noise_sigma': 0.37756650976072426, 'actuator_tau': 0.0037104192726864086, 'action_delay_steps': 0, 'theta_bias': -0.0011846229189394265, 'alpha_bias': 0.0046148280882713655, 'theta_sigma': 0.0008024576251185754, 'alpha_sigma': 0.0008789636317480909, 'theta_dot_sigma': 0.10357787442575582, 'alpha_dot_sigma': 0.007857444568808946, 'encoder_quantization_rad': 0.00015712294475343067, 'velocity_lpf': 0.25, 'process_theta_dot_sigma': 0.0, 'process_alpha_dot_sigma': 0.0}"
4280000,4,randomization_0.50,0.5,"{'level': 0.5, 'physical': {'g': 10.01779061004316, 'c_theta': 0.03019106314132712, 'c_alpha': 0.0017628834858541076, 'k_t': 0.2171115904208058, 'k_b': 0.20626845029464227, 'k_u': 0.05345935254754431, 'R': 4.275621229592421, 'm1': 0.20371822194758027, 'm2': 0.15475535922781053, 'l1cg': 0.0837334704356169, 'l1': 0.15640840383631116, 'l2cg': 0.06145955814782568, 'I1z': 0.0006104727664439533, 'I2x': 0.00038057592587045644, 'I2y': 1.898080958957025e-05, 'I2z': 0.0003085727618782648}, 'init_theta_std_deg': 6.2802403160484825, 'init_alpha_std_deg': 8.878329788599647, 'init_theta_dot_std': 0.7437155801142145, 'init_alpha_dot_std': 0.5322185717365746, 'pwm_limit': 135.15960775425356, 'pwm_gain': 1.0107447181479727, 'pwm_bias': 1.4171938122193914, 'pwm_deadzone': 3.3511572514161365, 'pwm_noise_sigma': 0.5998834347329242, 'actuator_tau': 0.004605200743279601, 'action_delay_steps': 0, 'theta_bias': 0.0016551786227212517, 'alpha_bias': -0.005714595598136481, 'theta_sigma': 0.00041191935368627386, 'alpha_sigma': 0.009949871955587674, 'theta_dot_sigma': 0.1550264728219961, 'alpha_dot_sigma': 0.14643886182746504, 'encoder_quantization_rad': 0.0005557901226718282, 'velocity_lpf': 0.2686378029370742, 'process_theta_dot_sigma': 0.0, 'process_alpha_dot_sigma': 0.0}"
4282000,4,randomization_0.50,0.5,"{'level': 0.5, 'physical': {'g': 9.878378985372168, 'c_theta': 0.015790870996652297, 'c_alpha': 0.0013897260190062787, 'k_t': 0.225534780174617, 'k_b': 0.20128479214669337, 'k_u': 0.0444428543803266, 'R': 4.3566810736304555, 'm1': 0.21196307128384634, 'm2': 0.1641739718631869, 'l1cg': 0.07661681072997144, 'l1': 0.15025595844966314, 'l2cg': 0.07403529293787406, 'I1z': 0.00046910504962572523, 'I2x': 0.0003757847658198367, 'I2y': 2.854202925334916e-05, 'I2z': 0.0004406168027151681}, 'init_theta_std_deg': 4.927105022040196, 'init_alpha_std_deg': 9.039730241945474, 'init_theta_dot_std': 0.5058979926461157, 'init_alpha_dot_std': 0.7164175156605013, 'pwm_limit': 151.6000654075576, 'pwm_gain': 1.0407320162692066, 'pwm_bias': -0.6490391262858313, 'pwm_deadzone': 2.2697045422372364, 'pwm_noise_sigma': 0.004024148000950412, 'actuator_tau': 0.00145535089712221, 'action_delay_steps': 0, 'theta_bias': -0.0044167629059668955, 'alpha_bias': 0.005239330251492699, 'theta_sigma': 0.0020474796197769325, 'alpha_sigma': 0.008095402050255792, 'theta_dot_sigma': 0.03534613195296352, 'alpha_dot_sigma': 0.15302062342893033, 'encoder_quantization_rad': 0.0007405728640721982, 'velocity_lpf': 0.25, 'process_theta_dot_sigma': 0.0, 'process_alpha_dot_sigma': 0.0}"
4283491,4,randomization_0.50,0.5,"{'level': 0.5, 'physical': {'g': 9.946136722287996, 'c_theta': 0.03784160089336784, 'c_alpha': 0.0012753332272729347, 'k_t': 0.25835153641980013, 'k_b': 0.17296780864544054, 'k_u': 0.04804345543331531, 'R': 4.506569844975023, 'm1': 0.22135408988547864, 'm2': 0.16553358744186367, 'l1cg': 0.0837006503673144, 'l1': 0.1552768311051498, 'l2cg': 0.059615654765533314, 'I1z': 0.0005369746018219445, 'I2x': 0.0003884831402494669, 'I2y': 3.276523053259106e-05, 'I2z': 0.0004012230472059735}, 'init_theta_std_deg': 6.015869756634977, 'init_alpha_std_deg': 8.386310799179958, 'init_theta_dot_std': 0.4348863922404897, 'init_alpha_dot_std': 0.8682116175913601, 'pwm_limit': 139.3205901918719, 'pwm_gain': 0.9738462039606057, 'pwm_bias': 1.583892142982346, 'pwm_deadzone': 3.698768558857854, 'pwm_noise_sigma': 0.9872992852973475, 'actuator_tau': 0.014970769456079879, 'action_delay_steps': 0, 'theta_bias': -0.0013960984396992604, 'alpha_bias': 0.0021507118893089277, 'theta_sigma': 0.0015732659728063376, 'alpha_sigma': 0.003134078855865827, 'theta_dot_sigma': 0.10931157649773157, 'alpha_dot_sigma': 0.01888855704380189, 'encoder_quantization_rad': 0.0006789189112609379, 'velocity_lpf': 0.24223150794841192, 'process_theta_dot_sigma': 0.0, 'process_alpha_dot_sigma': 0.0}"
4285491,4,randomization_0.50,0.5,"{'level': 0.5, 'physical': {'g': 9.79255117049412, 'c_theta': 0.027928482978211246, 'c_alpha': 0.0019241371206114573, 'k_t': 0.23491350872326558, 'k_b': 0.17923224212862118, 'k_u': 0.04339948719108506, 'R': 4.302181832981357, 'm1': 0.19063773117668467, 'm2': 0.16188844631803118, 'l1cg': 0.08193838106098354, 'l1': 0.14972606450112894, 'l2cg': 0.06487320971425627, 'I1z': 0.00044656621961736343, 'I2x': 0.00035918678626942023, 'I2y': 2.5086247814998645e-05, 'I2z': 0.00030455673421138596}, 'init_theta_std_deg': 4.241766735836926, 'init_alpha_std_deg': 11.920342578071555, 'init_theta_dot_std': 0.2670821170549528, 'init_alpha_dot_std': 0.1649415415181943, 'pwm_limit': 149.9865059778353, 'pwm_gain': 1.0378984357551422, 'pwm_bias': 1.7206692993035575, 'pwm_deadzone': 4.137306915679863, 'pwm_noise_sigma': 0.4972125145359758, 'actuator_tau': 0.009980983079626967, 'action_delay_steps': 0, 'theta_bias': -0.0027072280169914277, 'alpha_bias': -0.003174574955221483, 'theta_sigma': 0.0003138653653868223, 'alpha_sigma': 0.001205045836591999, 'theta_dot_sigma': 0.1441368317919487, 'alpha_dot_sigma': 0.26863877988419893, 'encoder_quantization_rad': 0.000715965270196377, 'velocity_lpf': 0.25, 'process_theta_dot_sigma': 0.0, 'process_alpha_dot_sigma': 0.0}"
4287491,4,randomization_0.50,0.5,"{'level': 0.5, 'physical': {'g': 9.686075623836214, 'c_theta': 0.01593531150230122, 'c_alpha': 0.0010048047280991617, 'k_t': 0.23738244638337996, 'k_b': 0.19102895500939177, 'k_u': 0.04796537180824544, 'R': 4.500597094599553, 'm1': 0.22249526445671622, 'm2': 0.16301420893939184, 'l1cg': 0.07905857035649505, 'l1': 0.14720687194835977, 'l2cg': 0.07072681928360494, 'I1z': 0.0005497126066969366, 'I2x': 0.0003724529606018618, 'I2y': 3.224718161490914e-05, 'I2z': 0.0004560207495186088}, 'init_theta_std_deg': 5.909723231238571, 'init_alpha_std_deg': 8.214194242594948, 'init_theta_dot_std': 0.6647817709398696, 'init_alpha_dot_std': 0.558132131203344, 'pwm_limit': 151.96031148735793, 'pwm_gain': 1.0380429528791524, 'pwm_bias': 0.31152288672804884, 'pwm_deadzone': 0.8868468627528298, 'pwm_noise_sigma': 0.6737383524342535, 'actuator_tau': 0.0004359265500400561, 'action_delay_steps': 0, 'theta_bias': -0.0009151119162749011, 'alpha_bias': -0.005219074299343749, 'theta_sigma': 5.902369107481742e-05, 'alpha_sigma': 0.006283137096912158, 'theta_dot_sigma': 0.027971452297154028, 'alpha_dot_sigma': 0.26176085499647467, 'encoder_quantization_rad': 9.153410585792909e-05, 'velocity_lpf': 0.26894982749864643, 'process_theta_dot_sigma': 0.0, 'process_alpha_dot_sigma': 0.0}"
4289491,4,randomization_0.50,0.5,"{'level': 0.5, 'physical': {'g': 9.745708027041651, 'c_theta': 0.05277809561700624, 'c_alpha': 0.002198705439792741, 'k_t': 0.2577676585163928, 'k_b': 0.17922223464579637, 'k_u': 0.05227299902129728, 'R': 3.932033181171695, 'm1': 0.19288471718153774, 'm2': 0.1668349949431965, 'l1cg': 0.07472133391754375, 'l1': 0.14519330358685212, 'l2cg': 0.06183904537286847, 'I1z': 0.0005098466613083575, 'I2x': 0.00038734447327807783, 'I2y': 2.6238159562926543e-05, 'I2z': 0.0002864651762996237}, 'init_theta_std_deg': 6.749915952778702, 'init_alpha_std_deg': 7.389112694094363, 'init_theta_dot_std': 0.055343912666862005, 'init_alpha_dot_std': 0.04972716232951174, 'pwm_limit': 153.7180242553651, 'pwm_gain': 1.0023664758599944, 'pwm_bias': 0.552465807467382, 'pwm_deadzone': 0.7666940796945954, 'pwm_noise_sigma': 0.8061279964676601, 'actuator_tau': 0.012046334057317495, 'action_delay_steps': 1, 'theta_bias': -0.001179749288855595, 'alpha_bias': -0.0009223536584832077, 'theta_sigma': 0.002709274413247926, 'alpha_sigma': 0.007330957396636128, 'theta_dot_sigma': 0.111480954212875, 'alpha_dot_sigma': 0.1390200742084764, 'encoder_quantization_rad': 2.9709271627014202e-06, 'velocity_lpf': 0.25, 'process_theta_dot_sigma': 0.0, 'process_alpha_dot_sigma': 0.0}"
4291491,4,randomization_0.50,0.5,"{'level': 0.5, 'physical': {'g': 9.671076115986809, 'c_theta': 0.037502803421758824, 'c_alpha': 0.0006812461892355755, 'k_t': 0.20649043573733467, 'k_b': 0.17956571852485123, 'k_u': 0.05207077423541125, 'R': 4.211186974740931, 'm1': 0.19007625759378133, 'm2': 0.1604693946162699, 'l1cg': 0.07799817431286173, 'l1': 0.14970338443514314, 'l2cg': 0.06254807774809845, 'I1z': 0.0005713511452193497, 'I2x': 0.00035959788418069065, 'I2y': 2.0436933190228527e-05, 'I2z': 0.00042024564248021863}, 'init_theta_std_deg': 3.7565343720559934, 'init_alpha_std_deg': 7.871308693890043, 'init_theta_dot_std': 0.12616280858372492, 'init_alpha_dot_std': 1.121592680522485, 'pwm_limit': 137.47244663630755, 'pwm_gain': 1.026094982061077, 'pwm_bias': 0.8319253057510427, 'pwm_deadzone': 4.873631779525309, 'pwm_noise_sigma': 0.82835998462299, 'actuator_tau': 0.0014363526878636507, 'action_delay_steps': 0, 'theta_bias': 0.003821607195045379, 'alpha_bias': -0.003211780545960283, 'theta_sigma': 0.001342457418061888, 'alpha_sigma': 0.005689292925209934, 'theta_dot_sigma': 0.09144811066158123, 'alpha_dot_sigma': 0.15922036322759006, 'encoder_quantization_rad': 0.0005275405726926055, 'velocity_lpf': 0.25, 'process_theta_dot_sigma': 0.0, 'process_alpha_dot_sigma': 0.0}"
4293491,4,randomization_0.50,0.5,"{'level': 0.5, 'physical': {'g': 9.646287591852744, 'c_theta': 0.02613613922634905, 'c_alpha': 0.0011609274459101274, 'k_t': 0.21351886424424965, 'k_b': 0.18141609950701928, 'k_u': 0.051441550529060916, 'R': 3.998970025565249, 'm1': 0.2250133215012655, 'm2': 0.16873418089470826, 'l1cg': 0.07567039690440441, 'l1': 0.15895326655878456, 'l2cg': 0.060943254718565064, 'I1z': 0.0005475093059903722, 'I2x': 0.00035990839283283645, 'I2y': 2.1858705605270816e-05, 'I2z': 0.00046367034188592323}, 'init_theta_std_deg': 6.447100285866671, 'init_alpha_std_deg': 6.085899370807104, 'init_theta_dot_std': 0.5883681434872677, 'init_alpha_dot_std': 0.49684633574726383, 'pwm_limit': 153.52061476844034, 'pwm_gain': 0.9708738438849702, 'pwm_bias': -1.9150041053640914, 'pwm_deadzone': 3.025068274785276, 'pwm_noise_sigma': 0.16366959041231155, 'actuator_tau': 0.005073321261635976, 'action_delay_steps': 1, 'theta_bias': -0.0008982751578825843, 'alpha_bias': -0.00019768807568625713, 'theta_sigma': 0.0013554319538264805, 'alpha_sigma': 0.008884442995996937, 'theta_dot_sigma': 0.0412328098265312, 'alpha_dot_sigma': 0.2012891781620548, 'encoder_quantization_rad': 0.0003831001021701235, 'velocity_lpf': 0.24891197080767935, 'process_theta_dot_sigma': 0.0, 'process_alpha_dot_sigma': 0.0}"
4295491,4,randomization_0.50,0.5,"{'level': 0.5, 'physical': {'g': 9.94968689782222, 'c_theta': 0.0542708589756759, 'c_alpha': 0.0023294703212699782, 'k_t': 0.2511254915047626, 'k_b': 0.17423981879036754, 'k_u': 0.04667203487646214, 'R': 3.9264708062189984, 'm1': 0.20099468907392115, 'm2': 0.14928681048094247, 'l1cg': 0.08527150056046032, 'l1': 0.15401266133657768, 'l2cg': 0.06635639899396792, 'I1z': 0.0004802957785220421, 'I2x': 0.00038622236591783073, 'I2y': 2.686090822979563e-05, 'I2z': 0.00039274633649697804}, 'init_theta_std_deg': 6.18584518673696, 'init_alpha_std_deg': 10.223051170491011, 'init_theta_dot_std': 0.30156045509008933, 'init_alpha_dot_std': 0.617750511958418, 'pwm_limit': 147.95408739469545, 'pwm_gain': 0.9868714797437304, 'pwm_bias': -1.7064912321443946, 'pwm_deadzone': 1.2352277480109635, 'pwm_noise_sigma': 0.5927403452432192, 'actuator_tau': 0.01056324715917305, 'action_delay_steps': 1, 'theta_bias': -0.001078095883663498, 'alpha_bias': 0.0008263131546948923, 'theta_sigma': 0.0028720853411180903, 'alpha_sigma': 0.0015412981159170815, 'theta_dot_sigma': 0.13891652317318318, 'alpha_dot_sigma': 0.15792608666703115, 'encoder_quantization_rad': 0.000394626737969347, 'velocity_lpf': 0.2607892279760547, 'process_theta_dot_sigma': 0.0, 'process_alpha_dot_sigma': 0.0}"
4297491,4,randomization_0.50,0.5,"{'level': 0.5, 'physical': {'g': 9.980137509132064, 'c_theta': 0.03852386212731722, 'c_alpha': 0.0014428185846595651, 'k_t': 0.24576765291012576, 'k_b': 0.18259090544941503, 'k_u': 0.053886617670497974, 'R': 4.605857575994815, 'm1': 0.1874560484630948, 'm2': 0.160840615784381, 'l1cg': 0.08332100180716823, 'l1': 0.15644048223204798, 'l2cg': 0.06737429453713785, 'I1z': 0.0005399971025443726, 'I2x': 0.00034813680341561895, 'I2y': 1.9982514704870643e-05, 'I2z': 0.00048018410273289184}, 'init_theta_std_deg': 4.367438073247488, 'init_alpha_std_deg': 7.227495434355701, 'init_theta_dot_std': 0.6877042229706758, 'init_alpha_dot_std': 0.19725747543409847, 'pwm_limit': 138.16795367243483, 'pwm_gain': 0.9576564143963647, 'pwm_bias': 1.7498210252438215, 'pwm_deadzone': 1.4488942955032813, 'pwm_noise_sigma': 0.48853467345031565, 'actuator_tau': 0.009629253319959973, 'action_delay_steps': 0, 'theta_bias': -0.004757349001852992, 'alpha_bias': 0.004337632005572095, 'theta_sigma': 0.0026334646149547276, 'alpha_sigma': 0.007117828270085903, 'theta_dot_sigma': 0.13590397536959967, 'alpha_dot_sigma': 0.04843426481377037, 'encoder_quantization_rad': 1.573269396681426e-05, 'velocity_lpf': 0.25, 'process_theta_dot_sigma': 0.0, 'process_alpha_dot_sigma': 0.0}"
4299491,4,randomization_0.50,0.5,"{'level': 0.5, 'physical': {'g': 9.881902944758908, 'c_theta': 0.05545281746806588, 'c_alpha': 0.0009812337531841578, 'k_t': 0.21799577743486276, 'k_b': 0.2102227276907619, 'k_u': 0.052350344533070144, 'R': 4.422670406844605, 'm1': 0.22325233384995294, 'm2': 0.1516727439345246, 'l1cg': 0.0839174473279387, 'l1': 0.15537610728883475, 'l2cg': 0.06395295243475453, 'I1z': 0.0005576462473848839, 'I2x': 0.00035669135149638475, 'I2y': 2.63093166525097e-05, 'I2z': 0.0004031278161279932}, 'init_theta_std_deg': 3.687443531398886, 'init_alpha_std_deg': 8.721944221655285, 'init_theta_dot_std': 0.2796777575522004, 'init_alpha_dot_std': 0.1278089349564597, 'pwm_limit': 135.02017057040754, 'pwm_gain': 1.0060522396466454, 'pwm_bias': -0.5148027076813464, 'pwm_deadzone': 3.2212424008164016, 'pwm_noise_sigma': 0.23855609773826703, 'actuator_tau': 0.002380645353141364, 'action_delay_steps': 1, 'theta_bias': 0.003083058551688488, 'alpha_bias': -0.0012887681253771768, 'theta_sigma': 0.0006922794956995222, 'alpha_sigma': 0.002090824781846553, 'theta_dot_sigma': 0.1351064699429095, 'alpha_dot_sigma': 0.20622373106307954, 'encoder_quantization_rad': 1.083857819182804e-05, 'velocity_lpf': 0.23108760490033453, 'process_theta_dot_sigma': 0.0, 'process_alpha_dot_sigma': 0.0}"
4301491,4,randomization_0.50,0.5,"{'level': 0.5, 'physical': {'g': 9.949898069096276, 'c_theta': 0.03605259802870788, 'c_alpha': 0.0007295167469823626, 'k_t': 0.22696361083034558, 'k_b': 0.17538115350103728, 'k_u': 0.05131115307239925, 'R': 4.276011963622717, 'm1': 0.19467948641146132, 'm2': 0.15373790913285565, 'l1cg': 0.07746138551092248, 'l1': 0.15266435656717767, 'l2cg': 0.07390996357905627, 'I1z': 0.0006434447315525442, 'I2x': 0.000403625069678289, 'I2y': 2.3021635330682604e-05, 'I2z': 0.00027851210637686285}, 'init_theta_std_deg': 4.595063812390119, 'init_alpha_std_deg': 11.39877333876014, 'init_theta_dot_std': 0.3747009713862367, 'init_alpha_dot_std': 1.0983517069197442, 'pwm_limit': 138.71065648081557, 'pwm_gain': 0.9663137467224908, 'pwm_bias': -1.8867531574398315, 'pwm_deadzone': 4.005311583972483, 'pwm_noise_sigma': 0.08583085487257869, 'actuator_tau': 0.00199774187595051, 'action_delay_steps': 0, 'theta_bias': -0.0010418606953908648, 'alpha_bias': 0.0023639244612601723, 'theta_sigma': 0.002164082175767345, 'alpha_sigma': 0.004615080033814344, 'theta_dot_sigma': 0.11584768304630752, 'alpha_dot_sigma': 0.03926489332284796, 'encoder_quantization_rad': 0.0004780958070095887, 'velocity_lpf': 0.25, 'process_theta_dot_sigma': 0.0, 'process_alpha_dot_sigma': 0.0}"
4303491,4,randomization_0.50,0.5,"{'level': 0.5, 'physical': {'g': 10.03487967345361, 'c_theta': 0.02423355581442932, 'c_alpha': 0.002058618614518051, 'k_t': 0.24422260376746982, 'k_b': 0.17826528664279273, 'k_u': 0.04359930557397755, 'R': 4.45967398960385, 'm1': 0.18659548763578993, 'm2': 0.16537001043395969, 'l1cg': 0.08228075506065498, 'l1': 0.15159686609400524, 'l2cg': 0.062259559267073585, 'I1z': 0.0005575769078971273, 'I2x': 0.00036926917269466134, 'I2y': 1.9006487387986714e-05, 'I2z': 0.00030901268720357725}, 'init_theta_std_deg': 4.178069755301915, 'init_alpha_std_deg': 6.542312100473876, 'init_theta_dot_std': 0.013188624413995292, 'init_alpha_dot_std': 0.8131999892387148, 'pwm_limit': 145.8966020837949, 'pwm_gain': 1.0254666090851239, 'pwm_bias': 0.5314364797506865, 'pwm_deadzone': 2.2419281874161516, 'pwm_noise_sigma': 0.02912920066298974, 'actuator_tau': 0.0010908117665061744, 'action_delay_steps': 1, 'theta_bias': 0.0013671878431343243, 'alpha_bias': 0.003038959703686755, 'theta_sigma': 0.001214599444698536, 'alpha_sigma': 0.00038708950080487583, 'theta_dot_sigma': 0.026378011135040416, 'alpha_dot_sigma': 0.035204323353016674, 'encoder_quantization_rad': 0.0006092461174094526, 'velocity_lpf': 0.25, 'process_theta_dot_sigma': 0.0, 'process_alpha_dot_sigma': 0.0}"
4305491,4,randomization_0.50,0.5,"{'level': 0.5, 'physical': {'g': 9.60605450193233, 'c_theta': 0.045694094577680956, 'c_alpha': 0.002579149487745544, 'k_t': 0.22510600079848947, 'k_b': 0.17440845417215903, 'k_u': 0.04620612179940946, 'R': 4.103156241643824, 'm1': 0.19868770091707172, 'm2': 0.15665877122178182, 'l1cg': 0.08369703774773984, 'l1': 0.15293245149328785, 'l2cg': 0.06974333671233601, 'I1z': 0.000626214326436877, 'I2x': 0.0003399621810656225, 'I2y': 2.2490227617460382e-05, 'I2z': 0.0005000324376672433}, 'init_theta_std_deg': 6.478331045540055, 'init_alpha_std_deg': 10.381714164447832, 'init_theta_dot_std': 0.6889499201358136, 'init_alpha_dot_std': 0.11508056704786662, 'pwm_limit': 150.91473234911618, 'pwm_gain': 0.990384212637216, 'pwm_bias': 0.12134280283524301, 'pwm_deadzone': 2.093168280769206, 'pwm_noise_sigma': 0.7332126451486518, 'actuator_tau': 0.014069350658816603, 'action_delay_steps': 1, 'theta_bias': 0.004845934898200786, 'alpha_bias': -0.0009706074715363933, 'theta_sigma': 0.002031146713439684, 'alpha_sigma': 0.005937857012253661, 'theta_dot_sigma': 0.15281623940049974, 'alpha_dot_sigma': 0.02087573967176327, 'encoder_quantization_rad': 0.00012028098444603663, 'velocity_lpf': 0.25, 'process_theta_dot_sigma': 0.0, 'process_alpha_dot_sigma': 0.0}"
4307491,4,randomization_0.50,0.5,"{'level': 0.5, 'physical': {'g': 9.792368190521255, 'c_theta': 0.046416909760562064, 'c_alpha': 0.0007453526810714844, 'k_t': 0.20792390240377917, 'k_b': 0.1831233563132254, 'k_u': 0.04087470140387064, 'R': 4.537446362815113, 'm1': 0.22491259978082798, 'm2': 0.16138112336379432, 'l1cg': 0.08158483213042939, 'l1': 0.15858232204725642, 'l2cg': 0.074985577320882, 'I1z': 0.0005580937513370922, 'I2x': 0.00036801516980904906, 'I2y': 1.9228452804495284e-05, 'I2z': 0.00033107200039441195}, 'init_theta_std_deg': 3.888011825942789, 'init_alpha_std_deg': 6.930412662334357, 'init_theta_dot_std': 0.6831660495173802, 'init_alpha_dot_std': 0.9608357922964416, 'pwm_limit': 137.23811627088156, 'pwm_gain': 0.9905781125703882, 'pwm_bias': 1.345738982547953, 'pwm_deadzone': 3.8790251512191625, 'pwm_noise_sigma': 0.7473176504333714, 'actuator_tau': 0.006744533260942102, 'action_delay_steps': 1, 'theta_bias': 0.0025329047204971267, 'alpha_bias': -0.00020907529548763515, 'theta_sigma': 0.0029421417659942564, 'alpha_sigma': 0.009623618706729788, 'theta_dot_sigma': 0.05617555345823377, 'alpha_dot_sigma': 0.28283544668486815, 'encoder_quantization_rad': 0.00012726114904392563, 'velocity_lpf': 0.24847562261478237, 'process_theta_dot_sigma': 0.0, 'process_alpha_dot_sigma': 0.0}"
4309491,4,randomization_0.50,0.5,"{'level': 0.5, 'physical': {'g': 9.94117212256782, 'c_theta': 0.049250211940191774, 'c_alpha': 0.0009069331889263936, 'k_t': 0.21984586466804817, 'k_b': 0.17580724933937353, 'k_u': 0.05401642735425493, 'R': 4.2476036650829405, 'm1': 0.18448196643291614, 'm2': 0.1654003512532839, 'l1cg': 0.08234515651360534, 'l1': 0.1537941963083462, 'l2cg': 0.06274331288295813, 'I1z': 0.0006353026936681036, 'I2x': 0.00033274926669225164, 'I2y': 2.8373348926673e-05, 'I2z': 0.0004734450361866708}, 'init_theta_std_deg': 5.507872209368658, 'init_alpha_std_deg': 11.186983373257437, 'init_theta_dot_std': 0.48804741070270763, 'init_alpha_dot_std': 1.2204756018045468, 'pwm_limit': 150.06953649488483, 'pwm_gain': 0.9878324833711843, 'pwm_bias': 0.7748582583436097, 'pwm_deadzone': 2.7352900778676057, 'pwm_noise_sigma': 0.6622290609410579, 'actuator_tau': 0.0107676010749612, 'action_delay_steps': 1, 'theta_bias': 0.0014589131685908497, 'alpha_bias': -0.0030430533092032177, 'theta_sigma': 0.0007290191914762408, 'alpha_sigma': 0.005255736821194207, 'theta_dot_sigma': 0.12016542848389655, 'alpha_dot_sigma': 0.06603397698699161, 'encoder_quantization_rad': 0.00016293389918333072, 'velocity_lpf': 0.23690861935541657, 'process_theta_dot_sigma': 0.0, 'process_alpha_dot_sigma': 0.0}"
4311491,4,randomization_0.50,0.5,"{'level': 0.5, 'physical': {'g': 9.672252195477776, 'c_theta': 0.04417319678431525, 'c_alpha': 0.001198123728252116, 'k_t': 0.20730020287316048, 'k_b': 0.20632957324275367, 'k_u': 0.0456510769790578, 'R': 4.19538554626035, 'm1': 0.18092223132279764, 'm2': 0.16242391440406864, 'l1cg': 0.08068716798126331, 'l1': 0.15777264406163655, 'l2cg': 0.06757901368824924, 'I1z': 0.0004789537489214364, 'I2x': 0.00038558784211069076, 'I2y': 3.2645502560166114e-05, 'I2z': 0.0003894203177067801}, 'init_theta_std_deg': 6.517405687934907, 'init_alpha_std_deg': 9.807988830421078, 'init_theta_dot_std': 0.1677353956910813, 'init_alpha_dot_std': 1.1685167282330435, 'pwm_limit': 151.44578809726895, 'pwm_gain': 1.0049989900042835, 'pwm_bias': 0.2514755358625469, 'pwm_deadzone': 1.0369625289091071, 'pwm_noise_sigma': 0.7369211563370122, 'actuator_tau': 0.007784803952017082, 'action_delay_steps': 1, 'theta_bias': 0.0006026847995593388, 'alpha_bias': 0.004571985518263974, 'theta_sigma': 0.0012967460934635202, 'alpha_sigma': 0.008184266275003871, 'theta_dot_sigma': 0.1526708345081408, 'alpha_dot_sigma': 0.016500880794666484, 'encoder_quantization_rad': 0.00012750793197027156, 'velocity_lpf': 0.25, 'process_theta_dot_sigma': 0.0, 'process_alpha_dot_sigma': 0.0}"
4313491,4,randomization_0.50,0.5,"{'level': 0.5, 'physical': {'g': 9.600062460402043, 'c_theta': 0.024217903293650717, 'c_alpha': 0.0024322456463577832, 'k_t': 0.21514580397960673, 'k_b': 0.18949782128203596, 'k_u': 0.04930191229887581, 'R': 4.2334214456992285, 'm1': 0.21218957055333007, 'm2': 0.15603546487073844, 'l1cg': 0.08409222116630456, 'l1': 0.1575741116255836, 'l2cg': 0.07321783342888934, 'I1z': 0.00041148208748480425, 'I2x': 0.00040247971157329575, 'I2y': 1.9651247180954807e-05, 'I2z': 0.0004602856203414695}, 'init_theta_std_deg': 4.8887287059545415, 'init_alpha_std_deg': 9.37052242118095, 'init_theta_dot_std': 0.251126879236926, 'init_alpha_dot_std': 0.8196066732204612, 'pwm_limit': 138.3300394421298, 'pwm_gain': 1.0367085232950861, 'pwm_bias': -0.9944732198858066, 'pwm_deadzone': 3.673361507459936, 'pwm_noise_sigma': 0.1909210905697244, 'actuator_tau': 0.013051282844908418, 'action_delay_steps': 0, 'theta_bias': 0.002242617041433801, 'alpha_bias': -0.00048692874726562164, 'theta_sigma': 0.0020747393637238027, 'alpha_sigma': 0.005694605619767977, 'theta_dot_sigma': 0.17181646808026327, 'alpha_dot_sigma': 0.07203889902545765, 'encoder_quantization_rad': 0.0005845791403653406, 'velocity_lpf': 0.23261883785662205, 'process_theta_dot_sigma': 0.0, 'process_alpha_dot_sigma': 0.0}"
4315491,4,randomization_0.50,0.5,"{'level': 0.5, 'physical': {'g': 9.70599738214472, 'c_theta': 0.030056819993616608, 'c_alpha': 0.0009609174221817624, 'k_t': 0.2449889267968863, 'k_b': 0.16784140517146048, 'k_u': 0.049139952650006764, 'R': 4.074064500220871, 'm1': 0.2259055073184074, 'm2': 0.16986646379877016, 'l1cg': 0.08445031992930833, 'l1': 0.14866618264298292, 'l2cg': 0.0598589154204207, 'I1z': 0.0004893498578842786, 'I2x': 0.00039190534412586193, 'I2y': 3.0383451061860575e-05, 'I2z': 0.0005030683783615333}, 'init_theta_std_deg': 4.230530351167497, 'init_alpha_std_deg': 10.993732632364361, 'init_theta_dot_std': 0.6917889727720581, 'init_alpha_dot_std': 0.5506462763234878, 'pwm_limit': 138.11089003986098, 'pwm_gain': 0.9880231197013611, 'pwm_bias': -1.522505436354359, 'pwm_deadzone': 2.729091698575465, 'pwm_noise_sigma': 0.30903637312318477, 'actuator_tau': 0.003181766202970661, 'action_delay_steps': 0, 'theta_bias': 0.0004915693102198149, 'alpha_bias': -0.00597750132023597, 'theta_sigma': 0.0016708877148410794, 'alpha_sigma': 0.006444982433270813, 'theta_dot_sigma': 0.0715761758881024, 'alpha_dot_sigma': 0.11591520576919427, 'encoder_quantization_rad': 0.00041546451329387577, 'velocity_lpf': 0.26530970373637996, 'process_theta_dot_sigma': 0.0, 'process_alpha_dot_sigma': 0.0}"
4317491,4,randomization_0.50,0.5,"{'level': 0.5, 'physical': {'g': 9.794190918889178, 'c_theta': 0.025969844201051036, 'c_alpha': 0.0024163372170386884, 'k_t': 0.24652489799322078, 'k_b': 0.20218176021274847, 'k_u': 0.052886479870975334, 'R': 4.752896465863408, 'm1': 0.22660948371568257, 'm2': 0.1568143737044578, 'l1cg': 0.07658162492170491, 'l1': 0.14569765959078068, 'l2cg': 0.0650005747865169, 'I1z': 0.0006010703655162477, 'I2x': 0.00039646847541791134, 'I2y': 2.3640406393331785e-05, 'I2z': 0.0004505047555668805}, 'init_theta_std_deg': 4.510751191963349, 'init_alpha_std_deg': 10.736965349738508, 'init_theta_dot_std': 0.13996750556319484, 'init_alpha_dot_std': 0.6213647171712416, 'pwm_limit': 145.3930594087913, 'pwm_gain': 0.9971877096479109, 'pwm_bias': 0.4005629186525268, 'pwm_deadzone': 3.4759084203855255, 'pwm_noise_sigma': 0.05227199392252457, 'actuator_tau': 0.014126979412761153, 'action_delay_steps': 1, 'theta_bias': 0.0035072382632405853, 'alpha_bias': -0.0023839695636669635, 'theta_sigma': 0.0010613055116607496, 'alpha_sigma': 0.007886363058800874, 'theta_dot_sigma': 0.17306321460909707, 'alpha_dot_sigma': 0.2603978594974143, 'encoder_quantization_rad': 0.0005904647542547389, 'velocity_lpf': 0.25, 'process_theta_dot_sigma': 0.0, 'process_alpha_dot_sigma': 0.0}"
4319491,4,randomization_0.50,0.5,"{'level': 0.5, 'physical': {'g': 9.786470285826661, 'c_theta': 0.03352558574677233, 'c_alpha': 0.0022153744586006444, 'k_t': 0.22809976444273616, 'k_b': 0.18393719699661137, 'k_u': 0.04815518781499441, 'R': 4.653165487450773, 'm1': 0.2091612000607535, 'm2': 0.15896301056696824, 'l1cg': 0.08018033772924174, 'l1': 0.14872306100432273, 'l2cg': 0.060494743759766684, 'I1z': 0.0005880188350417024, 'I2x': 0.000362727253431765, 'I2y': 2.499336826531328e-05, 'I2z': 0.000404753603189431}, 'init_theta_std_deg': 4.004959132243869, 'init_alpha_std_deg': 11.539913832948741, 'init_theta_dot_std': 0.5404411346267157, 'init_alpha_dot_std': 1.1360536482798638, 'pwm_limit': 144.98538269113396, 'pwm_gain': 1.0232067567906413, 'pwm_bias': -0.25693912425586385, 'pwm_deadzone': 2.2627147625436113, 'pwm_noise_sigma': 0.6858171292308334, 'actuator_tau': 0.008770010542318895, 'action_delay_steps': 0, 'theta_bias': 0.004677910437286011, 'alpha_bias': -0.004151449418660457, 'theta_sigma': 0.0015912589080679775, 'alpha_sigma': 0.009253135573371573, 'theta_dot_sigma': 0.17051905250828936, 'alpha_dot_sigma': 0.09252270228131149, 'encoder_quantization_rad': 0.000550864973940528, 'velocity_lpf': 0.25, 'process_theta_dot_sigma': 0.0, 'process_alpha_dot_sigma': 0.0}"
4321491,4,randomization_0.50,0.5,"{'level': 0.5, 'physical': {'g': 9.81324020490031, 'c_theta': 0.02699040935586682, 'c_alpha': 0.0020991973165382914, 'k_t': 0.24709163590143296, 'k_b': 0.20037818506186594, 'k_u': 0.05172177416926506, 'R': 4.360706147444955, 'm1': 0.20464317821423186, 'm2': 0.1603280731812401, 'l1cg': 0.08221051846434092, 'l1': 0.15155743351736717, 'l2cg': 0.06702618865520715, 'I1z': 0.0006054263433604422, 'I2x': 0.0003552334191897577, 'I2y': 3.0209014861996028e-05, 'I2z': 0.0004132175423425562}, 'init_theta_std_deg': 4.346724597138415, 'init_alpha_std_deg': 8.641048183626035, 'init_theta_dot_std': 0.13112691690307274, 'init_alpha_dot_std': 0.03102652546674453, 'pwm_limit': 144.83649491409318, 'pwm_gain': 0.9763252494445338, 'pwm_bias': -1.5349266595603606, 'pwm_deadzone': 1.3892591546542932, 'pwm_noise_sigma': 0.3188246432911763, 'actuator_tau': 0.001513465070790858, 'action_delay_steps': 1, 'theta_bias': 0.0011934238903227334, 'alpha_bias': -0.004348866421576722, 'theta_sigma': 0.0006816756618957503, 'alpha_sigma': 0.00583067405523885, 'theta_dot_sigma': 0.03262021248174072, 'alpha_dot_sigma': 0.16807815377088506, 'encoder_quantization_rad': 7.90818215221714e-06, 'velocity_lpf': 0.25, 'process_theta_dot_sigma': 0.0, 'process_alpha_dot_sigma': 0.0}"
4323491,4,randomization_0.50,0.5,"{'level': 0.5, 'physical': {'g': 10.043750183215927, 'c_theta': 0.053046914782351934, 'c_alpha': 0.0025398640673905955, 'k_t': 0.21113413857930377, 'k_b': 0.20515512816095086, 'k_u': 0.045410263460803436, 'R': 4.683987296370101, 'm1': 0.21598611087626582, 'm2': 0.1474852371611152, 'l1cg': 0.08315624051284914, 'l1': 0.14532552165558024, 'l2cg': 0.06497865342376598, 'I1z': 0.0005330263814736031, 'I2x': 0.0003599486488702298, 'I2y': 3.0052464276297698e-05, 'I2z': 0.00032621497867309126}, 'init_theta_std_deg': 3.907940478135683, 'init_alpha_std_deg': 11.720002673151498, 'init_theta_dot_std': 0.37737214099449856, 'init_alpha_dot_std': 0.9107853415793489, 'pwm_limit': 146.58816345494066, 'pwm_gain': 1.0124943979741694, 'pwm_bias': -0.10501302933727263, 'pwm_deadzone': 0.44353406810930196, 'pwm_noise_sigma': 0.6765827875858115, 'actuator_tau': 0.002722227153154954, 'action_delay_steps': 1, 'theta_bias': 0.00435791154735113, 'alpha_bias': -0.005551933798537754, 'theta_sigma': 0.0017609782729105957, 'alpha_sigma': 0.00916074555545553, 'theta_dot_sigma': 0.02225896236451021, 'alpha_dot_sigma': 0.01118648798489653, 'encoder_quantization_rad': 0.00018356177012353675, 'velocity_lpf': 0.25, 'process_theta_dot_sigma': 0.0, 'process_alpha_dot_sigma': 0.0}"
4325491,4,randomization_0.50,0.5,"{'level': 0.5, 'physical': {'g': 9.635998379946077, 'c_theta': 0.031158635822894784, 'c_alpha': 0.0010338834478456078, 'k_t': 0.22568109220823823, 'k_b': 0.17745228683945063, 'k_u': 0.044620986120998324, 'R': 4.383481088916648, 'm1': 0.19441600359170946, 'm2': 0.15895984667221374, 'l1cg': 0.07772497663885028, 'l1': 0.1572657907247096, 'l2cg': 0.06955585893817914, 'I1z': 0.0005589054786009119, 'I2x': 0.0003425586869195983, 'I2y': 3.248463913730005e-05, 'I2z': 0.0003550067503453174}, 'init_theta_std_deg': 7.3867326140459735, 'init_alpha_std_deg': 11.901901869116962, 'init_theta_dot_std': 0.42016592485238136, 'init_alpha_dot_std': 0.6316235359397941, 'pwm_limit': 145.35452866378012, 'pwm_gain': 0.9780691841873612, 'pwm_bias': -1.1191994732853234, 'pwm_deadzone': 1.9337934117607203, 'pwm_noise_sigma': 0.9701126557052259, 'actuator_tau': 0.010202549488011347, 'action_delay_steps': 0, 'theta_bias': 0.0007792421960749285, 'alpha_bias': -0.002842272663000209, 'theta_sigma': 0.001811647502983855, 'alpha_sigma': 0.00966488631944444, 'theta_dot_sigma': 0.16191960576650485, 'alpha_dot_sigma': 0.08388657857996197, 'encoder_quantization_rad': 0.0006485747359890011, 'velocity_lpf': 0.2279190228696122, 'process_theta_dot_sigma': 0.0, 'process_alpha_dot_sigma': 0.0}"
4327491,4,randomization_0.50,0.5,"{'level': 0.5, 'physical': {'g': 9.9090692876013, 'c_theta': 0.01952543384799926, 'c_alpha': 0.0009775271151738938, 'k_t': 0.2248683476213187, 'k_b': 0.1795208126868842, 'k_u': 0.040008329689951064, 'R': 3.9407485573566476, 'm1': 0.21097440688764701, 'm2': 0.16042465839161638, 'l1cg': 0.07862247036368598, 'l1': 0.15097181236667595, 'l2cg': 0.07253465159893821, 'I1z': 0.0005531455302713775, 'I2x': 0.0003595300629386048, 'I2y': 2.788809900727848e-05, 'I2z': 0.0004357736882092281}, 'init_theta_std_deg': 3.9056359427277694, 'init_alpha_std_deg': 10.73634438069946, 'init_theta_dot_std': 0.0569270496757949, 'init_alpha_dot_std': 0.39406472318596575, 'pwm_limit': 143.26495846672893, 'pwm_gain': 1.005767680904022, 'pwm_bias': 0.32432809901274195, 'pwm_deadzone': 4.687266036556817, 'pwm_noise_sigma': 0.47721076041957555, 'actuator_tau': 0.009650167668381098, 'action_delay_steps': 0, 'theta_bias': -0.0025257187356771296, 'alpha_bias': 0.004842635118768325, 'theta_sigma': 0.0012445833509089367, 'alpha_sigma': 0.007136061016201348, 'theta_dot_sigma': 0.1537444044471752, 'alpha_dot_sigma': 0.25368997884109235, 'encoder_quantization_rad': 5.912361644043715e-05, 'velocity_lpf': 0.25, 'process_theta_dot_sigma': 0.0, 'process_alpha_dot_sigma': 0.0}"
4329491,4,randomization_0.50,0.5,"{'level': 0.5, 'physical': {'g': 9.769030803452907, 'c_theta': 0.056014658908314974, 'c_alpha': 0.0021740243221452715, 'k_t': 0.23114638711947713, 'k_b': 0.1758626659268694, 'k_u': 0.04262570777266155, 'R': 4.09803606696048, 'm1': 0.2017693896701422, 'm2': 0.1623175716730674, 'l1cg': 0.08512169996905487, 'l1': 0.14540190186226537, 'l2cg': 0.06904400863886713, 'I1z': 0.0004965932688267775, 'I2x': 0.00039282462812343413, 'I2y': 2.4490702609379176e-05, 'I2z': 0.00046501311632566927}, 'init_theta_std_deg': 7.18412401593114, 'init_alpha_std_deg': 7.1586242672422316, 'init_theta_dot_std': 0.6172168828312048, 'init_alpha_dot_std': 0.2697541276903731, 'pwm_limit': 136.79407243272823, 'pwm_gain': 1.0162765251132237, 'pwm_bias': -1.3942040679195618, 'pwm_deadzone': 0.10039601497014883, 'pwm_noise_sigma': 0.8232354834524428, 'actuator_tau': 0.013546791093522992, 'action_delay_steps': 1, 'theta_bias': -0.004059991832695991, 'alpha_bias': 0.0006997168878994131, 'theta_sigma': 0.0022832399703475556, 'alpha_sigma': 0.0050050001093562895, 'theta_dot_sigma': 0.042533906322684556, 'alpha_dot_sigma': 0.0840869061979209, 'encoder_quantization_rad': 0.000670700239950859, 'velocity_lpf': 0.25, 'process_theta_dot_sigma': 0.0, 'process_alpha_dot_sigma': 0.0}"
4331491,4,randomization_0.50,0.5,"{'level': 0.5, 'physical': {'g': 9.887169231053548, 'c_theta': 0.02739784749876184, 'c_alpha': 0.0017592175546583886, 'k_t': 0.24776933050782846, 'k_b': 0.19779238218320633, 'k_u': 0.046921322595262195, 'R': 4.647035772288466, 'm1': 0.21721784158864502, 'm2': 0.16007553114127418, 'l1cg': 0.08555173367066896, 'l1': 0.15473835894781396, 'l2cg': 0.06303612564729318, 'I1z': 0.0005976924966028173, 'I2x': 0.00038448874026662024, 'I2y': 1.8629578518205174e-05, 'I2z': 0.00043418929197180093}, 'init_theta_std_deg': 5.218283534855548, 'init_alpha_std_deg': 9.835814712957957, 'init_theta_dot_std': 0.231421887475198, 'init_alpha_dot_std': 0.8647313830204415, 'pwm_limit': 147.55232736558705, 'pwm_gain': 0.9514328504845969, 'pwm_bias': -0.20648612568543268, 'pwm_deadzone': 4.258337652223468, 'pwm_noise_sigma': 0.37706033287481344, 'actuator_tau': 0.012395355678522017, 'action_delay_steps': 0, 'theta_bias': -0.003591150555870395, 'alpha_bias': -0.0021963355969824485, 'theta_sigma': 0.002426508642531869, 'alpha_sigma': 0.009326960647039952, 'theta_dot_sigma': 0.12979968311206322, 'alpha_dot_sigma': 0.19442393040910663, 'encoder_quantization_rad': 0.0005315645242507988, 'velocity_lpf': 0.25, 'process_theta_dot_sigma': 0.0, 'process_alpha_dot_sigma': 0.0}"
4333491,4,randomization_0.50,0.5,"{'level': 0.5, 'physical': {'g': 9.769786178443763, 'c_theta': 0.02426898390844026, 'c_alpha': 0.0011906882202559626, 'k_t': 0.22540763792344223, 'k_b': 0.199699355513367, 'k_u': 0.04305190533565596, 'R': 4.8213002011775306, 'm1': 0.18903257146714206, 'm2': 0.17002436530610934, 'l1cg': 0.07649812311168507, 'l1': 0.15797809742759214, 'l2cg': 0.073873671113188, 'I1z': 0.0005003244415480991, 'I2x': 0.00037775833992965095, 'I2y': 2.397578749911545e-05, 'I2z': 0.0004194758986850496}, 'init_theta_std_deg': 7.4508910213156545, 'init_alpha_std_deg': 8.92734418107136, 'init_theta_dot_std': 0.29385702759054644, 'init_alpha_dot_std': 1.086981041593014, 'pwm_limit': 146.89716495169452, 'pwm_gain': 0.9958782522645965, 'pwm_bias': -1.7435236786791637, 'pwm_deadzone': 1.6621531871229922, 'pwm_noise_sigma': 0.27414604916733054, 'actuator_tau': 0.014296197009446851, 'action_delay_steps': 0, 'theta_bias': -0.0011367681840867027, 'alpha_bias': -0.004973834740525523, 'theta_sigma': 0.001024124530410204, 'alpha_sigma': 0.0021708146671619312, 'theta_dot_sigma': 0.14413228864987002, 'alpha_dot_sigma': 0.15017316139409775, 'encoder_quantization_rad': 0.0006564090232528677, 'velocity_lpf': 0.25, 'process_theta_dot_sigma': 0.0, 'process_alpha_dot_sigma': 0.0}"
4335491,4,randomization_0.50,0.5,"{'level': 0.5, 'physical': {'g': 9.914029836291412, 'c_theta': 0.030554851122096743, 'c_alpha': 0.0025520516587940753, 'k_t': 0.23799226787509165, 'k_b': 0.20702767514462042, 'k_u': 0.04866623143576781, 'R': 4.475885460448782, 'm1': 0.2040331413313496, 'm2': 0.16506615997853108, 'l1cg': 0.08622482118447457, 'l1': 0.15859207201576037, 'l2cg': 0.061691163639094986, 'I1z': 0.0005645508374080069, 'I2x': 0.0003723353348950718, 'I2y': 2.207034482478859e-05, 'I2z': 0.0005027185223695402}, 'init_theta_std_deg': 5.342286275872642, 'init_alpha_std_deg': 7.60038656645405, 'init_theta_dot_std': 0.3898582418584776, 'init_alpha_dot_std': 0.8819710938504091, 'pwm_limit': 144.69936089132264, 'pwm_gain': 1.010589671241407, 'pwm_bias': -0.5665632360913397, 'pwm_deadzone': 0.768279240712918, 'pwm_noise_sigma': 0.5480136056563009, 'actuator_tau': 0.014786169272680894, 'action_delay_steps': 1, 'theta_bias': 0.0033613206762035932, 'alpha_bias': 0.002468948839379464, 'theta_sigma': 0.0029986623665557415, 'alpha_sigma': 0.003779719731051834, 'theta_dot_sigma': 0.016430106916767797, 'alpha_dot_sigma': 0.03659612057303839, 'encoder_quantization_rad': 0.00048710108455495807, 'velocity_lpf': 0.25, 'process_theta_dot_sigma': 0.0, 'process_alpha_dot_sigma': 0.0}"
4337491,4,randomization_0.50,0.5,"{'level': 0.5, 'physical': {'g': 9.9799441935821, 'c_theta': 0.05417440331461459, 'c_alpha': 0.000642718830187504, 'k_t': 0.20710567717532558, 'k_b': 0.20014190768372678, 'k_u': 0.04776006316964055, 'R': 4.255423026527444, 'm1': 0.18292997121955196, 'm2': 0.15847141854307556, 'l1cg': 0.086033222425174, 'l1': 0.1500583843653297, 'l2cg': 0.0730903925939362, 'I1z': 0.0005453504530309879, 'I2x': 0.0003768129425242256, 'I2y': 2.9118708758644424e-05, 'I2z': 0.0004103752861982136}, 'init_theta_std_deg': 6.763751878300919, 'init_alpha_std_deg': 9.784402797200555, 'init_theta_dot_std': 0.6007007052559373, 'init_alpha_dot_std': 0.23458516257212292, 'pwm_limit': 141.22041659366434, 'pwm_gain': 1.0038446880007659, 'pwm_bias': 1.2451241645349915, 'pwm_deadzone': 4.331259138759607, 'pwm_noise_sigma': 0.45233869329313825, 'actuator_tau': 0.0005423140877788091, 'action_delay_steps': 1, 'theta_bias': -0.004641131653442484, 'alpha_bias': 0.001617318676665266, 'theta_sigma': 3.373704243620035e-05, 'alpha_sigma': 0.0018589242422503028, 'theta_dot_sigma': 0.002649333821902763, 'alpha_dot_sigma': 0.05720071573870656, 'encoder_quantization_rad': 0.0005919633335858809, 'velocity_lpf': 0.25, 'process_theta_dot_sigma': 0.0, 'process_alpha_dot_sigma': 0.0}"
4339491,4,randomization_0.50,0.5,"{'level': 0.5, 'physical': {'g': 9.748996046787168, 'c_theta': 0.05553772986213143, 'c_alpha': 0.0007920061915986979, 'k_t': 0.21697775400138375, 'k_b': 0.2098465819519192, 'k_u': 0.04363312941713051, 'R': 4.35397286570296, 'm1': 0.2276801001251576, 'm2': 0.1663732775619461, 'l1cg': 0.08266425637793329, 'l1': 0.14571524222794421, 'l2cg': 0.06210637849111431, 'I1z': 0.00039037446748472424, 'I2x': 0.00033227731590029135, 'I2y': 3.057902366829059e-05, 'I2z': 0.0004068080685545251}, 'init_theta_std_deg': 7.206555920257571, 'init_alpha_std_deg': 6.498285533842884, 'init_theta_dot_std': 0.22468617515237013, 'init_alpha_dot_std': 0.6421621555179646, 'pwm_limit': 136.56248856311322, 'pwm_gain': 0.9890446326104807, 'pwm_bias': 1.1974581336333188, 'pwm_deadzone': 0.7272170274411888, 'pwm_noise_sigma': 0.25264633429992145, 'actuator_tau': 0.0037778179646293995, 'action_delay_steps': 1, 'theta_bias': -0.0006884101692108613, 'alpha_bias': 0.004066244990503452, 'theta_sigma': 0.0008839295610186289, 'alpha_sigma': 0.007018237534165014, 'theta_dot_sigma': 0.15156518039946174, 'alpha_dot_sigma': 0.18998048941484827, 'encoder_quantization_rad': 0.0007061701188293838, 'velocity_lpf': 0.25, 'process_theta_dot_sigma': 0.0, 'process_alpha_dot_sigma': 0.0}"
4341491,4,randomization_0.50,0.5,"{'level': 0.5, 'physical': {'g': 9.629036178315504, 'c_theta': 0.025381899536289818, 'c_alpha': 0.0009507392536674572, 'k_t': 0.23895919875478586, 'k_b': 0.1816149026375099, 'k_u': 0.05291534792964185, 'R': 4.101595801874343, 'm1': 0.21859450820561535, 'm2': 0.15487800749720293, 'l1cg': 0.07491092128877025, 'l1': 0.15532988138295478, 'l2cg': 0.06718091159461831, 'I1z': 0.000521870829321434, 'I2x': 0.00036415328103701076, 'I2y': 2.2919514041088465e-05, 'I2z': 0.0004316945584145868}, 'init_theta_std_deg': 3.9730902631263034, 'init_alpha_std_deg': 11.47128512546649, 'init_theta_dot_std': 0.3145960502940336, 'init_alpha_dot_std': 0.8488015768745233, 'pwm_limit': 136.09955444063638, 'pwm_gain': 1.031945563646487, 'pwm_bias': -1.7150530865999838, 'pwm_deadzone': 3.1753315169948153, 'pwm_noise_sigma': 0.8475651387431985, 'actuator_tau': 0.011564276531721722, 'action_delay_steps': 1, 'theta_bias': 0.0016094383368440556, 'alpha_bias': 0.0032179371303986686, 'theta_sigma': 0.001281096096270938, 'alpha_sigma': 0.0038068766128588317, 'theta_dot_sigma': 0.03396796803316375, 'alpha_dot_sigma': 0.14841148404501717, 'encoder_quantization_rad': 0.00037104909146366404, 'velocity_lpf': 0.25, 'process_theta_dot_sigma': 0.0, 'process_alpha_dot_sigma': 0.0}"
4343491,4,randomization_0.50,0.5,"{'level': 0.5, 'physical': {'g': 9.914753851349246, 'c_theta': 0.029298589294905177, 'c_alpha': 0.0012919519604255754, 'k_t': 0.2484209125277359, 'k_b': 0.19217038739267944, 'k_u': 0.04939711185694406, 'R': 4.428836359828763, 'm1': 0.19731934656386232, 'm2': 0.16970798102403797, 'l1cg': 0.07469135366602699, 'l1': 0.15413063366541518, 'l2cg': 0.06379942546274146, 'I1z': 0.0006120084139741615, 'I2x': 0.0003876086952368386, 'I2y': 2.7864719394928945e-05, 'I2z': 0.0004005979487704257}, 'init_theta_std_deg': 6.829783828768134, 'init_alpha_std_deg': 6.220878303405256, 'init_theta_dot_std': 0.35782122610827743, 'init_alpha_dot_std': 0.07447551978496045, 'pwm_limit': 138.02174082297725, 'pwm_gain': 1.0469700196843725, 'pwm_bias': 0.688418008521503, 'pwm_deadzone': 4.0876638692066765, 'pwm_noise_sigma': 0.5502510557599591, 'actuator_tau': 0.012860263006290139, 'action_delay_steps': 0, 'theta_bias': 0.00046384820665033025, 'alpha_bias': 0.003433577362728182, 'theta_sigma': 0.0010879748362781151, 'alpha_sigma': 0.003961196755123462, 'theta_dot_sigma': 0.1136678168660897, 'alpha_dot_sigma': 0.07507622982678064, 'encoder_quantization_rad': 0.00014672857467408623, 'velocity_lpf': 0.25, 'process_theta_dot_sigma': 0.0, 'process_alpha_dot_sigma': 0.0}"
4345491,4,randomization_0.50,0.5,"{'level': 0.5, 'physical': {'g': 9.630173996605551, 'c_theta': 0.052855177531537505, 'c_alpha': 0.001192735840171872, 'k_t': 0.20896676005957202, 'k_b': 0.19603030954061712, 'k_u': 0.05203118457529752, 'R': 4.726408210717212, 'm1': 0.21300963095844425, 'm2': 0.15518016847587032, 'l1cg': 0.07877504528291673, 'l1': 0.1506724982147377, 'l2cg': 0.05914869233289271, 'I1z': 0.0005923161811530918, 'I2x': 0.00034455589361263514, 'I2y': 1.8598069370070114e-05, 'I2z': 0.0003552391755639239}, 'init_theta_std_deg': 6.655137495786477, 'init_alpha_std_deg': 9.148862293709954, 'init_theta_dot_std': 0.660015616453655, 'init_alpha_dot_std': 0.13764639633517178, 'pwm_limit': 152.62735149189479, 'pwm_gain': 1.025808418131548, 'pwm_bias': 1.8879463198577175, 'pwm_deadzone': 2.0907125908314095, 'pwm_noise_sigma': 0.3631674133147247, 'actuator_tau': 0.010014248658582341, 'action_delay_steps': 1, 'theta_bias': 0.004079824938045658, 'alpha_bias': -0.0055754671604855135, 'theta_sigma': 0.0015829588287763023, 'alpha_sigma': 0.007617172793362753, 'theta_dot_sigma': 0.15391613387568587, 'alpha_dot_sigma': 0.10839325239657874, 'encoder_quantization_rad': 0.00018165391516284033, 'velocity_lpf': 0.2539970303648549, 'process_theta_dot_sigma': 0.0, 'process_alpha_dot_sigma': 0.0}"
4347491,4,randomization_0.50,0.5,"{'level': 0.5, 'physical': {'g': 9.800056149954397, 'c_theta': 0.026478669084991524, 'c_alpha': 0.0013439022604751392, 'k_t': 0.22564981749589189, 'k_b': 0.18806288590623754, 'k_u': 0.05170096035154628, 'R': 4.442370892333514, 'm1': 0.20272284283806669, 'm2': 0.1696757505044929, 'l1cg': 0.07754751467964746, 'l1': 0.15179260254818458, 'l2cg': 0.06787985031062915, 'I1z': 0.0006495390562074614, 'I2x': 0.0003466920957732959, 'I2y': 3.1080609669091884e-05, 'I2z': 0.0003691781623818305}, 'init_theta_std_deg': 7.080616244314009, 'init_alpha_std_deg': 9.577316700398772, 'init_theta_dot_std': 0.5406266495181101, 'init_alpha_dot_std': 0.6518380932570849, 'pwm_limit': 144.60818445445682, 'pwm_gain': 0.9544690941905151, 'pwm_bias': -1.411374540124327, 'pwm_deadzone': 1.3576420114931187, 'pwm_noise_sigma': 0.20696076754951886, 'actuator_tau': 0.005328292683814146, 'action_delay_steps': 1, 'theta_bias': 0.004516625144698977, 'alpha_bias': 0.0003528815989474601, 'theta_sigma': 0.0029470125905454196, 'alpha_sigma': 0.009116583104054886, 'theta_dot_sigma': 0.12401657846613882, 'alpha_dot_sigma': 0.15238226490119214, 'encoder_quantization_rad': 0.00073746747232265, 'velocity_lpf': 0.25, 'process_theta_dot_sigma': 0.0, 'process_alpha_dot_sigma': 0.0}"
4349491,4,randomization_0.50,0.5,"{'level': 0.5, 'physical': {'g': 9.690571391079137, 'c_theta': 0.02409093225092386, 'c_alpha': 0.0011690851927417274, 'k_t': 0.22284783289049068, 'k_b': 0.18853830382685313, 'k_u': 0.04776529443161674, 'R': 4.433241571149162, 'm1': 0.2097227109212478, 'm2': 0.14767998739925567, 'l1cg': 0.08316180861932469, 'l1': 0.15719003696921283, 'l2cg': 0.07138874776434613, 'I1z': 0.0006354571688661881, 'I2x': 0.00035019776457383264, 'I2y': 1.7756377361951167e-05, 'I2z': 0.000304436302340176}, 'init_theta_std_deg': 7.210688047725057, 'init_alpha_std_deg': 8.678427631886908, 'init_theta_dot_std': 0.23320733466280383, 'init_alpha_dot_std': 0.7032509276592446, 'pwm_limit': 151.17321407088622, 'pwm_gain': 0.9900305575710583, 'pwm_bias': 1.5696625541957325, 'pwm_deadzone': 0.4844070777853132, 'pwm_noise_sigma': 0.062041655980907606, 'actuator_tau': 0.008668091791648467, 'action_delay_steps': 1, 'theta_bias': 0.000666434751775683, 'alpha_bias': 0.0019725035800456604, 'theta_sigma': 0.0008249620675932304, 'alpha_sigma': 0.005949676885210745, 'theta_dot_sigma': 0.0759402041925933, 'alpha_dot_sigma': 0.1078648296483004, 'encoder_quantization_rad': 0.0007006515308925929, 'velocity_lpf': 0.25, 'process_theta_dot_sigma': 0.0, 'process_alpha_dot_sigma': 0.0}"
4351491,4,randomization_0.50,0.5,"{'level': 0.5, 'physical': {'g': 9.87922607679695, 'c_theta': 0.04371084210131111, 'c_alpha': 0.0021144666253908417, 'k_t': 0.24011841635012876, 'k_b': 0.17493500587535005, 'k_u': 0.041631984600141406, 'R': 3.8584493072479567, 'm1': 0.1977569961567667, 'm2': 0.16317795453976477, 'l1cg': 0.08484767762698911, 'l1': 0.15598992820387353, 'l2cg': 0.06489770456448368, 'I1z': 0.00040682315752552556, 'I2x': 0.00034565150175109617, 'I2y': 2.4649986523750095e-05, 'I2z': 0.0003969386147362236}, 'init_theta_std_deg': 4.915243796607267, 'init_alpha_std_deg': 10.953259961794583, 'init_theta_dot_std': 0.49852726382875456, 'init_alpha_dot_std': 0.3287488064768528, 'pwm_limit': 142.4146290761659, 'pwm_gain': 0.9618223337725049, 'pwm_bias': -0.9891465570943021, 'pwm_deadzone': 1.2767291398162595, 'pwm_noise_sigma': 0.0818816024023521, 'actuator_tau': 0.013591612517145213, 'action_delay_steps': 1, 'theta_bias': 0.0019348606091773158, 'alpha_bias': 0.003748716838350772, 'theta_sigma': 0.0018923878819491965, 'alpha_sigma': 0.005662188382408649, 'theta_dot_sigma': 0.14309720176756482, 'alpha_dot_sigma': 0.10116046729744306, 'encoder_quantization_rad': 7.305783690694384e-05, 'velocity_lpf': 0.25, 'process_theta_dot_sigma': 0.0, 'process_alpha_dot_sigma': 0.0}"
4353491,4,randomization_0.50,0.5,"{'level': 0.5, 'physical': {'g': 9.99648488490165, 'c_theta': 0.04841650643583354, 'c_alpha': 0.0013117898402836476, 'k_t': 0.23346247401416298, 'k_b': 0.18890859187651426, 'k_u': 0.04187795880629818, 'R': 4.243477321165682, 'm1': 0.18476206312709914, 'm2': 0.1621062158539042, 'l1cg': 0.07498467068644153, 'l1': 0.14474503186755425, 'l2cg': 0.06839432895406876, 'I1z': 0.0006388069235943962, 'I2x': 0.0003966810627667767, 'I2y': 2.935778004101165e-05, 'I2z': 0.0004962830404377866}, 'init_theta_std_deg': 6.796469810384325, 'init_alpha_std_deg': 10.7322512850985, 'init_theta_dot_std': 0.25622421408434054, 'init_alpha_dot_std': 1.2038969743143277, 'pwm_limit': 153.61114948465624, 'pwm_gain': 0.982377236975768, 'pwm_bias': -0.07596167245542862, 'pwm_deadzone': 1.3114904599737036, 'pwm_noise_sigma': 0.6043943485090917, 'actuator_tau': 0.0005713696094486542, 'action_delay_steps': 0, 'theta_bias': -0.0005104786578137466, 'alpha_bias': -0.0016944082255703594, 'theta_sigma': 0.0007889652709759266, 'alpha_sigma': 0.00886768947280375, 'theta_dot_sigma': 0.07233883468215552, 'alpha_dot_sigma': 0.19095997255020328, 'encoder_quantization_rad': 0.0006941660447607481, 'velocity_lpf': 0.25, 'process_theta_dot_sigma': 0.0, 'process_alpha_dot_sigma': 0.0}"
4355491,4,randomization_0.50,0.5,"{'level': 0.5, 'physical': {'g': 10.010261799736288, 'c_theta': 0.05315223912744911, 'c_alpha': 0.0026459030148510867, 'k_t': 0.22896754326187505, 'k_b': 0.16935215948580418, 'k_u': 0.048545577025557764, 'R': 4.117283989162758, 'm1': 0.23077810980604146, 'm2': 0.17028174454208134, 'l1cg': 0.08002418801014859, 'l1': 0.15873952983893735, 'l2cg': 0.0678241403761884, 'I1z': 0.0004375876001010947, 'I2x': 0.00034675713773331683, 'I2y': 2.4603438343974093e-05, 'I2z': 0.0004967457260623486}, 'init_theta_std_deg': 3.716356945727396, 'init_alpha_std_deg': 10.83673714594702, 'init_theta_dot_std': 0.015392894330373025, 'init_alpha_dot_std': 0.24089574773827865, 'pwm_limit': 148.92401934015348, 'pwm_gain': 0.96304024959587, 'pwm_bias': -1.7675242103306248, 'pwm_deadzone': 4.262333155949892, 'pwm_noise_sigma': 0.9566603573195781, 'actuator_tau': 0.007713275663198281, 'action_delay_steps': 0, 'theta_bias': 0.003745469573018898, 'alpha_bias': 0.004901829369242984, 'theta_sigma': 0.0001989374192322382, 'alpha_sigma': 0.004621499110937696, 'theta_dot_sigma': 0.15990634677355534, 'alpha_dot_sigma': 0.2598241962216356, 'encoder_quantization_rad': 0.0004980724060500379, 'velocity_lpf': 0.25, 'process_theta_dot_sigma': 0.0, 'process_alpha_dot_sigma': 0.0}"
4357491,4,randomization_0.50,0.5,"{'level': 0.5, 'physical': {'g': 9.943556108542607, 'c_theta': 0.0347899884829391, 'c_alpha': 0.0017815318535257664, 'k_t': 0.20313286424196195, 'k_b': 0.1868342143730434, 'k_u': 0.048273914666011046, 'R': 4.078972905974546, 'm1': 0.2044164161550925, 'm2': 0.14733175627178458, 'l1cg': 0.07657522380953304, 'l1': 0.15696189665182955, 'l2cg': 0.07369266361082197, 'I1z': 0.0003970520308134315, 'I2x': 0.0003609210947433996, 'I2y': 2.060083588838069e-05, 'I2z': 0.00034461121430926905}, 'init_theta_std_deg': 6.014494799890426, 'init_alpha_std_deg': 7.629955442392822, 'init_theta_dot_std': 0.057396226738504835, 'init_alpha_dot_std': 0.012162923697328215, 'pwm_limit': 142.0966877472056, 'pwm_gain': 1.0230304335352203, 'pwm_bias': 1.4720697489560508, 'pwm_deadzone': 4.32606989387193, 'pwm_noise_sigma': 0.40389701868002115, 'actuator_tau': 0.011989789372731804, 'action_delay_steps': 0, 'theta_bias': 0.00313807239184968, 'alpha_bias': 0.0036052373118925225, 'theta_sigma': 0.001854991475782977, 'alpha_sigma': 0.004318184897140508, 'theta_dot_sigma': 0.17188062833884557, 'alpha_dot_sigma': 0.24958312723735798, 'encoder_quantization_rad': 0.0001010303202931205, 'velocity_lpf': 0.25, 'process_theta_dot_sigma': 0.0, 'process_alpha_dot_sigma': 0.0}"
4359491,4,randomization_0.50,0.5,"{'level': 0.5, 'physical': {'g': 9.705456252355471, 'c_theta': 0.0171524071830606, 'c_alpha': 0.0009081215689839641, 'k_t': 0.22657680246333317, 'k_b': 0.1723106957996211, 'k_u': 0.05061020895020669, 'R': 4.439601965595245, 'm1': 0.19220005012970737, 'm2': 0.15687479153635303, 'l1cg': 0.08401946624570382, 'l1': 0.15758124559212733, 'l2cg': 0.06290622514463297, 'I1z': 0.0006421756739188637, 'I2x': 0.00040367260770246755, 'I2y': 2.502360088858143e-05, 'I2z': 0.00035003217820038697}, 'init_theta_std_deg': 6.433591957495658, 'init_alpha_std_deg': 8.933154212288848, 'init_theta_dot_std': 0.2848453480307133, 'init_alpha_dot_std': 0.9224690787966096, 'pwm_limit': 142.60648423167234, 'pwm_gain': 0.9821006603773079, 'pwm_bias': -0.015783136129067454, 'pwm_deadzone': 3.2980212962492295, 'pwm_noise_sigma': 0.5543084537053181, 'actuator_tau': 0.004591250564743179, 'action_delay_steps': 1, 'theta_bias': -0.003096871415834173, 'alpha_bias': 0.0007499171408671916, 'theta_sigma': 0.0021986556502838956, 'alpha_sigma': 0.005806034440395664, 'theta_dot_sigma': 0.04084270592415717, 'alpha_dot_sigma': 0.15102666371142795, 'encoder_quantization_rad': 0.00018811225775410933, 'velocity_lpf': 0.25, 'process_theta_dot_sigma': 0.0, 'process_alpha_dot_sigma': 0.0}"
4361491,4,randomization_0.50,0.5,"{'level': 0.5, 'physical': {'g': 9.829926956071368, 'c_theta': 0.019256387824096135, 'c_alpha': 0.0022527475982523303, 'k_t': 0.20378022534158635, 'k_b': 0.20636754825987755, 'k_u': 0.0540521717900029, 'R': 4.143710556623233, 'm1': 0.1852126648676077, 'm2': 0.15259607000049003, 'l1cg': 0.07647984446519032, 'l1': 0.14924037061392473, 'l2cg': 0.06780735037130685, 'I1z': 0.0005021647531328256, 'I2x': 0.0003422110682778021, 'I2y': 2.874773340096492e-05, 'I2z': 0.0004649300945755421}, 'init_theta_std_deg': 6.9321374834579625, 'init_alpha_std_deg': 7.9941026744293175, 'init_theta_dot_std': 0.6814804457344303, 'init_alpha_dot_std': 0.9608071427022498, 'pwm_limit': 141.46054977088266, 'pwm_gain': 0.9507971689824769, 'pwm_bias': -1.9712698575227692, 'pwm_deadzone': 2.531546638242872, 'pwm_noise_sigma': 0.7200503723441475, 'actuator_tau': 0.00798160631449223, 'action_delay_steps': 0, 'theta_bias': 0.0033171961828542774, 'alpha_bias': -0.0032761677421343175, 'theta_sigma': 0.0027203541149222465, 'alpha_sigma': 0.005597138691594462, 'theta_dot_sigma': 0.16358839977048276, 'alpha_dot_sigma': 0.10798078131244317, 'encoder_quantization_rad': 0.00020370180924701777, 'velocity_lpf': 0.2694393031233242, 'process_theta_dot_sigma': 0.0, 'process_alpha_dot_sigma': 0.0}"
4363491,4,randomization_0.50,0.5,"{'level': 0.5, 'physical': {'g': 9.566575891028041, 'c_theta': 0.022844755869829245, 'c_alpha': 0.002312213905282895, 'k_t': 0.25720741856153256, 'k_b': 0.17733669678747715, 'k_u': 0.04487975141772193, 'R': 3.8854738504457114, 'm1': 0.20260680338006423, 'm2': 0.15944762491152686, 'l1cg': 0.08160082163756952, 'l1': 0.14878282612410382, 'l2cg': 0.06348003170095359, 'I1z': 0.0006201149520560895, 'I2x': 0.00039734983047401016, 'I2y': 2.8201521910566336e-05, 'I2z': 0.0003613848831641559}, 'init_theta_std_deg': 5.8740947231290015, 'init_alpha_std_deg': 11.118963543481037, 'init_theta_dot_std': 0.06824508228961165, 'init_alpha_dot_std': 0.453268727665765, 'pwm_limit': 137.74528409609326, 'pwm_gain': 1.0326583645811074, 'pwm_bias': -0.6346274613998388, 'pwm_deadzone': 1.3911229845898316, 'pwm_noise_sigma': 0.8045802054093032, 'actuator_tau': 0.013144641723179747, 'action_delay_steps': 1, 'theta_bias': 0.004192194651105785, 'alpha_bias': -0.004884325821627601, 'theta_sigma': 0.0006425590610995036, 'alpha_sigma': 0.0062265078935558075, 'theta_dot_sigma': 0.009642202832702892, 'alpha_dot_sigma': 0.16209499746116646, 'encoder_quantization_rad': 0.0002864783473592656, 'velocity_lpf': 0.25, 'process_theta_dot_sigma': 0.0, 'process_alpha_dot_sigma': 0.0}"
4365491,4,randomization_0.50,0.5,"{'level': 0.5, 'physical': {'g': 9.91977688609675, 'c_theta': 0.04456512781178077, 'c_alpha': 0.0015040368709254193, 'k_t': 0.22358064785062481, 'k_b': 0.18994435748251523, 'k_u': 0.04125039106273009, 'R': 4.214146219610987, 'm1': 0.18228706419516613, 'm2': 0.1522127203089653, 'l1cg': 0.07570823473514551, 'l1': 0.15368882591080227, 'l2cg': 0.07142166783204634, 'I1z': 0.0005588521606300748, 'I2x': 0.00034321956012422925, 'I2y': 2.136717904322423e-05, 'I2z': 0.00030690580601863487}, 'init_theta_std_deg': 5.42901289973234, 'init_alpha_std_deg': 9.686734159010332, 'init_theta_dot_std': 0.4926915187083532, 'init_alpha_dot_std': 0.46849134963855665, 'pwm_limit': 146.5328849024655, 'pwm_gain': 0.973519768322007, 'pwm_bias': 1.851972673352678, 'pwm_deadzone': 4.505209304813684, 'pwm_noise_sigma': 0.5065461652017218, 'actuator_tau': 0.001086349643790499, 'action_delay_steps': 1, 'theta_bias': -0.0018964021213653593, 'alpha_bias': 0.005095230303935374, 'theta_sigma': 0.0010075922896283541, 'alpha_sigma': 0.009673824114589561, 'theta_dot_sigma': 0.13458797499088196, 'alpha_dot_sigma': 0.21631525714351943, 'encoder_quantization_rad': 0.00025256047252545977, 'velocity_lpf': 0.25, 'process_theta_dot_sigma': 0.0, 'process_alpha_dot_sigma': 0.0}"
4367491,4,randomization_0.50,0.5,"{'level': 0.5, 'physical': {'g': 9.794138912718587, 'c_theta': 0.02055010548959499, 'c_alpha': 0.0026240695608487734, 'k_t': 0.2575368354907712, 'k_b': 0.16810754744853806, 'k_u': 0.05159739243001813, 'R': 3.868592567803165, 'm1': 0.1924280808572711, 'm2': 0.1689785727541426, 'l1cg': 0.07756378784992601, 'l1': 0.14777699067856337, 'l2cg': 0.061368610943233474, 'I1z': 0.00042571829418946685, 'I2x': 0.0003848687997357548, 'I2y': 2.156159855121874e-05, 'I2z': 0.00044171908842678643}, 'init_theta_std_deg': 7.4109408034832995, 'init_alpha_std_deg': 7.547819026025367, 'init_theta_dot_std': 0.4644024332549808, 'init_alpha_dot_std': 0.7952799474454788, 'pwm_limit': 151.77928046262264, 'pwm_gain': 0.9962870898491218, 'pwm_bias': 1.3647597418514699, 'pwm_deadzone': 4.427061903247632, 'pwm_noise_sigma': 0.1745030861251523, 'actuator_tau': 0.004548431685557707, 'action_delay_steps': 1, 'theta_bias': -0.002287327121097177, 'alpha_bias': 0.0006346342518596812, 'theta_sigma': 0.002830520818977259, 'alpha_sigma': 0.002534477319266192, 'theta_dot_sigma': 0.07698706418098304, 'alpha_dot_sigma': 0.009234480452966752, 'encoder_quantization_rad': 0.0005660368197100763, 'velocity_lpf': 0.25, 'process_theta_dot_sigma': 0.0, 'process_alpha_dot_sigma': 0.0}"
4369491,4,randomization_0.50,0.5,"{'level': 0.5, 'physical': {'g': 9.588374410514357, 'c_theta': 0.033921224402649, 'c_alpha': 0.0007705302127621383, 'k_t': 0.23743818002232442, 'k_b': 0.1858831882340347, 'k_u': 0.04850343541254407, 'R': 4.394481364933941, 'm1': 0.21427097941906634, 'm2': 0.1589893548228044, 'l1cg': 0.08265358644139434, 'l1': 0.1575532796899558, 'l2cg': 0.062388861076540555, 'I1z': 0.0006270070267069417, 'I2x': 0.0003853600800412174, 'I2y': 2.7988219758275403e-05, 'I2z': 0.0003146488632986785}, 'init_theta_std_deg': 4.891730030931492, 'init_alpha_std_deg': 11.799583464344888, 'init_theta_dot_std': 0.6665352808163829, 'init_alpha_dot_std': 0.07355288972856297, 'pwm_limit': 140.83973987269775, 'pwm_gain': 0.993202079261089, 'pwm_bias': -1.1153113250725184, 'pwm_deadzone': 1.5562110793416157, 'pwm_noise_sigma': 0.36379398176547784, 'actuator_tau': 0.010392850917597363, 'action_delay_steps': 1, 'theta_bias': -0.0028087311649546954, 'alpha_bias': -0.0032331369581176214, 'theta_sigma': 0.0016741277511562915, 'alpha_sigma': 0.005154129447763187, 'theta_dot_sigma': 0.17325498909485437, 'alpha_dot_sigma': 0.24034509211145694, 'encoder_quantization_rad': 0.0004321176628458689, 'velocity_lpf': 0.25, 'process_theta_dot_sigma': 0.0, 'process_alpha_dot_sigma': 0.0}"
4371491,4,randomization_0.50,0.5,"{'level': 0.5, 'physical': {'g': 9.876793765953485, 'c_theta': 0.02903021118119302, 'c_alpha': 0.0017471682981850482, 'k_t': 0.2591342506396854, 'k_b': 0.17343500141091445, 'k_u': 0.042267866487174795, 'R': 4.547059212654706, 'm1': 0.21302989824352853, 'm2': 0.16028347922779532, 'l1cg': 0.07751012424772534, 'l1': 0.1447431264102769, 'l2cg': 0.07478099603833596, 'I1z': 0.000404597260414941, 'I2x': 0.0003472916659962521, 'I2y': 2.1642320832031112e-05, 'I2z': 0.0004115187098920658}, 'init_theta_std_deg': 4.8578447869477195, 'init_alpha_std_deg': 11.202030243815553, 'init_theta_dot_std': 0.667407998582028, 'init_alpha_dot_std': 0.4929717786570613, 'pwm_limit': 142.93468677731164, 'pwm_gain': 0.9592360915217553, 'pwm_bias': 0.6998849900544917, 'pwm_deadzone': 4.74247633161072, 'pwm_noise_sigma': 0.5457536410457319, 'actuator_tau': 0.002040899295585809, 'action_delay_steps': 1, 'theta_bias': 0.0030454291665723866, 'alpha_bias': -0.0037838614704594803, 'theta_sigma': 0.001398866341007137, 'alpha_sigma': 0.004085235622268111, 'theta_dot_sigma': 0.10345443415233448, 'alpha_dot_sigma': 0.10168500901067869, 'encoder_quantization_rad': 0.0005023098812560545, 'velocity_lpf': 0.25, 'process_theta_dot_sigma': 0.0, 'process_alpha_dot_sigma': 0.0}"
4373491,4,randomization_0.50,0.5,"{'level': 0.5, 'physical': {'g': 9.841289173157637, 'c_theta': 0.019114413281373255, 'c_alpha': 0.0007372563278432669, 'k_t': 0.21240126984860083, 'k_b': 0.20052889895797962, 'k_u': 0.0463509785408665, 'R': 4.020845136737113, 'm1': 0.2249725592811635, 'm2': 0.1553618552189797, 'l1cg': 0.08437292929756328, 'l1': 0.14760388827427948, 'l2cg': 0.05849003571922862, 'I1z': 0.0005900554902484801, 'I2x': 0.000397448160177673, 'I2y': 2.6017503733681698e-05, 'I2z': 0.0005016710114655273}, 'init_theta_std_deg': 4.342105587620635, 'init_alpha_std_deg': 7.016736201377592, 'init_theta_dot_std': 0.07191580487297394, 'init_alpha_dot_std': 0.11083899039370307, 'pwm_limit': 143.71464322464936, 'pwm_gain': 1.0076637909569388, 'pwm_bias': 1.673467770109974, 'pwm_deadzone': 2.7964310693181083, 'pwm_noise_sigma': 0.8796083559074858, 'actuator_tau': 0.014486621293497315, 'action_delay_steps': 1, 'theta_bias': 0.0025649661831848494, 'alpha_bias': -0.00035316644087044846, 'theta_sigma': 0.0027907948552932066, 'alpha_sigma': 0.008861519971840311, 'theta_dot_sigma': 0.07007148605457311, 'alpha_dot_sigma': 0.2561859584255472, 'encoder_quantization_rad': 0.00023751631343087566, 'velocity_lpf': 0.25, 'process_theta_dot_sigma': 0.0, 'process_alpha_dot_sigma': 0.0}"
4375491,4,randomization_0.50,0.5,"{'level': 0.5, 'physical': {'g': 9.576898748732127, 'c_theta': 0.02285360824686928, 'c_alpha': 0.0022717352214062436, 'k_t': 0.2400276486239484, 'k_b': 0.17967273931233535, 'k_u': 0.040538477364427616, 'R': 4.562708208788154, 'm1': 0.18524181905905732, 'm2': 0.1591047305873112, 'l1cg': 0.08529199351289056, 'l1': 0.15200504087660333, 'l2cg': 0.06866590835944528, 'I1z': 0.0005723611556948407, 'I2x': 0.0003991325579272111, 'I2y': 2.058386431290266e-05, 'I2z': 0.00047413460066040414}, 'init_theta_std_deg': 5.450880247700754, 'init_alpha_std_deg': 6.557979568104951, 'init_theta_dot_std': 0.509643312281156, 'init_alpha_dot_std': 0.9694781227372229, 'pwm_limit': 152.33233436010798, 'pwm_gain': 1.0321436981714347, 'pwm_bias': 1.493721452148562, 'pwm_deadzone': 4.963124187027181, 'pwm_noise_sigma': 0.5549736594672732, 'actuator_tau': 0.004415650458657494, 'action_delay_steps': 1, 'theta_bias': -0.0003545194405650087, 'alpha_bias': 0.0001342055481797102, 'theta_sigma': 0.002944361476085866, 'alpha_sigma': 0.004209420105606741, 'theta_dot_sigma': 0.0417122696660388, 'alpha_dot_sigma': 0.28612448075903363, 'encoder_quantization_rad': 0.0003137885481599098, 'velocity_lpf': 0.25, 'process_theta_dot_sigma': 0.0, 'process_alpha_dot_sigma': 0.0}"
4377491,4,randomization_0.50,0.5,"{'level': 0.5, 'physical': {'g': 9.902565986405785, 'c_theta': 0.043088108066903136, 'c_alpha': 0.002045102451682054, 'k_t': 0.23326651895220182, 'k_b': 0.19224411626587323, 'k_u': 0.050447928776688265, 'R': 4.497337279719158, 'm1': 0.19166047290554694, 'm2': 0.14756435062811804, 'l1cg': 0.07660485047243007, 'l1': 0.1470274136549345, 'l2cg': 0.06636773991250514, 'I1z': 0.0006404837150376544, 'I2x': 0.00033696713979205134, 'I2y': 2.8990046896591613e-05, 'I2z': 0.00037563503018003954}, 'init_theta_std_deg': 6.22697172848358, 'init_alpha_std_deg': 7.304409763888102, 'init_theta_dot_std': 0.2567975183010246, 'init_alpha_dot_std': 1.2009467018354623, 'pwm_limit': 143.91080794421566, 'pwm_gain': 1.0343221838860643, 'pwm_bias': -1.2237057251117553, 'pwm_deadzone': 4.217517666167192, 'pwm_noise_sigma': 0.17087121469666766, 'actuator_tau': 0.011893661372262438, 'action_delay_steps': 0, 'theta_bias': 0.004963682744920947, 'alpha_bias': 0.005432187045273214, 'theta_sigma': 0.0023271028484271655, 'alpha_sigma': 0.0002286710232707534, 'theta_dot_sigma': 0.1222008847046143, 'alpha_dot_sigma': 0.26583771101146786, 'encoder_quantization_rad': 0.00010494168873985508, 'velocity_lpf': 0.25, 'process_theta_dot_sigma': 0.0, 'process_alpha_dot_sigma': 0.0}"
4379491,4,randomization_0.50,0.5,"{'level': 0.5, 'physical': {'g': 9.576162422791143, 'c_theta': 0.021947010621727228, 'c_alpha': 0.0011350699259765355, 'k_t': 0.23581859925591186, 'k_b': 0.1881931525984633, 'k_u': 0.052367461635789384, 'R': 4.033915161742148, 'm1': 0.20749276987845802, 'm2': 0.16791492545320744, 'l1cg': 0.08072062350596103, 'l1': 0.14487806895588234, 'l2cg': 0.06382567031131076, 'I1z': 0.0006442297212197784, 'I2x': 0.0003408344622782325, 'I2y': 2.1475263785059178e-05, 'I2z': 0.00032659840587499615}, 'init_theta_std_deg': 5.813582867015589, 'init_alpha_std_deg': 6.431654976313938, 'init_theta_dot_std': 0.39101323983821445, 'init_alpha_dot_std': 0.5003662758429611, 'pwm_limit': 140.74577681750043, 'pwm_gain': 0.9609709778172323, 'pwm_bias': 1.7142591187056793, 'pwm_deadzone': 3.3066075466255467, 'pwm_noise_sigma': 0.8330127544182118, 'actuator_tau': 0.011218012871756788, 'action_delay_steps': 1, 'theta_bias': -0.0029869844822306268, 'alpha_bias': -0.005113521005925194, 'theta_sigma': 0.00196150179599319, 'alpha_sigma': 0.002294669210396303, 'theta_dot_sigma': 0.13831437313653833, 'alpha_dot_sigma': 0.14870754147892282, 'encoder_quantization_rad': 0.00014074498805070532, 'velocity_lpf': 0.263536244654929, 'process_theta_dot_sigma': 0.0, 'process_alpha_dot_sigma': 0.0}"
4381491,4,randomization_0.50,0.5,"{'level': 0.5, 'physical': {'g': 9.949006162452251, 'c_theta': 0.024219719924732624, 'c_alpha': 0.0017270223784555437, 'k_t': 0.2521773184691431, 'k_b': 0.16653886259624975, 'k_u': 0.04367307970385681, 'R': 4.17478823294173, 'm1': 0.19931621268136093, 'm2': 0.155273103863498, 'l1cg': 0.07772320204614543, 'l1': 0.15302708140243856, 'l2cg': 0.07349279475561317, 'I1z': 0.0005215329260189965, 'I2x': 0.0003725307389220284, 'I2y': 2.660958556055141e-05, 'I2z': 0.00029288083716248205}, 'init_theta_std_deg': 6.8840951061209275, 'init_alpha_std_deg': 10.774923934125301, 'init_theta_dot_std': 0.5524772197461223, 'init_alpha_dot_std': 1.202505455953293, 'pwm_limit': 141.03954831060108, 'pwm_gain': 1.0017323337194997, 'pwm_bias': 1.22421596891494, 'pwm_deadzone': 3.898094954432735, 'pwm_noise_sigma': 0.28387545827458915, 'actuator_tau': 0.005721462864701819, 'action_delay_steps': 1, 'theta_bias': -0.002310310646892886, 'alpha_bias': -0.0008123351295549589, 'theta_sigma': 0.001714045184902296, 'alpha_sigma': 0.004826950175374568, 'theta_dot_sigma': 0.04873085638553325, 'alpha_dot_sigma': 0.2874752234879911, 'encoder_quantization_rad': 0.00017146290540822652, 'velocity_lpf': 0.25, 'process_theta_dot_sigma': 0.0, 'process_alpha_dot_sigma': 0.0}"
4383491,4,randomization_0.50,0.5,"{'level': 0.5, 'physical': {'g': 9.729161772858994, 'c_theta': 0.022080332718630847, 'c_alpha': 0.0022246706369161598, 'k_t': 0.2523961224163099, 'k_b': 0.2008292323516339, 'k_u': 0.048995761356536445, 'R': 4.776221043859731, 'm1': 0.1827959880880928, 'm2': 0.1621953676272009, 'l1cg': 0.0762911485939246, 'l1': 0.1467923621890369, 'l2cg': 0.07037200151882282, 'I1z': 0.0006634862168396516, 'I2x': 0.0003742088277296073, 'I2y': 2.7796856514333392e-05, 'I2z': 0.0004675190177549014}, 'init_theta_std_deg': 4.70893258744436, 'init_alpha_std_deg': 8.80899770084618, 'init_theta_dot_std': 0.7075179371736189, 'init_alpha_dot_std': 1.1963440906863916, 'pwm_limit': 138.14416577909788, 'pwm_gain': 1.0475906845692562, 'pwm_bias': -0.8324247867819081, 'pwm_deadzone': 3.108741586460658, 'pwm_noise_sigma': 0.2713244142723321, 'actuator_tau': 0.005334580209199228, 'action_delay_steps': 0, 'theta_bias': -0.0030541211800955005, 'alpha_bias': -0.004439502155505364, 'theta_sigma': 0.0017747063887232652, 'alpha_sigma': 7.32410801004546e-05, 'theta_dot_sigma': 0.011131587097889008, 'alpha_dot_sigma': 0.1989556400195486, 'encoder_quantization_rad': 0.0003901193798786073, 'velocity_lpf': 0.25, 'process_theta_dot_sigma': 0.0, 'process_alpha_dot_sigma': 0.0}"
4385491,4,randomization_0.50,0.5,"{'level': 0.5, 'physical': {'g': 9.632684650125972, 'c_theta': 0.04943937505950035, 'c_alpha': 0.000921719456946001, 'k_t': 0.24435005418965272, 'k_b': 0.198980261850049, 'k_u': 0.04229482987717675, 'R': 4.686184414821783, 'm1': 0.22995669463894206, 'm2': 0.16352426019725377, 'l1cg': 0.07882840460073089, 'l1': 0.15577888270898627, 'l2cg': 0.06748823051365264, 'I1z': 0.0004520333481591357, 'I2x': 0.00040051805001163035, 'I2y': 1.8112060296912417e-05, 'I2z': 0.00027554625258049514}, 'init_theta_std_deg': 5.409751354548488, 'init_alpha_std_deg': 10.94677560670135, 'init_theta_dot_std': 0.4494897221439038, 'init_alpha_dot_std': 0.9931151359098809, 'pwm_limit': 146.00836726932135, 'pwm_gain': 1.0217612499919664, 'pwm_bias': -0.1603275281620884, 'pwm_deadzone': 2.840290659724354, 'pwm_noise_sigma': 0.05281706538214903, 'actuator_tau': 0.011554404045529045, 'action_delay_steps': 1, 'theta_bias': -0.0009130138036836133, 'alpha_bias': 0.005860474556585337, 'theta_sigma': 0.000851322053936676, 'alpha_sigma': 0.00619344719435873, 'theta_dot_sigma': 0.0827803234894302, 'alpha_dot_sigma': 0.05631538616502515, 'encoder_quantization_rad': 0.00035704493925390387, 'velocity_lpf': 0.25, 'process_theta_dot_sigma': 0.0, 'process_alpha_dot_sigma': 0.0}"
4387491,4,randomization_0.50,0.5,"{'level': 0.5, 'physical': {'g': 9.726484462013708, 'c_theta': 0.041478705152226125, 'c_alpha': 0.0015790156481660493, 'k_t': 0.21874093485254276, 'k_b': 0.20618562036557941, 'k_u': 0.04010497751501975, 'R': 4.1013739834131355, 'm1': 0.18984255780865683, 'm2': 0.1637599357035021, 'l1cg': 0.07881931835653828, 'l1': 0.15524691831476417, 'l2cg': 0.0655042785961288, 'I1z': 0.000626910631599675, 'I2x': 0.0003338862441597911, 'I2y': 2.5064083581186462e-05, 'I2z': 0.0004405332520552125}, 'init_theta_std_deg': 5.93499468433914, 'init_alpha_std_deg': 8.96329937291754, 'init_theta_dot_std': 0.7311305021058423, 'init_alpha_dot_std': 0.1972683954349637, 'pwm_limit': 135.74324837405834, 'pwm_gain': 0.9779309802671176, 'pwm_bias': -0.3363265347437978, 'pwm_deadzone': 2.7091663496662672, 'pwm_noise_sigma': 0.723289149589633, 'actuator_tau': 0.009016539888833199, 'action_delay_steps': 0, 'theta_bias': -0.0005179028961967302, 'alpha_bias': 0.002100297665755819, 'theta_sigma': 0.002010168714968508, 'alpha_sigma': 0.003457825268641116, 'theta_dot_sigma': 0.10234774974591525, 'alpha_dot_sigma': 0.12007111115009672, 'encoder_quantization_rad': 0.0005274410213861807, 'velocity_lpf': 0.25, 'process_theta_dot_sigma': 0.0, 'process_alpha_dot_sigma': 0.0}"
4389491,4,randomization_0.50,0.5,"{'level': 0.5, 'physical': {'g': 9.800224218211854, 'c_theta': 0.03970293416227253, 'c_alpha': 0.0025364393706773752, 'k_t': 0.21064204320646782, 'k_b': 0.19984893239155244, 'k_u': 0.04074893358904209, 'R': 4.1349624495521295, 'm1': 0.22538225561127984, 'm2': 0.15526073670140086, 'l1cg': 0.08072776781089386, 'l1': 0.1527682545765355, 'l2cg': 0.07214180683085085, 'I1z': 0.0005995239484272123, 'I2x': 0.0003565545584578373, 'I2y': 1.9788411302653012e-05, 'I2z': 0.00033229826885046736}, 'init_theta_std_deg': 6.848513190898503, 'init_alpha_std_deg': 9.640697340517152, 'init_theta_dot_std': 0.06878103859142964, 'init_alpha_dot_std': 0.6314096649126683, 'pwm_limit': 147.73379129427911, 'pwm_gain': 0.9539451176419607, 'pwm_bias': -0.4098737566436368, 'pwm_deadzone': 3.382908090844838, 'pwm_noise_sigma': 0.535910688418642, 'actuator_tau': 0.0048839892225441125, 'action_delay_steps': 1, 'theta_bias': -0.0007746624871220109, 'alpha_bias': 0.000368748547659743, 'theta_sigma': 0.0012344270313171682, 'alpha_sigma': 0.003614578408477417, 'theta_dot_sigma': 0.1545471377639588, 'alpha_dot_sigma': 0.13362952252774746, 'encoder_quantization_rad': 0.0001022542156392191, 'velocity_lpf': 0.25, 'process_theta_dot_sigma': 0.0, 'process_alpha_dot_sigma': 0.0}"
4391491,4,randomization_0.50,0.5,"{'level': 0.5, 'physical': {'g': 9.602805051911593, 'c_theta': 0.05147359475387334, 'c_alpha': 0.0017669089246335058, 'k_t': 0.21305671904256432, 'k_b': 0.19901458749776263, 'k_u': 0.05333085537030855, 'R': 4.5263693558921005, 'm1': 0.1997334693456017, 'm2': 0.1626378941259502, 'l1cg': 0.07972209684108396, 'l1': 0.15563092405495804, 'l2cg': 0.07283733640633713, 'I1z': 0.0005208764608233987, 'I2x': 0.00038816008894643954, 'I2y': 2.9433388675971685e-05, 'I2z': 0.00038088252415786677}, 'init_theta_std_deg': 4.3642889163157434, 'init_alpha_std_deg': 11.731558968647814, 'init_theta_dot_std': 0.25695717284876063, 'init_alpha_dot_std': 0.9910680557748319, 'pwm_limit': 140.9189884299818, 'pwm_gain': 1.0486707896111456, 'pwm_bias': -1.265401772704632, 'pwm_deadzone': 1.4362326228737028, 'pwm_noise_sigma': 0.7403735956298878, 'actuator_tau': 0.009430334765530742, 'action_delay_steps': 1, 'theta_bias': -0.0011959573786622668, 'alpha_bias': -0.0022802243628523415, 'theta_sigma': 0.0029319242172346394, 'alpha_sigma': 0.007449804770192514, 'theta_dot_sigma': 0.07585528607561846, 'alpha_dot_sigma': 0.16805552021311174, 'encoder_quantization_rad': 0.0006493458711839862, 'velocity_lpf': 0.25, 'process_theta_dot_sigma': 0.0, 'process_alpha_dot_sigma': 0.0}"
4393491,4,randomization_0.50,0.5,"{'level': 0.5, 'physical': {'g': 9.695898492854402, 'c_theta': 0.03814969013658434, 'c_alpha': 0.0023600186245249914, 'k_t': 0.22471198165749687, 'k_b': 0.21011320817889595, 'k_u': 0.04221315741482798, 'R': 4.649452544687483, 'm1': 0.21404879565883744, 'm2': 0.16999998758582394, 'l1cg': 0.08167219037913517, 'l1': 0.15051370298547895, 'l2cg': 0.06796030706388399, 'I1z': 0.0005765106300206842, 'I2x': 0.0003413970185156702, 'I2y': 2.4753104374246003e-05, 'I2z': 0.00038627015856844985}, 'init_theta_std_deg': 5.792885874382041, 'init_alpha_std_deg': 9.85436809538334, 'init_theta_dot_std': 0.4935506812335628, 'init_alpha_dot_std': 0.017515926568465873, 'pwm_limit': 142.18122995880927, 'pwm_gain': 1.0347080900149408, 'pwm_bias': -1.5533765129427635, 'pwm_deadzone': 1.0034180083426953, 'pwm_noise_sigma': 0.5259983048534204, 'actuator_tau': 0.01096662592538243, 'action_delay_steps': 1, 'theta_bias': 9.091797404561341e-05, 'alpha_bias': 0.003497387702770648, 'theta_sigma': 0.0012108683044408397, 'alpha_sigma': 0.0011859881459275955, 'theta_dot_sigma': 0.038195201152430816, 'alpha_dot_sigma': 0.263269272155406, 'encoder_quantization_rad': 0.000377788912073717, 'velocity_lpf': 0.25, 'process_theta_dot_sigma': 0.0, 'process_alpha_dot_sigma': 0.0}"
4395491,4,randomization_0.50,0.5,"{'level': 0.5, 'physical': {'g': 9.661198080767221, 'c_theta': 0.029572419513578158, 'c_alpha': 0.0010686758621072665, 'k_t': 0.2182064847754763, 'k_b': 0.1664940270050809, 'k_u': 0.04665989301979622, 'R': 4.268384080542138, 'm1': 0.2011357372890111, 'm2': 0.15761833403641126, 'l1cg': 0.07674986113059228, 'l1': 0.15624507645101085, 'l2cg': 0.07090199697256738, 'I1z': 0.0006115854560660444, 'I2x': 0.00037727716069770224, 'I2y': 3.116910745872357e-05, 'I2z': 0.00027548259851401967}, 'init_theta_std_deg': 5.216937310043926, 'init_alpha_std_deg': 7.599641067835068, 'init_theta_dot_std': 0.5939387170470283, 'init_alpha_dot_std': 0.3992074887517111, 'pwm_limit': 144.17676054712933, 'pwm_gain': 1.0153420656785848, 'pwm_bias': -0.5542835665292647, 'pwm_deadzone': 2.3734449967720233, 'pwm_noise_sigma': 0.20465794359031952, 'actuator_tau': 0.0018965691212038248, 'action_delay_steps': 1, 'theta_bias': 8.413065516476692e-05, 'alpha_bias': -0.0037011360784573186, 'theta_sigma': 0.0020109802517818518, 'alpha_sigma': 0.003201879260961059, 'theta_dot_sigma': 0.11295733301639772, 'alpha_dot_sigma': 0.22070098133791685, 'encoder_quantization_rad': 0.0007242582331684701, 'velocity_lpf': 0.23255466118927232, 'process_theta_dot_sigma': 0.0, 'process_alpha_dot_sigma': 0.0}"
4397491,4,randomization_0.50,0.5,"{'level': 0.5, 'physical': {'g': 9.573821965894822, 'c_theta': 0.042767169368268354, 'c_alpha': 0.0026360907862363107, 'k_t': 0.21971058809649935, 'k_b': 0.20770717529591387, 'k_u': 0.053819200977996445, 'R': 4.502283392447128, 'm1': 0.19505455662872798, 'm2': 0.15043495198183102, 'l1cg': 0.07994848272416007, 'l1': 0.1458940119499545, 'l2cg': 0.0698381057190233, 'I1z': 0.0006553280022343807, 'I2x': 0.00038191730578399855, 'I2y': 1.9364913482146448e-05, 'I2z': 0.0003014474064388503}, 'init_theta_std_deg': 4.112069006662432, 'init_alpha_std_deg': 10.019735539603026, 'init_theta_dot_std': 0.23823330623686922, 'init_alpha_dot_std': 0.510071156589229, 'pwm_limit': 144.59496434841012, 'pwm_gain': 0.9731135931415024, 'pwm_bias': -1.6282057735182205, 'pwm_deadzone': 3.643478585715531, 'pwm_noise_sigma': 0.3579801654450334, 'actuator_tau': 0.012769714243782588, 'action_delay_steps': 0, 'theta_bias': 0.002686980248827201, 'alpha_bias': -0.0014043744994610434, 'theta_sigma': 0.001627546317127601, 'alpha_sigma': 0.002996065142589974, 'theta_dot_sigma': 0.05614983459900245, 'alpha_dot_sigma': 0.1330480195572486, 'encoder_quantization_rad': 0.00015618864042797517, 'velocity_lpf': 0.25, 'process_theta_dot_sigma': 0.0, 'process_alpha_dot_sigma': 0.0}"
4399491,4,randomization_0.50,0.5,"{'level': 0.5, 'physical': {'g': 10.038085282126087, 'c_theta': 0.05529972445106606, 'c_alpha': 0.000668338331871725, 'k_t': 0.2194605256208122, 'k_b': 0.17412617949646625, 'k_u': 0.042219714268518074, 'R': 4.4806909098720205, 'm1': 0.21420341366959164, 'm2': 0.15083752809237294, 'l1cg': 0.08453903236213543, 'l1': 0.14814472036727522, 'l2cg': 0.06356002632886829, 'I1z': 0.00045591215640303424, 'I2x': 0.0003859894622826341, 'I2y': 3.037967410596574e-05, 'I2z': 0.0004835938270095192}, 'init_theta_std_deg': 5.809063897843937, 'init_alpha_std_deg': 6.8806113037207535, 'init_theta_dot_std': 0.6110963338769136, 'init_alpha_dot_std': 0.7523630107327439, 'pwm_limit': 141.7776154307342, 'pwm_gain': 0.9866489355191539, 'pwm_bias': -0.5513404719067121, 'pwm_deadzone': 2.426764838676117, 'pwm_noise_sigma': 0.6676675638713436, 'actuator_tau': 0.004358241245516991, 'action_delay_steps': 1, 'theta_bias': 0.0020333051748296803, 'alpha_bias': 0.0006772949263419057, 'theta_sigma': 0.0028800344803276926, 'alpha_sigma': 0.006808428675407874, 'theta_dot_sigma': 0.024245143270357993, 'alpha_dot_sigma': 0.2086239319268061, 'encoder_quantization_rad': 0.0006008788361784945, 'velocity_lpf': 0.25, 'process_theta_dot_sigma': 0.0, 'process_alpha_dot_sigma': 0.0}"
4401491,4,randomization_0.50,0.5,"{'level': 0.5, 'physical': {'g': 9.916319728384524, 'c_theta': 0.04395631161556466, 'c_alpha': 0.0010424295142623524, 'k_t': 0.227669403284257, 'k_b': 0.18453669202760095, 'k_u': 0.042177968387010704, 'R': 4.460048351246406, 'm1': 0.19457893740816168, 'm2': 0.15958374776430834, 'l1cg': 0.07558027069608396, 'l1': 0.14981715897592202, 'l2cg': 0.07411766151226633, 'I1z': 0.0005957718512420181, 'I2x': 0.00034536906808884554, 'I2y': 2.9963828795306145e-05, 'I2z': 0.0004579177129732098}, 'init_theta_std_deg': 5.830270303425863, 'init_alpha_std_deg': 6.85903313610308, 'init_theta_dot_std': 0.679544798341438, 'init_alpha_dot_std': 0.9514293384130746, 'pwm_limit': 151.899158862936, 'pwm_gain': 1.039720345135211, 'pwm_bias': -1.787493456838567, 'pwm_deadzone': 3.0837925071945262, 'pwm_noise_sigma': 0.06893082636918846, 'actuator_tau': 0.009465816457910427, 'action_delay_steps': 1, 'theta_bias': 0.002630516065234917, 'alpha_bias': 0.001588966180946085, 'theta_sigma': 0.0007140980692226677, 'alpha_sigma': 0.0009582999466667664, 'theta_dot_sigma': 0.1355070714929539, 'alpha_dot_sigma': 0.1599575157686444, 'encoder_quantization_rad': 4.4007806287243684e-05, 'velocity_lpf': 0.25, 'process_theta_dot_sigma': 0.0, 'process_alpha_dot_sigma': 0.0}"
4403491,4,randomization_0.50,0.5,"{'level': 0.5, 'physical': {'g': 9.78081225963108, 'c_theta': 0.05363275620333065, 'c_alpha': 0.0026847547679000137, 'k_t': 0.24717334688808354, 'k_b': 0.16603061819820014, 'k_u': 0.05361010803493596, 'R': 4.420487417969512, 'm1': 0.20073942004975784, 'm2': 0.14872162753141044, 'l1cg': 0.07770712977247131, 'l1': 0.15000089606852277, 'l2cg': 0.06855335054467453, 'I1z': 0.0006136564860040208, 'I2x': 0.00039390911348667726, 'I2y': 2.6934702398639438e-05, 'I2z': 0.0004078012848600842}, 'init_theta_std_deg': 5.680256593317123, 'init_alpha_std_deg': 11.132091856044024, 'init_theta_dot_std': 0.6832282109855595, 'init_alpha_dot_std': 0.7309218091987979, 'pwm_limit': 153.4034356519922, 'pwm_gain': 0.959806380297246, 'pwm_bias': 1.7017225857569875, 'pwm_deadzone': 0.19472355514747908, 'pwm_noise_sigma': 0.5688340742146049, 'actuator_tau': 0.000839933344914498, 'action_delay_steps': 0, 'theta_bias': -0.0015898915536833947, 'alpha_bias': -0.002979809063277348, 'theta_sigma': 0.002122545986177443, 'alpha_sigma': 0.0032211974550401122, 'theta_dot_sigma': 0.157692250146809, 'alpha_dot_sigma': 0.17999954981719285, 'encoder_quantization_rad': 0.0004397833827829151, 'velocity_lpf': 0.25, 'process_theta_dot_sigma': 0.0, 'process_alpha_dot_sigma': 0.0}"
4405491,4,randomization_0.50,0.5,"{'level': 0.5, 'physical': {'g': 9.82150570598998, 'c_theta': 0.034181722621765234, 'c_alpha': 0.0015777005332965484, 'k_t': 0.2450163582257809, 'k_b': 0.19876910817302612, 'k_u': 0.052538608593055924, 'R': 4.4524751293985725, 'm1': 0.22247631526943776, 'm2': 0.1688079384325225, 'l1cg': 0.08546745074525094, 'l1': 0.15255617910641436, 'l2cg': 0.06425874071698348, 'I1z': 0.00038391078070180523, 'I2x': 0.00034526717845230714, 'I2y': 2.294010772296981e-05, 'I2z': 0.000304131587264046}, 'init_theta_std_deg': 5.825964639471614, 'init_alpha_std_deg': 8.139985542475404, 'init_theta_dot_std': 0.47429236700828087, 'init_alpha_dot_std': 0.9251278061697897, 'pwm_limit': 137.31525428006043, 'pwm_gain': 1.014651043174868, 'pwm_bias': 1.4971485860740974, 'pwm_deadzone': 1.7820253828285282, 'pwm_noise_sigma': 0.8781062875106003, 'actuator_tau': 0.008148423701833316, 'action_delay_steps': 1, 'theta_bias': -0.0035811735167386683, 'alpha_bias': -0.0037607926706798894, 'theta_sigma': 0.0011763862069910508, 'alpha_sigma': 0.004772991455554979, 'theta_dot_sigma': 0.054380358318730115, 'alpha_dot_sigma': 0.12142566052383118, 'encoder_quantization_rad': 3.623574998183829e-05, 'velocity_lpf': 0.25, 'process_theta_dot_sigma': 0.0, 'process_alpha_dot_sigma': 0.0}"
4407491,4,randomization_0.50,0.5,"{'level': 0.5, 'physical': {'g': 9.836444593176841, 'c_theta': 0.04182148270055784, 'c_alpha': 0.0012674825079504644, 'k_t': 0.20342739807126264, 'k_b': 0.20833972290460884, 'k_u': 0.049141832037475644, 'R': 4.277447131224855, 'm1': 0.23090680910691544, 'm2': 0.15876932171952177, 'l1cg': 0.08510017747401762, 'l1': 0.15744227506222933, 'l2cg': 0.06588577370519887, 'I1z': 0.0005101559830311544, 'I2x': 0.00038616555668075087, 'I2y': 2.110623643015722e-05, 'I2z': 0.00046281038407543505}, 'init_theta_std_deg': 4.895814917180205, 'init_alpha_std_deg': 8.984889493989227, 'init_theta_dot_std': 0.580759909902119, 'init_alpha_dot_std': 0.0212546474697968, 'pwm_limit': 148.29427951850812, 'pwm_gain': 1.031915826014495, 'pwm_bias': 1.9168393311080472, 'pwm_deadzone': 0.49938629509118815, 'pwm_noise_sigma': 0.9957137839559881, 'actuator_tau': 0.005874839321931475, 'action_delay_steps': 1, 'theta_bias': 0.0026884812431091786, 'alpha_bias': -0.00526724306698375, 'theta_sigma': 8.519306409107375e-05, 'alpha_sigma': 0.007089442916139198, 'theta_dot_sigma': 0.14013453230812675, 'alpha_dot_sigma': 0.19509077586187437, 'encoder_quantization_rad': 0.0004287219003246264, 'velocity_lpf': 0.25, 'process_theta_dot_sigma': 0.0, 'process_alpha_dot_sigma': 0.0}"
4409491,4,randomization_0.50,0.5,"{'level': 0.5, 'physical': {'g': 9.683011855210344, 'c_theta': 0.046161160577607524, 'c_alpha': 0.0006530265375120011, 'k_t': 0.22088546529633704, 'k_b': 0.18462886241957216, 'k_u': 0.05065105161518299, 'R': 4.001452616770085, 'm1': 0.22133482936749294, 'm2': 0.1562477024330122, 'l1cg': 0.07663516076574742, 'l1': 0.14775747496153807, 'l2cg': 0.06558565541695233, 'I1z': 0.0004964422682238239, 'I2x': 0.00036231610291727714, 'I2y': 2.362502777661341e-05, 'I2z': 0.0002903188005058566}, 'init_theta_std_deg': 6.2139950373098465, 'init_alpha_std_deg': 9.533683302712422, 'init_theta_dot_std': 0.04895591548648259, 'init_alpha_dot_std': 0.9477614695972001, 'pwm_limit': 152.6941137945152, 'pwm_gain': 0.9660793786915095, 'pwm_bias': -0.42877090232991666, 'pwm_deadzone': 0.14257361390013268, 'pwm_noise_sigma': 0.8311287243890076, 'actuator_tau': 0.003669571828265231, 'action_delay_steps': 1, 'theta_bias': 0.00198895556415309, 'alpha_bias': -0.0031602008764266536, 'theta_sigma': 0.0027568280662400688, 'alpha_sigma': 0.001698011918645197, 'theta_dot_sigma': 0.1656843128464633, 'alpha_dot_sigma': 0.223203159969952, 'encoder_quantization_rad': 0.0003417210130231989, 'velocity_lpf': 0.25, 'process_theta_dot_sigma': 0.0, 'process_alpha_dot_sigma': 0.0}"
4411491,4,randomization_0.50,0.5,"{'level': 0.5, 'physical': {'g': 9.728615593336588, 'c_theta': 0.024241532272291835, 'c_alpha': 0.002346994842112955, 'k_t': 0.23525521144956937, 'k_b': 0.19563346824159064, 'k_u': 0.05214436354246583, 'R': 3.9754307661677855, 'm1': 0.21596969977244854, 'm2': 0.16077260077655364, 'l1cg': 0.07701523745270097, 'l1': 0.1577850458603452, 'l2cg': 0.06777008041761176, 'I1z': 0.0003881963473089266, 'I2x': 0.0003923317377792114, 'I2y': 2.6314782288971624e-05, 'I2z': 0.0003534405589525123}, 'init_theta_std_deg': 6.722893202076283, 'init_alpha_std_deg': 7.204862388371311, 'init_theta_dot_std': 0.3397211891714239, 'init_alpha_dot_std': 0.9811351581501987, 'pwm_limit': 137.79280905647107, 'pwm_gain': 0.9730840816541482, 'pwm_bias': -0.18825308971131616, 'pwm_deadzone': 2.0209036280821815, 'pwm_noise_sigma': 0.9453307046114493, 'actuator_tau': 0.012223311833034026, 'action_delay_steps': 0, 'theta_bias': -0.0009787798060280283, 'alpha_bias': -0.0012751951731363746, 'theta_sigma': 0.0017750485530895125, 'alpha_sigma': 0.0028514468960325755, 'theta_dot_sigma': 0.16978287536810693, 'alpha_dot_sigma': 0.29494390915900204, 'encoder_quantization_rad': 0.0006729678365804247, 'velocity_lpf': 0.25, 'process_theta_dot_sigma': 0.0, 'process_alpha_dot_sigma': 0.0}"
4413491,4,randomization_0.50,0.5,"{'level': 0.5, 'physical': {'g': 9.620028054631263, 'c_theta': 0.03393129302467265, 'c_alpha': 0.0017562616577713156, 'k_t': 0.23977512306884072, 'k_b': 0.1985662981189804, 'k_u': 0.05373953179177884, 'R': 4.616104904143807, 'm1': 0.18076502426044308, 'm2': 0.1488301445568138, 'l1cg': 0.07741224805882073, 'l1': 0.15488741558604355, 'l2cg': 0.06487746542860043, 'I1z': 0.0004507482454975654, 'I2x': 0.00038614339097591357, 'I2y': 2.1507180046201343e-05, 'I2z': 0.0003826249821152495}, 'init_theta_std_deg': 6.892303253223764, 'init_alpha_std_deg': 7.369598832149255, 'init_theta_dot_std': 0.3989297589925789, 'init_alpha_dot_std': 0.7447236105708763, 'pwm_limit': 143.64252797137104, 'pwm_gain': 0.9649420992966644, 'pwm_bias': 1.0536703859514835, 'pwm_deadzone': 1.9313131426504315, 'pwm_noise_sigma': 0.7373260652480453, 'actuator_tau': 0.00819661431889745, 'action_delay_steps': 0, 'theta_bias': -0.0037771744269375494, 'alpha_bias': -0.0048522488168959415, 'theta_sigma': 0.0010632738275327823, 'alpha_sigma': 0.00555769421013183, 'theta_dot_sigma': 0.08233330538269702, 'alpha_dot_sigma': 0.1750547213484884, 'encoder_quantization_rad': 0.0005716039533146445, 'velocity_lpf': 0.2632080640241812, 'process_theta_dot_sigma': 0.0, 'process_alpha_dot_sigma': 0.0}"
4415491,4,randomization_0.50,0.5,"{'level': 0.5, 'physical': {'g': 9.844613448137341, 'c_theta': 0.027039571486616544, 'c_alpha': 0.002214692395179702, 'k_t': 0.23836839199622936, 'k_b': 0.1657899802971622, 'k_u': 0.044587619285998234, 'R': 3.975377151173843, 'm1': 0.19305309738137003, 'm2': 0.16966261724202825, 'l1cg': 0.08631965059396579, 'l1': 0.1537116652094414, 'l2cg': 0.06490500827502438, 'I1z': 0.0005872458931881105, 'I2x': 0.00036812439044075747, 'I2y': 2.4034245295036193e-05, 'I2z': 0.0003558705899308812}, 'init_theta_std_deg': 5.659491065918797, 'init_alpha_std_deg': 11.083114617421973, 'init_theta_dot_std': 0.6454275843838617, 'init_alpha_dot_std': 0.35554240502233725, 'pwm_limit': 135.2473702044539, 'pwm_gain': 1.0314112562253, 'pwm_bias': 0.7300090914793906, 'pwm_deadzone': 2.8937728856472704, 'pwm_noise_sigma': 0.3328468161476933, 'actuator_tau': 0.0009273856813260906, 'action_delay_steps': 1, 'theta_bias': -0.0038812134347947836, 'alpha_bias': -0.001355878880302984, 'theta_sigma': 0.00259234493795448, 'alpha_sigma': 0.005287443460359376, 'theta_dot_sigma': 0.10472784320200888, 'alpha_dot_sigma': 0.07139558019284273, 'encoder_quantization_rad': 0.00029894090149269775, 'velocity_lpf': 0.25, 'process_theta_dot_sigma': 0.0, 'process_alpha_dot_sigma': 0.0}"
4417491,4,randomization_0.50,0.5,"{'level': 0.5, 'physical': {'g': 9.932254593668363, 'c_theta': 0.037931846725423754, 'c_alpha': 0.001269620776819303, 'k_t': 0.21695577382426603, 'k_b': 0.16517553523256023, 'k_u': 0.04884995966111787, 'R': 4.1028717935863135, 'm1': 0.1824172740845579, 'm2': 0.1659480655687264, 'l1cg': 0.07949411533917129, 'l1': 0.15899767587586827, 'l2cg': 0.07477941879112436, 'I1z': 0.0005661069322303104, 'I2x': 0.00037937259173736256, 'I2y': 2.8534845547989933e-05, 'I2z': 0.00034378502524000837}, 'init_theta_std_deg': 6.030361128056123, 'init_alpha_std_deg': 11.872921477616629, 'init_theta_dot_std': 0.4204132260520571, 'init_alpha_dot_std': 0.6114611791586488, 'pwm_limit': 138.5947488198595, 'pwm_gain': 1.0078444204509505, 'pwm_bias': 1.8008858528571063, 'pwm_deadzone': 2.759111097695224, 'pwm_noise_sigma': 0.8826911422249218, 'actuator_tau': 0.0010048094651700207, 'action_delay_steps': 0, 'theta_bias': -0.004757317656029709, 'alpha_bias': -9.720754860272018e-05, 'theta_sigma': 0.0029657449468542115, 'alpha_sigma': 0.0009983084136181808, 'theta_dot_sigma': 0.1410382307719969, 'alpha_dot_sigma': 0.16638115756712116, 'encoder_quantization_rad': 0.00011331568369746642, 'velocity_lpf': 0.25, 'process_theta_dot_sigma': 0.0, 'process_alpha_dot_sigma': 0.0}"
4419491,4,randomization_0.50,0.5,"{'level': 0.5, 'physical': {'g': 9.79637384351099, 'c_theta': 0.0478348381896109, 'c_alpha': 0.0019798609485535074, 'k_t': 0.2050743200376727, 'k_b': 0.16847627802977824, 'k_u': 0.052752430833345784, 'R': 4.544226404593367, 'm1': 0.1929852511023546, 'm2': 0.16560140882121524, 'l1cg': 0.07713616946423721, 'l1': 0.15708635066045742, 'l2cg': 0.06114583012961607, 'I1z': 0.0004893784379074194, 'I2x': 0.00038907652777441355, 'I2y': 2.8309584817447598e-05, 'I2z': 0.00042874003756166547}, 'init_theta_std_deg': 6.854156047529245, 'init_alpha_std_deg': 8.486158374690238, 'init_theta_dot_std': 0.040176930431229524, 'init_alpha_dot_std': 0.32095616073024497, 'pwm_limit': 149.53191277091835, 'pwm_gain': 0.9736498117723323, 'pwm_bias': -1.9922708519823003, 'pwm_deadzone': 4.067403756992352, 'pwm_noise_sigma': 0.24301008899206145, 'actuator_tau': 0.013024116057926843, 'action_delay_steps': 0, 'theta_bias': 0.0003448428700531403, 'alpha_bias': 0.003178163128121991, 'theta_sigma': 0.00020959964116346475, 'alpha_sigma': 0.005965582914984442, 'theta_dot_sigma': 0.08574999635749218, 'alpha_dot_sigma': 0.23596435386762207, 'encoder_quantization_rad': 0.00010710550076108865, 'velocity_lpf': 0.23157880679631826, 'process_theta_dot_sigma': 0.0, 'process_alpha_dot_sigma': 0.0}"
4421491,4,randomization_0.50,0.5,"{'level': 0.5, 'physical': {'g': 9.875844631485228, 'c_theta': 0.026814345232122144, 'c_alpha': 0.0016730407408930914, 'k_t': 0.2593128929298595, 'k_b': 0.20937787958323845, 'k_u': 0.04514147678400469, 'R': 4.28460145286468, 'm1': 0.19038000245100617, 'm2': 0.14757862515491948, 'l1cg': 0.0834296878266273, 'l1': 0.15448644808540415, 'l2cg': 0.06036310536351199, 'I1z': 0.0004933154078630208, 'I2x': 0.0003579210928517623, 'I2y': 1.800184071103279e-05, 'I2z': 0.00028912167309785484}, 'init_theta_std_deg': 6.9566484881094866, 'init_alpha_std_deg': 9.511351927224968, 'init_theta_dot_std': 0.01198077461885036, 'init_alpha_dot_std': 0.4065395451197318, 'pwm_limit': 140.43020640531586, 'pwm_gain': 1.0409619530564416, 'pwm_bias': 1.509178544807436, 'pwm_deadzone': 4.548265760645415, 'pwm_noise_sigma': 0.5608327546073798, 'actuator_tau': 0.012713603593826318, 'action_delay_steps': 0, 'theta_bias': -0.0005300699751733029, 'alpha_bias': 0.001964280093009243, 'theta_sigma': 0.0027667378876296183, 'alpha_sigma': 0.005247982647177655, 'theta_dot_sigma': 0.05834530055985728, 'alpha_dot_sigma': 0.018560474965464813, 'encoder_quantization_rad': 5.0656311157136065e-05, 'velocity_lpf': 0.25, 'process_theta_dot_sigma': 0.0, 'process_alpha_dot_sigma': 0.0}"
4423491,4,randomization_0.50,0.5,"{'level': 0.5, 'physical': {'g': 9.593374431967217, 'c_theta': 0.019771405669941535, 'c_alpha': 0.0022923151847285424, 'k_t': 0.21905597584729744, 'k_b': 0.1666600788967564, 'k_u': 0.053405944583419, 'R': 4.188532365964783, 'm1': 0.1843828330979565, 'm2': 0.16020037255869385, 'l1cg': 0.082211864443108, 'l1': 0.14617195070588512, 'l2cg': 0.06019372562255629, 'I1z': 0.0005360325363584447, 'I2x': 0.0003380081931389512, 'I2y': 3.0898619120761306e-05, 'I2z': 0.0003069972754556547}, 'init_theta_std_deg': 6.984812760781648, 'init_alpha_std_deg': 6.196173851464623, 'init_theta_dot_std': 0.27566935521838176, 'init_alpha_dot_std': 1.1099631480011976, 'pwm_limit': 140.91869214654577, 'pwm_gain': 1.0068443140592835, 'pwm_bias': -1.3267312030765641, 'pwm_deadzone': 4.461670290407593, 'pwm_noise_sigma': 0.4022873762269392, 'actuator_tau': 0.01419246991438179, 'action_delay_steps': 1, 'theta_bias': 0.003913337160459153, 'alpha_bias': 0.0034195371115488004, 'theta_sigma': 0.0015988469940514572, 'alpha_sigma': 0.0077926232924321335, 'theta_dot_sigma': 0.12163620672579767, 'alpha_dot_sigma': 0.23383679519967673, 'encoder_quantization_rad': 0.0005516275728026146, 'velocity_lpf': 0.25, 'process_theta_dot_sigma': 0.0, 'process_alpha_dot_sigma': 0.0}"
4425491,4,randomization_0.50,0.5,"{'level': 0.5, 'physical': {'g': 9.976058903609909, 'c_theta': 0.051833860154273485, 'c_alpha': 0.0006797793792488458, 'k_t': 0.21582585965357667, 'k_b': 0.20092344435346304, 'k_u': 0.04375805830486896, 'R': 4.2865342520233325, 'm1': 0.19807026734443853, 'm2': 0.1507828694186387, 'l1cg': 0.07436870674406332, 'l1': 0.14540370156027044, 'l2cg': 0.0592798178898842, 'I1z': 0.00041088159094808066, 'I2x': 0.0003812917646260998, 'I2y': 2.3321369754019455e-05, 'I2z': 0.00033030944453304393}, 'init_theta_std_deg': 7.452994555328324, 'init_alpha_std_deg': 6.964413932718106, 'init_theta_dot_std': 0.38109927542770733, 'init_alpha_dot_std': 0.5521601818398582, 'pwm_limit': 147.4679792360851, 'pwm_gain': 1.000468082092706, 'pwm_bias': -1.6884758050864903, 'pwm_deadzone': 2.2333098182479305, 'pwm_noise_sigma': 0.9467871606034423, 'actuator_tau': 0.0024152658578551244, 'action_delay_steps': 1, 'theta_bias': -0.00043912832141748237, 'alpha_bias': 0.0034359424787970367, 'theta_sigma': 0.0018349874726385576, 'alpha_sigma': 0.007338916582965501, 'theta_dot_sigma': 0.10419565807367272, 'alpha_dot_sigma': 0.07378809803435102, 'encoder_quantization_rad': 2.515522500673209e-05, 'velocity_lpf': 0.25, 'process_theta_dot_sigma': 0.0, 'process_alpha_dot_sigma': 0.0}"
4427491,4,randomization_0.50,0.5,"{'level': 0.5, 'physical': {'g': 9.929826783754056, 'c_theta': 0.025492801991199906, 'c_alpha': 0.0006961314588234541, 'k_t': 0.21870663314056485, 'k_b': 0.20497426861149642, 'k_u': 0.04202733844242249, 'R': 4.048817981462634, 'm1': 0.21752724363308737, 'm2': 0.14891079474001498, 'l1cg': 0.08011855601211994, 'l1': 0.15745049388413068, 'l2cg': 0.06779719567180868, 'I1z': 0.0005692608935709791, 'I2x': 0.00033404783998093243, 'I2y': 2.9416044964540335e-05, 'I2z': 0.00033907913758422065}, 'init_theta_std_deg': 6.004691143278923, 'init_alpha_std_deg': 9.496677512494005, 'init_theta_dot_std': 0.20034127379138064, 'init_alpha_dot_std': 0.7531097792604381, 'pwm_limit': 147.44410784503415, 'pwm_gain': 1.0285701831785874, 'pwm_bias': 0.9317332661126612, 'pwm_deadzone': 2.4207472384752093, 'pwm_noise_sigma': 0.3186427483807408, 'actuator_tau': 0.0017154995964461905, 'action_delay_steps': 1, 'theta_bias': -0.0001967213879525409, 'alpha_bias': 0.00384324753527703, 'theta_sigma': 0.002831627184300349, 'alpha_sigma': 0.0006799605765477845, 'theta_dot_sigma': 0.08059301119587907, 'alpha_dot_sigma': 0.123626298249012, 'encoder_quantization_rad': 7.80503369596236e-05, 'velocity_lpf': 0.25, 'process_theta_dot_sigma': 0.0, 'process_alpha_dot_sigma': 0.0}"
4429491,4,randomization_0.50,0.5,"{'level': 0.5, 'physical': {'g': 9.709161316275404, 'c_theta': 0.028980228796556397, 'c_alpha': 0.002426458843825954, 'k_t': 0.2300917714341613, 'k_b': 0.19043581480559682, 'k_u': 0.046021554909396495, 'R': 4.391425779726085, 'm1': 0.2080700226593994, 'm2': 0.16660682412926092, 'l1cg': 0.08028773429583258, 'l1': 0.1568421165990493, 'l2cg': 0.06134992499242614, 'I1z': 0.0005883490748501575, 'I2x': 0.00040499475645977323, 'I2y': 3.1031081398396177e-05, 'I2z': 0.0003210593036770072}, 'init_theta_std_deg': 7.494111767833726, 'init_alpha_std_deg': 6.560207203084028, 'init_theta_dot_std': 0.5609869705093157, 'init_alpha_dot_std': 0.2693412383027506, 'pwm_limit': 150.4699963474724, 'pwm_gain': 1.0499454652102616, 'pwm_bias': 1.271318983113348, 'pwm_deadzone': 4.326335748367503, 'pwm_noise_sigma': 0.5656830524856119, 'actuator_tau': 0.011243650857092672, 'action_delay_steps': 0, 'theta_bias': 0.0027267816761611698, 'alpha_bias': 0.0009262461514690336, 'theta_sigma': 0.0017127777403408513, 'alpha_sigma': 0.009440709095169102, 'theta_dot_sigma': 0.10881443881664321, 'alpha_dot_sigma': 0.015400033489525488, 'encoder_quantization_rad': 0.00011500533800640073, 'velocity_lpf': 0.25, 'process_theta_dot_sigma': 0.0, 'process_alpha_dot_sigma': 0.0}"
4431491,4,randomization_0.50,0.5,"{'level': 0.5, 'physical': {'g': 9.762972035912052, 'c_theta': 0.046145882269319705, 'c_alpha': 0.0023326939726604073, 'k_t': 0.21854723837216555, 'k_b': 0.1739822838816949, 'k_u': 0.045941156740603964, 'R': 4.2586704136582165, 'm1': 0.2084607328810651, 'm2': 0.1541765680165984, 'l1cg': 0.07702679682169937, 'l1': 0.1455440991880305, 'l2cg': 0.05910853302554073, 'I1z': 0.0005666351297854455, 'I2x': 0.000345795590794493, 'I2y': 2.41862850010583e-05, 'I2z': 0.0002816535172486494}, 'init_theta_std_deg': 6.869397893202299, 'init_alpha_std_deg': 10.225826479419762, 'init_theta_dot_std': 0.26701265820596715, 'init_alpha_dot_std': 0.037846843915089745, 'pwm_limit': 139.22219162924736, 'pwm_gain': 0.9971366942922695, 'pwm_bias': 0.24022898559176786, 'pwm_deadzone': 3.398562746515807, 'pwm_noise_sigma': 0.7449146557151631, 'actuator_tau': 0.00963301137641284, 'action_delay_steps': 0, 'theta_bias': 0.0009883938161374772, 'alpha_bias': -0.0004437329661575169, 'theta_sigma': 0.0005041925047199605, 'alpha_sigma': 0.009682214260734422, 'theta_dot_sigma': 0.029187584621648926, 'alpha_dot_sigma': 0.06941591188737409, 'encoder_quantization_rad': 0.0006385271963428059, 'velocity_lpf': 0.25, 'process_theta_dot_sigma': 0.0, 'process_alpha_dot_sigma': 0.0}"
4433491,4,randomization_0.50,0.5,"{'level': 0.5, 'physical': {'g': 9.636200687165532, 'c_theta': 0.03272914209045128, 'c_alpha': 0.0014434787293976104, 'k_t': 0.20643324461575455, 'k_b': 0.17505964342682345, 'k_u': 0.04559323678811431, 'R': 3.926034405523043, 'm1': 0.2250940056203388, 'm2': 0.1637386849137475, 'l1cg': 0.08333642208919104, 'l1': 0.14465184213282772, 'l2cg': 0.0739944773278694, 'I1z': 0.0005062495212608962, 'I2x': 0.00033379671204380096, 'I2y': 2.681817801975508e-05, 'I2z': 0.0004447221636137638}, 'init_theta_std_deg': 4.255462985481163, 'init_alpha_std_deg': 6.667033632405668, 'init_theta_dot_std': 0.335811154004664, 'init_alpha_dot_std': 0.5272701468777441, 'pwm_limit': 147.97553404821835, 'pwm_gain': 1.0110229046393626, 'pwm_bias': -1.2050131955342827, 'pwm_deadzone': 2.5904815888855444, 'pwm_noise_sigma': 0.9085416163731417, 'actuator_tau': 0.0021196587728382816, 'action_delay_steps': 0, 'theta_bias': -0.004302037449026745, 'alpha_bias': -0.001069619908502029, 'theta_sigma': 0.0020313321458449774, 'alpha_sigma': 0.004227091919194038, 'theta_dot_sigma': 0.05099591387316134, 'alpha_dot_sigma': 0.12649662551615343, 'encoder_quantization_rad': 0.0002836127962725899, 'velocity_lpf': 0.25, 'process_theta_dot_sigma': 0.0, 'process_alpha_dot_sigma': 0.0}"
4435491,4,randomization_0.50,0.5,"{'level': 0.5, 'physical': {'g': 9.908161907978174, 'c_theta': 0.03804409323378716, 'c_alpha': 0.0015197870776274855, 'k_t': 0.23364956491728997, 'k_b': 0.1688727879711122, 'k_u': 0.047503601012912365, 'R': 4.197156461882521, 'm1': 0.19361606595603062, 'm2': 0.15611272655749192, 'l1cg': 0.07501747348129159, 'l1': 0.15703838405276715, 'l2cg': 0.07232460256838073, 'I1z': 0.000647356732708186, 'I2x': 0.00035327190502238033, 'I2y': 2.4094440947928632e-05, 'I2z': 0.00030348159839645243}, 'init_theta_std_deg': 4.441347591409443, 'init_alpha_std_deg': 11.775710305410243, 'init_theta_dot_std': 0.5342200086178637, 'init_alpha_dot_std': 0.9561026471904411, 'pwm_limit': 141.9449391218141, 'pwm_gain': 0.9645660517201832, 'pwm_bias': 1.6506094762200756, 'pwm_deadzone': 1.8705191825194682, 'pwm_noise_sigma': 0.780438567574692, 'actuator_tau': 0.0027922108602249926, 'action_delay_steps': 0, 'theta_bias': 0.0020744743202780846, 'alpha_bias': 0.0020306439771170773, 'theta_sigma': 0.0020300648081133456, 'alpha_sigma': 0.004626641066468758, 'theta_dot_sigma': 0.06492427860950706, 'alpha_dot_sigma': 0.06034972801648783, 'encoder_quantization_rad': 0.0003183364452517448, 'velocity_lpf': 0.24820883585646086, 'process_theta_dot_sigma': 0.0, 'process_alpha_dot_sigma': 0.0}"
4437491,4,randomization_0.50,0.5,"{'level': 0.5, 'physical': {'g': 9.86155596140991, 'c_theta': 0.035839416200642266, 'c_alpha': 0.0007705795116795867, 'k_t': 0.245134922489315, 'k_b': 0.18515852579974648, 'k_u': 0.048346553319280526, 'R': 4.065521964915538, 'm1': 0.21196285579443858, 'm2': 0.15779874918015482, 'l1cg': 0.0779933409883449, 'l1': 0.14712602339525196, 'l2cg': 0.06436061622316527, 'I1z': 0.00044318077562417415, 'I2x': 0.0004048414893385188, 'I2y': 1.9493178771524373e-05, 'I2z': 0.00040203374127506395}, 'init_theta_std_deg': 4.1832914010636975, 'init_alpha_std_deg': 7.969257177337307, 'init_theta_dot_std': 0.1519945720925683, 'init_alpha_dot_std': 0.11457186493927712, 'pwm_limit': 145.23406374095288, 'pwm_gain': 1.0371037692450502, 'pwm_bias': 0.3516846672152565, 'pwm_deadzone': 0.33210157124841044, 'pwm_noise_sigma': 0.7553689412826361, 'actuator_tau': 0.011859442077249689, 'action_delay_steps': 1, 'theta_bias': -0.002081803285792171, 'alpha_bias': 0.005546779927209766, 'theta_sigma': 0.001780442025061869, 'alpha_sigma': 0.004278819582327938, 'theta_dot_sigma': 0.07704049208494713, 'alpha_dot_sigma': 0.26533903612412646, 'encoder_quantization_rad': 0.000455122911062204, 'velocity_lpf': 0.25, 'process_theta_dot_sigma': 0.0, 'process_alpha_dot_sigma': 0.0}"
4439491,4,randomization_0.50,0.5,"{'level': 0.5, 'physical': {'g': 9.559138223322403, 'c_theta': 0.05091582342339815, 'c_alpha': 0.0014078754447579282, 'k_t': 0.215836439810258, 'k_b': 0.20155575111533686, 'k_u': 0.05100332531073644, 'R': 4.179471062877597, 'm1': 0.2306712573187382, 'm2': 0.16280588877020202, 'l1cg': 0.08076538394627097, 'l1': 0.1522275639807225, 'l2cg': 0.07255070982607022, 'I1z': 0.0006206696833604387, 'I2x': 0.0003588327307957242, 'I2y': 1.9486794767068932e-05, 'I2z': 0.00042599263120896426}, 'init_theta_std_deg': 6.930748917801205, 'init_alpha_std_deg': 11.175605519885817, 'init_theta_dot_std': 0.7085831765697947, 'init_alpha_dot_std': 0.9209597417805622, 'pwm_limit': 143.20542802860535, 'pwm_gain': 0.9868875042939473, 'pwm_bias': 1.782756675776974, 'pwm_deadzone': 2.1593458856123715, 'pwm_noise_sigma': 0.5205945651557421, 'actuator_tau': 0.012051482460098826, 'action_delay_steps': 0, 'theta_bias': 0.002514566416284946, 'alpha_bias': 0.004463385084344862, 'theta_sigma': 0.0012373875214591952, 'alpha_sigma': 0.003413215111583222, 'theta_dot_sigma': 0.0993436339351246, 'alpha_dot_sigma': 0.08051682115642965, 'encoder_quantization_rad': 0.0007493474546020544, 'velocity_lpf': 0.25, 'process_theta_dot_sigma': 0.0, 'process_alpha_dot_sigma': 0.0}"
4441491,4,randomization_0.50,0.5,"{'level': 0.5, 'physical': {'g': 10.03235134083261, 'c_theta': 0.03422703776296807, 'c_alpha': 0.0007613715290802518, 'k_t': 0.21315670980855583, 'k_b': 0.19894317182537263, 'k_u': 0.04597590967507668, 'R': 4.603703440595858, 'm1': 0.18130861034545318, 'm2': 0.1693995077005898, 'l1cg': 0.08088982873333421, 'l1': 0.14509638731270638, 'l2cg': 0.06856570765141376, 'I1z': 0.0005009791899530748, 'I2x': 0.00038716088395715595, 'I2y': 2.8207736587184618e-05, 'I2z': 0.000317194274028816}, 'init_theta_std_deg': 7.0083284800029775, 'init_alpha_std_deg': 6.1084078361742895, 'init_theta_dot_std': 0.15622448201133016, 'init_alpha_dot_std': 0.26592584472312386, 'pwm_limit': 146.54999346965297, 'pwm_gain': 1.028113494702363, 'pwm_bias': -1.0390393096925847, 'pwm_deadzone': 2.9389026721534552, 'pwm_noise_sigma': 0.7862258036778473, 'actuator_tau': 0.013331456391965117, 'action_delay_steps': 1, 'theta_bias': -0.002036163680812806, 'alpha_bias': 0.003976245493783903, 'theta_sigma': 0.0016530961022845094, 'alpha_sigma': 0.004896002444982271, 'theta_dot_sigma': 0.14377355150820603, 'alpha_dot_sigma': 0.2528744448128636, 'encoder_quantization_rad': 0.0006807719530670707, 'velocity_lpf': 0.25, 'process_theta_dot_sigma': 0.0, 'process_alpha_dot_sigma': 0.0}"
4443491,4,randomization_0.50,0.5,"{'level': 0.5, 'physical': {'g': 9.970880272711423, 'c_theta': 0.053725991839437374, 'c_alpha': 0.0013180003090443142, 'k_t': 0.21102448468077417, 'k_b': 0.20984543268578343, 'k_u': 0.04224785557923903, 'R': 4.38088884305732, 'm1': 0.21477088266502545, 'm2': 0.1688650648240402, 'l1cg': 0.07511685699996216, 'l1': 0.15675716823347335, 'l2cg': 0.07321873821962137, 'I1z': 0.0004385758949567343, 'I2x': 0.00035275027981197994, 'I2y': 2.541226954549109e-05, 'I2z': 0.00029160841631638946}, 'init_theta_std_deg': 6.64025298243306, 'init_alpha_std_deg': 10.081213222836254, 'init_theta_dot_std': 0.18723554340455403, 'init_alpha_dot_std': 0.9766034483396581, 'pwm_limit': 136.5034599876495, 'pwm_gain': 0.9890503034401661, 'pwm_bias': -0.8168023618809324, 'pwm_deadzone': 4.415237877261195, 'pwm_noise_sigma': 0.1461066432910163, 'actuator_tau': 0.011319283218197543, 'action_delay_steps': 1, 'theta_bias': -0.0030792508600614842, 'alpha_bias': 0.0037808398154604425, 'theta_sigma': 0.0005418324835336256, 'alpha_sigma': 0.007782788315616447, 'theta_dot_sigma': 0.08717410115697999, 'alpha_dot_sigma': 0.12134684204980584, 'encoder_quantization_rad': 0.000639125394676497, 'velocity_lpf': 0.25, 'process_theta_dot_sigma': 0.0, 'process_alpha_dot_sigma': 0.0}"
4445491,4,randomization_0.50,0.5,"{'level': 0.5, 'physical': {'g': 9.97954623810511, 'c_theta': 0.02454191447844842, 'c_alpha': 0.0022535500455927006, 'k_t': 0.24126748916261911, 'k_b': 0.18005533249018527, 'k_u': 0.04464313958489071, 'R': 3.8967811328174258, 'm1': 0.2266381756025891, 'm2': 0.16984814964852366, 'l1cg': 0.08245439425952118, 'l1': 0.15430561999928383, 'l2cg': 0.06053406161884504, 'I1z': 0.000661486916522038, 'I2x': 0.0003537192946955065, 'I2y': 2.521785194344032e-05, 'I2z': 0.00046415658917358765}, 'init_theta_std_deg': 6.926524622864266, 'init_alpha_std_deg': 10.577265705771262, 'init_theta_dot_std': 0.25762602408279817, 'init_alpha_dot_std': 0.252595223085053, 'pwm_limit': 140.54883667978413, 'pwm_gain': 1.0429548424256985, 'pwm_bias': 0.8711310642729546, 'pwm_deadzone': 3.280891225049295, 'pwm_noise_sigma': 0.3573901806534907, 'actuator_tau': 0.004742103254440545, 'action_delay_steps': 1, 'theta_bias': 0.003034504973430183, 'alpha_bias': 0.0017996343560699758, 'theta_sigma': 0.0025058116208300863, 'alpha_sigma': 0.0004884976686755748, 'theta_dot_sigma': 0.09277510568949558, 'alpha_dot_sigma': 0.012414880823103514, 'encoder_quantization_rad': 0.0002188273788223474, 'velocity_lpf': 0.25, 'process_theta_dot_sigma': 0.0, 'process_alpha_dot_sigma': 0.0}"
4447491,4,randomization_0.50,0.5,"{'level': 0.5, 'physical': {'g': 9.677445636405341, 'c_theta': 0.03175532019889809, 'c_alpha': 0.0022220140891933814, 'k_t': 0.2508762667349233, 'k_b': 0.1658436820894652, 'k_u': 0.04449920093066234, 'R': 4.415017987799973, 'm1': 0.1865733390713767, 'm2': 0.15129442761447354, 'l1cg': 0.08442424612774807, 'l1': 0.14631143907464542, 'l2cg': 0.07438332619885124, 'I1z': 0.0004851913339457697, 'I2x': 0.0003915278748594294, 'I2y': 3.086793683814684e-05, 'I2z': 0.0004697016203060753}, 'init_theta_std_deg': 3.8093364195187407, 'init_alpha_std_deg': 8.808640875418932, 'init_theta_dot_std': 0.28367001114224333, 'init_alpha_dot_std': 0.5358675356622434, 'pwm_limit': 142.44267730347096, 'pwm_gain': 0.9698993965913101, 'pwm_bias': -1.7426978021449546, 'pwm_deadzone': 0.853050916334066, 'pwm_noise_sigma': 0.06487671733281042, 'actuator_tau': 0.006939591822113966, 'action_delay_steps': 1, 'theta_bias': 0.0018592333536260452, 'alpha_bias': 0.004620390701783393, 'theta_sigma': 0.001231335304340017, 'alpha_sigma': 0.005434664149507254, 'theta_dot_sigma': 0.11153759280641078, 'alpha_dot_sigma': 0.2316261148729525, 'encoder_quantization_rad': 0.0005630348877171747, 'velocity_lpf': 0.25, 'process_theta_dot_sigma': 0.0, 'process_alpha_dot_sigma': 0.0}"
4449491,4,randomization_0.50,0.5,"{'level': 0.5, 'physical': {'g': 9.99566713285373, 'c_theta': 0.037972035241945756, 'c_alpha': 0.0010436069559162855, 'k_t': 0.23575388392527089, 'k_b': 0.1989621138809612, 'k_u': 0.04191817856550348, 'R': 4.106759576047464, 'm1': 0.20183907492149158, 'm2': 0.1591117926310306, 'l1cg': 0.08273505364780727, 'l1': 0.14608668064105526, 'l2cg': 0.07117963368893636, 'I1z': 0.0006475386274377887, 'I2x': 0.00034919695073487464, 'I2y': 2.636059052208772e-05, 'I2z': 0.0004439363057883487}, 'init_theta_std_deg': 5.320938985242247, 'init_alpha_std_deg': 11.671134819676332, 'init_theta_dot_std': 0.6550103182438949, 'init_alpha_dot_std': 0.4836215795779497, 'pwm_limit': 137.15337942611322, 'pwm_gain': 0.9768189626195641, 'pwm_bias': -0.5556384132083552, 'pwm_deadzone': 3.509922863289659, 'pwm_noise_sigma': 0.11230540354006124, 'actuator_tau': 0.013613555618586137, 'action_delay_steps': 0, 'theta_bias': -0.0032038442347544216, 'alpha_bias': 0.0026721496386216954, 'theta_sigma': 0.0018905585851952031, 'alpha_sigma': 0.000942890943799517, 'theta_dot_sigma': 0.01049722139256465, 'alpha_dot_sigma': 0.0799733047865514, 'encoder_quantization_rad': 0.0006003201609024129, 'velocity_lpf': 0.25, 'process_theta_dot_sigma': 0.0, 'process_alpha_dot_sigma': 0.0}"
4451491,4,randomization_0.50,0.5,"{'level': 0.5, 'physical': {'g': 9.889422879114573, 'c_theta': 0.029364934772347487, 'c_alpha': 0.0016805352196896902, 'k_t': 0.22738942531041254, 'k_b': 0.18097484901216374, 'k_u': 0.040139187933532695, 'R': 4.684815473147979, 'm1': 0.21567268845392357, 'm2': 0.15075965555936147, 'l1cg': 0.08528420097041008, 'l1': 0.1538171254622272, 'l2cg': 0.06446792540979072, 'I1z': 0.0006512004268524905, 'I2x': 0.0003599040731683365, 'I2y': 2.238315083370511e-05, 'I2z': 0.00030265424879495417}, 'init_theta_std_deg': 7.006131310087825, 'init_alpha_std_deg': 6.46223409247113, 'init_theta_dot_std': 0.24221024243851097, 'init_alpha_dot_std': 0.6545901523374424, 'pwm_limit': 143.8945068395092, 'pwm_gain': 0.9778039865456852, 'pwm_bias': 0.4196354894631904, 'pwm_deadzone': 0.2059544711112299, 'pwm_noise_sigma': 0.4155367087219508, 'actuator_tau': 0.00023008576279658243, 'action_delay_steps': 1, 'theta_bias': -0.0013058349243045097, 'alpha_bias': -0.0055459048832242975, 'theta_sigma': 0.0025010215227848805, 'alpha_sigma': 0.000323689706929704, 'theta_dot_sigma': 0.05598698933085344, 'alpha_dot_sigma': 0.2092025509166737, 'encoder_quantization_rad': 0.0006205702525801585, 'velocity_lpf': 0.25, 'process_theta_dot_sigma': 0.0, 'process_alpha_dot_sigma': 0.0}"
4453491,4,randomization_0.50,0.5,"{'level': 0.5, 'physical': {'g': 9.57517285696224, 'c_theta': 0.04017752971715617, 'c_alpha': 0.0024883569343845256, 'k_t': 0.2145806196059108, 'k_b': 0.16510740718995887, 'k_u': 0.04904081007572252, 'R': 4.171855532447319, 'm1': 0.19377556732161302, 'm2': 0.16450041545186128, 'l1cg': 0.08200783321374404, 'l1': 0.15148983660363222, 'l2cg': 0.06984139203153461, 'I1z': 0.0004909348537475615, 'I2x': 0.0003476340691579761, 'I2y': 2.7973386850562473e-05, 'I2z': 0.00029703440704161916}, 'init_theta_std_deg': 7.017892061496502, 'init_alpha_std_deg': 7.021117192295775, 'init_theta_dot_std': 0.34473966828757996, 'init_alpha_dot_std': 1.2103833085738582, 'pwm_limit': 147.58256658257514, 'pwm_gain': 0.9939946234305009, 'pwm_bias': 0.7405305359001413, 'pwm_deadzone': 4.514171259475836, 'pwm_noise_sigma': 0.7643243230737501, 'actuator_tau': 0.004051896213090195, 'action_delay_steps': 0, 'theta_bias': -0.0029522485527329135, 'alpha_bias': -0.00127519199560837, 'theta_sigma': 0.0002569145074564665, 'alpha_sigma': 0.008378270979234465, 'theta_dot_sigma': 0.10313107973429055, 'alpha_dot_sigma': 0.2846488382339261, 'encoder_quantization_rad': 0.00013345939676299968, 'velocity_lpf': 0.25091185606591415, 'process_theta_dot_sigma': 0.0, 'process_alpha_dot_sigma': 0.0}"
4455491,4,randomization_0.50,0.5,"{'level': 0.5, 'physical': {'g': 9.916171434589442, 'c_theta': 0.053733487322025264, 'c_alpha': 0.0018533538926287926, 'k_t': 0.21562220706768054, 'k_b': 0.2078247828787732, 'k_u': 0.050894261329340273, 'R': 3.9401918614483047, 'm1': 0.1847183042267621, 'm2': 0.16076841928155694, 'l1cg': 0.07924514130471791, 'l1': 0.155343856984077, 'l2cg': 0.07435352117522, 'I1z': 0.0005276705336055144, 'I2x': 0.00035732914495543045, 'I2y': 3.264942487685529e-05, 'I2z': 0.00047926358957859646}, 'init_theta_std_deg': 4.002003998150101, 'init_alpha_std_deg': 11.390030807890327, 'init_theta_dot_std': 0.4119405371836874, 'init_alpha_dot_std': 0.534262281216194, 'pwm_limit': 147.0695509393927, 'pwm_gain': 1.0465772563940623, 'pwm_bias': 1.7647875448474437, 'pwm_deadzone': 1.5349887122297967, 'pwm_noise_sigma': 0.37731129788946327, 'actuator_tau': 0.006346549998426711, 'action_delay_steps': 1, 'theta_bias': -0.0020087831473756036, 'alpha_bias': -0.00589196111720757, 'theta_sigma': 0.0017786339506002634, 'alpha_sigma': 0.008245117533551486, 'theta_dot_sigma': 0.12286688916325376, 'alpha_dot_sigma': 0.16277196141022096, 'encoder_quantization_rad': 0.0007008795456176328, 'velocity_lpf': 0.25, 'process_theta_dot_sigma': 0.0, 'process_alpha_dot_sigma': 0.0}"
4457491,4,randomization_0.50,0.5,"{'level': 0.5, 'physical': {'g': 9.693966277041413, 'c_theta': 0.05574004585200562, 'c_alpha': 0.0010456465119679295, 'k_t': 0.21054435965790502, 'k_b': 0.1979294808009865, 'k_u': 0.04839796226000156, 'R': 4.1571518842053985, 'm1': 0.20742696906406374, 'm2': 0.14709383683109187, 'l1cg': 0.08432109983239604, 'l1': 0.15145346482303998, 'l2cg': 0.06231626859453153, 'I1z': 0.00047437580659964653, 'I2x': 0.00034844310649990567, 'I2y': 3.100308904163581e-05, 'I2z': 0.00037803893504828286}, 'init_theta_std_deg': 4.602418102877014, 'init_alpha_std_deg': 8.521639385964221, 'init_theta_dot_std': 0.2844592959433354, 'init_alpha_dot_std': 0.5560313587469935, 'pwm_limit': 140.75477245755715, 'pwm_gain': 1.009439122811891, 'pwm_bias': 0.37321969118645315, 'pwm_deadzone': 2.1753908895753304, 'pwm_noise_sigma': 0.4210788667137202, 'actuator_tau': 0.004090416358390965, 'action_delay_steps': 0, 'theta_bias': 0.003359849345117557, 'alpha_bias': 0.004863268239315693, 'theta_sigma': 0.0005458690612935127, 'alpha_sigma': 0.007734234064168771, 'theta_dot_sigma': 0.04772084761023719, 'alpha_dot_sigma': 0.01154559673318799, 'encoder_quantization_rad': 4.879833831262143e-06, 'velocity_lpf': 0.25, 'process_theta_dot_sigma': 0.0, 'process_alpha_dot_sigma': 0.0}"
4459491,4,randomization_0.50,0.5,"{'level': 0.5, 'physical': {'g': 9.768479907662789, 'c_theta': 0.04886760075671636, 'c_alpha': 0.0021335834696785206, 'k_t': 0.2023999706034057, 'k_b': 0.1827945726599877, 'k_u': 0.04118495916105956, 'R': 4.67840825804497, 'm1': 0.18280534512458288, 'm2': 0.15122144671287543, 'l1cg': 0.07779451612596217, 'l1': 0.15105576964037778, 'l2cg': 0.061142662371136296, 'I1z': 0.000623414668142106, 'I2x': 0.0003370079777579509, 'I2y': 2.3847189686048014e-05, 'I2z': 0.0003254769501790137}, 'init_theta_std_deg': 4.431794990353303, 'init_alpha_std_deg': 6.043551490758699, 'init_theta_dot_std': 0.6901871793849886, 'init_alpha_dot_std': 0.9347701289643351, 'pwm_limit': 143.70502980450593, 'pwm_gain': 0.9872028703233529, 'pwm_bias': -0.473056580007007, 'pwm_deadzone': 0.894984833871923, 'pwm_noise_sigma': 0.5400625569674925, 'actuator_tau': 0.004406866281565114, 'action_delay_steps': 0, 'theta_bias': -0.004576598117479504, 'alpha_bias': 0.0007747553521199468, 'theta_sigma': 0.0007942608475714569, 'alpha_sigma': 0.0067707204628784864, 'theta_dot_sigma': 0.09535946224480915, 'alpha_dot_sigma': 0.21032430718674064, 'encoder_quantization_rad': 0.00016241254490839585, 'velocity_lpf': 0.25, 'process_theta_dot_sigma': 0.0, 'process_alpha_dot_sigma': 0.0}"
4461491,4,randomization_0.50,0.5,"{'level': 0.5, 'physical': {'g': 9.92614490232311, 'c_theta': 0.019740214764748226, 'c_alpha': 0.002736448597043605, 'k_t': 0.24719057207093129, 'k_b': 0.20091543011389887, 'k_u': 0.04336101255262854, 'R': 4.7426675995287955, 'm1': 0.228421883774957, 'm2': 0.16451243747585204, 'l1cg': 0.0862597374059765, 'l1': 0.1575111482111846, 'l2cg': 0.059146490242002976, 'I1z': 0.0004454514703959761, 'I2x': 0.00037803376730490863, 'I2y': 2.4485783982188386e-05, 'I2z': 0.00033686843627584026}, 'init_theta_std_deg': 7.368355044092641, 'init_alpha_std_deg': 6.760596502061846, 'init_theta_dot_std': 0.4092862386759941, 'init_alpha_dot_std': 0.3484058405315507, 'pwm_limit': 136.28106218337047, 'pwm_gain': 0.9855683726411644, 'pwm_bias': -1.633241960200892, 'pwm_deadzone': 4.131942059042752, 'pwm_noise_sigma': 0.1761724009046467, 'actuator_tau': 0.004700999365406977, 'action_delay_steps': 1, 'theta_bias': -0.0032679494895185915, 'alpha_bias': 0.0025240332249402754, 'theta_sigma': 0.0012852269569475984, 'alpha_sigma': 0.004176522675124111, 'theta_dot_sigma': 0.13254658855343285, 'alpha_dot_sigma': 0.12327924442765688, 'encoder_quantization_rad': 0.0005709486341823413, 'velocity_lpf': 0.2324404624599809, 'process_theta_dot_sigma': 0.0, 'process_alpha_dot_sigma': 0.0}"
4463491,4,randomization_0.50,0.5,"{'level': 0.5, 'physical': {'g': 9.697118151951269, 'c_theta': 0.028391957854061012, 'c_alpha': 0.0009824224317499849, 'k_t': 0.20488592340469594, 'k_b': 0.17601085619491125, 'k_u': 0.0538092174778417, 'R': 4.493336015583958, 'm1': 0.1905566510198569, 'm2': 0.152619756292562, 'l1cg': 0.08296336281186101, 'l1': 0.15492502642697623, 'l2cg': 0.07061874497355101, 'I1z': 0.0003910960356984781, 'I2x': 0.00033980873330251554, 'I2y': 2.1762948647170074e-05, 'I2z': 0.0003268794274568378}, 'init_theta_std_deg': 3.9069591264939185, 'init_alpha_std_deg': 9.024206862005414, 'init_theta_dot_std': 0.27298063534414063, 'init_alpha_dot_std': 0.08094170908127599, 'pwm_limit': 140.86074132745208, 'pwm_gain': 0.9610421363947773, 'pwm_bias': 1.560489178369381, 'pwm_deadzone': 1.6578514443816066, 'pwm_noise_sigma': 0.31830104531441217, 'actuator_tau': 0.00992735491574039, 'action_delay_steps': 1, 'theta_bias': -0.0006381330970824195, 'alpha_bias': 0.005420224178644684, 'theta_sigma': 0.002807876614753311, 'alpha_sigma': 0.005770855867183048, 'theta_dot_sigma': 0.09788210658059866, 'alpha_dot_sigma': 0.17853843301565894, 'encoder_quantization_rad': 8.808061557737415e-05, 'velocity_lpf': 0.2365186572017286, 'process_theta_dot_sigma': 0.0, 'process_alpha_dot_sigma': 0.0}"
4465491,4,randomization_0.50,0.5,"{'level': 0.5, 'physical': {'g': 9.872730072583304, 'c_theta': 0.02762144787320389, 'c_alpha': 0.0022776037092921164, 'k_t': 0.2253961632318727, 'k_b': 0.17135846173660385, 'k_u': 0.04698751614840908, 'R': 4.026847687266737, 'm1': 0.21482651208170908, 'm2': 0.16358317219311355, 'l1cg': 0.08126177903535667, 'l1': 0.1562947036472622, 'l2cg': 0.061284328988486944, 'I1z': 0.0004720754472009097, 'I2x': 0.00033805556460895575, 'I2y': 2.804435737127136e-05, 'I2z': 0.00032072877718107963}, 'init_theta_std_deg': 4.142840623670642, 'init_alpha_std_deg': 11.325018307700336, 'init_theta_dot_std': 0.05459132203342115, 'init_alpha_dot_std': 1.0208795513307203, 'pwm_limit': 137.40033412396238, 'pwm_gain': 1.0342086370118997, 'pwm_bias': 0.45165247329707503, 'pwm_deadzone': 1.466419992722014, 'pwm_noise_sigma': 0.9313054167495335, 'actuator_tau': 0.0016397993699282297, 'action_delay_steps': 0, 'theta_bias': -0.004327619677454535, 'alpha_bias': -0.00598722004703828, 'theta_sigma': 0.00053153052786961, 'alpha_sigma': 0.0018416633563048024, 'theta_dot_sigma': 0.1519186870964154, 'alpha_dot_sigma': 0.13412301836576157, 'encoder_quantization_rad': 0.0005500647160537891, 'velocity_lpf': 0.25, 'process_theta_dot_sigma': 0.0, 'process_alpha_dot_sigma': 0.0}"
4467491,4,randomization_0.50,0.5,"{'level': 0.5, 'physical': {'g': 9.660992382768288, 'c_theta': 0.021459951003727065, 'c_alpha': 0.001296408891024237, 'k_t': 0.25977586917470713, 'k_b': 0.20590931410076446, 'k_u': 0.05263193528165169, 'R': 4.556786901733279, 'm1': 0.18494950371985341, 'm2': 0.14728839704480817, 'l1cg': 0.0827174240162913, 'l1': 0.15921658012725, 'l2cg': 0.0601047938114882, 'I1z': 0.0006494623506293106, 'I2x': 0.0003565433475033098, 'I2y': 2.4972865148055556e-05, 'I2z': 0.0003332168542453974}, 'init_theta_std_deg': 5.093992373181525, 'init_alpha_std_deg': 11.687595374120642, 'init_theta_dot_std': 0.0019163292995797165, 'init_alpha_dot_std': 0.3751600166170535, 'pwm_limit': 152.4737221142296, 'pwm_gain': 1.0019501116400833, 'pwm_bias': -0.6425482363035178, 'pwm_deadzone': 0.6594477786754466, 'pwm_noise_sigma': 0.13100105683057706, 'actuator_tau': 0.01361257949835985, 'action_delay_steps': 0, 'theta_bias': 0.002934684494241292, 'alpha_bias': 0.0019141902114538129, 'theta_sigma': 0.0019468472766820304, 'alpha_sigma': 0.0016237363206999156, 'theta_dot_sigma': 0.13036002177064504, 'alpha_dot_sigma': 0.22311222308312686, 'encoder_quantization_rad': 0.00042172649168301807, 'velocity_lpf': 0.25, 'process_theta_dot_sigma': 0.0, 'process_alpha_dot_sigma': 0.0}"
4469491,4,randomization_0.50,0.5,"{'level': 0.5, 'physical': {'g': 9.628328102497223, 'c_theta': 0.04377389480725341, 'c_alpha': 0.0027482719558196006, 'k_t': 0.21876914688954263, 'k_b': 0.19363348077897183, 'k_u': 0.042905581846246404, 'R': 4.249275290462549, 'm1': 0.18080312166448326, 'm2': 0.15827556847584884, 'l1cg': 0.07467733364806603, 'l1': 0.14992808026732066, 'l2cg': 0.0656082773085129, 'I1z': 0.00039264069085086646, 'I2x': 0.00039753480613103953, 'I2y': 2.3590565036869316e-05, 'I2z': 0.00029187063051303383}, 'init_theta_std_deg': 6.518449655376702, 'init_alpha_std_deg': 8.850664327286951, 'init_theta_dot_std': 0.38310317746684674, 'init_alpha_dot_std': 1.0992100083023701, 'pwm_limit': 144.26675366605915, 'pwm_gain': 1.008268215357961, 'pwm_bias': -0.5838529462190412, 'pwm_deadzone': 3.5917270223353963, 'pwm_noise_sigma': 0.15319202209524563, 'actuator_tau': 0.0033345485830782976, 'action_delay_steps': 0, 'theta_bias': -0.00304856477870326, 'alpha_bias': 0.004515257191919938, 'theta_sigma': 0.0028836359790001794, 'alpha_sigma': 0.0055010973251661335, 'theta_dot_sigma': 0.12122794632437313, 'alpha_dot_sigma': 0.24225048762832738, 'encoder_quantization_rad': 0.0006773827336804938, 'velocity_lpf': 0.27405437817125555, 'process_theta_dot_sigma': 0.0, 'process_alpha_dot_sigma': 0.0}"
4471491,4,randomization_0.50,0.5,"{'level': 0.5, 'physical': {'g': 9.617199442667449, 'c_theta': 0.04289786332968113, 'c_alpha': 0.0017072193839347384, 'k_t': 0.23109616719170628, 'k_b': 0.197874000404409, 'k_u': 0.04772942734181877, 'R': 4.7751973821551665, 'm1': 0.22983065098835723, 'm2': 0.16588138347408213, 'l1cg': 0.07701877927742874, 'l1': 0.1518975612063754, 'l2cg': 0.06006692651405048, 'I1z': 0.0004749166735459079, 'I2x': 0.00033621902215476366, 'I2y': 3.1094249304820966e-05, 'I2z': 0.0002921480851493192}, 'init_theta_std_deg': 5.662201153262849, 'init_alpha_std_deg': 6.361149871016522, 'init_theta_dot_std': 0.026757307601374153, 'init_alpha_dot_std': 0.4560928503733914, 'pwm_limit': 150.92306015037414, 'pwm_gain': 0.9622311891936767, 'pwm_bias': -1.5773909156453025, 'pwm_deadzone': 1.1469365042694635, 'pwm_noise_sigma': 0.10107969403956896, 'actuator_tau': 0.0015632044596174777, 'action_delay_steps': 1, 'theta_bias': 0.00499576034715174, 'alpha_bias': -0.0003834174026130923, 'theta_sigma': 0.0017326322965280643, 'alpha_sigma': 0.007018211731232096, 'theta_dot_sigma': 0.0018398210089529685, 'alpha_dot_sigma': 0.10511025381056167, 'encoder_quantization_rad': 0.0006182537793549758, 'velocity_lpf': 0.25, 'process_theta_dot_sigma': 0.0, 'process_alpha_dot_sigma': 0.0}"
4473491,4,randomization_0.50,0.5,"{'level': 0.5, 'physical': {'g': 9.943234890184945, 'c_theta': 0.04533133879372083, 'c_alpha': 0.0014235072146814608, 'k_t': 0.2561116400744316, 'k_b': 0.17982865776735124, 'k_u': 0.04613384598199897, 'R': 4.377630092771151, 'm1': 0.20715162534960888, 'm2': 0.1480727790603068, 'l1cg': 0.07829092382705588, 'l1': 0.14778398682391047, 'l2cg': 0.0686622734759966, 'I1z': 0.0003891349862859866, 'I2x': 0.00039915774940669574, 'I2y': 2.6165451641546943e-05, 'I2z': 0.00040251695415784584}, 'init_theta_std_deg': 5.992443866738631, 'init_alpha_std_deg': 11.935893581366047, 'init_theta_dot_std': 0.5555771760197179, 'init_alpha_dot_std': 0.40596132536262486, 'pwm_limit': 143.00868418179186, 'pwm_gain': 0.9940641836312641, 'pwm_bias': -0.926441181242637, 'pwm_deadzone': 0.7396258285715668, 'pwm_noise_sigma': 0.7136744429273904, 'actuator_tau': 0.00833395579886321, 'action_delay_steps': 1, 'theta_bias': 0.004022879773833189, 'alpha_bias': -0.00268936329719694, 'theta_sigma': 0.0025000266991819153, 'alpha_sigma': 0.000266890874899981, 'theta_dot_sigma': 0.17430503275203044, 'alpha_dot_sigma': 0.2768280318857776, 'encoder_quantization_rad': 0.0003193980204213001, 'velocity_lpf': 0.25, 'process_theta_dot_sigma': 0.0, 'process_alpha_dot_sigma': 0.0}"
4475491,4,randomization_0.50,0.5,"{'level': 0.5, 'physical': {'g': 9.937605471018792, 'c_theta': 0.03369241905305226, 'c_alpha': 0.002466301949424417, 'k_t': 0.2511923269453633, 'k_b': 0.16987287129040776, 'k_u': 0.052020749417077704, 'R': 4.01556197480564, 'm1': 0.2195817434577883, 'm2': 0.15968277967472375, 'l1cg': 0.08590229711496768, 'l1': 0.15579470436173698, 'l2cg': 0.07490364279017704, 'I1z': 0.0006625742049817622, 'I2x': 0.0003333759766081543, 'I2y': 2.4494567767073234e-05, 'I2z': 0.0005050733338616643}, 'init_theta_std_deg': 5.262842728977105, 'init_alpha_std_deg': 10.122668460752307, 'init_theta_dot_std': 0.20223554238922864, 'init_alpha_dot_std': 0.9210172999382461, 'pwm_limit': 144.11298297791816, 'pwm_gain': 1.0463504514922541, 'pwm_bias': 1.77573667792042, 'pwm_deadzone': 1.0307271433946568, 'pwm_noise_sigma': 0.6136523833612825, 'actuator_tau': 0.009909210133377016, 'action_delay_steps': 0, 'theta_bias': 0.00380834982910496, 'alpha_bias': -0.0013248569986800218, 'theta_sigma': 8.606744112458875e-05, 'alpha_sigma': 0.003893521619629079, 'theta_dot_sigma': 0.053368057102428326, 'alpha_dot_sigma': 0.040074823347520536, 'encoder_quantization_rad': 0.0005635347071063869, 'velocity_lpf': 0.22680508691182819, 'process_theta_dot_sigma': 0.0, 'process_alpha_dot_sigma': 0.0}"
4477491,4,randomization_0.50,0.5,"{'level': 0.5, 'physical': {'g': 9.979248906159022, 'c_theta': 0.021808470975273803, 'c_alpha': 0.0014694642810064416, 'k_t': 0.2072451830098424, 'k_b': 0.19386996077221866, 'k_u': 0.041993829553152465, 'R': 4.798634145518862, 'm1': 0.19266081272712635, 'm2': 0.14704024221496748, 'l1cg': 0.07958869618124301, 'l1': 0.14895388216406666, 'l2cg': 0.06502204430158205, 'I1z': 0.00042919035403387825, 'I2x': 0.000388912806964677, 'I2y': 2.6826402621088596e-05, 'I2z': 0.000289920704377675}, 'init_theta_std_deg': 6.272648860475449, 'init_alpha_std_deg': 7.793096091848904, 'init_theta_dot_std': 0.17308721780347378, 'init_alpha_dot_std': 1.1637229619151996, 'pwm_limit': 148.48823088916214, 'pwm_gain': 0.9649031696281449, 'pwm_bias': -0.651720053714993, 'pwm_deadzone': 2.795624622228345, 'pwm_noise_sigma': 0.5123974225323633, 'actuator_tau': 3.8440022609446675e-05, 'action_delay_steps': 0, 'theta_bias': -0.004653851253900323, 'alpha_bias': -0.00020816050848432077, 'theta_sigma': 0.0013522926053442716, 'alpha_sigma': 0.0009879758844480468, 'theta_dot_sigma': 0.06471487992477222, 'alpha_dot_sigma': 0.27781677423805645, 'encoder_quantization_rad': 0.0006132788127692599, 'velocity_lpf': 0.25, 'process_theta_dot_sigma': 0.0, 'process_alpha_dot_sigma': 0.0}"
4479491,4,randomization_0.50,0.5,"{'level': 0.5, 'physical': {'g': 9.967896804839965, 'c_theta': 0.04964336667964443, 'c_alpha': 0.001504798063146589, 'k_t': 0.22609717526555095, 'k_b': 0.2064082670235191, 'k_u': 0.05032661270809177, 'R': 4.436799537896157, 'm1': 0.1975210231067308, 'm2': 0.16106577454440743, 'l1cg': 0.07711391733529872, 'l1': 0.15123686944258818, 'l2cg': 0.06239056206579396, 'I1z': 0.00046778878713494914, 'I2x': 0.00035548340975404165, 'I2y': 3.158285012006159e-05, 'I2z': 0.000413193824626657}, 'init_theta_std_deg': 4.620209052924324, 'init_alpha_std_deg': 6.09337000257013, 'init_theta_dot_std': 0.3152657332981534, 'init_alpha_dot_std': 0.9194665857513168, 'pwm_limit': 151.39388114802784, 'pwm_gain': 0.9823647772483237, 'pwm_bias': 1.6783391985189096, 'pwm_deadzone': 1.120012057278394, 'pwm_noise_sigma': 0.2785270887011996, 'actuator_tau': 0.003582104283293003, 'action_delay_steps': 0, 'theta_bias': 4.740685904824349e-05, 'alpha_bias': 0.003360079245193801, 'theta_sigma': 0.00029880892788701144, 'alpha_sigma': 0.004740170332353109, 'theta_dot_sigma': 0.015010082206159275, 'alpha_dot_sigma': 0.11445571909052704, 'encoder_quantization_rad': 0.0006104168902866551, 'velocity_lpf': 0.25, 'process_theta_dot_sigma': 0.0, 'process_alpha_dot_sigma': 0.0}"
4481491,4,randomization_0.50,0.5,"{'level': 0.5, 'physical': {'g': 9.608461874237229, 'c_theta': 0.02367990770219333, 'c_alpha': 0.0016982445213880907, 'k_t': 0.2483788457569185, 'k_b': 0.18955382445779814, 'k_u': 0.052948089325577055, 'R': 4.086826447001943, 'm1': 0.1970532271785328, 'm2': 0.14781782229542284, 'l1cg': 0.07442843560292432, 'l1': 0.14838901431226606, 'l2cg': 0.06441597123859358, 'I1z': 0.00046411111230723937, 'I2x': 0.0003993817100601984, 'I2y': 3.296309970129658e-05, 'I2z': 0.0003353273892358081}, 'init_theta_std_deg': 5.805362454031316, 'init_alpha_std_deg': 7.395509530771173, 'init_theta_dot_std': 0.05222484096185151, 'init_alpha_dot_std': 0.6680918116132922, 'pwm_limit': 139.74815995756265, 'pwm_gain': 1.031478342496826, 'pwm_bias': 0.04612978845728177, 'pwm_deadzone': 1.9807904377862178, 'pwm_noise_sigma': 0.7670016314396179, 'actuator_tau': 0.006060651212926359, 'action_delay_steps': 1, 'theta_bias': 0.003155937934103984, 'alpha_bias': 0.0007997740465478164, 'theta_sigma': 0.0014400657707441067, 'alpha_sigma': 0.006118246371075796, 'theta_dot_sigma': 0.1688956224879334, 'alpha_dot_sigma': 0.12779426762749108, 'encoder_quantization_rad': 0.0006461462672155371, 'velocity_lpf': 0.25, 'process_theta_dot_sigma': 0.0, 'process_alpha_dot_sigma': 0.0}"
4483491,4,randomization_0.50,0.5,"{'level': 0.5, 'physical': {'g': 9.931631059771552, 'c_theta': 0.020426345911076, 'c_alpha': 0.0026153851434762955, 'k_t': 0.21359222476963424, 'k_b': 0.1670594613268253, 'k_u': 0.05133187094235322, 'R': 3.910298588071995, 'm1': 0.207291315247121, 'm2': 0.15680789038697424, 'l1cg': 0.0852805728852207, 'l1': 0.14625464124448265, 'l2cg': 0.05965067751941379, 'I1z': 0.000519497674792947, 'I2x': 0.0003857240461247945, 'I2y': 3.0479737978499772e-05, 'I2z': 0.0004564142319401533}, 'init_theta_std_deg': 5.003925467947185, 'init_alpha_std_deg': 9.582553284029984, 'init_theta_dot_std': 0.6753795867957371, 'init_alpha_dot_std': 0.3480416957136516, 'pwm_limit': 146.39753717274084, 'pwm_gain': 1.0030621446071526, 'pwm_bias': 1.1307309653333757, 'pwm_deadzone': 2.543719741826553, 'pwm_noise_sigma': 0.7706166326551691, 'actuator_tau': 0.008343016257193527, 'action_delay_steps': 1, 'theta_bias': 0.00036190309865557157, 'alpha_bias': -0.0006301002208138278, 'theta_sigma': 0.002895713283313222, 'alpha_sigma': 0.008904377465746079, 'theta_dot_sigma': 0.1355056276340978, 'alpha_dot_sigma': 0.19433457639533347, 'encoder_quantization_rad': 0.0007028379142472143, 'velocity_lpf': 0.2702060113434669, 'process_theta_dot_sigma': 0.0, 'process_alpha_dot_sigma': 0.0}"
4485491,4,randomization_0.50,0.5,"{'level': 0.5, 'physical': {'g': 9.937039944699498, 'c_theta': 0.03997923942173529, 'c_alpha': 0.0015206651176360348, 'k_t': 0.24529902341479828, 'k_b': 0.18829351603491157, 'k_u': 0.044759480028660245, 'R': 4.807249841443533, 'm1': 0.18112319537040958, 'm2': 0.15123414798313803, 'l1cg': 0.0862807578370475, 'l1': 0.15534579641447566, 'l2cg': 0.06073902445316327, 'I1z': 0.00045623344945594166, 'I2x': 0.0003831520408135251, 'I2y': 2.1946824327934332e-05, 'I2z': 0.0003411194071104252}, 'init_theta_std_deg': 6.104193869648057, 'init_alpha_std_deg': 9.475766478101189, 'init_theta_dot_std': 0.3622893115185082, 'init_alpha_dot_std': 0.5098048527335186, 'pwm_limit': 137.92206551617176, 'pwm_gain': 0.9904165120472386, 'pwm_bias': -1.630372427521781, 'pwm_deadzone': 3.427551367097665, 'pwm_noise_sigma': 0.8148072354704318, 'actuator_tau': 0.0049305192583003025, 'action_delay_steps': 0, 'theta_bias': -0.0017521220755421564, 'alpha_bias': 0.0007756960422166062, 'theta_sigma': 0.0018973658310647357, 'alpha_sigma': 0.008371289339602978, 'theta_dot_sigma': 0.05684152711564245, 'alpha_dot_sigma': 0.08628030079993734, 'encoder_quantization_rad': 0.0006569173430760302, 'velocity_lpf': 0.23114400521368783, 'process_theta_dot_sigma': 0.0, 'process_alpha_dot_sigma': 0.0}"
4487491,4,randomization_0.50,0.5,"{'level': 0.5, 'physical': {'g': 9.97888757816842, 'c_theta': 0.039939549533845944, 'c_alpha': 0.0013770035050736994, 'k_t': 0.24668558380942873, 'k_b': 0.1644057771462482, 'k_u': 0.042341077671833025, 'R': 4.295471871092756, 'm1': 0.2220571564714605, 'm2': 0.1692473711221642, 'l1cg': 0.07476211847610452, 'l1': 0.1525824920178434, 'l2cg': 0.06378189229032989, 'I1z': 0.00040372990215915974, 'I2x': 0.0003432243024742398, 'I2y': 2.6773089034966428e-05, 'I2z': 0.00030930923292722055}, 'init_theta_std_deg': 6.1831598920610285, 'init_alpha_std_deg': 9.987193806477821, 'init_theta_dot_std': 0.44569133055510923, 'init_alpha_dot_std': 0.40106798517836745, 'pwm_limit': 151.23890688397498, 'pwm_gain': 1.0462492930947866, 'pwm_bias': -1.6763494137348252, 'pwm_deadzone': 0.3601880549764158, 'pwm_noise_sigma': 0.4949322303787016, 'actuator_tau': 0.013990740986384248, 'action_delay_steps': 0, 'theta_bias': -0.0024539599643235966, 'alpha_bias': -0.0037421522337559208, 'theta_sigma': 0.001792910670091047, 'alpha_sigma': 0.008665672776463771, 'theta_dot_sigma': 0.1587331193231213, 'alpha_dot_sigma': 0.023028191132133936, 'encoder_quantization_rad': 0.0004174174569759228, 'velocity_lpf': 0.25, 'process_theta_dot_sigma': 0.0, 'process_alpha_dot_sigma': 0.0}"
4489491,4,randomization_0.50,0.5,"{'level': 0.5, 'physical': {'g': 9.764676924685295, 'c_theta': 0.053492929099798636, 'c_alpha': 0.0018085305191803006, 'k_t': 0.20375888577008763, 'k_b': 0.20353711640616795, 'k_u': 0.051926230521005964, 'R': 4.792997100590912, 'm1': 0.22744177260981766, 'm2': 0.16327638106799136, 'l1cg': 0.0776356460280501, 'l1': 0.15645040928289278, 'l2cg': 0.05991590387399149, 'I1z': 0.0006066446971044852, 'I2x': 0.0003788116217956412, 'I2y': 2.335738005945658e-05, 'I2z': 0.0004903153889032421}, 'init_theta_std_deg': 7.0710404928546, 'init_alpha_std_deg': 11.738701632866047, 'init_theta_dot_std': 0.6600183680492552, 'init_alpha_dot_std': 0.3902464658033278, 'pwm_limit': 142.94943144751414, 'pwm_gain': 0.970539520024465, 'pwm_bias': -0.8199807287195098, 'pwm_deadzone': 3.0003830637650726, 'pwm_noise_sigma': 0.9617739616828955, 'actuator_tau': 0.006227092913437371, 'action_delay_steps': 0, 'theta_bias': 0.003092192668872974, 'alpha_bias': -0.005198249851387239, 'theta_sigma': 0.0015193586580406716, 'alpha_sigma': 0.007165473248385606, 'theta_dot_sigma': 0.16377356780678282, 'alpha_dot_sigma': 0.19480546544118124, 'encoder_quantization_rad': 0.0002362329471100067, 'velocity_lpf': 0.25, 'process_theta_dot_sigma': 0.0, 'process_alpha_dot_sigma': 0.0}"
4491491,4,randomization_0.50,0.5,"{'level': 0.5, 'physical': {'g': 10.039485459194573, 'c_theta': 0.033125123421804695, 'c_alpha': 0.001477692688181423, 'k_t': 0.25726923819598, 'k_b': 0.17879463521101252, 'k_u': 0.04213503055567542, 'R': 4.293136047332493, 'm1': 0.19700820473285977, 'm2': 0.15089314857610958, 'l1cg': 0.08579323123888523, 'l1': 0.15891373900526892, 'l2cg': 0.061485364144721735, 'I1z': 0.0004586759871441071, 'I2x': 0.0004048469384950942, 'I2y': 2.5217059611916853e-05, 'I2z': 0.00045419878960407153}, 'init_theta_std_deg': 4.736282199463675, 'init_alpha_std_deg': 8.156406163536172, 'init_theta_dot_std': 0.5126567704354685, 'init_alpha_dot_std': 0.488330208404426, 'pwm_limit': 151.45471159603767, 'pwm_gain': 0.9852794544791708, 'pwm_bias': 0.9940386344617997, 'pwm_deadzone': 3.9213946777712905, 'pwm_noise_sigma': 0.8917035599274455, 'actuator_tau': 0.014833589665154892, 'action_delay_steps': 0, 'theta_bias': 0.0023482031538023186, 'alpha_bias': 0.0011165704194987431, 'theta_sigma': 0.0003409689868394714, 'alpha_sigma': 0.006191058407916144, 'theta_dot_sigma': 0.09607723020844434, 'alpha_dot_sigma': 0.2741227092384009, 'encoder_quantization_rad': 0.0001607458975815431, 'velocity_lpf': 0.2599666907291483, 'process_theta_dot_sigma': 0.0, 'process_alpha_dot_sigma': 0.0}"
4493491,4,randomization_0.50,0.5,"{'level': 0.5, 'physical': {'g': 9.570488026896742, 'c_theta': 0.04006674458385616, 'c_alpha': 0.0016097098752383022, 'k_t': 0.22869127353389299, 'k_b': 0.16911726498959828, 'k_u': 0.045785740256128644, 'R': 4.424615637590145, 'm1': 0.1977734537265381, 'm2': 0.15730051294801028, 'l1cg': 0.07960992001797011, 'l1': 0.146049628999399, 'l2cg': 0.06785911433838206, 'I1z': 0.0006559945967047541, 'I2x': 0.0003463144968241311, 'I2y': 3.2529674905262475e-05, 'I2z': 0.00028121274234434905}, 'init_theta_std_deg': 6.623634702745757, 'init_alpha_std_deg': 9.837470031192343, 'init_theta_dot_std': 0.2386151564724129, 'init_alpha_dot_std': 0.8688504152087366, 'pwm_limit': 140.90602384418875, 'pwm_gain': 0.9784787036165088, 'pwm_bias': 1.9343039926799426, 'pwm_deadzone': 3.434322081492885, 'pwm_noise_sigma': 0.2204865513814167, 'actuator_tau': 0.0052647296221398415, 'action_delay_steps': 0, 'theta_bias': 0.004696016069629506, 'alpha_bias': 0.0030707318157385433, 'theta_sigma': 0.001433614200314931, 'alpha_sigma': 0.006716260544559133, 'theta_dot_sigma': 0.1255691808365519, 'alpha_dot_sigma': 0.1926823455308951, 'encoder_quantization_rad': 0.00017685631585971564, 'velocity_lpf': 0.25, 'process_theta_dot_sigma': 0.0, 'process_alpha_dot_sigma': 0.0}"
4495491,4,randomization_0.50,0.5,"{'level': 0.5, 'physical': {'g': 9.913913649247068, 'c_theta': 0.01610634328499953, 'c_alpha': 0.0013876977131561774, 'k_t': 0.2465618284324436, 'k_b': 0.18278912514439036, 'k_u': 0.04418962436432134, 'R': 3.870510667924944, 'm1': 0.19213955463083768, 'm2': 0.16326410005345243, 'l1cg': 0.07788328196936822, 'l1': 0.14893909829520585, 'l2cg': 0.0692623678155203, 'I1z': 0.0006215666208045157, 'I2x': 0.0003717651623504036, 'I2y': 2.640224549366081e-05, 'I2z': 0.00033257998822471544}, 'init_theta_std_deg': 5.328902688111183, 'init_alpha_std_deg': 10.08786854059278, 'init_theta_dot_std': 0.21695626443471147, 'init_alpha_dot_std': 0.7257233285820637, 'pwm_limit': 144.2397025682628, 'pwm_gain': 1.0494517936777663, 'pwm_bias': 0.21559701447842583, 'pwm_deadzone': 2.6733383904000663, 'pwm_noise_sigma': 0.8548844358059556, 'actuator_tau': 0.00992560897053395, 'action_delay_steps': 0, 'theta_bias': 0.0023704942572458977, 'alpha_bias': 7.145994511522647e-05, 'theta_sigma': 0.002789450401701307, 'alpha_sigma': 0.003727283429762064, 'theta_dot_sigma': 0.0007987646441583673, 'alpha_dot_sigma': 0.17104622406618833, 'encoder_quantization_rad': 6.96671892366036e-05, 'velocity_lpf': 0.25, 'process_theta_dot_sigma': 0.0, 'process_alpha_dot_sigma': 0.0}"
4497491,4,randomization_0.50,0.5,"{'level': 0.5, 'physical': {'g': 9.610759164873008, 'c_theta': 0.042942327392064696, 'c_alpha': 0.0013266272880179276, 'k_t': 0.25001549120005123, 'k_b': 0.1977436734284217, 'k_u': 0.041859688584618346, 'R': 4.233834008407722, 'm1': 0.18521527869250687, 'm2': 0.16775612655201425, 'l1cg': 0.07503488470102408, 'l1': 0.1562328822462228, 'l2cg': 0.07319598477314941, 'I1z': 0.0005361923102829659, 'I2x': 0.0003462356131011744, 'I2y': 3.243326377327527e-05, 'I2z': 0.0003160348690181595}, 'init_theta_std_deg': 3.722394616775935, 'init_alpha_std_deg': 9.509059935690821, 'init_theta_dot_std': 0.585641802075969, 'init_alpha_dot_std': 0.41569733904320405, 'pwm_limit': 139.16786749722107, 'pwm_gain': 0.9628176323243395, 'pwm_bias': 0.24482410441868963, 'pwm_deadzone': 1.2489285261800032, 'pwm_noise_sigma': 0.04617606429785115, 'actuator_tau': 0.005459809219260842, 'action_delay_steps': 1, 'theta_bias': 0.0037220771649742047, 'alpha_bias': 0.0006903546676085686, 'theta_sigma': 0.0018532680976630397, 'alpha_sigma': 0.006904233446720642, 'theta_dot_sigma': 0.007996511815870527, 'alpha_dot_sigma': 0.20109885304637928, 'encoder_quantization_rad': 0.00043640022171482405, 'velocity_lpf': 0.25, 'process_theta_dot_sigma': 0.0, 'process_alpha_dot_sigma': 0.0}"
4499491,4,randomization_0.50,0.5,"{'level': 0.5, 'physical': {'g': 9.820146713577964, 'c_theta': 0.04896191738146216, 'c_alpha': 0.002505654118784899, 'k_t': 0.21510519526695354, 'k_b': 0.18757032590966477, 'k_u': 0.05159237583526842, 'R': 4.7714294065913245, 'm1': 0.1831352403219033, 'm2': 0.1614369961329143, 'l1cg': 0.08286233578828114, 'l1': 0.1544796007566068, 'l2cg': 0.06456094955077353, 'I1z': 0.000515458590987881, 'I2x': 0.000370897598060614, 'I2y': 2.2409676374232296e-05, 'I2z': 0.0002740873003404151}, 'init_theta_std_deg': 4.972651858651837, 'init_alpha_std_deg': 10.762757923489714, 'init_theta_dot_std': 0.3344203902628069, 'init_alpha_dot_std': 0.1615610637123728, 'pwm_limit': 151.13372757862945, 'pwm_gain': 1.009839097478058, 'pwm_bias': 0.8010985201081104, 'pwm_deadzone': 4.76925483265739, 'pwm_noise_sigma': 0.3740326620893478, 'actuator_tau': 9.586756562836363e-05, 'action_delay_steps': 1, 'theta_bias': 0.0006127767892673775, 'alpha_bias': -0.004091803818645101, 'theta_sigma': 0.002916447101614979, 'alpha_sigma': 0.005185110870023259, 'theta_dot_sigma': 0.090647917550266, 'alpha_dot_sigma': 0.1536163595571016, 'encoder_quantization_rad': 0.0006852775804092253, 'velocity_lpf': 0.25, 'process_theta_dot_sigma': 0.0, 'process_alpha_dot_sigma': 0.0}"
4501491,4,randomization_0.50,0.5,"{'level': 0.5, 'physical': {'g': 9.63333974337156, 'c_theta': 0.042639639780989225, 'c_alpha': 0.0015134711506600545, 'k_t': 0.22810791001746372, 'k_b': 0.16739604654864804, 'k_u': 0.04623492256789712, 'R': 4.755622773846137, 'm1': 0.2181449607586862, 'm2': 0.16508565846719317, 'l1cg': 0.07704392377871988, 'l1': 0.15042805854563937, 'l2cg': 0.07078965514225234, 'I1z': 0.0006491889693234975, 'I2x': 0.0003782126038368171, 'I2y': 2.622775587985321e-05, 'I2z': 0.00033974812607325867}, 'init_theta_std_deg': 3.8695118659291565, 'init_alpha_std_deg': 10.824118081325299, 'init_theta_dot_std': 0.25380122466061084, 'init_alpha_dot_std': 1.1527687759569862, 'pwm_limit': 149.38935966143197, 'pwm_gain': 0.956354021660628, 'pwm_bias': 0.004105307410895875, 'pwm_deadzone': 4.79167980139198, 'pwm_noise_sigma': 0.9713402662398207, 'actuator_tau': 0.006958013237837732, 'action_delay_steps': 1, 'theta_bias': 0.0014739657795902696, 'alpha_bias': 0.005206886042978724, 'theta_sigma': 0.0014191976505946817, 'alpha_sigma': 0.002844927684211359, 'theta_dot_sigma': 0.16456584223492693, 'alpha_dot_sigma': 0.1445640720545307, 'encoder_quantization_rad': 0.00041489535965994726, 'velocity_lpf': 0.25, 'process_theta_dot_sigma': 0.0, 'process_alpha_dot_sigma': 0.0}"
4503491,4,randomization_0.50,0.5,"{'level': 0.5, 'physical': {'g': 9.707206039399216, 'c_theta': 0.024642154826903045, 'c_alpha': 0.0008318095154723169, 'k_t': 0.23782105153840488, 'k_b': 0.17850393014525467, 'k_u': 0.04408120594444577, 'R': 4.264700014953468, 'm1': 0.22233988955716855, 'm2': 0.14687555750376835, 'l1cg': 0.07585436732539244, 'l1': 0.15904246650454884, 'l2cg': 0.06589843888276656, 'I1z': 0.0005282804215477205, 'I2x': 0.0003767711279231509, 'I2y': 1.8909487947724175e-05, 'I2z': 0.000505291998227715}, 'init_theta_std_deg': 5.4424174361254805, 'init_alpha_std_deg': 8.29077587459495, 'init_theta_dot_std': 0.06052397239229024, 'init_alpha_dot_std': 0.5932079935880996, 'pwm_limit': 146.18985782994238, 'pwm_gain': 1.0216571485711985, 'pwm_bias': -1.5313618031424063, 'pwm_deadzone': 4.019701344886236, 'pwm_noise_sigma': 0.8745638143669481, 'actuator_tau': 0.002275989936500983, 'action_delay_steps': 1, 'theta_bias': 0.002720262007444687, 'alpha_bias': 0.004482269488048025, 'theta_sigma': 0.0025088763934020737, 'alpha_sigma': 0.007257204419551237, 'theta_dot_sigma': 0.0034440769399453034, 'alpha_dot_sigma': 0.15711793212511038, 'encoder_quantization_rad': 0.0003271960008746188, 'velocity_lpf': 0.25, 'process_theta_dot_sigma': 0.0, 'process_alpha_dot_sigma': 0.0}"
4505491,4,randomization_0.50,0.5,"{'level': 0.5, 'physical': {'g': 9.683624484751101, 'c_theta': 0.05299924755752357, 'c_alpha': 0.0025352357192805278, 'k_t': 0.2235936988293523, 'k_b': 0.18333590705840422, 'k_u': 0.04403820486466074, 'R': 4.595058166168416, 'm1': 0.2235689447375798, 'm2': 0.15621091534945802, 'l1cg': 0.08071015009419069, 'l1': 0.15150119789085015, 'l2cg': 0.059473777198356635, 'I1z': 0.0006621658227901144, 'I2x': 0.0003370674480564692, 'I2y': 2.0959516186117203e-05, 'I2z': 0.00038867532519210025}, 'init_theta_std_deg': 5.380002829499464, 'init_alpha_std_deg': 6.942228161827008, 'init_theta_dot_std': 0.6184031615456862, 'init_alpha_dot_std': 0.9965958771015673, 'pwm_limit': 145.6208833225656, 'pwm_gain': 1.00554484528628, 'pwm_bias': -1.3270022412342124, 'pwm_deadzone': 4.67299317053249, 'pwm_noise_sigma': 0.5129807994429608, 'actuator_tau': 0.01180642329800653, 'action_delay_steps': 1, 'theta_bias': -0.004331036134480639, 'alpha_bias': 0.00409853991800122, 'theta_sigma': 0.001178405978371046, 'alpha_sigma': 0.0035383904730737228, 'theta_dot_sigma': 0.00032172209847391997, 'alpha_dot_sigma': 0.24233797717114522, 'encoder_quantization_rad': 0.0005173694984089742, 'velocity_lpf': 0.274525167848475, 'process_theta_dot_sigma': 0.0, 'process_alpha_dot_sigma': 0.0}"
4507491,4,randomization_0.50,0.5,"{'level': 0.5, 'physical': {'g': 9.720840125824468, 'c_theta': 0.016085161762097632, 'c_alpha': 0.002246180753659021, 'k_t': 0.2305667786444505, 'k_b': 0.18967421981216492, 'k_u': 0.051144845912191594, 'R': 4.141111340007957, 'm1': 0.1865885158440701, 'm2': 0.15695261420634218, 'l1cg': 0.0777204116232896, 'l1': 0.14541608811856105, 'l2cg': 0.0715633532204477, 'I1z': 0.0006343692756099858, 'I2x': 0.00038037474365880327, 'I2y': 3.28216830476765e-05, 'I2z': 0.0003407580648682351}, 'init_theta_std_deg': 6.492472930863043, 'init_alpha_std_deg': 6.002781960550006, 'init_theta_dot_std': 0.35685563448094737, 'init_alpha_dot_std': 1.0708007032366107, 'pwm_limit': 135.01154572140896, 'pwm_gain': 1.0300664965335196, 'pwm_bias': -0.5436354847064968, 'pwm_deadzone': 0.28213430501629, 'pwm_noise_sigma': 0.6567535755653764, 'actuator_tau': 0.013346434344864076, 'action_delay_steps': 0, 'theta_bias': 0.002194180938896232, 'alpha_bias': -0.0037577545532378443, 'theta_sigma': 0.0024590909077542938, 'alpha_sigma': 0.007006285594215907, 'theta_dot_sigma': 0.1413858328217966, 'alpha_dot_sigma': 0.13658611437263307, 'encoder_quantization_rad': 0.00043985753545788613, 'velocity_lpf': 0.25, 'process_theta_dot_sigma': 0.0, 'process_alpha_dot_sigma': 0.0}"
4509491,4,randomization_0.50,0.5,"{'level': 0.5, 'physical': {'g': 9.645764256345617, 'c_theta': 0.019589035721124866, 'c_alpha': 0.0006325225644771535, 'k_t': 0.23527285323175248, 'k_b': 0.17516344751350837, 'k_u': 0.053447767668217745, 'R': 4.009084771525405, 'm1': 0.19131950375775225, 'm2': 0.1692091594973794, 'l1cg': 0.0800179455220045, 'l1': 0.1538939758980282, 'l2cg': 0.06838207893857025, 'I1z': 0.0004595755206494866, 'I2x': 0.00035427660188667477, 'I2y': 2.795233848859575e-05, 'I2z': 0.00047453217294246086}, 'init_theta_std_deg': 6.171925278163013, 'init_alpha_std_deg': 10.011015930647009, 'init_theta_dot_std': 0.2570583154472029, 'init_alpha_dot_std': 0.43645197775577194, 'pwm_limit': 145.01353209205882, 'pwm_gain': 0.9552082823176502, 'pwm_bias': -1.7314827669285928, 'pwm_deadzone': 3.2217058110449726, 'pwm_noise_sigma': 0.5085516442699759, 'actuator_tau': 0.005550471910216197, 'action_delay_steps': 0, 'theta_bias': -0.0007619869156935377, 'alpha_bias': 0.003126592565161829, 'theta_sigma': 0.000278528226069102, 'alpha_sigma': 0.008816199737106288, 'theta_dot_sigma': 0.07009341926199925, 'alpha_dot_sigma': 0.002463725866783828, 'encoder_quantization_rad': 0.0005852435499938825, 'velocity_lpf': 0.25, 'process_theta_dot_sigma': 0.0, 'process_alpha_dot_sigma': 0.0}"
4511491,4,randomization_0.50,0.5,"{'level': 0.5, 'physical': {'g': 9.721636793886184, 'c_theta': 0.019493897096601546, 'c_alpha': 0.0018782036892444154, 'k_t': 0.24728549875498357, 'k_b': 0.16853719259223834, 'k_u': 0.0507311944716495, 'R': 4.427479682690048, 'm1': 0.2294467973087851, 'm2': 0.16284818071453316, 'l1cg': 0.08536835003189476, 'l1': 0.14669399102432484, 'l2cg': 0.06622419232883861, 'I1z': 0.000550758926833741, 'I2x': 0.0003862787656520481, 'I2y': 2.2011744797807206e-05, 'I2z': 0.0003341536907791687}, 'init_theta_std_deg': 6.963450284040177, 'init_alpha_std_deg': 10.054394353036649, 'init_theta_dot_std': 0.10261349691063248, 'init_alpha_dot_std': 0.9713442648742477, 'pwm_limit': 152.41961312431502, 'pwm_gain': 1.0369003132228967, 'pwm_bias': -0.8182025488585083, 'pwm_deadzone': 4.185696596208242, 'pwm_noise_sigma': 0.6571019917871213, 'actuator_tau': 0.001660568793943134, 'action_delay_steps': 0, 'theta_bias': 0.004800494235811927, 'alpha_bias': -0.001353606500970514, 'theta_sigma': 0.0019591053016432504, 'alpha_sigma': 0.002571969974562287, 'theta_dot_sigma': 0.16940604515442942, 'alpha_dot_sigma': 0.2706404517683868, 'encoder_quantization_rad': 0.00047589018061750655, 'velocity_lpf': 0.25, 'process_theta_dot_sigma': 0.0, 'process_alpha_dot_sigma': 0.0}"
4513491,4,randomization_0.50,0.5,"{'level': 0.5, 'physical': {'g': 9.992805138670345, 'c_theta': 0.04604267071024773, 'c_alpha': 0.001323367338237521, 'k_t': 0.2176541343488804, 'k_b': 0.17195364621397882, 'k_u': 0.04165414491022161, 'R': 4.0057944933973495, 'm1': 0.2153312573932472, 'm2': 0.1625877934829438, 'l1cg': 0.08616913627408687, 'l1': 0.15449301323959932, 'l2cg': 0.0744605361297825, 'I1z': 0.00041887664064886067, 'I2x': 0.0003963428162864592, 'I2y': 2.1514400890503574e-05, 'I2z': 0.00046966850773947467}, 'init_theta_std_deg': 6.628408863191892, 'init_alpha_std_deg': 8.357560085778971, 'init_theta_dot_std': 0.40366065693008646, 'init_alpha_dot_std': 0.6935399061226604, 'pwm_limit': 137.916293902384, 'pwm_gain': 0.982562484841752, 'pwm_bias': 1.2190037095401127, 'pwm_deadzone': 3.5736291095219275, 'pwm_noise_sigma': 0.9630000869791956, 'actuator_tau': 0.011282168748248042, 'action_delay_steps': 1, 'theta_bias': 0.0005162868021132217, 'alpha_bias': -0.005159424589034426, 'theta_sigma': 0.0002641586136924099, 'alpha_sigma': 0.009855596055294331, 'theta_dot_sigma': 0.09575842455695656, 'alpha_dot_sigma': 0.03707473416758706, 'encoder_quantization_rad': 0.00039316830106101753, 'velocity_lpf': 0.25, 'process_theta_dot_sigma': 0.0, 'process_alpha_dot_sigma': 0.0}"
4515491,4,randomization_0.50,0.5,"{'level': 0.5, 'physical': {'g': 9.5763613862593, 'c_theta': 0.027830853154891158, 'c_alpha': 0.002023905784871012, 'k_t': 0.20556619632276701, 'k_b': 0.1730202797759749, 'k_u': 0.04920587891024877, 'R': 3.862967987862049, 'm1': 0.21203681495846136, 'm2': 0.15452890973423528, 'l1cg': 0.081072376788951, 'l1': 0.1587187709236426, 'l2cg': 0.05966921080245734, 'I1z': 0.0005537441676689857, 'I2x': 0.00040163072000379507, 'I2y': 3.0397761090777424e-05, 'I2z': 0.00035851966990233544}, 'init_theta_std_deg': 3.715699809524762, 'init_alpha_std_deg': 7.611442033352859, 'init_theta_dot_std': 0.7414745009407904, 'init_alpha_dot_std': 0.3294585835745041, 'pwm_limit': 141.90698688740915, 'pwm_gain': 1.008530234293762, 'pwm_bias': -0.1813806104137181, 'pwm_deadzone': 2.4561642669725128, 'pwm_noise_sigma': 0.008380229796417726, 'actuator_tau': 0.004481531495728413, 'action_delay_steps': 0, 'theta_bias': 0.00099288172524852, 'alpha_bias': 0.004846445820396536, 'theta_sigma': 0.0023771911204808127, 'alpha_sigma': 0.008801030092429697, 'theta_dot_sigma': 0.11051272737862096, 'alpha_dot_sigma': 0.20197536916417697, 'encoder_quantization_rad': 0.0003034737100920873, 'velocity_lpf': 0.2506548913504938, 'process_theta_dot_sigma': 0.0, 'process_alpha_dot_sigma': 0.0}"
4517491,4,randomization_0.50,0.5,"{'level': 0.5, 'physical': {'g': 9.757207020300392, 'c_theta': 0.0270174071566609, 'c_alpha': 0.0025554883758435983, 'k_t': 0.20340916681775345, 'k_b': 0.19907151731944617, 'k_u': 0.051882766516176695, 'R': 4.679921164224795, 'm1': 0.2275156154644194, 'm2': 0.1559597258950176, 'l1cg': 0.07503837405976001, 'l1': 0.14584857065537332, 'l2cg': 0.06492983097280959, 'I1z': 0.000534002361257323, 'I2x': 0.0003460086879351341, 'I2y': 2.925545670607478e-05, 'I2z': 0.0004467090128695106}, 'init_theta_std_deg': 6.874676222221053, 'init_alpha_std_deg': 11.691614000075008, 'init_theta_dot_std': 0.6801416794482202, 'init_alpha_dot_std': 0.9142725465289898, 'pwm_limit': 143.24889361469286, 'pwm_gain': 0.9875613251278644, 'pwm_bias': 0.4703705143134398, 'pwm_deadzone': 3.713538832068845, 'pwm_noise_sigma': 0.46860079658972953, 'actuator_tau': 0.0017044537372991769, 'action_delay_steps': 1, 'theta_bias': 0.002220111099135577, 'alpha_bias': -0.0035357497041438213, 'theta_sigma': 0.0026802162197473735, 'alpha_sigma': 0.001002964025053159, 'theta_dot_sigma': 0.13653616937660712, 'alpha_dot_sigma': 0.17760600420611525, 'encoder_quantization_rad': 0.0007397435777607843, 'velocity_lpf': 0.25, 'process_theta_dot_sigma': 0.0, 'process_alpha_dot_sigma': 0.0}"
4519491,4,randomization_0.50,0.5,"{'level': 0.5, 'physical': {'g': 9.84182434594573, 'c_theta': 0.03363181839643121, 'c_alpha': 0.0018863962325058115, 'k_t': 0.2486968286098034, 'k_b': 0.1858915008094359, 'k_u': 0.05306263990508359, 'R': 4.201865337530633, 'm1': 0.2243754490002741, 'm2': 0.1635882897634778, 'l1cg': 0.07804334926255861, 'l1': 0.1483935541533832, 'l2cg': 0.07081097431953831, 'I1z': 0.0006396271900409602, 'I2x': 0.00035961617197614567, 'I2y': 3.090348161170942e-05, 'I2z': 0.0003261073264983283}, 'init_theta_std_deg': 5.017941430807759, 'init_alpha_std_deg': 8.139792735941256, 'init_theta_dot_std': 0.672612611781948, 'init_alpha_dot_std': 0.6301029905742715, 'pwm_limit': 148.5329505984534, 'pwm_gain': 1.0260984961795592, 'pwm_bias': 0.3215078065228738, 'pwm_deadzone': 1.2620734541534633, 'pwm_noise_sigma': 0.8754390645814781, 'actuator_tau': 0.007141422399172643, 'action_delay_steps': 1, 'theta_bias': -0.0005637971390115471, 'alpha_bias': -0.0041481441894485735, 'theta_sigma': 0.0016845359644685077, 'alpha_sigma': 0.005821150006317864, 'theta_dot_sigma': 0.1032726566063891, 'alpha_dot_sigma': 0.13153005376046326, 'encoder_quantization_rad': 4.498494754876809e-05, 'velocity_lpf': 0.22891537473699328, 'process_theta_dot_sigma': 0.0, 'process_alpha_dot_sigma': 0.0}"
4521491,4,randomization_0.50,0.5,"{'level': 0.5, 'physical': {'g': 9.974461473965148, 'c_theta': 0.050998295083430706, 'c_alpha': 0.0019117249532828846, 'k_t': 0.2122029305787811, 'k_b': 0.1655923811860378, 'k_u': 0.052956026529477826, 'R': 4.749417232222748, 'm1': 0.22768250301939527, 'm2': 0.16259666701306133, 'l1cg': 0.08238481407523067, 'l1': 0.15931026577244678, 'l2cg': 0.06096061322630435, 'I1z': 0.0006262958797524145, 'I2x': 0.00037832254634606393, 'I2y': 2.120815110766624e-05, 'I2z': 0.00036688446458330867}, 'init_theta_std_deg': 7.4486786641625, 'init_alpha_std_deg': 7.9791648571209635, 'init_theta_dot_std': 0.001281950791386488, 'init_alpha_dot_std': 0.8133313462486568, 'pwm_limit': 142.91179109219593, 'pwm_gain': 1.0258857821964182, 'pwm_bias': 0.4627553763445036, 'pwm_deadzone': 1.8229736078840681, 'pwm_noise_sigma': 0.5794786565704108, 'actuator_tau': 0.0053542083486196185, 'action_delay_steps': 0, 'theta_bias': 0.0014058096525984998, 'alpha_bias': -0.0022649518906486103, 'theta_sigma': 0.0028870470527087065, 'alpha_sigma': 0.005549998119992786, 'theta_dot_sigma': 0.038170275782200024, 'alpha_dot_sigma': 0.10700242845184023, 'encoder_quantization_rad': 0.00019612964090067665, 'velocity_lpf': 0.25, 'process_theta_dot_sigma': 0.0, 'process_alpha_dot_sigma': 0.0}"
4523491,4,randomization_0.50,0.5,"{'level': 0.5, 'physical': {'g': 9.689753906003238, 'c_theta': 0.043228882163959564, 'c_alpha': 0.0024905289462158627, 'k_t': 0.24661930764426312, 'k_b': 0.19006463296943463, 'k_u': 0.04264276759841997, 'R': 4.763768125128673, 'm1': 0.1920577491748257, 'm2': 0.16570452916981424, 'l1cg': 0.08052664069221588, 'l1': 0.1445036377548504, 'l2cg': 0.06658103291144801, 'I1z': 0.0006388535979183888, 'I2x': 0.0003914645924561411, 'I2y': 2.447992896329257e-05, 'I2z': 0.0003954717600280756}, 'init_theta_std_deg': 4.773364965878297, 'init_alpha_std_deg': 11.602753604225098, 'init_theta_dot_std': 0.2989755862200889, 'init_alpha_dot_std': 0.8648891447011381, 'pwm_limit': 140.12229110225863, 'pwm_gain': 0.9803219165607339, 'pwm_bias': 0.5894623828476777, 'pwm_deadzone': 4.164007475616012, 'pwm_noise_sigma': 0.0022165495998487383, 'actuator_tau': 0.007948279403406384, 'action_delay_steps': 0, 'theta_bias': -0.00042842787597149656, 'alpha_bias': 0.0028908408142391618, 'theta_sigma': 0.0027514804473684536, 'alpha_sigma': 0.007554717624443741, 'theta_dot_sigma': 0.09489535964328266, 'alpha_dot_sigma': 0.1313498495171905, 'encoder_quantization_rad': 0.000248294341069569, 'velocity_lpf': 0.25, 'process_theta_dot_sigma': 0.0, 'process_alpha_dot_sigma': 0.0}"
4525491,4,randomization_0.50,0.5,"{'level': 0.5, 'physical': {'g': 9.605043088798654, 'c_theta': 0.016100845745038225, 'c_alpha': 0.0021522490757988253, 'k_t': 0.23806711092076727, 'k_b': 0.17148294460591765, 'k_u': 0.05267182520545832, 'R': 4.573336920477371, 'm1': 0.19253446317878942, 'm2': 0.15569888775757446, 'l1cg': 0.08555483945459033, 'l1': 0.14464258924822657, 'l2cg': 0.07205797899547205, 'I1z': 0.0004349464346180466, 'I2x': 0.0003755797031639382, 'I2y': 2.3038261728113895e-05, 'I2z': 0.0004617004813874799}, 'init_theta_std_deg': 4.853239773118465, 'init_alpha_std_deg': 8.084440073208587, 'init_theta_dot_std': 0.539225400215162, 'init_alpha_dot_std': 0.15352110261042842, 'pwm_limit': 137.7376393130081, 'pwm_gain': 1.031725842996912, 'pwm_bias': 1.4434555571657715, 'pwm_deadzone': 4.667938907584857, 'pwm_noise_sigma': 0.32419708924213875, 'actuator_tau': 0.007572961536837254, 'action_delay_steps': 0, 'theta_bias': -0.0012010088153778153, 'alpha_bias': 0.0024121612315104114, 'theta_sigma': 0.0004426511007836788, 'alpha_sigma': 0.0048186789267892416, 'theta_dot_sigma': 0.16007162982425854, 'alpha_dot_sigma': 0.12364906660707328, 'encoder_quantization_rad': 0.00020716376060081641, 'velocity_lpf': 0.25, 'process_theta_dot_sigma': 0.0, 'process_alpha_dot_sigma': 0.0}"
4527491,4,randomization_0.50,0.5,"{'level': 0.5, 'physical': {'g': 9.844508411774578, 'c_theta': 0.04594140384657914, 'c_alpha': 0.0011946429210453202, 'k_t': 0.20424939391318492, 'k_b': 0.1692459984179454, 'k_u': 0.048359298233075325, 'R': 4.7920425412155, 'm1': 0.20639412228800405, 'm2': 0.15774071586358093, 'l1cg': 0.08305568652910193, 'l1': 0.15369885471296046, 'l2cg': 0.07433945500605324, 'I1z': 0.0004942792008160198, 'I2x': 0.00038824856004578, 'I2y': 1.832216278533283e-05, 'I2z': 0.00033830947521734515}, 'init_theta_std_deg': 7.418995301258866, 'init_alpha_std_deg': 7.087613434031306, 'init_theta_dot_std': 0.1914083021275978, 'init_alpha_dot_std': 1.048895076267684, 'pwm_limit': 146.00051086580493, 'pwm_gain': 1.035946991567317, 'pwm_bias': -0.912083862035233, 'pwm_deadzone': 0.06586924521832016, 'pwm_noise_sigma': 0.3780967414940909, 'actuator_tau': 0.011202853303840772, 'action_delay_steps': 1, 'theta_bias': -0.004540985553228106, 'alpha_bias': 0.0042970042449160094, 'theta_sigma': 0.0006048687779938566, 'alpha_sigma': 0.0078105253354309925, 'theta_dot_sigma': 0.04931993628321517, 'alpha_dot_sigma': 0.06568962250133563, 'encoder_quantization_rad': 0.0004194046249347054, 'velocity_lpf': 0.25, 'process_theta_dot_sigma': 0.0, 'process_alpha_dot_sigma': 0.0}"
4529491,4,randomization_0.50,0.5,"{'level': 0.5, 'physical': {'g': 9.592556315119559, 'c_theta': 0.026408967380369804, 'c_alpha': 0.0021412033284199518, 'k_t': 0.22398459382259622, 'k_b': 0.16730762488190992, 'k_u': 0.043590883258845234, 'R': 4.54869362556174, 'm1': 0.18629301354787103, 'm2': 0.15544097747749008, 'l1cg': 0.08430637969650366, 'l1': 0.1550745576505072, 'l2cg': 0.06188238547302204, 'I1z': 0.0005047135538062589, 'I2x': 0.0003482629472651444, 'I2y': 2.0977407413895466e-05, 'I2z': 0.00032426470193566633}, 'init_theta_std_deg': 4.823257507238708, 'init_alpha_std_deg': 7.0702105112539915, 'init_theta_dot_std': 0.6184610137544154, 'init_alpha_dot_std': 0.3023268662316503, 'pwm_limit': 137.00138597678816, 'pwm_gain': 0.9751738116425827, 'pwm_bias': -1.3992695786052134, 'pwm_deadzone': 1.8509445015519488, 'pwm_noise_sigma': 0.2567938704942012, 'actuator_tau': 0.011569788488854442, 'action_delay_steps': 1, 'theta_bias': 0.0028321960626855438, 'alpha_bias': 0.002793903960575787, 'theta_sigma': 0.001228644142655729, 'alpha_sigma': 0.004401780706740246, 'theta_dot_sigma': 0.08093854144653134, 'alpha_dot_sigma': 0.21587699957092188, 'encoder_quantization_rad': 0.0005733423520647396, 'velocity_lpf': 0.25, 'process_theta_dot_sigma': 0.0, 'process_alpha_dot_sigma': 0.0}"
4531491,4,randomization_0.50,0.5,"{'level': 0.5, 'physical': {'g': 9.76759832753244, 'c_theta': 0.022746675763615287, 'c_alpha': 0.002417416361398975, 'k_t': 0.21142326747991488, 'k_b': 0.1692931491983469, 'k_u': 0.050045890629622135, 'R': 4.525784674904449, 'm1': 0.18077080554846545, 'm2': 0.15237132052808447, 'l1cg': 0.08268741682053707, 'l1': 0.15341184829637408, 'l2cg': 0.07300896258511592, 'I1z': 0.0004377906217392507, 'I2x': 0.0003577638570320208, 'I2y': 2.1747661880910974e-05, 'I2z': 0.00039463193630686347}, 'init_theta_std_deg': 5.959649045593807, 'init_alpha_std_deg': 9.127384516495773, 'init_theta_dot_std': 0.16467711350904063, 'init_alpha_dot_std': 0.9817261901895985, 'pwm_limit': 152.59161003737245, 'pwm_gain': 1.0317398563577718, 'pwm_bias': -0.8799104901193449, 'pwm_deadzone': 4.644498546484118, 'pwm_noise_sigma': 0.9129563105634645, 'actuator_tau': 0.01397585394851054, 'action_delay_steps': 1, 'theta_bias': -0.004419133725453087, 'alpha_bias': 0.0023414476503001275, 'theta_sigma': 0.00039057199167470956, 'alpha_sigma': 0.008139629708078756, 'theta_dot_sigma': 0.021124802686306836, 'alpha_dot_sigma': 0.2582638149143125, 'encoder_quantization_rad': 0.0006500370945043982, 'velocity_lpf': 0.25, 'process_theta_dot_sigma': 0.0, 'process_alpha_dot_sigma': 0.0}"
4533491,4,randomization_0.50,0.5,"{'level': 0.5, 'physical': {'g': 10.005566229426977, 'c_theta': 0.05161600659818159, 'c_alpha': 0.002176146270792824, 'k_t': 0.2566868041727868, 'k_b': 0.21045996899346162, 'k_u': 0.04774293299933637, 'R': 3.956083219821494, 'm1': 0.20456942368526584, 'm2': 0.15208201088792314, 'l1cg': 0.07563628028159954, 'l1': 0.1557480853994573, 'l2cg': 0.058561045590028483, 'I1z': 0.00046628226170825846, 'I2x': 0.00033496588824253026, 'I2y': 2.0180465849610826e-05, 'I2z': 0.00034617045047478386}, 'init_theta_std_deg': 7.0554356336959785, 'init_alpha_std_deg': 8.111257090994432, 'init_theta_dot_std': 0.48032515904058937, 'init_alpha_dot_std': 0.430820710943431, 'pwm_limit': 136.54255973173932, 'pwm_gain': 1.0378861263419479, 'pwm_bias': 1.1984620630367333, 'pwm_deadzone': 3.5927849040663133, 'pwm_noise_sigma': 0.30609859622437996, 'actuator_tau': 0.008488676327338155, 'action_delay_steps': 1, 'theta_bias': 0.0003559375872151571, 'alpha_bias': -0.005502431744162453, 'theta_sigma': 0.0021157268114940573, 'alpha_sigma': 0.008480616386596657, 'theta_dot_sigma': 0.04940623362776159, 'alpha_dot_sigma': 0.05105362967301302, 'encoder_quantization_rad': 0.00029735813726944533, 'velocity_lpf': 0.25, 'process_theta_dot_sigma': 0.0, 'process_alpha_dot_sigma': 0.0}"
4535491,4,randomization_0.50,0.5,"{'level': 0.5, 'physical': {'g': 9.847273840287109, 'c_theta': 0.0346411647762784, 'c_alpha': 0.0015922564645077962, 'k_t': 0.22179514902278488, 'k_b': 0.16836503886552176, 'k_u': 0.05003464486589242, 'R': 4.540360120904568, 'm1': 0.2097125273762606, 'm2': 0.16769985590440742, 'l1cg': 0.0818701440502107, 'l1': 0.15050132425609924, 'l2cg': 0.07261639547931059, 'I1z': 0.0006286650126185161, 'I2x': 0.00036931217130299344, 'I2y': 2.8715074243094666e-05, 'I2z': 0.000273151022301727}, 'init_theta_std_deg': 7.021986125511221, 'init_alpha_std_deg': 6.874389240472023, 'init_theta_dot_std': 0.5512361038251032, 'init_alpha_dot_std': 0.9459238247774998, 'pwm_limit': 141.16742076014765, 'pwm_gain': 0.9839679468009529, 'pwm_bias': 0.5010794479668106, 'pwm_deadzone': 3.898877672531373, 'pwm_noise_sigma': 0.12393667323204882, 'actuator_tau': 0.0002672696587928708, 'action_delay_steps': 0, 'theta_bias': -0.004248421499502645, 'alpha_bias': 0.00315922771021711, 'theta_sigma': 0.0010178305379494367, 'alpha_sigma': 0.006268118269384726, 'theta_dot_sigma': 0.127245358030374, 'alpha_dot_sigma': 0.22770910688523135, 'encoder_quantization_rad': 2.1660466375572007e-05, 'velocity_lpf': 0.25, 'process_theta_dot_sigma': 0.0, 'process_alpha_dot_sigma': 0.0}"
4537491,4,randomization_0.50,0.5,"{'level': 0.5, 'physical': {'g': 9.867500988476941, 'c_theta': 0.025969752511611932, 'c_alpha': 0.001791354454516439, 'k_t': 0.20726566352861814, 'k_b': 0.20416947575532987, 'k_u': 0.043776151075119306, 'R': 4.601956428112403, 'm1': 0.18543828186986958, 'm2': 0.1701625845478786, 'l1cg': 0.07697403913392938, 'l1': 0.14876120281623367, 'l2cg': 0.0630975840521562, 'I1z': 0.000617409497247417, 'I2x': 0.0003769095147343475, 'I2y': 2.5217411487114167e-05, 'I2z': 0.00044972350762564737}, 'init_theta_std_deg': 5.214576168107493, 'init_alpha_std_deg': 11.187134060723324, 'init_theta_dot_std': 0.22206888094236052, 'init_alpha_dot_std': 0.5260694729280204, 'pwm_limit': 142.7080057655224, 'pwm_gain': 0.9704542789565084, 'pwm_bias': 0.8608817814706748, 'pwm_deadzone': 2.9988374510704703, 'pwm_noise_sigma': 0.27524581261924685, 'actuator_tau': 0.00021627054332479579, 'action_delay_steps': 0, 'theta_bias': 0.004864759675369662, 'alpha_bias': -0.0020899887721468986, 'theta_sigma': 0.0011885781879807699, 'alpha_sigma': 0.0008332240817977654, 'theta_dot_sigma': 0.10823346428561288, 'alpha_dot_sigma': 0.18468051807034402, 'encoder_quantization_rad': 0.000667788982228486, 'velocity_lpf': 0.25, 'process_theta_dot_sigma': 0.0, 'process_alpha_dot_sigma': 0.0}"
4539491,4,randomization_0.50,0.5,"{'level': 0.5, 'physical': {'g': 9.692194940553913, 'c_theta': 0.030236649805529994, 'c_alpha': 0.00193116478654485, 'k_t': 0.23758347405777172, 'k_b': 0.16791981842755577, 'k_u': 0.048046683083779816, 'R': 3.9655593474218302, 'm1': 0.18718456959417404, 'm2': 0.15113559511270722, 'l1cg': 0.08269642832260672, 'l1': 0.15167555532074334, 'l2cg': 0.07484539408758528, 'I1z': 0.0005591075017159739, 'I2x': 0.0003382574246887572, 'I2y': 2.1955249535370868e-05, 'I2z': 0.0004057581998050922}, 'init_theta_std_deg': 5.160372623360535, 'init_alpha_std_deg': 11.365180766052083, 'init_theta_dot_std': 0.4442243533422122, 'init_alpha_dot_std': 1.1648042068742146, 'pwm_limit': 141.81392794026178, 'pwm_gain': 0.9990724738426858, 'pwm_bias': -0.7645359174551913, 'pwm_deadzone': 4.678698579679714, 'pwm_noise_sigma': 0.22798418513998042, 'actuator_tau': 0.003567892197852293, 'action_delay_steps': 0, 'theta_bias': 0.00428969176383996, 'alpha_bias': -0.004846902126079051, 'theta_sigma': 0.0018908775218674503, 'alpha_sigma': 0.0011799716862172793, 'theta_dot_sigma': 0.07349346315042467, 'alpha_dot_sigma': 0.15165481804977785, 'encoder_quantization_rad': 0.00013639607456074023, 'velocity_lpf': 0.25, 'process_theta_dot_sigma': 0.0, 'process_alpha_dot_sigma': 0.0}"
4541491,4,randomization_0.50,0.5,"{'level': 0.5, 'physical': {'g': 9.821328504806575, 'c_theta': 0.030626411071849175, 'c_alpha': 0.0013312863550988107, 'k_t': 0.22874831334860654, 'k_b': 0.18310978396443134, 'k_u': 0.04513357103500027, 'R': 4.719382786678478, 'm1': 0.20506814885299385, 'm2': 0.16681352859677492, 'l1cg': 0.07701603170644121, 'l1': 0.1545564013146157, 'l2cg': 0.06604218928430404, 'I1z': 0.00045162400558542917, 'I2x': 0.0003483824682599163, 'I2y': 2.165417457078778e-05, 'I2z': 0.00042423497163794236}, 'init_theta_std_deg': 4.721943574247398, 'init_alpha_std_deg': 9.915164285560515, 'init_theta_dot_std': 0.6888053959766673, 'init_alpha_dot_std': 0.47419817524346153, 'pwm_limit': 149.71018642301408, 'pwm_gain': 0.9761575832562961, 'pwm_bias': 0.916380030819949, 'pwm_deadzone': 0.0704373705406025, 'pwm_noise_sigma': 0.7828841134431406, 'actuator_tau': 0.000677479391542678, 'action_delay_steps': 1, 'theta_bias': 0.0028709525445424033, 'alpha_bias': -0.0036331851256022887, 'theta_sigma': 0.0003556934455829893, 'alpha_sigma': 0.00684763900099558, 'theta_dot_sigma': 0.04033670273015929, 'alpha_dot_sigma': 0.012978112794219454, 'encoder_quantization_rad': 0.0005938275798488338, 'velocity_lpf': 0.25, 'process_theta_dot_sigma': 0.0, 'process_alpha_dot_sigma': 0.0}"
4543491,4,randomization_0.50,0.5,"{'level': 0.5, 'physical': {'g': 9.601143486603247, 'c_theta': 0.03519949126918518, 'c_alpha': 0.0023867095570419996, 'k_t': 0.2392692113126073, 'k_b': 0.20863213511619944, 'k_u': 0.04110139459182668, 'R': 4.160807986951525, 'm1': 0.18185187812011244, 'm2': 0.14981670929617122, 'l1cg': 0.07466134814242054, 'l1': 0.15708656751492195, 'l2cg': 0.06058342478919076, 'I1z': 0.00041383123775334937, 'I2x': 0.0003470470111389252, 'I2y': 3.0798519485388516e-05, 'I2z': 0.00043975835792163607}, 'init_theta_std_deg': 6.948776348191595, 'init_alpha_std_deg': 7.7718034748006914, 'init_theta_dot_std': 0.09488694865391367, 'init_alpha_dot_std': 0.9042960665606049, 'pwm_limit': 149.1402276493375, 'pwm_gain': 0.9610956745649489, 'pwm_bias': 1.0698636986669459, 'pwm_deadzone': 0.6899779590792571, 'pwm_noise_sigma': 0.19947791791930536, 'actuator_tau': 0.0016523463318543828, 'action_delay_steps': 0, 'theta_bias': -0.0003053985336971721, 'alpha_bias': 0.005844144867305164, 'theta_sigma': 0.0023789805184311506, 'alpha_sigma': 0.000517555256598693, 'theta_dot_sigma': 0.0979383344200297, 'alpha_dot_sigma': 0.14813793070173153, 'encoder_quantization_rad': 0.0006547711048599111, 'velocity_lpf': 0.25, 'process_theta_dot_sigma': 0.0, 'process_alpha_dot_sigma': 0.0}"
4545491,4,randomization_0.50,0.5,"{'level': 0.5, 'physical': {'g': 9.957269182858331, 'c_theta': 0.01663463859256309, 'c_alpha': 0.002412420583828448, 'k_t': 0.22550573740114266, 'k_b': 0.16604144360256712, 'k_u': 0.0512074814243818, 'R': 4.196281331342904, 'm1': 0.2226246663996926, 'm2': 0.1492234977550648, 'l1cg': 0.0815163904605768, 'l1': 0.1527913638025132, 'l2cg': 0.06864442332545438, 'I1z': 0.0004590240613829558, 'I2x': 0.00037209522554593416, 'I2y': 2.093292991272897e-05, 'I2z': 0.00029973214081498314}, 'init_theta_std_deg': 4.462205871548294, 'init_alpha_std_deg': 10.406642223904932, 'init_theta_dot_std': 0.2933050365403469, 'init_alpha_dot_std': 0.8954996014581418, 'pwm_limit': 144.4823178522874, 'pwm_gain': 1.0388513741779601, 'pwm_bias': 1.8237613476274102, 'pwm_deadzone': 1.8758146458112561, 'pwm_noise_sigma': 0.8515987961114904, 'actuator_tau': 0.014077499382209776, 'action_delay_steps': 0, 'theta_bias': 0.0015006908736309432, 'alpha_bias': -0.003685928232619927, 'theta_sigma': 7.741244036836026e-05, 'alpha_sigma': 0.00410477956090887, 'theta_dot_sigma': 0.006537340256294729, 'alpha_dot_sigma': 0.031004944870886772, 'encoder_quantization_rad': 0.0005709536851491586, 'velocity_lpf': 0.25, 'process_theta_dot_sigma': 0.0, 'process_alpha_dot_sigma': 0.0}"
4547491,4,randomization_0.50,0.5,"{'level': 0.5, 'physical': {'g': 9.608519347545542, 'c_theta': 0.020113629280250126, 'c_alpha': 0.0016369224320423603, 'k_t': 0.2496656389476789, 'k_b': 0.19262301069077642, 'k_u': 0.043488733019935055, 'R': 4.084565625733382, 'm1': 0.18649857744607365, 'm2': 0.15946541815498777, 'l1cg': 0.08073362222877209, 'l1': 0.15197325150236904, 'l2cg': 0.06069603664633295, 'I1z': 0.0005316608705524221, 'I2x': 0.0003829834255265218, 'I2y': 1.805471772805247e-05, 'I2z': 0.00037268938760885066}, 'init_theta_std_deg': 3.879569866005918, 'init_alpha_std_deg': 9.471123204225496, 'init_theta_dot_std': 0.4788460670356208, 'init_alpha_dot_std': 0.7066223043564784, 'pwm_limit': 140.18263151336987, 'pwm_gain': 0.9783940204313194, 'pwm_bias': -0.9122061232966736, 'pwm_deadzone': 1.2061911347179033, 'pwm_noise_sigma': 0.40227454200516666, 'actuator_tau': 0.013287691913487651, 'action_delay_steps': 0, 'theta_bias': 0.0008006765821267659, 'alpha_bias': 0.00018350341437725737, 'theta_sigma': 0.0022790391883651534, 'alpha_sigma': 0.005981879517829737, 'theta_dot_sigma': 0.14463139624755078, 'alpha_dot_sigma': 0.13010621640502876, 'encoder_quantization_rad': 5.396071244358583e-05, 'velocity_lpf': 0.25, 'process_theta_dot_sigma': 0.0, 'process_alpha_dot_sigma': 0.0}"
4549491,4,randomization_0.50,0.5,"{'level': 0.5, 'physical': {'g': 9.883932654191367, 'c_theta': 0.053199399322855556, 'c_alpha': 0.0007354570804048318, 'k_t': 0.256637268646815, 'k_b': 0.20383185575035057, 'k_u': 0.042965402011687186, 'R': 4.776126514331645, 'm1': 0.18391790800911784, 'm2': 0.16574229901092855, 'l1cg': 0.08268258636512602, 'l1': 0.14642408009963673, 'l2cg': 0.059877907202902196, 'I1z': 0.0005214209654694204, 'I2x': 0.0003673624019823994, 'I2y': 2.267294095529941e-05, 'I2z': 0.00028903357389834075}, 'init_theta_std_deg': 4.324837751683791, 'init_alpha_std_deg': 6.615255499312383, 'init_theta_dot_std': 0.06298766498895306, 'init_alpha_dot_std': 0.2570011409748342, 'pwm_limit': 141.26186749105227, 'pwm_gain': 0.9696130541857809, 'pwm_bias': -1.379860005814605, 'pwm_deadzone': 0.19977546318501682, 'pwm_noise_sigma': 0.4553782246853074, 'actuator_tau': 0.012212443891310668, 'action_delay_steps': 0, 'theta_bias': 0.004622726143299676, 'alpha_bias': -0.003131342223706793, 'theta_sigma': 0.0010798428639805014, 'alpha_sigma': 0.00246552772132567, 'theta_dot_sigma': 0.11674418416609064, 'alpha_dot_sigma': 0.228645755404425, 'encoder_quantization_rad': 0.00025167990913951117, 'velocity_lpf': 0.25, 'process_theta_dot_sigma': 0.0, 'process_alpha_dot_sigma': 0.0}"
4551491,4,randomization_0.50,0.5,"{'level': 0.5, 'physical': {'g': 9.635088228419665, 'c_theta': 0.02408824873284644, 'c_alpha': 0.001156943574748545, 'k_t': 0.24229608246995038, 'k_b': 0.19631264354202047, 'k_u': 0.04114934669824503, 'R': 3.9330015840174535, 'm1': 0.21667057605899376, 'm2': 0.16844914724320115, 'l1cg': 0.0749707078033234, 'l1': 0.15670917539667886, 'l2cg': 0.07402276018654028, 'I1z': 0.0005356962215800367, 'I2x': 0.00034471407607833393, 'I2y': 1.813723078185993e-05, 'I2z': 0.00029793809284647793}, 'init_theta_std_deg': 3.5239861119975537, 'init_alpha_std_deg': 7.964136666049718, 'init_theta_dot_std': 0.6200845233112116, 'init_alpha_dot_std': 0.7258691375918036, 'pwm_limit': 136.48944412696665, 'pwm_gain': 0.9623486553177293, 'pwm_bias': 1.9809224121668798, 'pwm_deadzone': 3.1000911066394554, 'pwm_noise_sigma': 0.9799815428795056, 'actuator_tau': 0.012628821337591106, 'action_delay_steps': 1, 'theta_bias': 0.0038622999630988355, 'alpha_bias': 0.0006412928502247795, 'theta_sigma': 0.0010623310324801103, 'alpha_sigma': 0.0015473684232367691, 'theta_dot_sigma': 0.08804745090198485, 'alpha_dot_sigma': 0.19310224240362941, 'encoder_quantization_rad': 0.0006052048400739506, 'velocity_lpf': 0.25, 'process_theta_dot_sigma': 0.0, 'process_alpha_dot_sigma': 0.0}"
4553491,4,randomization_0.50,0.5,"{'level': 0.5, 'physical': {'g': 9.750202782004651, 'c_theta': 0.036942987180921864, 'c_alpha': 0.002531474729315615, 'k_t': 0.254185467781508, 'k_b': 0.17554356276137612, 'k_u': 0.046189268993049724, 'R': 4.164516990279513, 'm1': 0.22216148785022882, 'm2': 0.15544128324864845, 'l1cg': 0.07865894725906343, 'l1': 0.15042946727506698, 'l2cg': 0.07283660304738455, 'I1z': 0.0005738122761952602, 'I2x': 0.00037820352452537433, 'I2y': 3.106610889430179e-05, 'I2z': 0.000303890155015414}, 'init_theta_std_deg': 3.8530251433626455, 'init_alpha_std_deg': 9.273841973294772, 'init_theta_dot_std': 0.22777087244991492, 'init_alpha_dot_std': 0.6970713181583879, 'pwm_limit': 146.69356633076606, 'pwm_gain': 0.9875114514115034, 'pwm_bias': 0.7549090849125002, 'pwm_deadzone': 0.38287216553531733, 'pwm_noise_sigma': 0.8120469663918417, 'actuator_tau': 0.005357876463892963, 'action_delay_steps': 0, 'theta_bias': 0.004060886861846946, 'alpha_bias': 8.062282244680486e-05, 'theta_sigma': 0.0002304112759645517, 'alpha_sigma': 0.008265063511681452, 'theta_dot_sigma': 0.12157148318299305, 'alpha_dot_sigma': 0.28283597060943405, 'encoder_quantization_rad': 0.0003303428727885988, 'velocity_lpf': 0.25, 'process_theta_dot_sigma': 0.0, 'process_alpha_dot_sigma': 0.0}"
4555491,4,randomization_0.50,0.5,"{'level': 0.5, 'physical': {'g': 9.973834965176943, 'c_theta': 0.048449303045317915, 'c_alpha': 0.0018273503034784463, 'k_t': 0.22935651820462066, 'k_b': 0.17594249469388729, 'k_u': 0.041016967661361016, 'R': 4.297683955654935, 'm1': 0.18485508682529317, 'm2': 0.16197286646502987, 'l1cg': 0.0791795061778665, 'l1': 0.15329225103721017, 'l2cg': 0.06453013334058577, 'I1z': 0.0005628717822068472, 'I2x': 0.0003971787519269642, 'I2y': 2.1331181597552736e-05, 'I2z': 0.0004971035617346662}, 'init_theta_std_deg': 5.603105174412713, 'init_alpha_std_deg': 6.533398950391655, 'init_theta_dot_std': 0.5977613160135624, 'init_alpha_dot_std': 1.189278075967839, 'pwm_limit': 151.8968538916336, 'pwm_gain': 1.009366929721584, 'pwm_bias': 0.9943539205958465, 'pwm_deadzone': 3.982343122748136, 'pwm_noise_sigma': 0.7847895237711298, 'actuator_tau': 0.007345139420012993, 'action_delay_steps': 0, 'theta_bias': 0.00179712098702282, 'alpha_bias': -0.0004947926333055723, 'theta_sigma': 0.001088310809594168, 'alpha_sigma': 0.002881421958589062, 'theta_dot_sigma': 0.14461123031092266, 'alpha_dot_sigma': 0.1471713356611341, 'encoder_quantization_rad': 0.00041090991760124905, 'velocity_lpf': 0.23667270941588242, 'process_theta_dot_sigma': 0.0, 'process_alpha_dot_sigma': 0.0}"
4557491,4,randomization_0.50,0.5,"{'level': 0.5, 'physical': {'g': 9.609399951450666, 'c_theta': 0.03352772567141419, 'c_alpha': 0.0018649886574261718, 'k_t': 0.20524956078261897, 'k_b': 0.16961143017379288, 'k_u': 0.04727284166635179, 'R': 4.694776471248988, 'm1': 0.21321195661599146, 'm2': 0.1474793997316761, 'l1cg': 0.07841743654049844, 'l1': 0.14660967645666537, 'l2cg': 0.06508699637412084, 'I1z': 0.0005303014596169021, 'I2x': 0.0003402256098573438, 'I2y': 1.9631817076956793e-05, 'I2z': 0.0003137145052830297}, 'init_theta_std_deg': 6.870240912796858, 'init_alpha_std_deg': 8.001923419429605, 'init_theta_dot_std': 0.06672862955769604, 'init_alpha_dot_std': 0.13842720803546607, 'pwm_limit': 140.25963689269884, 'pwm_gain': 1.0123288610898618, 'pwm_bias': -0.669693324418724, 'pwm_deadzone': 3.7487887002051936, 'pwm_noise_sigma': 0.6524244842419431, 'actuator_tau': 0.009463411733903053, 'action_delay_steps': 1, 'theta_bias': -0.0024580545762340512, 'alpha_bias': -0.004502741160180787, 'theta_sigma': 0.0017388790609439613, 'alpha_sigma': 0.0021150175358692716, 'theta_dot_sigma': 0.14168482077146494, 'alpha_dot_sigma': 0.10716731545317998, 'encoder_quantization_rad': 0.00018597466152805013, 'velocity_lpf': 0.25513008018175864, 'process_theta_dot_sigma': 0.0, 'process_alpha_dot_sigma': 0.0}"
4559491,4,randomization_0.50,0.5,"{'level': 0.5, 'physical': {'g': 9.773944727826807, 'c_theta': 0.03351812884753432, 'c_alpha': 0.002665499786221714, 'k_t': 0.2394377280784321, 'k_b': 0.18894334572179683, 'k_u': 0.05169024068783473, 'R': 4.18436439827179, 'm1': 0.18933927715703971, 'm2': 0.1527923565394746, 'l1cg': 0.0850225552685253, 'l1': 0.153196413363659, 'l2cg': 0.07226619906646599, 'I1z': 0.0005003307071898902, 'I2x': 0.00033537130671776463, 'I2y': 2.9922556407597902e-05, 'I2z': 0.0004885775074126667}, 'init_theta_std_deg': 5.621464803789674, 'init_alpha_std_deg': 9.572027929625818, 'init_theta_dot_std': 0.5182288038136998, 'init_alpha_dot_std': 0.02191047937688928, 'pwm_limit': 146.039957570938, 'pwm_gain': 1.044365046429076, 'pwm_bias': 0.6584837719404, 'pwm_deadzone': 2.9523688670856965, 'pwm_noise_sigma': 0.7630624135873224, 'actuator_tau': 0.014616861472447243, 'action_delay_steps': 1, 'theta_bias': 0.004335031674356262, 'alpha_bias': 0.003369372299613741, 'theta_sigma': 0.002513266509749701, 'alpha_sigma': 0.004242713653965339, 'theta_dot_sigma': 0.1274121679447322, 'alpha_dot_sigma': 0.17325414073144163, 'encoder_quantization_rad': 0.00021725016318894515, 'velocity_lpf': 0.25, 'process_theta_dot_sigma': 0.0, 'process_alpha_dot_sigma': 0.0}"
4561491,4,randomization_0.50,0.5,"{'level': 0.5, 'physical': {'g': 9.954264604801995, 'c_theta': 0.01974825938060745, 'c_alpha': 0.0008397545297066236, 'k_t': 0.24496009573380198, 'k_b': 0.18675783645335048, 'k_u': 0.05119087997369312, 'R': 4.022973956757163, 'm1': 0.2193239470298051, 'm2': 0.1638557499050209, 'l1cg': 0.07777618224648206, 'l1': 0.1553570776810322, 'l2cg': 0.06712284666665401, 'I1z': 0.0005797542308420879, 'I2x': 0.0003924282695425055, 'I2y': 3.27018189265336e-05, 'I2z': 0.0002909671010603914}, 'init_theta_std_deg': 5.571849376833775, 'init_alpha_std_deg': 7.737834930850585, 'init_theta_dot_std': 0.0005531234912339311, 'init_alpha_dot_std': 1.1130780010775079, 'pwm_limit': 139.8080009489892, 'pwm_gain': 0.9687370774195855, 'pwm_bias': 1.4182215265338134, 'pwm_deadzone': 4.987367976974808, 'pwm_noise_sigma': 0.6587699217243587, 'actuator_tau': 0.014738186497673266, 'action_delay_steps': 1, 'theta_bias': -0.0007926832550635321, 'alpha_bias': -0.0051782441201413485, 'theta_sigma': 0.0009393916595411113, 'alpha_sigma': 0.00813564504691181, 'theta_dot_sigma': 0.01555725439883575, 'alpha_dot_sigma': 0.012333359381558906, 'encoder_quantization_rad': 0.0004554650130506658, 'velocity_lpf': 0.22631127927361472, 'process_theta_dot_sigma': 0.0, 'process_alpha_dot_sigma': 0.0}"
4563491,4,randomization_0.50,0.5,"{'level': 0.5, 'physical': {'g': 9.600535466226157, 'c_theta': 0.0470421193149802, 'c_alpha': 0.001193601521662833, 'k_t': 0.20396113610999433, 'k_b': 0.17712050969810195, 'k_u': 0.041745534865126395, 'R': 4.763886560982494, 'm1': 0.20353344286344086, 'm2': 0.14763695176541464, 'l1cg': 0.07557112923916552, 'l1': 0.15088016858584039, 'l2cg': 0.06028664343770971, 'I1z': 0.0006315211418166449, 'I2x': 0.0003873202682391957, 'I2y': 3.0287785566573566e-05, 'I2z': 0.0003075608806520785}, 'init_theta_std_deg': 6.274988770065422, 'init_alpha_std_deg': 7.573895626650923, 'init_theta_dot_std': 0.05541296196010623, 'init_alpha_dot_std': 0.36608230992791935, 'pwm_limit': 136.0419110413203, 'pwm_gain': 0.9831608957138859, 'pwm_bias': 1.4282533055964097, 'pwm_deadzone': 4.88697395370571, 'pwm_noise_sigma': 0.22415901263000526, 'actuator_tau': 0.00802457276080299, 'action_delay_steps': 0, 'theta_bias': 0.0010796869198274096, 'alpha_bias': 0.00010620182981830517, 'theta_sigma': 0.002229879082629139, 'alpha_sigma': 0.0017442894062553072, 'theta_dot_sigma': 0.16477168106756807, 'alpha_dot_sigma': 0.17809503707471278, 'encoder_quantization_rad': 0.0003309549150744414, 'velocity_lpf': 0.25, 'process_theta_dot_sigma': 0.0, 'process_alpha_dot_sigma': 0.0}"
4565491,4,randomization_0.50,0.5,"{'level': 0.5, 'physical': {'g': 9.797037848129717, 'c_theta': 0.03315928149230309, 'c_alpha': 0.0021108596125752263, 'k_t': 0.20751488543280247, 'k_b': 0.16441662730809556, 'k_u': 0.0402678804793593, 'R': 4.0315551783984835, 'm1': 0.20198800271461337, 'm2': 0.14896329253883608, 'l1cg': 0.08630574105381719, 'l1': 0.1463802385212609, 'l2cg': 0.06576343748432106, 'I1z': 0.000585336196928352, 'I2x': 0.0003514297294995865, 'I2y': 2.5299509818487163e-05, 'I2z': 0.0003119058312774269}, 'init_theta_std_deg': 7.277580466851143, 'init_alpha_std_deg': 9.107668353079287, 'init_theta_dot_std': 0.27179713291278407, 'init_alpha_dot_std': 0.49470178447446916, 'pwm_limit': 151.78746569786216, 'pwm_gain': 0.9527549764765711, 'pwm_bias': 1.062248949793616, 'pwm_deadzone': 3.1906230419370547, 'pwm_noise_sigma': 0.31558726907004075, 'actuator_tau': 0.0008473460938852339, 'action_delay_steps': 0, 'theta_bias': -0.002877646503141196, 'alpha_bias': 0.001902137480724334, 'theta_sigma': 0.002246815724779068, 'alpha_sigma': 0.0018961525030393466, 'theta_dot_sigma': 0.014846679447472812, 'alpha_dot_sigma': 0.0519577076058093, 'encoder_quantization_rad': 0.00040439172371744365, 'velocity_lpf': 0.23377914170483505, 'process_theta_dot_sigma': 0.0, 'process_alpha_dot_sigma': 0.0}"
4567491,4,randomization_0.50,0.5,"{'level': 0.5, 'physical': {'g': 9.987062727703846, 'c_theta': 0.040973816262381314, 'c_alpha': 0.0006740729748774588, 'k_t': 0.22730661648514192, 'k_b': 0.17483054053355868, 'k_u': 0.04197184517795136, 'R': 3.9760828574317904, 'm1': 0.1987077940174655, 'm2': 0.1692966322654542, 'l1cg': 0.07817888877139746, 'l1': 0.14985882779832593, 'l2cg': 0.06803519557719538, 'I1z': 0.0004772099074932411, 'I2x': 0.00039926160783735584, 'I2y': 2.6022222356217117e-05, 'I2z': 0.0002808155938646567}, 'init_theta_std_deg': 5.487373423091535, 'init_alpha_std_deg': 8.180500392659471, 'init_theta_dot_std': 0.24328753241183132, 'init_alpha_dot_std': 0.6722202375067011, 'pwm_limit': 153.3820129265076, 'pwm_gain': 1.0369825870785836, 'pwm_bias': -1.548253590609887, 'pwm_deadzone': 0.22968353663642638, 'pwm_noise_sigma': 0.012342506023581556, 'actuator_tau': 0.008205464606515486, 'action_delay_steps': 1, 'theta_bias': 0.0004163965694730809, 'alpha_bias': -0.005558205934018775, 'theta_sigma': 0.002352615482368762, 'alpha_sigma': 0.0013824018771549796, 'theta_dot_sigma': 0.09886952567562292, 'alpha_dot_sigma': 0.10539471276069327, 'encoder_quantization_rad': 6.145197629764476e-05, 'velocity_lpf': 0.25, 'process_theta_dot_sigma': 0.0, 'process_alpha_dot_sigma': 0.0}"
4569491,4,randomization_0.50,0.5,"{'level': 0.5, 'physical': {'g': 9.956860198540989, 'c_theta': 0.02022421290753231, 'c_alpha': 0.001699650868328832, 'k_t': 0.25920546513549675, 'k_b': 0.16868403000676743, 'k_u': 0.04433503096428975, 'R': 3.9357317437499635, 'm1': 0.20081918113139224, 'm2': 0.14820403975366117, 'l1cg': 0.08311535726383114, 'l1': 0.1495422722150428, 'l2cg': 0.06411801834273385, 'I1z': 0.00046903838047072005, 'I2x': 0.0003890529045180673, 'I2y': 3.098017182329002e-05, 'I2z': 0.0002999258047501858}, 'init_theta_std_deg': 5.452249999299077, 'init_alpha_std_deg': 8.36933309834104, 'init_theta_dot_std': 0.4112027386868523, 'init_alpha_dot_std': 1.0150431164325617, 'pwm_limit': 144.56504245830436, 'pwm_gain': 1.0031809601620445, 'pwm_bias': -1.2027088486142667, 'pwm_deadzone': 4.2461410167541445, 'pwm_noise_sigma': 0.5190049944393591, 'actuator_tau': 0.011345495693837828, 'action_delay_steps': 0, 'theta_bias': -0.0006190738919966477, 'alpha_bias': 0.000337617102246206, 'theta_sigma': 0.002480409022905793, 'alpha_sigma': 0.009496241386530558, 'theta_dot_sigma': 0.041623105041355475, 'alpha_dot_sigma': 0.29150035405642316, 'encoder_quantization_rad': 0.0002569079388132969, 'velocity_lpf': 0.25, 'process_theta_dot_sigma': 0.0, 'process_alpha_dot_sigma': 0.0}"
4571491,4,randomization_0.50,0.5,"{'level': 0.5, 'physical': {'g': 9.726298264936455, 'c_theta': 0.03500830868264967, 'c_alpha': 0.0007563338090041667, 'k_t': 0.22671326817368162, 'k_b': 0.18889522428167, 'k_u': 0.05062606612205488, 'R': 4.160047634929227, 'm1': 0.22610291362802792, 'm2': 0.14916254203600085, 'l1cg': 0.08088049417864432, 'l1': 0.15287642897804288, 'l2cg': 0.060055406762862834, 'I1z': 0.0006351172204673227, 'I2x': 0.0004043695474172698, 'I2y': 2.4818486232444697e-05, 'I2z': 0.00040455397834656114}, 'init_theta_std_deg': 4.256931229015763, 'init_alpha_std_deg': 7.472363822836137, 'init_theta_dot_std': 0.03422703506268693, 'init_alpha_dot_std': 0.16849577002545107, 'pwm_limit': 138.22210618420704, 'pwm_gain': 0.9747815751998251, 'pwm_bias': -1.4365259472351015, 'pwm_deadzone': 4.8472346660877905, 'pwm_noise_sigma': 0.017568795460715325, 'actuator_tau': 0.0026476370887566778, 'action_delay_steps': 0, 'theta_bias': 0.004467764976881462, 'alpha_bias': 0.0027049155509667024, 'theta_sigma': 0.002558990226662613, 'alpha_sigma': 0.003807588213099192, 'theta_dot_sigma': 0.11297982275162478, 'alpha_dot_sigma': 0.01846519148417901, 'encoder_quantization_rad': 0.0004953396210172436, 'velocity_lpf': 0.26833008842804207, 'process_theta_dot_sigma': 0.0, 'process_alpha_dot_sigma': 0.0}"
4573491,4,randomization_0.50,0.5,"{'level': 0.5, 'physical': {'g': 9.828847156210822, 'c_theta': 0.022203329051371245, 'c_alpha': 0.0024066256943169064, 'k_t': 0.20675255643582374, 'k_b': 0.21014227838273164, 'k_u': 0.04257361155047314, 'R': 3.9490586000853183, 'm1': 0.22569150457836776, 'm2': 0.1478594250748211, 'l1cg': 0.08227357737878015, 'l1': 0.1585846820696091, 'l2cg': 0.06502246880872337, 'I1z': 0.0005995142634074326, 'I2x': 0.0003550046584256888, 'I2y': 3.0809173191779585e-05, 'I2z': 0.00042825255279230933}, 'init_theta_std_deg': 7.0291574602019935, 'init_alpha_std_deg': 10.878503041199142, 'init_theta_dot_std': 0.5288871732196215, 'init_alpha_dot_std': 1.173321294617121, 'pwm_limit': 142.94786552381993, 'pwm_gain': 1.0491876443978898, 'pwm_bias': 0.22657870931258506, 'pwm_deadzone': 2.638071605645687, 'pwm_noise_sigma': 0.4428912392755996, 'actuator_tau': 0.0026633743415764013, 'action_delay_steps': 0, 'theta_bias': 0.00210324645727732, 'alpha_bias': 0.003528141267236067, 'theta_sigma': 0.0022439654143547485, 'alpha_sigma': 0.004604153186493727, 'theta_dot_sigma': 0.12687353149851596, 'alpha_dot_sigma': 0.15812071082121645, 'encoder_quantization_rad': 3.461196526306495e-05, 'velocity_lpf': 0.25, 'process_theta_dot_sigma': 0.0, 'process_alpha_dot_sigma': 0.0}"
4575491,4,randomization_0.50,0.5,"{'level': 0.5, 'physical': {'g': 9.665322732056245, 'c_theta': 0.039138281580463646, 'c_alpha': 0.0024218731881462587, 'k_t': 0.22281127894750358, 'k_b': 0.20542214591442426, 'k_u': 0.05169463244938708, 'R': 4.341858858866038, 'm1': 0.20011619288129318, 'm2': 0.16835446328487105, 'l1cg': 0.07434762382701869, 'l1': 0.14768342163430526, 'l2cg': 0.06574396459676418, 'I1z': 0.0006330034609287658, 'I2x': 0.00038730858040694484, 'I2y': 2.2265046936966755e-05, 'I2z': 0.0003368523569594409}, 'init_theta_std_deg': 6.347224192585868, 'init_alpha_std_deg': 8.39668013032303, 'init_theta_dot_std': 0.7313836498453056, 'init_alpha_dot_std': 0.21862009099474486, 'pwm_limit': 150.58994709820962, 'pwm_gain': 0.973756302020263, 'pwm_bias': 0.66518259080084, 'pwm_deadzone': 4.397971292873394, 'pwm_noise_sigma': 0.8649743235002613, 'actuator_tau': 0.002915697380591821, 'action_delay_steps': 0, 'theta_bias': -0.004568975963654163, 'alpha_bias': -0.005804701083516442, 'theta_sigma': 0.0026156833539758614, 'alpha_sigma': 0.0051677649376504296, 'theta_dot_sigma': 0.07217507807278856, 'alpha_dot_sigma': 0.1152580110486556, 'encoder_quantization_rad': 0.0001583016820321195, 'velocity_lpf': 0.25, 'process_theta_dot_sigma': 0.0, 'process_alpha_dot_sigma': 0.0}"
4577491,4,randomization_0.50,0.5,"{'level': 0.5, 'physical': {'g': 9.773446783149245, 'c_theta': 0.035101845578991486, 'c_alpha': 0.0016674833133674138, 'k_t': 0.21738438758255255, 'k_b': 0.17656840367225826, 'k_u': 0.05279408219554627, 'R': 4.157094959366783, 'm1': 0.1922324440822753, 'm2': 0.1690378140273578, 'l1cg': 0.07515509306521921, 'l1': 0.1589676326230891, 'l2cg': 0.06095667921150725, 'I1z': 0.0005003292351371477, 'I2x': 0.0004017675330363055, 'I2y': 3.202896926879444e-05, 'I2z': 0.00030280487845175426}, 'init_theta_std_deg': 6.8834905164742235, 'init_alpha_std_deg': 10.26212322156793, 'init_theta_dot_std': 0.6470171099821471, 'init_alpha_dot_std': 0.6611636067065642, 'pwm_limit': 136.77434412241186, 'pwm_gain': 0.9628856548600911, 'pwm_bias': 1.993332087965907, 'pwm_deadzone': 1.8742120685285169, 'pwm_noise_sigma': 0.2920217330653042, 'actuator_tau': 0.0065704389546910194, 'action_delay_steps': 0, 'theta_bias': -0.0020563221901803573, 'alpha_bias': -0.0038343036358055387, 'theta_sigma': 0.001988295049560839, 'alpha_sigma': 0.006398944187549505, 'theta_dot_sigma': 0.027698894566579518, 'alpha_dot_sigma': 0.027955143484645385, 'encoder_quantization_rad': 0.0006525575482272984, 'velocity_lpf': 0.24053579945276843, 'process_theta_dot_sigma': 0.0, 'process_alpha_dot_sigma': 0.0}"
4579491,4,randomization_0.50,0.5,"{'level': 0.5, 'physical': {'g': 9.99321061428611, 'c_theta': 0.046393616682185425, 'c_alpha': 0.0011348996459027547, 'k_t': 0.2316956948937188, 'k_b': 0.18707360056242717, 'k_u': 0.04666643882517759, 'R': 3.9660340283655575, 'm1': 0.19740168131733746, 'm2': 0.16820523284348435, 'l1cg': 0.08081815854297113, 'l1': 0.14466221142522906, 'l2cg': 0.07480304905716091, 'I1z': 0.0006573902966591003, 'I2x': 0.00039217406848328834, 'I2y': 2.4140952933149656e-05, 'I2z': 0.0003809239699791634}, 'init_theta_std_deg': 6.677867844078696, 'init_alpha_std_deg': 11.659373033001831, 'init_theta_dot_std': 0.6515389680213308, 'init_alpha_dot_std': 0.7412258065021298, 'pwm_limit': 143.71234879974327, 'pwm_gain': 0.9575937667432433, 'pwm_bias': 1.2784947627024161, 'pwm_deadzone': 1.5317026935180977, 'pwm_noise_sigma': 0.27320878494114753, 'actuator_tau': 0.014511945931225076, 'action_delay_steps': 0, 'theta_bias': -0.0009565689612423489, 'alpha_bias': -0.004597468340332388, 'theta_sigma': 0.0021726304032123164, 'alpha_sigma': 0.006916287267308369, 'theta_dot_sigma': 0.0026961557479140527, 'alpha_dot_sigma': 0.13388616536687997, 'encoder_quantization_rad': 0.0004906536839468108, 'velocity_lpf': 0.25, 'process_theta_dot_sigma': 0.0, 'process_alpha_dot_sigma': 0.0}"
4581491,4,randomization_0.50,0.5,"{'level': 0.5, 'physical': {'g': 9.724036126129787, 'c_theta': 0.03264155621323578, 'c_alpha': 0.0009669131880560266, 'k_t': 0.2245496945965336, 'k_b': 0.16467076986199067, 'k_u': 0.04536867044622447, 'R': 4.659080132079142, 'm1': 0.22860131631531197, 'm2': 0.14688253662390027, 'l1cg': 0.08166350597792606, 'l1': 0.15495903834614327, 'l2cg': 0.06074633500052482, 'I1z': 0.0006071549374867105, 'I2x': 0.00040459656428946315, 'I2y': 2.0710019441424223e-05, 'I2z': 0.0004616623937457055}, 'init_theta_std_deg': 5.511383203987464, 'init_alpha_std_deg': 10.376371972299992, 'init_theta_dot_std': 0.5219658416457587, 'init_alpha_dot_std': 0.17337979403425116, 'pwm_limit': 143.4782154679072, 'pwm_gain': 1.0366465260339608, 'pwm_bias': 1.2653476729302002, 'pwm_deadzone': 0.8476062695179459, 'pwm_noise_sigma': 0.8532181587474261, 'actuator_tau': 0.00440414629828252, 'action_delay_steps': 1, 'theta_bias': -0.004190309328576465, 'alpha_bias': 0.004116093200051155, 'theta_sigma': 0.0015451329209071388, 'alpha_sigma': 0.000835385163617266, 'theta_dot_sigma': 0.026255453438995408, 'alpha_dot_sigma': 0.16345078152211467, 'encoder_quantization_rad': 7.83155927461971e-05, 'velocity_lpf': 0.25, 'process_theta_dot_sigma': 0.0, 'process_alpha_dot_sigma': 0.0}"
4583491,4,randomization_0.50,0.5,"{'level': 0.5, 'physical': {'g': 9.68756609104833, 'c_theta': 0.04706713597403567, 'c_alpha': 0.0016544940671377878, 'k_t': 0.25586073125952835, 'k_b': 0.1698628195601641, 'k_u': 0.04625246283754505, 'R': 4.424665739068006, 'm1': 0.22426187549673737, 'm2': 0.1635613398975033, 'l1cg': 0.08318850753191184, 'l1': 0.15927694517462707, 'l2cg': 0.0590465407441282, 'I1z': 0.0005991577864080309, 'I2x': 0.0003734440028713763, 'I2y': 1.984907939602466e-05, 'I2z': 0.0004657940917098477}, 'init_theta_std_deg': 6.753494721264833, 'init_alpha_std_deg': 6.996445098749788, 'init_theta_dot_std': 0.7335755795517198, 'init_alpha_dot_std': 0.9395276831596872, 'pwm_limit': 141.0776134209583, 'pwm_gain': 1.0279392305417552, 'pwm_bias': 0.3416637895283725, 'pwm_deadzone': 3.608851359081393, 'pwm_noise_sigma': 0.3287920850423133, 'actuator_tau': 0.012541640122600822, 'action_delay_steps': 1, 'theta_bias': 0.002095421797513075, 'alpha_bias': 0.001067987982380957, 'theta_sigma': 0.0021789909121497884, 'alpha_sigma': 0.00021474420128209993, 'theta_dot_sigma': 0.06010950215874889, 'alpha_dot_sigma': 0.2807295399927371, 'encoder_quantization_rad': 0.0005346322783368369, 'velocity_lpf': 0.25, 'process_theta_dot_sigma': 0.0, 'process_alpha_dot_sigma': 0.0}"
4585491,4,randomization_0.50,0.5,"{'level': 0.5, 'physical': {'g': 9.577308173938162, 'c_theta': 0.017111784319240066, 'c_alpha': 0.002575916954041172, 'k_t': 0.21240085879380824, 'k_b': 0.2053648217970186, 'k_u': 0.051057792726755695, 'R': 4.019868977581845, 'm1': 0.2186671841054268, 'm2': 0.1668530895593746, 'l1cg': 0.08499623113624989, 'l1': 0.15850266009491007, 'l2cg': 0.0669077389688679, 'I1z': 0.0004947719601133493, 'I2x': 0.0004007355795298248, 'I2y': 2.3607079937358825e-05, 'I2z': 0.0002924481307664914}, 'init_theta_std_deg': 4.68525973208332, 'init_alpha_std_deg': 10.24097149579971, 'init_theta_dot_std': 0.5346929314764416, 'init_alpha_dot_std': 1.2237265927108005, 'pwm_limit': 151.78865267475314, 'pwm_gain': 0.9710990384271904, 'pwm_bias': 1.3239407486735657, 'pwm_deadzone': 1.9127461811650153, 'pwm_noise_sigma': 0.2935217662333589, 'actuator_tau': 0.005789998893541693, 'action_delay_steps': 1, 'theta_bias': -0.0018855668546242411, 'alpha_bias': -0.004656453166222919, 'theta_sigma': 0.002968119391117379, 'alpha_sigma': 0.0016217305687721928, 'theta_dot_sigma': 0.15388388336386158, 'alpha_dot_sigma': 0.07026203347108025, 'encoder_quantization_rad': 0.0004195026863254677, 'velocity_lpf': 0.2710120894276778, 'process_theta_dot_sigma': 0.0, 'process_alpha_dot_sigma': 0.0}"
4587491,4,randomization_0.50,0.5,"{'level': 0.5, 'physical': {'g': 9.64313385858593, 'c_theta': 0.05375582013958377, 'c_alpha': 0.000841744196293634, 'k_t': 0.21483935200056503, 'k_b': 0.19930787487846743, 'k_u': 0.049326335883366434, 'R': 3.900570255955125, 'm1': 0.18464158424518845, 'm2': 0.1562046911882717, 'l1cg': 0.08089636380436967, 'l1': 0.1538208529258144, 'l2cg': 0.06624641028447899, 'I1z': 0.0005542154229616184, 'I2x': 0.00039174461136730446, 'I2y': 2.3140772619722122e-05, 'I2z': 0.0003448838361568293}, 'init_theta_std_deg': 6.310073272154877, 'init_alpha_std_deg': 7.767744376244191, 'init_theta_dot_std': 0.3292378307577833, 'init_alpha_dot_std': 1.1203311666870972, 'pwm_limit': 143.43223514016142, 'pwm_gain': 1.0140492144171125, 'pwm_bias': 1.2542104311160935, 'pwm_deadzone': 4.744126475372274, 'pwm_noise_sigma': 0.9873506722421582, 'actuator_tau': 0.004388709137008775, 'action_delay_steps': 1, 'theta_bias': 0.0012640649509399438, 'alpha_bias': 0.002940042287062517, 'theta_sigma': 0.0017702612697583957, 'alpha_sigma': 0.006949131876615852, 'theta_dot_sigma': 0.055216042019183065, 'alpha_dot_sigma': 0.171860279142866, 'encoder_quantization_rad': 0.0002079594794541369, 'velocity_lpf': 0.2581377743126236, 'process_theta_dot_sigma': 0.0, 'process_alpha_dot_sigma': 0.0}"
4589491,4,randomization_0.50,0.5,"{'level': 0.5, 'physical': {'g': 9.895951754416407, 'c_theta': 0.03429714548093705, 'c_alpha': 0.001100784796222329, 'k_t': 0.23674439521992102, 'k_b': 0.2002657352158408, 'k_u': 0.041239074294323025, 'R': 4.138434867792249, 'm1': 0.20545360001517732, 'm2': 0.14693846772914476, 'l1cg': 0.08138373360850344, 'l1': 0.15439246535308807, 'l2cg': 0.06549114934510951, 'I1z': 0.0005396281287025032, 'I2x': 0.00036027485109201316, 'I2y': 2.728223932747132e-05, 'I2z': 0.0003316224840543564}, 'init_theta_std_deg': 5.022554966695543, 'init_alpha_std_deg': 7.884240141613157, 'init_theta_dot_std': 0.40549282878432436, 'init_alpha_dot_std': 1.172947083818269, 'pwm_limit': 140.43904160779476, 'pwm_gain': 1.0004905388785539, 'pwm_bias': -0.3517891625880507, 'pwm_deadzone': 1.7494975080021502, 'pwm_noise_sigma': 0.4647310842232828, 'actuator_tau': 0.009302446715096262, 'action_delay_steps': 0, 'theta_bias': -0.0014521006294668625, 'alpha_bias': 0.004404545470380687, 'theta_sigma': 0.0011368377755140552, 'alpha_sigma': 0.005262775562536625, 'theta_dot_sigma': 0.09234448197824359, 'alpha_dot_sigma': 0.20596544762934313, 'encoder_quantization_rad': 0.0007047518415081487, 'velocity_lpf': 0.25, 'process_theta_dot_sigma': 0.0, 'process_alpha_dot_sigma': 0.0}"
4591491,4,randomization_0.50,0.5,"{'level': 0.5, 'physical': {'g': 9.59992648821428, 'c_theta': 0.032138777766645726, 'c_alpha': 0.0010529523520594116, 'k_t': 0.23121263564682, 'k_b': 0.18861779255143168, 'k_u': 0.0419350616661439, 'R': 4.256287032999824, 'm1': 0.19224358806125555, 'm2': 0.15975541317379213, 'l1cg': 0.07831100135257087, 'l1': 0.14770380240324985, 'l2cg': 0.061056543887191776, 'I1z': 0.0005401786715046556, 'I2x': 0.0003512844198251654, 'I2y': 2.4223218924818014e-05, 'I2z': 0.0004135427247637728}, 'init_theta_std_deg': 7.063681416819021, 'init_alpha_std_deg': 9.11517079609268, 'init_theta_dot_std': 0.7428150028395732, 'init_alpha_dot_std': 1.2331344477833013, 'pwm_limit': 144.32255026381503, 'pwm_gain': 1.0309597730253983, 'pwm_bias': -0.6193939641504529, 'pwm_deadzone': 3.103859773290401, 'pwm_noise_sigma': 0.9773394864868441, 'actuator_tau': 0.005375300818163361, 'action_delay_steps': 1, 'theta_bias': 0.0020798996261975713, 'alpha_bias': -0.0014541329060655155, 'theta_sigma': 0.00015884835639442984, 'alpha_sigma': 0.00906766363283386, 'theta_dot_sigma': 0.007558846363865143, 'alpha_dot_sigma': 0.053889571272059344, 'encoder_quantization_rad': 0.0002216363835584687, 'velocity_lpf': 0.25, 'process_theta_dot_sigma': 0.0, 'process_alpha_dot_sigma': 0.0}"
4593491,4,randomization_0.50,0.5,"{'level': 0.5, 'physical': {'g': 9.909535344357995, 'c_theta': 0.018095790752831742, 'c_alpha': 0.002158058217131241, 'k_t': 0.23597769142354305, 'k_b': 0.1900073737162839, 'k_u': 0.05072113471316046, 'R': 4.001755159270558, 'm1': 0.2189193591019627, 'm2': 0.15276544114680152, 'l1cg': 0.08237196349292253, 'l1': 0.15683692949209657, 'l2cg': 0.060140763269847984, 'I1z': 0.000596991875168309, 'I2x': 0.0003715115673673064, 'I2y': 2.5288433126823438e-05, 'I2z': 0.0003766944128185638}, 'init_theta_std_deg': 7.264135928248813, 'init_alpha_std_deg': 6.045525996310755, 'init_theta_dot_std': 0.15511511587532292, 'init_alpha_dot_std': 1.193036228056671, 'pwm_limit': 143.27443024380312, 'pwm_gain': 1.0039237241434777, 'pwm_bias': -1.723955742864121, 'pwm_deadzone': 2.6228286851543583, 'pwm_noise_sigma': 0.37073391512803777, 'actuator_tau': 0.011563003384350604, 'action_delay_steps': 0, 'theta_bias': 0.0037766106659011534, 'alpha_bias': -0.005568013848834831, 'theta_sigma': 0.002181460420898571, 'alpha_sigma': 0.009834658506047759, 'theta_dot_sigma': 0.16439422658841663, 'alpha_dot_sigma': 0.15342951937892474, 'encoder_quantization_rad': 0.0005640423645663013, 'velocity_lpf': 0.25, 'process_theta_dot_sigma': 0.0, 'process_alpha_dot_sigma': 0.0}"
4595491,4,randomization_0.50,0.5,"{'level': 0.5, 'physical': {'g': 9.670907154730036, 'c_theta': 0.035299950508668035, 'c_alpha': 0.002521231181823972, 'k_t': 0.21904826466425364, 'k_b': 0.18809304083948283, 'k_u': 0.04523841812446171, 'R': 4.0385714273741975, 'm1': 0.19329660950457883, 'm2': 0.16601972038400406, 'l1cg': 0.07992194329071178, 'l1': 0.15265140336611227, 'l2cg': 0.06057028783966573, 'I1z': 0.0006006104535007518, 'I2x': 0.00034680585426406, 'I2y': 1.783362476800943e-05, 'I2z': 0.00028596973244405204}, 'init_theta_std_deg': 5.630978516821564, 'init_alpha_std_deg': 8.936437386635443, 'init_theta_dot_std': 0.04325584689401535, 'init_alpha_dot_std': 0.29677274601489, 'pwm_limit': 140.6029127249416, 'pwm_gain': 1.008407312470918, 'pwm_bias': 0.7562160720103814, 'pwm_deadzone': 4.75345244230646, 'pwm_noise_sigma': 0.18938552268508435, 'actuator_tau': 0.014030783696926745, 'action_delay_steps': 1, 'theta_bias': 0.002006669140442572, 'alpha_bias': -0.002754554168930661, 'theta_sigma': 0.0019588619141695553, 'alpha_sigma': 0.0038355958588972895, 'theta_dot_sigma': 0.11188138896315059, 'alpha_dot_sigma': 0.2958317469223314, 'encoder_quantization_rad': 0.00038488341026757814, 'velocity_lpf': 0.27027683716612694, 'process_theta_dot_sigma': 0.0, 'process_alpha_dot_sigma': 0.0}"
4597491,4,randomization_0.50,0.5,"{'level': 0.5, 'physical': {'g': 9.576116567311605, 'c_theta': 0.02135750836508714, 'c_alpha': 0.002247255452049332, 'k_t': 0.20760740134387679, 'k_b': 0.173466700853857, 'k_u': 0.05011350302313947, 'R': 4.0182971804842005, 'm1': 0.1916025388086563, 'm2': 0.15153941598461282, 'l1cg': 0.08626774344823246, 'l1': 0.14963763067717642, 'l2cg': 0.06363902954110845, 'I1z': 0.0005654305367457844, 'I2x': 0.0004022021699270395, 'I2y': 3.111471100676592e-05, 'I2z': 0.00038296477317197335}, 'init_theta_std_deg': 5.702157057187392, 'init_alpha_std_deg': 6.1174601824609915, 'init_theta_dot_std': 0.35585107626818546, 'init_alpha_dot_std': 1.069435068119653, 'pwm_limit': 139.89361804838342, 'pwm_gain': 0.9662693022366707, 'pwm_bias': 0.5690068850677781, 'pwm_deadzone': 2.108830668913952, 'pwm_noise_sigma': 0.6344443416057747, 'actuator_tau': 0.008434049258558035, 'action_delay_steps': 1, 'theta_bias': 0.0027621840157098132, 'alpha_bias': -0.004338452101035843, 'theta_sigma': 0.002918515086831101, 'alpha_sigma': 0.006069545579942433, 'theta_dot_sigma': 0.11066542689356909, 'alpha_dot_sigma': 0.18849176875002263, 'encoder_quantization_rad': 7.011929942502154e-05, 'velocity_lpf': 0.25, 'process_theta_dot_sigma': 0.0, 'process_alpha_dot_sigma': 0.0}"
4599491,4,randomization_0.50,0.5,"{'level': 0.5, 'physical': {'g': 9.831502130963326, 'c_theta': 0.03869684195044652, 'c_alpha': 0.0009640953030804528, 'k_t': 0.2179645472196314, 'k_b': 0.20465506190588367, 'k_u': 0.04707375626941168, 'R': 4.550135713247082, 'm1': 0.2055548216692608, 'm2': 0.14980649461382636, 'l1cg': 0.0838480929750958, 'l1': 0.15856880336802284, 'l2cg': 0.06129174948922407, 'I1z': 0.0006278087636806956, 'I2x': 0.0003906928097025839, 'I2y': 1.8395477432246033e-05, 'I2z': 0.0003961433997371465}, 'init_theta_std_deg': 5.274701683590818, 'init_alpha_std_deg': 8.735612342687897, 'init_theta_dot_std': 0.21915330044506326, 'init_alpha_dot_std': 0.6749047782588238, 'pwm_limit': 142.05474113037275, 'pwm_gain': 0.976748311742257, 'pwm_bias': 0.6868811467559555, 'pwm_deadzone': 3.2671975530365707, 'pwm_noise_sigma': 0.8533668984328862, 'actuator_tau': 0.005072140567801163, 'action_delay_steps': 1, 'theta_bias': 0.000663372198367782, 'alpha_bias': -0.004300631165270877, 'theta_sigma': 0.002506076158272885, 'alpha_sigma': 0.005204759043405825, 'theta_dot_sigma': 0.10169426603748966, 'alpha_dot_sigma': 0.18358534245495572, 'encoder_quantization_rad': 7.37881416639177e-05, 'velocity_lpf': 0.27271479808875054, 'process_theta_dot_sigma': 0.0, 'process_alpha_dot_sigma': 0.0}"
4601491,4,randomization_0.50,0.5,"{'level': 0.5, 'physical': {'g': 9.880915712410737, 'c_theta': 0.04583775914977747, 'c_alpha': 0.0007802504926793173, 'k_t': 0.24031253439209407, 'k_b': 0.2092873798742958, 'k_u': 0.04915069720372827, 'R': 4.3357988448322, 'm1': 0.1981342149288524, 'm2': 0.15397348152203344, 'l1cg': 0.07467980498763795, 'l1': 0.1510138478754544, 'l2cg': 0.06306228569459364, 'I1z': 0.00041016968665627627, 'I2x': 0.00035510469821165307, 'I2y': 2.3719807078292396e-05, 'I2z': 0.0004239649162067742}, 'init_theta_std_deg': 4.845285847496094, 'init_alpha_std_deg': 10.084609885992714, 'init_theta_dot_std': 0.5441875755541263, 'init_alpha_dot_std': 0.575352690277106, 'pwm_limit': 141.8724747124581, 'pwm_gain': 0.9912439242530097, 'pwm_bias': -1.9512472705280333, 'pwm_deadzone': 3.6145152158100773, 'pwm_noise_sigma': 0.212976377075771, 'actuator_tau': 0.005110039769132542, 'action_delay_steps': 0, 'theta_bias': -0.0015215758614534037, 'alpha_bias': -0.001943427231449673, 'theta_sigma': 0.00013677605318280472, 'alpha_sigma': 0.0022308357252088305, 'theta_dot_sigma': 0.0422134462055285, 'alpha_dot_sigma': 0.23811730399004039, 'encoder_quantization_rad': 0.0006979912528259633, 'velocity_lpf': 0.25, 'process_theta_dot_sigma': 0.0, 'process_alpha_dot_sigma': 0.0}"
4603491,4,randomization_0.50,0.5,"{'level': 0.5, 'physical': {'g': 9.62710315648713, 'c_theta': 0.040867751100015115, 'c_alpha': 0.0011161848581303434, 'k_t': 0.2420709292357818, 'k_b': 0.19474159674502645, 'k_u': 0.04754726190030391, 'R': 4.357000169930213, 'm1': 0.1902445987690959, 'm2': 0.14998750959921117, 'l1cg': 0.07663190044180221, 'l1': 0.14448095178725306, 'l2cg': 0.060421857426626695, 'I1z': 0.0004884021844906737, 'I2x': 0.00036577593272190014, 'I2y': 2.7875222029167092e-05, 'I2z': 0.00041909418880909917}, 'init_theta_std_deg': 6.903350822751078, 'init_alpha_std_deg': 9.861310388318184, 'init_theta_dot_std': 0.4929212881840117, 'init_alpha_dot_std': 0.5167254814509856, 'pwm_limit': 146.149147615404, 'pwm_gain': 1.0075875141926411, 'pwm_bias': -1.7891995287746738, 'pwm_deadzone': 0.4172669502805004, 'pwm_noise_sigma': 0.3209738128610854, 'actuator_tau': 0.002593963989733104, 'action_delay_steps': 0, 'theta_bias': -0.0015651133302849174, 'alpha_bias': 0.005087316070249333, 'theta_sigma': 0.0006553821423974827, 'alpha_sigma': 0.0042805636499397845, 'theta_dot_sigma': 0.03772439767293866, 'alpha_dot_sigma': 0.17509442539826206, 'encoder_quantization_rad': 0.00013015967458776347, 'velocity_lpf': 0.25, 'process_theta_dot_sigma': 0.0, 'process_alpha_dot_sigma': 0.0}"
4605491,4,randomization_0.50,0.5,"{'level': 0.5, 'physical': {'g': 9.582498007661313, 'c_theta': 0.018587988648994965, 'c_alpha': 0.000686728497796111, 'k_t': 0.22177802059752486, 'k_b': 0.1804177234267863, 'k_u': 0.04621454656712811, 'R': 4.0543301547423445, 'm1': 0.2285893232642144, 'm2': 0.15496008345531084, 'l1cg': 0.08244977646676192, 'l1': 0.1568364693410097, 'l2cg': 0.062155093894379454, 'I1z': 0.0006081836402325109, 'I2x': 0.00037953659009883355, 'I2y': 2.963868711405529e-05, 'I2z': 0.00029967172532699584}, 'init_theta_std_deg': 6.807473875120173, 'init_alpha_std_deg': 7.738605397866536, 'init_theta_dot_std': 0.20220551820128238, 'init_alpha_dot_std': 0.40710618351958894, 'pwm_limit': 139.90196499503205, 'pwm_gain': 1.0447840912332111, 'pwm_bias': -1.8355069765691883, 'pwm_deadzone': 3.907305962108347, 'pwm_noise_sigma': 0.022842672961208454, 'actuator_tau': 0.006632583837133163, 'action_delay_steps': 0, 'theta_bias': -0.0025939121273622656, 'alpha_bias': -0.005973946766963509, 'theta_sigma': 0.001417911353554787, 'alpha_sigma': 0.009455923579984524, 'theta_dot_sigma': 0.08277921621277272, 'alpha_dot_sigma': 0.2254954806421609, 'encoder_quantization_rad': 0.0005632860840722077, 'velocity_lpf': 0.25, 'process_theta_dot_sigma': 0.0, 'process_alpha_dot_sigma': 0.0}"
4607491,4,randomization_0.50,0.5,"{'level': 0.5, 'physical': {'g': 9.97254771749629, 'c_theta': 0.016793347999876862, 'c_alpha': 0.0012741040036015065, 'k_t': 0.23908225381727435, 'k_b': 0.20582235504300764, 'k_u': 0.052954121423393126, 'R': 4.052815980454651, 'm1': 0.20541943726567008, 'm2': 0.15337143585409282, 'l1cg': 0.07605282396468224, 'l1': 0.15438164342248054, 'l2cg': 0.0648018390387636, 'I1z': 0.0004916203238416046, 'I2x': 0.0003628503975360993, 'I2y': 2.2098421244124442e-05, 'I2z': 0.00043881308231447726}, 'init_theta_std_deg': 5.492781567887596, 'init_alpha_std_deg': 6.480988995514161, 'init_theta_dot_std': 0.030614573533549322, 'init_alpha_dot_std': 1.2349041997108676, 'pwm_limit': 148.25290387605614, 'pwm_gain': 1.0256888276029645, 'pwm_bias': 0.14387264496117158, 'pwm_deadzone': 2.50807347595809, 'pwm_noise_sigma': 0.9332554500865499, 'actuator_tau': 0.009772932472226586, 'action_delay_steps': 1, 'theta_bias': 0.000740490733883884, 'alpha_bias': -0.0006576512295078234, 'theta_sigma': 0.002307026195488406, 'alpha_sigma': 0.005646578255205262, 'theta_dot_sigma': 0.1333241681119686, 'alpha_dot_sigma': 0.11595853976275496, 'encoder_quantization_rad': 0.0006868772004683224, 'velocity_lpf': 0.25, 'process_theta_dot_sigma': 0.0, 'process_alpha_dot_sigma': 0.0}"
4609491,4,randomization_0.50,0.5,"{'level': 0.5, 'physical': {'g': 10.022946295562964, 'c_theta': 0.020089381242225077, 'c_alpha': 0.0010859239884063844, 'k_t': 0.24841156315358087, 'k_b': 0.19220509994603913, 'k_u': 0.04767105483060543, 'R': 4.665327239924121, 'm1': 0.2261931251458469, 'm2': 0.16268281144953928, 'l1cg': 0.07595873702604748, 'l1': 0.1502052181203696, 'l2cg': 0.06677268389434081, 'I1z': 0.0004538865598226234, 'I2x': 0.0003522455931170652, 'I2y': 2.635281048730649e-05, 'I2z': 0.00036593177419383464}, 'init_theta_std_deg': 5.5896213228512615, 'init_alpha_std_deg': 6.425872629384239, 'init_theta_dot_std': 0.482953637662647, 'init_alpha_dot_std': 0.9896468716917153, 'pwm_limit': 151.48525680429424, 'pwm_gain': 0.96501440799524, 'pwm_bias': 1.1883217896069946, 'pwm_deadzone': 1.5971586747039002, 'pwm_noise_sigma': 0.5963100786011646, 'actuator_tau': 0.013130964776017199, 'action_delay_steps': 1, 'theta_bias': -0.002490738146065308, 'alpha_bias': 0.005397650937416678, 'theta_sigma': 0.002967608082010664, 'alpha_sigma': 0.00994559492288239, 'theta_dot_sigma': 0.13034535236121084, 'alpha_dot_sigma': 0.0573781577335249, 'encoder_quantization_rad': 0.0001598916299084456, 'velocity_lpf': 0.25, 'process_theta_dot_sigma': 0.0, 'process_alpha_dot_sigma': 0.0}"
4611491,4,randomization_0.50,0.5,"{'level': 0.5, 'physical': {'g': 9.761963954055327, 'c_theta': 0.05448887404559576, 'c_alpha': 0.0006357223655806467, 'k_t': 0.25049255598427445, 'k_b': 0.18162908900746236, 'k_u': 0.05400632764714895, 'R': 4.092584254917105, 'm1': 0.230458432007911, 'm2': 0.14709076432402743, 'l1cg': 0.08020438677980099, 'l1': 0.1556639773861996, 'l2cg': 0.06612002379496161, 'I1z': 0.0004739816563548837, 'I2x': 0.00034381401440355773, 'I2y': 1.9787046495243713e-05, 'I2z': 0.00037252706092954683}, 'init_theta_std_deg': 7.161369560988012, 'init_alpha_std_deg': 9.641048768258273, 'init_theta_dot_std': 0.09526620639542882, 'init_alpha_dot_std': 0.7160260040455334, 'pwm_limit': 143.5981389047776, 'pwm_gain': 0.992060757981221, 'pwm_bias': 0.48740530296804785, 'pwm_deadzone': 0.689704326425401, 'pwm_noise_sigma': 0.15849762298281034, 'actuator_tau': 0.008832740177858069, 'action_delay_steps': 1, 'theta_bias': -0.0008806552703907655, 'alpha_bias': -0.005075656810317187, 'theta_sigma': 0.0025201166109612484, 'alpha_sigma': 0.006430017362684602, 'theta_dot_sigma': 0.11281077696902549, 'alpha_dot_sigma': 0.01788346258972857, 'encoder_quantization_rad': 0.00026543799452383247, 'velocity_lpf': 0.2633697664274334, 'process_theta_dot_sigma': 0.0, 'process_alpha_dot_sigma': 0.0}"
4613491,4,randomization_0.50,0.5,"{'level': 0.5, 'physical': {'g': 10.040051089892188, 'c_theta': 0.0203681678046858, 'c_alpha': 0.001606778291190264, 'k_t': 0.21369789220074747, 'k_b': 0.20707381294624072, 'k_u': 0.04675636894271854, 'R': 4.0204653058517295, 'm1': 0.18425212513729258, 'm2': 0.15512304681831526, 'l1cg': 0.074908133171501, 'l1': 0.1594196125975857, 'l2cg': 0.07340702576386067, 'I1z': 0.00046753608623825683, 'I2x': 0.0003478595491718881, 'I2y': 2.432652286531386e-05, 'I2z': 0.0003384728435586211}, 'init_theta_std_deg': 5.257184489457622, 'init_alpha_std_deg': 6.389935459761811, 'init_theta_dot_std': 0.013439261834695487, 'init_alpha_dot_std': 1.2215635402799867, 'pwm_limit': 141.74442733314456, 'pwm_gain': 1.0457571516636117, 'pwm_bias': 1.9468536803332488, 'pwm_deadzone': 2.8379305623804947, 'pwm_noise_sigma': 0.15242455308351854, 'actuator_tau': 0.012603560800293219, 'action_delay_steps': 1, 'theta_bias': -0.0020982722102148377, 'alpha_bias': -0.0003808604759698473, 'theta_sigma': 0.0022775361048873056, 'alpha_sigma': 0.005416581730220494, 'theta_dot_sigma': 0.05338230198038206, 'alpha_dot_sigma': 0.2945652053788527, 'encoder_quantization_rad': 0.00019793239273985396, 'velocity_lpf': 0.25448762108457457, 'process_theta_dot_sigma': 0.0, 'process_alpha_dot_sigma': 0.0}"
4615491,4,randomization_0.50,0.5,"{'level': 0.5, 'physical': {'g': 9.689536715343609, 'c_theta': 0.048636178876928816, 'c_alpha': 0.002408679874701684, 'k_t': 0.2327406355237604, 'k_b': 0.20531502757438247, 'k_u': 0.046496689088877934, 'R': 3.9720662004245066, 'm1': 0.2041818701095634, 'm2': 0.16892818204714985, 'l1cg': 0.08199395465027702, 'l1': 0.15814361071475122, 'l2cg': 0.05976535693366374, 'I1z': 0.0006201648101531416, 'I2x': 0.00038535025370233563, 'I2y': 2.2089992573323776e-05, 'I2z': 0.0004963832132307899}, 'init_theta_std_deg': 5.806507402837312, 'init_alpha_std_deg': 8.760047388934948, 'init_theta_dot_std': 0.48378492016050206, 'init_alpha_dot_std': 1.2087165324203766, 'pwm_limit': 140.1966567404864, 'pwm_gain': 1.029123754673929, 'pwm_bias': 0.45674885979981594, 'pwm_deadzone': 3.21136786601902, 'pwm_noise_sigma': 0.9320882436538692, 'actuator_tau': 0.0013963273330959845, 'action_delay_steps': 0, 'theta_bias': 8.725134478493323e-06, 'alpha_bias': -0.005406041630154059, 'theta_sigma': 0.001568734900904621, 'alpha_sigma': 0.00641938470240089, 'theta_dot_sigma': 0.03403262972861568, 'alpha_dot_sigma': 0.16387000447418826, 'encoder_quantization_rad': 0.0007121818076625128, 'velocity_lpf': 0.25, 'process_theta_dot_sigma': 0.0, 'process_alpha_dot_sigma': 0.0}"
4617491,4,randomization_0.50,0.5,"{'level': 0.5, 'physical': {'g': 9.74297848991218, 'c_theta': 0.053286852976328014, 'c_alpha': 0.0024773106233321024, 'k_t': 0.20591681701496292, 'k_b': 0.20091244553985413, 'k_u': 0.0531077730975696, 'R': 3.9582543389472384, 'm1': 0.18781257833938483, 'm2': 0.16922606961850312, 'l1cg': 0.074354026163121, 'l1': 0.14773322014961565, 'l2cg': 0.06772812539026767, 'I1z': 0.00045983241839379, 'I2x': 0.0003935695148339735, 'I2y': 3.122357309501189e-05, 'I2z': 0.0003117890627515604}, 'init_theta_std_deg': 5.410934814626833, 'init_alpha_std_deg': 11.981106892861034, 'init_theta_dot_std': 0.24582584756499926, 'init_alpha_dot_std': 0.9371208132969562, 'pwm_limit': 135.57398338932296, 'pwm_gain': 1.0315880594998097, 'pwm_bias': -1.0144355188716183, 'pwm_deadzone': 4.925035569254303, 'pwm_noise_sigma': 0.8440003661420428, 'actuator_tau': 0.005300857241047671, 'action_delay_steps': 0, 'theta_bias': 0.00022529580060516753, 'alpha_bias': -0.004865347138580606, 'theta_sigma': 0.0029645663749751313, 'alpha_sigma': 0.006192664203346149, 'theta_dot_sigma': 0.104216390232019, 'alpha_dot_sigma': 0.11375770678381497, 'encoder_quantization_rad': 0.00047830833137128625, 'velocity_lpf': 0.25, 'process_theta_dot_sigma': 0.0, 'process_alpha_dot_sigma': 0.0}"
4619491,4,randomization_0.50,0.5,"{'level': 0.5, 'physical': {'g': 9.988164895910174, 'c_theta': 0.042802443576505166, 'c_alpha': 0.0020953815738275028, 'k_t': 0.21378969622714994, 'k_b': 0.1831061725615514, 'k_u': 0.04790964406422668, 'R': 4.187490862815427, 'm1': 0.2106674844404785, 'm2': 0.16151058372257768, 'l1cg': 0.07994003081007967, 'l1': 0.14607298450171563, 'l2cg': 0.06904794918686741, 'I1z': 0.0003819091613521803, 'I2x': 0.00038510984928718915, 'I2y': 2.9662502073307098e-05, 'I2z': 0.0005006835786022289}, 'init_theta_std_deg': 5.955417189464841, 'init_alpha_std_deg': 6.431374123437395, 'init_theta_dot_std': 0.6989367870431166, 'init_alpha_dot_std': 0.7355107072435927, 'pwm_limit': 149.43253368611815, 'pwm_gain': 1.0234498467349935, 'pwm_bias': 1.966290286234385, 'pwm_deadzone': 0.5070946129453519, 'pwm_noise_sigma': 0.36765896170284484, 'actuator_tau': 0.002776333271694364, 'action_delay_steps': 0, 'theta_bias': 0.00479188629650829, 'alpha_bias': 0.0018088776298699023, 'theta_sigma': 0.0007483056305828336, 'alpha_sigma': 0.009146278102002825, 'theta_dot_sigma': 0.1700607725420026, 'alpha_dot_sigma': 0.026962346369162424, 'encoder_quantization_rad': 0.0003931467476910671, 'velocity_lpf': 0.23963930083342022, 'process_theta_dot_sigma': 0.0, 'process_alpha_dot_sigma': 0.0}"
4621491,4,randomization_0.50,0.5,"{'level': 0.5, 'physical': {'g': 9.921496521054504, 'c_theta': 0.01705379508198928, 'c_alpha': 0.000850180783372671, 'k_t': 0.24570745994370194, 'k_b': 0.17420314311285512, 'k_u': 0.04064700104798641, 'R': 4.6716238934260135, 'm1': 0.20234762579915105, 'm2': 0.15414261078794497, 'l1cg': 0.07768823794593203, 'l1': 0.1504343734966046, 'l2cg': 0.07184701703735728, 'I1z': 0.000623264713071085, 'I2x': 0.0003530963824556067, 'I2y': 3.2156344702855366e-05, 'I2z': 0.00046187288759729357}, 'init_theta_std_deg': 6.992936864199074, 'init_alpha_std_deg': 7.449269361464742, 'init_theta_dot_std': 0.7382883288037181, 'init_alpha_dot_std': 0.3214671357356207, 'pwm_limit': 151.75076141118302, 'pwm_gain': 0.9599437416224895, 'pwm_bias': 1.807027757648092, 'pwm_deadzone': 0.9442921880278238, 'pwm_noise_sigma': 0.11682950816353554, 'actuator_tau': 0.012608871112394239, 'action_delay_steps': 0, 'theta_bias': -0.00035837943344009694, 'alpha_bias': 0.003194649743543138, 'theta_sigma': 0.00015279668314889438, 'alpha_sigma': 0.0011891895414685271, 'theta_dot_sigma': 0.05630310915593441, 'alpha_dot_sigma': 0.14502274109908744, 'encoder_quantization_rad': 0.0004505741360357444, 'velocity_lpf': 0.25, 'process_theta_dot_sigma': 0.0, 'process_alpha_dot_sigma': 0.0}"
4623491,4,randomization_0.50,0.5,"{'level': 0.5, 'physical': {'g': 9.853974004145975, 'c_theta': 0.04436447556657415, 'c_alpha': 0.000862885586173698, 'k_t': 0.25607881564982105, 'k_b': 0.18020770101261596, 'k_u': 0.04673925858282786, 'R': 4.75070226491313, 'm1': 0.2295106509392987, 'm2': 0.1590028403808663, 'l1cg': 0.08569619542155858, 'l1': 0.1592936418821561, 'l2cg': 0.06433117829902273, 'I1z': 0.00046891273661488556, 'I2x': 0.0003768087690930058, 'I2y': 2.2161992662038685e-05, 'I2z': 0.00032542903064773946}, 'init_theta_std_deg': 6.17233395744783, 'init_alpha_std_deg': 8.840574017086274, 'init_theta_dot_std': 0.10905397557829555, 'init_alpha_dot_std': 1.0612844958193943, 'pwm_limit': 139.33141437265937, 'pwm_gain': 1.04145800990664, 'pwm_bias': 0.29399764649333093, 'pwm_deadzone': 2.547040217850297, 'pwm_noise_sigma': 0.6242920584299044, 'actuator_tau': 0.013864127687860588, 'action_delay_steps': 0, 'theta_bias': 0.00117902292153519, 'alpha_bias': -0.0015220708443403077, 'theta_sigma': 0.0013486613933754504, 'alpha_sigma': 0.008464686049672486, 'theta_dot_sigma': 0.06642761902622654, 'alpha_dot_sigma': 0.25595434773680575, 'encoder_quantization_rad': 0.00022605650570778308, 'velocity_lpf': 0.25, 'process_theta_dot_sigma': 0.0, 'process_alpha_dot_sigma': 0.0}"
4625491,4,randomization_0.50,0.5,"{'level': 0.5, 'physical': {'g': 9.829065346115827, 'c_theta': 0.02752207747989198, 'c_alpha': 0.001650304698341694, 'k_t': 0.25761667869056787, 'k_b': 0.1967879030641647, 'k_u': 0.04780379279062382, 'R': 4.5761177061105265, 'm1': 0.21093012066012032, 'm2': 0.15921662911928675, 'l1cg': 0.08008239829330417, 'l1': 0.1540514366101526, 'l2cg': 0.06492744967016903, 'I1z': 0.000551263079719708, 'I2x': 0.00034748621901057914, 'I2y': 2.8984195833684652e-05, 'I2z': 0.0003679125416513608}, 'init_theta_std_deg': 3.8166741157508755, 'init_alpha_std_deg': 8.185529022716526, 'init_theta_dot_std': 0.11048464661248647, 'init_alpha_dot_std': 0.7796535678014228, 'pwm_limit': 135.82601387944976, 'pwm_gain': 0.9845460257107144, 'pwm_bias': 1.5512761520211598, 'pwm_deadzone': 4.645555762844041, 'pwm_noise_sigma': 0.6659750434692637, 'actuator_tau': 0.0016202538091877798, 'action_delay_steps': 0, 'theta_bias': 0.0033780692083436002, 'alpha_bias': -0.0011277658037826966, 'theta_sigma': 0.0025265930775285857, 'alpha_sigma': 0.00924255505263606, 'theta_dot_sigma': 0.16179006016586234, 'alpha_dot_sigma': 0.16724793288713855, 'encoder_quantization_rad': 0.0002224967367805593, 'velocity_lpf': 0.25, 'process_theta_dot_sigma': 0.0, 'process_alpha_dot_sigma': 0.0}"
4627491,4,randomization_0.50,0.5,"{'level': 0.5, 'physical': {'g': 9.836750411273126, 'c_theta': 0.04482735481120758, 'c_alpha': 0.0007065591886449066, 'k_t': 0.25863682876054245, 'k_b': 0.20871696787700206, 'k_u': 0.04364641765865513, 'R': 4.111717857652488, 'm1': 0.19097125710982912, 'm2': 0.1553495442309674, 'l1cg': 0.08570295108274975, 'l1': 0.14601061367344648, 'l2cg': 0.05944658411583301, 'I1z': 0.0004004949017116741, 'I2x': 0.00039302777804679057, 'I2y': 2.3009597799871206e-05, 'I2z': 0.00027693564563675176}, 'init_theta_std_deg': 3.693862899512433, 'init_alpha_std_deg': 10.9591258260001, 'init_theta_dot_std': 0.44357365234018636, 'init_alpha_dot_std': 1.0641612766966275, 'pwm_limit': 148.78363063368292, 'pwm_gain': 1.0195094320554314, 'pwm_bias': -1.480251352074578, 'pwm_deadzone': 2.868283830204372, 'pwm_noise_sigma': 0.3155080985100943, 'actuator_tau': 0.011470569637847731, 'action_delay_steps': 0, 'theta_bias': -0.0010184621178835397, 'alpha_bias': 0.0014282572354639056, 'theta_sigma': 0.0014422442417019784, 'alpha_sigma': 0.00718134049140086, 'theta_dot_sigma': 0.03460200755869276, 'alpha_dot_sigma': 0.2794455838610913, 'encoder_quantization_rad': 0.00022941156279798655, 'velocity_lpf': 0.25, 'process_theta_dot_sigma': 0.0, 'process_alpha_dot_sigma': 0.0}"
4629491,4,randomization_0.50,0.5,"{'level': 0.5, 'physical': {'g': 9.8270524527654, 'c_theta': 0.02011079511209969, 'c_alpha': 0.0015737123979450364, 'k_t': 0.23827146284549444, 'k_b': 0.1905080087430281, 'k_u': 0.05218157948784237, 'R': 4.1311937819525655, 'm1': 0.19250591384910148, 'm2': 0.15926732875856697, 'l1cg': 0.08515654822788847, 'l1': 0.15721132315609226, 'l2cg': 0.06057333093143188, 'I1z': 0.0004055926831922405, 'I2x': 0.00033934629486243045, 'I2y': 2.730243784094033e-05, 'I2z': 0.00046548449729255485}, 'init_theta_std_deg': 7.362240362643256, 'init_alpha_std_deg': 11.238430334287974, 'init_theta_dot_std': 0.6918353534138663, 'init_alpha_dot_std': 0.8691734404896336, 'pwm_limit': 153.02510331087342, 'pwm_gain': 0.9801588242421405, 'pwm_bias': 1.3869704719989753, 'pwm_deadzone': 4.225511107616145, 'pwm_noise_sigma': 0.7383620273830771, 'actuator_tau': 0.004041428457162652, 'action_delay_steps': 1, 'theta_bias': -0.00433336498717647, 'alpha_bias': -0.0056613037210214105, 'theta_sigma': 0.0010617464876113898, 'alpha_sigma': 0.0012648724746339812, 'theta_dot_sigma': 0.12316936722307394, 'alpha_dot_sigma': 0.03909879661943986, 'encoder_quantization_rad': 0.0005511896704549412, 'velocity_lpf': 0.2314341704310081, 'process_theta_dot_sigma': 0.0, 'process_alpha_dot_sigma': 0.0}"
4631491,4,randomization_0.50,0.5,"{'level': 0.5, 'physical': {'g': 9.898906600250253, 'c_theta': 0.0514121983477449, 'c_alpha': 0.000763590132361703, 'k_t': 0.229820651229009, 'k_b': 0.17944058025426052, 'k_u': 0.041317966075247146, 'R': 4.022022184426889, 'm1': 0.18201443283231322, 'm2': 0.1637466447056888, 'l1cg': 0.0761910327573234, 'l1': 0.14667039591955358, 'l2cg': 0.07329593158502257, 'I1z': 0.0004654017567828014, 'I2x': 0.00039937478035163853, 'I2y': 2.2804680297335972e-05, 'I2z': 0.00044207010004546646}, 'init_theta_std_deg': 4.587801974000017, 'init_alpha_std_deg': 10.55333842510435, 'init_theta_dot_std': 0.5152196779810441, 'init_alpha_dot_std': 0.13232523462687398, 'pwm_limit': 135.84697580521802, 'pwm_gain': 0.9814120967625081, 'pwm_bias': 0.9510535045192463, 'pwm_deadzone': 0.8955824047353256, 'pwm_noise_sigma': 0.5564242406252852, 'actuator_tau': 0.011712787118288276, 'action_delay_steps': 1, 'theta_bias': 0.0028391492627089653, 'alpha_bias': -0.00023841819451811386, 'theta_sigma': 0.002763405845077162, 'alpha_sigma': 0.00017066467908737447, 'theta_dot_sigma': 0.1696861029125526, 'alpha_dot_sigma': 0.2039332882365246, 'encoder_quantization_rad': 0.0005354760289919249, 'velocity_lpf': 0.25, 'process_theta_dot_sigma': 0.0, 'process_alpha_dot_sigma': 0.0}"
4633491,4,randomization_0.50,0.5,"{'level': 0.5, 'physical': {'g': 9.632847736947456, 'c_theta': 0.022867852491411086, 'c_alpha': 0.0009916658893033923, 'k_t': 0.2083145641942108, 'k_b': 0.20271195186527355, 'k_u': 0.053009900514342394, 'R': 3.940336513657646, 'm1': 0.21957972125795486, 'm2': 0.16286495642381593, 'l1cg': 0.08548606715486427, 'l1': 0.1551337402997842, 'l2cg': 0.06963779128683967, 'I1z': 0.00044428369026241853, 'I2x': 0.00036899225055753366, 'I2y': 2.8323161894985275e-05, 'I2z': 0.0004554784202495729}, 'init_theta_std_deg': 7.093324849904958, 'init_alpha_std_deg': 6.181695891238681, 'init_theta_dot_std': 0.5383186489075074, 'init_alpha_dot_std': 0.8345055348422631, 'pwm_limit': 140.25164812310626, 'pwm_gain': 0.9802067411179486, 'pwm_bias': -1.236076358220295, 'pwm_deadzone': 0.47051205675663954, 'pwm_noise_sigma': 0.2281647094158077, 'actuator_tau': 0.006926170366081936, 'action_delay_steps': 1, 'theta_bias': -0.0009340496701287626, 'alpha_bias': 0.0004519720879203759, 'theta_sigma': 0.0027222676177498227, 'alpha_sigma': 0.006278666353636125, 'theta_dot_sigma': 0.13093015596333413, 'alpha_dot_sigma': 0.00168216030880729, 'encoder_quantization_rad': 0.00036274888824685116, 'velocity_lpf': 0.22932613807962632, 'process_theta_dot_sigma': 0.0, 'process_alpha_dot_sigma': 0.0}"
4635491,4,randomization_0.50,0.5,"{'level': 0.5, 'physical': {'g': 9.728363433730706, 'c_theta': 0.04977913303465675, 'c_alpha': 0.0023988734836524264, 'k_t': 0.25634515053653767, 'k_b': 0.185523481084484, 'k_u': 0.048649082188822926, 'R': 3.96072456501634, 'm1': 0.22448281818632207, 'm2': 0.16800766319310065, 'l1cg': 0.08542695416994367, 'l1': 0.14823327276512646, 'l2cg': 0.06897197508505822, 'I1z': 0.0005919954227198308, 'I2x': 0.00035850522837672184, 'I2y': 3.290222528154772e-05, 'I2z': 0.00034002674825092303}, 'init_theta_std_deg': 4.641918520823008, 'init_alpha_std_deg': 9.867877940351818, 'init_theta_dot_std': 0.4828031878123359, 'init_alpha_dot_std': 0.9727502007406901, 'pwm_limit': 143.9568105395487, 'pwm_gain': 0.9713345465656453, 'pwm_bias': -1.6976430958212498, 'pwm_deadzone': 2.9115694879878804, 'pwm_noise_sigma': 0.5798108399591975, 'actuator_tau': 0.012602090208988332, 'action_delay_steps': 1, 'theta_bias': -0.003581838544931005, 'alpha_bias': -0.0037643117592375762, 'theta_sigma': 0.0014337440672069228, 'alpha_sigma': 0.009000101121189144, 'theta_dot_sigma': 0.16441154932393617, 'alpha_dot_sigma': 0.23344118771358474, 'encoder_quantization_rad': 0.000560645702078395, 'velocity_lpf': 0.25, 'process_theta_dot_sigma': 0.0, 'process_alpha_dot_sigma': 0.0}"
4637491,4,randomization_0.50,0.5,"{'level': 0.5, 'physical': {'g': 9.750395577507748, 'c_theta': 0.03330735003759661, 'c_alpha': 0.0007359588403660212, 'k_t': 0.24939433310757367, 'k_b': 0.19279760434372856, 'k_u': 0.04856475632449742, 'R': 4.078616221108412, 'm1': 0.21362342942764515, 'm2': 0.15766661364069434, 'l1cg': 0.08227478993738495, 'l1': 0.1518670132992097, 'l2cg': 0.0683500972557124, 'I1z': 0.0005741329538204371, 'I2x': 0.00037879480602618043, 'I2y': 2.8493000856968623e-05, 'I2z': 0.0003175980035230503}, 'init_theta_std_deg': 3.938373205567466, 'init_alpha_std_deg': 11.94332005581668, 'init_theta_dot_std': 0.42120195549153017, 'init_alpha_dot_std': 0.20951614772686103, 'pwm_limit': 153.15540790178056, 'pwm_gain': 1.0470275136377942, 'pwm_bias': -1.331489608814584, 'pwm_deadzone': 2.5657154373668285, 'pwm_noise_sigma': 0.7322654772862767, 'actuator_tau': 0.011929393412298785, 'action_delay_steps': 0, 'theta_bias': -0.0008952913730910018, 'alpha_bias': -0.003833068148574921, 'theta_sigma': 0.0014974412210084246, 'alpha_sigma': 0.005981196680667854, 'theta_dot_sigma': 0.026646202615184144, 'alpha_dot_sigma': 0.08458411677989448, 'encoder_quantization_rad': 0.0005557865933747952, 'velocity_lpf': 0.25, 'process_theta_dot_sigma': 0.0, 'process_alpha_dot_sigma': 0.0}"
4639491,4,randomization_0.50,0.5,"{'level': 0.5, 'physical': {'g': 9.770696767775048, 'c_theta': 0.035245584897590776, 'c_alpha': 0.002308740219377141, 'k_t': 0.2359631008845528, 'k_b': 0.20969006566352838, 'k_u': 0.040143120882056, 'R': 4.100165940733729, 'm1': 0.21548638233753187, 'm2': 0.15936329945305588, 'l1cg': 0.07569591524813733, 'l1': 0.14519595287138537, 'l2cg': 0.06042448910246118, 'I1z': 0.0004950029456371228, 'I2x': 0.00039046338134107836, 'I2y': 2.751129134483401e-05, 'I2z': 0.00040081654801275325}, 'init_theta_std_deg': 4.616767422442198, 'init_alpha_std_deg': 7.054843483602484, 'init_theta_dot_std': 0.2114289364570571, 'init_alpha_dot_std': 0.41365465251899425, 'pwm_limit': 149.01464632254925, 'pwm_gain': 1.0299433332589378, 'pwm_bias': -0.9868670278902383, 'pwm_deadzone': 3.876312676736928, 'pwm_noise_sigma': 0.36890171355652, 'actuator_tau': 0.009888080727802994, 'action_delay_steps': 1, 'theta_bias': -0.0035952599065847946, 'alpha_bias': 0.0038204002765030846, 'theta_sigma': 5.03282534618732e-05, 'alpha_sigma': 0.007018938660131009, 'theta_dot_sigma': 0.024338796026985313, 'alpha_dot_sigma': 0.16149360424106898, 'encoder_quantization_rad': 0.0006060671097735614, 'velocity_lpf': 0.25, 'process_theta_dot_sigma': 0.0, 'process_alpha_dot_sigma': 0.0}"
4641491,4,randomization_0.50,0.5,"{'level': 0.5, 'physical': {'g': 9.949412340333842, 'c_theta': 0.041290408393890504, 'c_alpha': 0.0016471780099674583, 'k_t': 0.22905467361967832, 'k_b': 0.1901623163724886, 'k_u': 0.05403460639111817, 'R': 4.005597854017108, 'm1': 0.19592716894370976, 'm2': 0.16671624149225672, 'l1cg': 0.0807878777414408, 'l1': 0.1489836070274446, 'l2cg': 0.07252888912188137, 'I1z': 0.000488714010572193, 'I2x': 0.00039731633894833467, 'I2y': 1.7877000975334385e-05, 'I2z': 0.0004539137340258835}, 'init_theta_std_deg': 7.145812358213835, 'init_alpha_std_deg': 6.594925118555925, 'init_theta_dot_std': 0.3978806003974389, 'init_alpha_dot_std': 0.6721794546118547, 'pwm_limit': 141.56191870731092, 'pwm_gain': 0.9952160764369449, 'pwm_bias': -0.3245775755646192, 'pwm_deadzone': 1.0023883219475083, 'pwm_noise_sigma': 0.6978816322939446, 'actuator_tau': 0.014559289173051857, 'action_delay_steps': 0, 'theta_bias': -0.003937866751900675, 'alpha_bias': 0.004899087941719901, 'theta_sigma': 0.0019845819524957073, 'alpha_sigma': 0.009138479648857018, 'theta_dot_sigma': 0.022429032870305454, 'alpha_dot_sigma': 0.19384385467697016, 'encoder_quantization_rad': 0.00016002285968639535, 'velocity_lpf': 0.25, 'process_theta_dot_sigma': 0.0, 'process_alpha_dot_sigma': 0.0}"
4643491,4,randomization_0.50,0.5,"{'level': 0.5, 'physical': {'g': 9.70471928001918, 'c_theta': 0.05002448623403401, 'c_alpha': 0.0010414088420127173, 'k_t': 0.22053887754442772, 'k_b': 0.17150984148644993, 'k_u': 0.05226605329268889, 'R': 4.025621088112194, 'm1': 0.22675242052752587, 'm2': 0.15510621946987624, 'l1cg': 0.08596651878920147, 'l1': 0.1533577712011406, 'l2cg': 0.07075646953775108, 'I1z': 0.0004581214026955003, 'I2x': 0.0003386750502870851, 'I2y': 1.7903936883833356e-05, 'I2z': 0.00039152537112088233}, 'init_theta_std_deg': 6.0978417066204065, 'init_alpha_std_deg': 6.930689135695277, 'init_theta_dot_std': 0.6466654335301311, 'init_alpha_dot_std': 0.5271424181331112, 'pwm_limit': 144.8351181729205, 'pwm_gain': 1.0309409015732265, 'pwm_bias': 0.5280190187817584, 'pwm_deadzone': 2.976719567217444, 'pwm_noise_sigma': 0.3409650214865563, 'actuator_tau': 0.014802961094229595, 'action_delay_steps': 1, 'theta_bias': 0.004543690728304631, 'alpha_bias': -0.002501867696494581, 'theta_sigma': 0.001689910135925646, 'alpha_sigma': 0.008642577911036368, 'theta_dot_sigma': 0.14722069117420084, 'alpha_dot_sigma': 0.02054376808440823, 'encoder_quantization_rad': 0.0007335506872290097, 'velocity_lpf': 0.25, 'process_theta_dot_sigma': 0.0, 'process_alpha_dot_sigma': 0.0}"
4645491,4,randomization_0.50,0.5,"{'level': 0.5, 'physical': {'g': 9.670145929914003, 'c_theta': 0.035282708674189214, 'c_alpha': 0.002302555447553894, 'k_t': 0.23191286536301858, 'k_b': 0.20074262863986536, 'k_u': 0.04701547098306499, 'R': 4.318845750969082, 'm1': 0.22691203719120318, 'm2': 0.16596570120873272, 'l1cg': 0.07480432009781583, 'l1': 0.15176260149833276, 'l2cg': 0.060052480428003804, 'I1z': 0.0004486282168030418, 'I2x': 0.00033610054811838183, 'I2y': 2.1628899008072322e-05, 'I2z': 0.00034536001093669574}, 'init_theta_std_deg': 7.209040319943687, 'init_alpha_std_deg': 6.952367684362737, 'init_theta_dot_std': 0.17135790941423426, 'init_alpha_dot_std': 0.37677968218697955, 'pwm_limit': 135.50080551373335, 'pwm_gain': 0.9747936065242353, 'pwm_bias': -1.8712584087567983, 'pwm_deadzone': 3.227034691995521, 'pwm_noise_sigma': 0.7822272031947322, 'actuator_tau': 0.006949597161830979, 'action_delay_steps': 1, 'theta_bias': 0.004534367787343543, 'alpha_bias': 0.0027377685964150764, 'theta_sigma': 0.0014437175860183879, 'alpha_sigma': 0.005988536776018063, 'theta_dot_sigma': 0.08389367121538777, 'alpha_dot_sigma': 0.17679692851382642, 'encoder_quantization_rad': 0.0003508634639122304, 'velocity_lpf': 0.25, 'process_theta_dot_sigma': 0.0, 'process_alpha_dot_sigma': 0.0}"
4647491,4,randomization_0.50,0.5,"{'level': 0.5, 'physical': {'g': 9.559211042798655, 'c_theta': 0.05183055218715957, 'c_alpha': 0.0023384671465435775, 'k_t': 0.2588473277697732, 'k_b': 0.17806006663775376, 'k_u': 0.04750373927407902, 'R': 4.311279419149645, 'm1': 0.1946335898859726, 'm2': 0.16669983265332677, 'l1cg': 0.07582083375915319, 'l1': 0.14573386363594887, 'l2cg': 0.06317019174727609, 'I1z': 0.00044440752801554265, 'I2x': 0.00036940263015652403, 'I2y': 1.914714749884636e-05, 'I2z': 0.0004870619752339978}, 'init_theta_std_deg': 3.7493896037976002, 'init_alpha_std_deg': 8.593021579500077, 'init_theta_dot_std': 0.1436002519561696, 'init_alpha_dot_std': 1.0317677932661307, 'pwm_limit': 142.08312718677408, 'pwm_gain': 0.9527739270815222, 'pwm_bias': -1.6168662987261921, 'pwm_deadzone': 0.40062186835216784, 'pwm_noise_sigma': 0.016543805409520496, 'actuator_tau': 0.0025699799157063302, 'action_delay_steps': 1, 'theta_bias': -0.0007797925459186494, 'alpha_bias': 0.0018187626592389764, 'theta_sigma': 0.0014416816952913859, 'alpha_sigma': 0.007321856329148422, 'theta_dot_sigma': 0.005814426169867678, 'alpha_dot_sigma': 0.18375426332473824, 'encoder_quantization_rad': 0.0004947158209888206, 'velocity_lpf': 0.25, 'process_theta_dot_sigma': 0.0, 'process_alpha_dot_sigma': 0.0}"
4649491,4,randomization_0.50,0.5,"{'level': 0.5, 'physical': {'g': 9.81888115322865, 'c_theta': 0.019289269746624187, 'c_alpha': 0.000851747082706534, 'k_t': 0.22405526287141883, 'k_b': 0.18512116113434557, 'k_u': 0.05019001606989741, 'R': 3.8990320934557836, 'm1': 0.21475733229851446, 'm2': 0.1682237429273221, 'l1cg': 0.07979137450200816, 'l1': 0.1483033505908406, 'l2cg': 0.060527208166592586, 'I1z': 0.0004342618282749159, 'I2x': 0.0003823103364005156, 'I2y': 2.9793219090898395e-05, 'I2z': 0.0004083232627170927}, 'init_theta_std_deg': 6.248877274362776, 'init_alpha_std_deg': 7.0073432672166245, 'init_theta_dot_std': 0.46483660384291836, 'init_alpha_dot_std': 1.1943915800414928, 'pwm_limit': 153.20686750892207, 'pwm_gain': 1.0357405825478476, 'pwm_bias': -0.5026805590482111, 'pwm_deadzone': 1.6649459183233017, 'pwm_noise_sigma': 0.2384139136159107, 'actuator_tau': 0.011588502076104967, 'action_delay_steps': 1, 'theta_bias': -0.0012940050548267967, 'alpha_bias': 0.0002747495769660402, 'theta_sigma': 0.0029650131256962753, 'alpha_sigma': 0.008092129819109343, 'theta_dot_sigma': 0.0961045184584424, 'alpha_dot_sigma': 0.08766455820145255, 'encoder_quantization_rad': 0.00014045567326628777, 'velocity_lpf': 0.25, 'process_theta_dot_sigma': 0.0, 'process_alpha_dot_sigma': 0.0}"
4651491,4,randomization_0.50,0.5,"{'level': 0.5, 'physical': {'g': 9.726020691461922, 'c_theta': 0.037646753371982866, 'c_alpha': 0.0009006783094435328, 'k_t': 0.2477935279251489, 'k_b': 0.19013935932497927, 'k_u': 0.05281032212401395, 'R': 3.8786839368227364, 'm1': 0.19830022546893536, 'm2': 0.16275953338351823, 'l1cg': 0.08241925376870364, 'l1': 0.15005779893368876, 'l2cg': 0.0736263374040023, 'I1z': 0.0005672028981124787, 'I2x': 0.00036225056695614067, 'I2y': 2.280410334738266e-05, 'I2z': 0.00038503971612167964}, 'init_theta_std_deg': 3.7754282159493133, 'init_alpha_std_deg': 7.830077792349, 'init_theta_dot_std': 0.4817215374951276, 'init_alpha_dot_std': 0.31668461086470967, 'pwm_limit': 144.02255573794224, 'pwm_gain': 1.0052443110618348, 'pwm_bias': 0.5290264576057382, 'pwm_deadzone': 4.786850892087699, 'pwm_noise_sigma': 0.3030733325983904, 'actuator_tau': 0.0031462216294920603, 'action_delay_steps': 1, 'theta_bias': 0.004866391564059999, 'alpha_bias': 0.0010839145652690174, 'theta_sigma': 0.000946174358271026, 'alpha_sigma': 0.005046281094490636, 'theta_dot_sigma': 0.16642803211870358, 'alpha_dot_sigma': 0.04249113145197649, 'encoder_quantization_rad': 0.00021952259257563428, 'velocity_lpf': 0.25, 'process_theta_dot_sigma': 0.0, 'process_alpha_dot_sigma': 0.0}"
4653491,4,randomization_0.50,0.5,"{'level': 0.5, 'physical': {'g': 9.682067167180765, 'c_theta': 0.04485988354331491, 'c_alpha': 0.0008885470286595218, 'k_t': 0.22903191800207262, 'k_b': 0.1662292498479222, 'k_u': 0.04932588479343487, 'R': 4.270707822663501, 'm1': 0.19000809970059312, 'm2': 0.1495522736552396, 'l1cg': 0.07537236369365234, 'l1': 0.1583251437991255, 'l2cg': 0.06280936120383222, 'I1z': 0.00047791036793996496, 'I2x': 0.0003724793716767171, 'I2y': 1.8464184202965474e-05, 'I2z': 0.00027162966171693565}, 'init_theta_std_deg': 4.315912527172469, 'init_alpha_std_deg': 10.767582292885646, 'init_theta_dot_std': 0.3985103112568358, 'init_alpha_dot_std': 0.09677515178190918, 'pwm_limit': 146.76517487424073, 'pwm_gain': 1.0254513003709453, 'pwm_bias': 1.461608875366168, 'pwm_deadzone': 4.451179103877406, 'pwm_noise_sigma': 0.023304047307926123, 'actuator_tau': 0.0021578928804886176, 'action_delay_steps': 1, 'theta_bias': 0.004846686570590335, 'alpha_bias': 0.002922146268203751, 'theta_sigma': 0.0009596267141544991, 'alpha_sigma': 0.006165538523970249, 'theta_dot_sigma': 0.1397872906017291, 'alpha_dot_sigma': 0.08489753031430836, 'encoder_quantization_rad': 4.182363992536089e-05, 'velocity_lpf': 0.25, 'process_theta_dot_sigma': 0.0, 'process_alpha_dot_sigma': 0.0}"
4655491,4,randomization_0.50,0.5,"{'level': 0.5, 'physical': {'g': 10.042975471677517, 'c_theta': 0.024830647543600974, 'c_alpha': 0.000742216745743935, 'k_t': 0.24428024195068315, 'k_b': 0.1874903088612809, 'k_u': 0.052790358466730185, 'R': 4.204837499500513, 'm1': 0.20559265030567056, 'm2': 0.14740124591170195, 'l1cg': 0.08035203240022801, 'l1': 0.15333447106783366, 'l2cg': 0.06182126495528494, 'I1z': 0.00046566162700051165, 'I2x': 0.0003348211584331484, 'I2y': 2.2716729854759082e-05, 'I2z': 0.0003760883117632534}, 'init_theta_std_deg': 4.602625345295422, 'init_alpha_std_deg': 10.914008538593365, 'init_theta_dot_std': 0.18724698066412046, 'init_alpha_dot_std': 1.1185550806376239, 'pwm_limit': 136.7361667409917, 'pwm_gain': 0.9697403178563594, 'pwm_bias': 1.5181325919599322, 'pwm_deadzone': 3.0774136422153218, 'pwm_noise_sigma': 0.8803041335979895, 'actuator_tau': 0.001339901769134592, 'action_delay_steps': 0, 'theta_bias': -0.0026224562691370477, 'alpha_bias': 0.005032067682669919, 'theta_sigma': 0.002054757822710719, 'alpha_sigma': 0.003566796768599383, 'theta_dot_sigma': 0.0939939326329315, 'alpha_dot_sigma': 0.11887455353509645, 'encoder_quantization_rad': 0.0006709053226938301, 'velocity_lpf': 0.25, 'process_theta_dot_sigma': 0.0, 'process_alpha_dot_sigma': 0.0}"
4657491,4,randomization_0.50,0.5,"{'level': 0.5, 'physical': {'g': 9.874675851273999, 'c_theta': 0.05557256465322, 'c_alpha': 0.0007652573830290244, 'k_t': 0.20529369084036583, 'k_b': 0.1893168624881637, 'k_u': 0.054045737276785695, 'R': 4.614550734348714, 'm1': 0.19590803577994217, 'm2': 0.15527465607247234, 'l1cg': 0.07808140254103725, 'l1': 0.15939897446674225, 'l2cg': 0.05864994061661859, 'I1z': 0.0004184046943982026, 'I2x': 0.0003488687868628158, 'I2y': 1.8226531020754442e-05, 'I2z': 0.00033853583828937417}, 'init_theta_std_deg': 6.236913383351631, 'init_alpha_std_deg': 7.761877274705158, 'init_theta_dot_std': 0.5394443193728172, 'init_alpha_dot_std': 0.9684026236212544, 'pwm_limit': 137.84296008261157, 'pwm_gain': 1.0180609360318327, 'pwm_bias': -1.268099665442651, 'pwm_deadzone': 3.855924004410276, 'pwm_noise_sigma': 0.4097064494916639, 'actuator_tau': 0.007649762583721142, 'action_delay_steps': 0, 'theta_bias': -0.0021417743892058506, 'alpha_bias': 0.0034779978916373174, 'theta_sigma': 0.0007258414519859331, 'alpha_sigma': 0.002141977516715308, 'theta_dot_sigma': 0.004593821346022913, 'alpha_dot_sigma': 0.017206385716556204, 'encoder_quantization_rad': 0.0004044799782344354, 'velocity_lpf': 0.25, 'process_theta_dot_sigma': 0.0, 'process_alpha_dot_sigma': 0.0}"
4659491,4,randomization_0.50,0.5,"{'level': 0.5, 'physical': {'g': 9.933732534130968, 'c_theta': 0.045025808289475125, 'c_alpha': 0.0011286551440668727, 'k_t': 0.22701766086562342, 'k_b': 0.17897598569664813, 'k_u': 0.04263356241194502, 'R': 4.428948668291735, 'm1': 0.22843391144480696, 'm2': 0.16630474123373762, 'l1cg': 0.07487751176546796, 'l1': 0.1476685269809043, 'l2cg': 0.0587751198431466, 'I1z': 0.0006435914511917772, 'I2x': 0.00037901676260406164, 'I2y': 2.1972877388422423e-05, 'I2z': 0.00044186481457614393}, 'init_theta_std_deg': 3.840293581044045, 'init_alpha_std_deg': 10.206170366018029, 'init_theta_dot_std': 0.6461618199372342, 'init_alpha_dot_std': 0.8340343648924248, 'pwm_limit': 148.85446417858302, 'pwm_gain': 1.0065479141446743, 'pwm_bias': 1.1150916259978847, 'pwm_deadzone': 1.2295097116931202, 'pwm_noise_sigma': 0.8440787918048896, 'actuator_tau': 0.005658101230203446, 'action_delay_steps': 0, 'theta_bias': 0.00014147533542327117, 'alpha_bias': -0.005884969463284347, 'theta_sigma': 0.0024837203434305514, 'alpha_sigma': 0.002631480006019805, 'theta_dot_sigma': 0.015338545980831338, 'alpha_dot_sigma': 0.23447150014280127, 'encoder_quantization_rad': 0.0002707621572141713, 'velocity_lpf': 0.25, 'process_theta_dot_sigma': 0.0, 'process_alpha_dot_sigma': 0.0}"
4661491,4,randomization_0.50,0.5,"{'level': 0.5, 'physical': {'g': 9.811032170373712, 'c_theta': 0.03463359713341669, 'c_alpha': 0.0012201263273585352, 'k_t': 0.2451073169244785, 'k_b': 0.17595681340055355, 'k_u': 0.05062197539135358, 'R': 4.749115889671147, 'm1': 0.20395871946368216, 'm2': 0.15330878089786462, 'l1cg': 0.07462021988931802, 'l1': 0.15130365507006902, 'l2cg': 0.06438958030273083, 'I1z': 0.0003909757079817744, 'I2x': 0.00038099158915697436, 'I2y': 3.153698772516803e-05, 'I2z': 0.00031551054344479797}, 'init_theta_std_deg': 6.381411944617401, 'init_alpha_std_deg': 10.738731236257903, 'init_theta_dot_std': 0.5259141621015747, 'init_alpha_dot_std': 0.5954081473101525, 'pwm_limit': 140.67876547664665, 'pwm_gain': 1.0147343509867517, 'pwm_bias': -1.2446852359278324, 'pwm_deadzone': 0.8608288497652561, 'pwm_noise_sigma': 0.014676437966439693, 'actuator_tau': 0.007668152861237957, 'action_delay_steps': 1, 'theta_bias': -0.002229882775309138, 'alpha_bias': -0.002798842508274617, 'theta_sigma': 0.00012849172379794083, 'alpha_sigma': 0.003729856948777358, 'theta_dot_sigma': 0.16069661568641644, 'alpha_dot_sigma': 0.2817914455440007, 'encoder_quantization_rad': 0.0006117419947682287, 'velocity_lpf': 0.25, 'process_theta_dot_sigma': 0.0, 'process_alpha_dot_sigma': 0.0}"
4663491,4,randomization_0.50,0.5,"{'level': 0.5, 'physical': {'g': 9.72939195771615, 'c_theta': 0.02119782533992036, 'c_alpha': 0.001025798054014482, 'k_t': 0.23691720867160487, 'k_b': 0.1786517093921466, 'k_u': 0.041315267411834986, 'R': 4.4403203138371605, 'm1': 0.1968931472822746, 'm2': 0.15849615004023218, 'l1cg': 0.08415133924980231, 'l1': 0.1462079650808916, 'l2cg': 0.061436203328338386, 'I1z': 0.0005413614286339052, 'I2x': 0.0003828332965733546, 'I2y': 2.247461481513551e-05, 'I2z': 0.0004952236160137913}, 'init_theta_std_deg': 6.030517357923586, 'init_alpha_std_deg': 8.582949205508084, 'init_theta_dot_std': 0.412582171997604, 'init_alpha_dot_std': 0.02804733937037049, 'pwm_limit': 146.3983308493514, 'pwm_gain': 0.9668692405651772, 'pwm_bias': 1.1300398617072704, 'pwm_deadzone': 4.087674437419175, 'pwm_noise_sigma': 0.6539666752580648, 'actuator_tau': 0.005617329631757845, 'action_delay_steps': 0, 'theta_bias': 0.004274408344163074, 'alpha_bias': 0.004119250229214835, 'theta_sigma': 0.0014903796264699733, 'alpha_sigma': 0.003941609595376566, 'theta_dot_sigma': 0.10929794882109886, 'alpha_dot_sigma': 0.23350738551391423, 'encoder_quantization_rad': 0.00019734358287023192, 'velocity_lpf': 0.25, 'process_theta_dot_sigma': 0.0, 'process_alpha_dot_sigma': 0.0}"
4665491,4,randomization_0.50,0.5,"{'level': 0.5, 'physical': {'g': 9.87148776005405, 'c_theta': 0.019183326334789294, 'c_alpha': 0.000943128032348668, 'k_t': 0.2180730699812359, 'k_b': 0.16464216383194746, 'k_u': 0.049606815824755755, 'R': 4.540916749793131, 'm1': 0.21993580273284152, 'm2': 0.16473085239046314, 'l1cg': 0.07563146631919432, 'l1': 0.15032490970553947, 'l2cg': 0.061678510053320826, 'I1z': 0.0004250428265459697, 'I2x': 0.0003995261583076968, 'I2y': 3.0045465336665286e-05, 'I2z': 0.00043005224595024844}, 'init_theta_std_deg': 7.30324177910075, 'init_alpha_std_deg': 11.27401935700209, 'init_theta_dot_std': 0.7395135222791457, 'init_alpha_dot_std': 0.27944290208851585, 'pwm_limit': 135.65222047065427, 'pwm_gain': 0.9510800397018065, 'pwm_bias': 1.8463176779932264, 'pwm_deadzone': 0.9479593443367001, 'pwm_noise_sigma': 0.15415535902268485, 'actuator_tau': 0.011598566514199334, 'action_delay_steps': 0, 'theta_bias': -0.0034264320570203143, 'alpha_bias': 0.0004525008274955482, 'theta_sigma': 0.0006040100144803544, 'alpha_sigma': 0.0006949330739344228, 'theta_dot_sigma': 0.09853557101680059, 'alpha_dot_sigma': 0.10633004362234355, 'encoder_quantization_rad': 0.0004624757168389263, 'velocity_lpf': 0.24463564620884415, 'process_theta_dot_sigma': 0.0, 'process_alpha_dot_sigma': 0.0}"
4667491,4,randomization_0.50,0.5,"{'level': 0.5, 'physical': {'g': 9.646544768063327, 'c_theta': 0.04217954113054222, 'c_alpha': 0.0006549174829222476, 'k_t': 0.2412502603727635, 'k_b': 0.1782081411732644, 'k_u': 0.048091930622622334, 'R': 4.643925810963837, 'm1': 0.1841186912027842, 'm2': 0.15143719278705395, 'l1cg': 0.07659050971701752, 'l1': 0.159306773265684, 'l2cg': 0.05947497409094709, 'I1z': 0.0006003232390908868, 'I2x': 0.00039474441452733963, 'I2y': 3.1880930250051773e-05, 'I2z': 0.0003942429775713303}, 'init_theta_std_deg': 5.574457157765048, 'init_alpha_std_deg': 8.188656287191517, 'init_theta_dot_std': 0.10799362990260453, 'init_alpha_dot_std': 1.0313652623751817, 'pwm_limit': 135.86121620452107, 'pwm_gain': 1.0254387856049536, 'pwm_bias': -0.13034800116987233, 'pwm_deadzone': 1.1231579605301667, 'pwm_noise_sigma': 0.7685862596770153, 'actuator_tau': 0.001893739119702718, 'action_delay_steps': 0, 'theta_bias': 0.0005863340132955397, 'alpha_bias': -0.0044547467156901555, 'theta_sigma': 0.0029666391691316268, 'alpha_sigma': 0.0028780641686661024, 'theta_dot_sigma': 0.009252725163903193, 'alpha_dot_sigma': 0.1688963872682834, 'encoder_quantization_rad': 0.00043120995553961623, 'velocity_lpf': 0.25349214064790193, 'process_theta_dot_sigma': 0.0, 'process_alpha_dot_sigma': 0.0}"
4669491,4,randomization_0.50,0.5,"{'level': 0.5, 'physical': {'g': 9.698993787070922, 'c_theta': 0.02146749893437951, 'c_alpha': 0.0026753054168846295, 'k_t': 0.20386897150204158, 'k_b': 0.20308766794144603, 'k_u': 0.053626763461138593, 'R': 4.1299725974920305, 'm1': 0.22577902722628315, 'm2': 0.14668336411948843, 'l1cg': 0.08446419049259554, 'l1': 0.15256304575484206, 'l2cg': 0.06827266678318607, 'I1z': 0.000560425379551341, 'I2x': 0.000384978275542534, 'I2y': 2.7666478969767852e-05, 'I2z': 0.00042845026463454353}, 'init_theta_std_deg': 4.210704910120463, 'init_alpha_std_deg': 8.263119850982193, 'init_theta_dot_std': 0.009509732686387357, 'init_alpha_dot_std': 0.42121017541235345, 'pwm_limit': 139.0861638775309, 'pwm_gain': 0.9988241740223446, 'pwm_bias': -0.9019132543357498, 'pwm_deadzone': 4.815092160400635, 'pwm_noise_sigma': 0.5951459478659062, 'actuator_tau': 0.0011070964884315475, 'action_delay_steps': 1, 'theta_bias': -0.003009514129320381, 'alpha_bias': -0.005957922908008103, 'theta_sigma': 0.0009276367636861111, 'alpha_sigma': 0.0032244964765428597, 'theta_dot_sigma': 0.013943214007604355, 'alpha_dot_sigma': 0.24945870423444447, 'encoder_quantization_rad': 0.00027201538999921057, 'velocity_lpf': 0.25, 'process_theta_dot_sigma': 0.0, 'process_alpha_dot_sigma': 0.0}"
4671491,4,randomization_0.50,0.5,"{'level': 0.5, 'physical': {'g': 9.809755330250816, 'c_theta': 0.03677266339457675, 'c_alpha': 0.0021814370988057366, 'k_t': 0.24528039982581928, 'k_b': 0.20802377541562392, 'k_u': 0.050986263471622835, 'R': 4.554911558437189, 'm1': 0.2222199374360231, 'm2': 0.14739102077320268, 'l1cg': 0.07471382742976938, 'l1': 0.15113562610524495, 'l2cg': 0.05856770241686075, 'I1z': 0.0005081929515297041, 'I2x': 0.00037028198866649776, 'I2y': 2.2501370938416238e-05, 'I2z': 0.0004746002179911029}, 'init_theta_std_deg': 4.3225245698252355, 'init_alpha_std_deg': 10.385882058184805, 'init_theta_dot_std': 0.01052266358199852, 'init_alpha_dot_std': 1.2288615405790242, 'pwm_limit': 149.26832434815137, 'pwm_gain': 1.0463110940031153, 'pwm_bias': -1.9013367033029134, 'pwm_deadzone': 0.8951198706132124, 'pwm_noise_sigma': 0.3683890481763312, 'actuator_tau': 0.006776531305822059, 'action_delay_steps': 1, 'theta_bias': -0.0012689254954166562, 'alpha_bias': -0.002890345830801327, 'theta_sigma': 0.002463087251182923, 'alpha_sigma': 0.000576936712291346, 'theta_dot_sigma': 0.1392684843085003, 'alpha_dot_sigma': 0.11084970503545376, 'encoder_quantization_rad': 0.0005311940093765018, 'velocity_lpf': 0.25, 'process_theta_dot_sigma': 0.0, 'process_alpha_dot_sigma': 0.0}"
4673491,4,randomization_0.50,0.5,"{'level': 0.5, 'physical': {'g': 10.040446278591485, 'c_theta': 0.022474131853648403, 'c_alpha': 0.0021170835868922966, 'k_t': 0.23906642500915365, 'k_b': 0.19378348290149863, 'k_u': 0.04100296189400515, 'R': 4.7982799006904, 'm1': 0.22151397075843307, 'm2': 0.15164346896320557, 'l1cg': 0.07476542419734128, 'l1': 0.14813336133326527, 'l2cg': 0.07303680889361319, 'I1z': 0.0005312110076079149, 'I2x': 0.00036720468010296574, 'I2y': 2.6164786106906863e-05, 'I2z': 0.00030309230417350385}, 'init_theta_std_deg': 6.9909932813632345, 'init_alpha_std_deg': 8.090579522575576, 'init_theta_dot_std': 0.7474743928817615, 'init_alpha_dot_std': 0.036029213595967086, 'pwm_limit': 144.6688326550642, 'pwm_gain': 0.9518937884305692, 'pwm_bias': 0.5182749418895165, 'pwm_deadzone': 1.134615357904683, 'pwm_noise_sigma': 0.3914619612495249, 'actuator_tau': 0.008800930741238784, 'action_delay_steps': 0, 'theta_bias': -0.004157246243124304, 'alpha_bias': 0.0015952867410974796, 'theta_sigma': 0.000598523066175539, 'alpha_sigma': 0.0020486208824576435, 'theta_dot_sigma': 0.1325844461536369, 'alpha_dot_sigma': 0.03021808249275841, 'encoder_quantization_rad': 0.0006368067492203807, 'velocity_lpf': 0.23110634415838804, 'process_theta_dot_sigma': 0.0, 'process_alpha_dot_sigma': 0.0}"
4675491,4,randomization_0.50,0.5,"{'level': 0.5, 'physical': {'g': 10.000529979936523, 'c_theta': 0.05199244100158649, 'c_alpha': 0.0014039021010994045, 'k_t': 0.20544093251312215, 'k_b': 0.2037168340746613, 'k_u': 0.052043149122832776, 'R': 4.159558132008343, 'm1': 0.19896300446331955, 'm2': 0.15347709468243761, 'l1cg': 0.08137839043660593, 'l1': 0.14969605827036706, 'l2cg': 0.06739778481987435, 'I1z': 0.000606204260382958, 'I2x': 0.0003751728882455551, 'I2y': 2.0370144742608307e-05, 'I2z': 0.00045755627452949947}, 'init_theta_std_deg': 5.201125809953522, 'init_alpha_std_deg': 9.760089859607456, 'init_theta_dot_std': 0.5088240955962449, 'init_alpha_dot_std': 0.2375928143028097, 'pwm_limit': 152.21293476536866, 'pwm_gain': 1.0316096589332813, 'pwm_bias': -1.0114170232947512, 'pwm_deadzone': 4.4923671897878314, 'pwm_noise_sigma': 0.5456291237250163, 'actuator_tau': 0.0015531090375564525, 'action_delay_steps': 1, 'theta_bias': -0.0026243939489078096, 'alpha_bias': 0.002234257405936128, 'theta_sigma': 0.0008668920357363083, 'alpha_sigma': 0.005788701352465183, 'theta_dot_sigma': 0.03926093757776241, 'alpha_dot_sigma': 0.09962439454555261, 'encoder_quantization_rad': 0.00036328204224661325, 'velocity_lpf': 0.25, 'process_theta_dot_sigma': 0.0, 'process_alpha_dot_sigma': 0.0}"
4677491,4,randomization_0.50,0.5,"{'level': 0.5, 'physical': {'g': 9.869214954128779, 'c_theta': 0.03015048314836176, 'c_alpha': 0.0026608028014073345, 'k_t': 0.20465115709892107, 'k_b': 0.17184985905780675, 'k_u': 0.04322882594741805, 'R': 4.36866160576616, 'm1': 0.19368313423225758, 'm2': 0.16747966123292563, 'l1cg': 0.08447606631220948, 'l1': 0.14911598183185895, 'l2cg': 0.07052016621095021, 'I1z': 0.00042683735976811553, 'I2x': 0.0003528694092144988, 'I2y': 2.252157232776759e-05, 'I2z': 0.00027128714436413305}, 'init_theta_std_deg': 4.677349968470484, 'init_alpha_std_deg': 6.206854572898816, 'init_theta_dot_std': 0.31029278155036466, 'init_alpha_dot_std': 0.31875621544474014, 'pwm_limit': 136.66689397253077, 'pwm_gain': 0.9963126516440909, 'pwm_bias': -1.9718454662891367, 'pwm_deadzone': 1.01898508200374, 'pwm_noise_sigma': 0.5307890297315084, 'actuator_tau': 0.013682058921258717, 'action_delay_steps': 0, 'theta_bias': 0.00250101070090171, 'alpha_bias': -0.002566169009460921, 'theta_sigma': 0.00023156774356376808, 'alpha_sigma': 0.0044524238536592636, 'theta_dot_sigma': 0.12309855543267927, 'alpha_dot_sigma': 0.2517602414839821, 'encoder_quantization_rad': 0.00016137086285530265, 'velocity_lpf': 0.24352811298830546, 'process_theta_dot_sigma': 0.0, 'process_alpha_dot_sigma': 0.0}"
4679491,4,randomization_0.50,0.5,"{'level': 0.5, 'physical': {'g': 9.593995396363521, 'c_theta': 0.04089481231301205, 'c_alpha': 0.0006955660457462528, 'k_t': 0.2574838614707286, 'k_b': 0.17546457495220152, 'k_u': 0.04968108345813112, 'R': 4.117473805542731, 'm1': 0.23045845417029706, 'm2': 0.16650292239703446, 'l1cg': 0.07629471692736872, 'l1': 0.1494067030596019, 'l2cg': 0.07238277809311743, 'I1z': 0.0006094025090248908, 'I2x': 0.0003358063278630872, 'I2y': 3.268824146127883e-05, 'I2z': 0.00045906981349929217}, 'init_theta_std_deg': 3.931023946817587, 'init_alpha_std_deg': 7.661486316883554, 'init_theta_dot_std': 0.1945900690625092, 'init_alpha_dot_std': 0.19888566791143536, 'pwm_limit': 145.04560949370565, 'pwm_gain': 0.9660712377665683, 'pwm_bias': 0.9580231249416342, 'pwm_deadzone': 4.635878601243125, 'pwm_noise_sigma': 0.3707352582389434, 'actuator_tau': 0.01482256150783927, 'action_delay_steps': 0, 'theta_bias': 0.0034355452698040536, 'alpha_bias': -0.0014444760608057145, 'theta_sigma': 0.0011493532062152377, 'alpha_sigma': 0.0020484683691195248, 'theta_dot_sigma': 0.1253248658268346, 'alpha_dot_sigma': 0.24954143569569137, 'encoder_quantization_rad': 0.0004910103295845072, 'velocity_lpf': 0.25, 'process_theta_dot_sigma': 0.0, 'process_alpha_dot_sigma': 0.0}"
4681491,4,randomization_0.50,0.5,"{'level': 0.5, 'physical': {'g': 9.742596798304989, 'c_theta': 0.039324945476559715, 'c_alpha': 0.002542473795875586, 'k_t': 0.22612456183889287, 'k_b': 0.20880781090248046, 'k_u': 0.05355710454366224, 'R': 3.989647962917865, 'm1': 0.18434942942440316, 'm2': 0.15603668857595865, 'l1cg': 0.07505613543467497, 'l1': 0.15283813485384762, 'l2cg': 0.07171618756018312, 'I1z': 0.0004812147499532343, 'I2x': 0.0003833869213191453, 'I2y': 2.144106370330723e-05, 'I2z': 0.00030324475619688716}, 'init_theta_std_deg': 5.480636884880786, 'init_alpha_std_deg': 8.350116436995382, 'init_theta_dot_std': 0.17898665461163055, 'init_alpha_dot_std': 0.4700487744956358, 'pwm_limit': 145.46795797870374, 'pwm_gain': 0.958388310892699, 'pwm_bias': -1.4639878924990972, 'pwm_deadzone': 0.5220944678488287, 'pwm_noise_sigma': 0.8935698461492012, 'actuator_tau': 0.012357515951355551, 'action_delay_steps': 0, 'theta_bias': 0.0013807524744252843, 'alpha_bias': 0.004799803916927491, 'theta_sigma': 0.0027172158793629816, 'alpha_sigma': 0.003740395996621132, 'theta_dot_sigma': 0.1298916655433906, 'alpha_dot_sigma': 0.24442868705912885, 'encoder_quantization_rad': 0.0004271723931887661, 'velocity_lpf': 0.23872516195788007, 'process_theta_dot_sigma': 0.0, 'process_alpha_dot_sigma': 0.0}"
4683491,4,randomization_0.50,0.5,"{'level': 0.5, 'physical': {'g': 9.802291334350372, 'c_theta': 0.04613469395959635, 'c_alpha': 0.0016649652848864944, 'k_t': 0.21548807331995842, 'k_b': 0.17382537242283314, 'k_u': 0.048113279696716214, 'R': 4.572687900531413, 'm1': 0.19494753671353549, 'm2': 0.1646224751489288, 'l1cg': 0.08104366859676831, 'l1': 0.152951916283868, 'l2cg': 0.0633703658534471, 'I1z': 0.0005394601784190405, 'I2x': 0.000335094684489462, 'I2y': 3.1453038703841224e-05, 'I2z': 0.00034963800026148613}, 'init_theta_std_deg': 4.500555758563941, 'init_alpha_std_deg': 8.813524593322985, 'init_theta_dot_std': 0.4613743751208794, 'init_alpha_dot_std': 0.9115181691722396, 'pwm_limit': 141.85035533479117, 'pwm_gain': 1.0424574655992491, 'pwm_bias': -0.6751224704749457, 'pwm_deadzone': 0.06207961949104168, 'pwm_noise_sigma': 0.5844317933347322, 'actuator_tau': 0.011897413631905747, 'action_delay_steps': 1, 'theta_bias': -0.0036950534214247413, 'alpha_bias': -0.001801844220971518, 'theta_sigma': 0.002196769633973984, 'alpha_sigma': 0.00023237046741171553, 'theta_dot_sigma': 0.03474745131596359, 'alpha_dot_sigma': 0.1154804372526282, 'encoder_quantization_rad': 0.0003400478467901955, 'velocity_lpf': 0.25, 'process_theta_dot_sigma': 0.0, 'process_alpha_dot_sigma': 0.0}"
4685491,4,randomization_0.50,0.5,"{'level': 0.5, 'physical': {'g': 9.793316463763631, 'c_theta': 0.03621864009970083, 'c_alpha': 0.0018446037112210389, 'k_t': 0.25101345379272394, 'k_b': 0.21058625554495428, 'k_u': 0.046409477262303524, 'R': 4.000641775656135, 'm1': 0.1969191075121059, 'm2': 0.16236184483698626, 'l1cg': 0.07502001386869814, 'l1': 0.15198414166356725, 'l2cg': 0.06160922270014287, 'I1z': 0.0006095413950889412, 'I2x': 0.000341285009964117, 'I2y': 1.873691350112727e-05, 'I2z': 0.00046330677371254566}, 'init_theta_std_deg': 6.6391623068869965, 'init_alpha_std_deg': 8.30406003857989, 'init_theta_dot_std': 0.5925495589787516, 'init_alpha_dot_std': 0.1127800046823331, 'pwm_limit': 146.53826452877516, 'pwm_gain': 1.020128701636977, 'pwm_bias': 0.5714734287584822, 'pwm_deadzone': 1.645481469619814, 'pwm_noise_sigma': 0.6102432763344117, 'actuator_tau': 0.0020037698363821158, 'action_delay_steps': 0, 'theta_bias': 0.0018571149365613083, 'alpha_bias': 0.0023850158105122032, 'theta_sigma': 0.0022782666683882143, 'alpha_sigma': 0.008488471494526986, 'theta_dot_sigma': 0.15819595804592843, 'alpha_dot_sigma': 0.09920244276303974, 'encoder_quantization_rad': 0.000546172304783806, 'velocity_lpf': 0.25, 'process_theta_dot_sigma': 0.0, 'process_alpha_dot_sigma': 0.0}"
4687491,4,randomization_0.50,0.5,"{'level': 0.5, 'physical': {'g': 9.65093504441091, 'c_theta': 0.028799451591742842, 'c_alpha': 0.002667063113617009, 'k_t': 0.23008671348542542, 'k_b': 0.17977762377310702, 'k_u': 0.0475703028835938, 'R': 4.478701104789534, 'm1': 0.2137607448619113, 'm2': 0.1702962708156881, 'l1cg': 0.08028930217406725, 'l1': 0.14978258145543782, 'l2cg': 0.06531166257964661, 'I1z': 0.00044894864166682906, 'I2x': 0.00036597455101152805, 'I2y': 1.8789385651933134e-05, 'I2z': 0.00028058996559239465}, 'init_theta_std_deg': 5.084749412942255, 'init_alpha_std_deg': 9.254128373511968, 'init_theta_dot_std': 0.5708049835063569, 'init_alpha_dot_std': 0.2686364127055286, 'pwm_limit': 145.10081705722527, 'pwm_gain': 1.0197932656697735, 'pwm_bias': -1.3999234643133152, 'pwm_deadzone': 1.8859656446242656, 'pwm_noise_sigma': 0.48759047311120596, 'actuator_tau': 0.0006766359269962757, 'action_delay_steps': 1, 'theta_bias': 0.001558235762413981, 'alpha_bias': -0.003613772953795671, 'theta_sigma': 0.00016189549250596546, 'alpha_sigma': 0.00893097590445023, 'theta_dot_sigma': 0.1618093797575532, 'alpha_dot_sigma': 0.005678627373911715, 'encoder_quantization_rad': 0.00027630839032308804, 'velocity_lpf': 0.23759532346652978, 'process_theta_dot_sigma': 0.0, 'process_alpha_dot_sigma': 0.0}"
4689491,4,randomization_0.50,0.5,"{'level': 0.5, 'physical': {'g': 9.805744925438582, 'c_theta': 0.032821457444761684, 'c_alpha': 0.0013098556531622927, 'k_t': 0.22127106020818613, 'k_b': 0.19084851859459911, 'k_u': 0.052906833098949974, 'R': 4.525946971164206, 'm1': 0.20816530690996998, 'm2': 0.15950407582176362, 'l1cg': 0.08563760521498717, 'l1': 0.1529972871450177, 'l2cg': 0.07053754248734762, 'I1z': 0.0006164846709197364, 'I2x': 0.0003444204591043991, 'I2y': 2.922555529680704e-05, 'I2z': 0.0004869167978807241}, 'init_theta_std_deg': 4.468854038041258, 'init_alpha_std_deg': 8.074289943639732, 'init_theta_dot_std': 0.518883785863484, 'init_alpha_dot_std': 0.7236647475039584, 'pwm_limit': 152.51624803395143, 'pwm_gain': 1.045531910482968, 'pwm_bias': -0.7280935226809793, 'pwm_deadzone': 1.195197688961912, 'pwm_noise_sigma': 0.7915396203803333, 'actuator_tau': 0.000741424088352327, 'action_delay_steps': 1, 'theta_bias': -0.0038185693521287935, 'alpha_bias': -0.004520380052396586, 'theta_sigma': 0.002830784316277038, 'alpha_sigma': 0.005727430369304156, 'theta_dot_sigma': 0.034012560552410274, 'alpha_dot_sigma': 0.29797971060796125, 'encoder_quantization_rad': 0.00014390976350018157, 'velocity_lpf': 0.25112006474745596, 'process_theta_dot_sigma': 0.0, 'process_alpha_dot_sigma': 0.0}"
4691491,4,randomization_0.50,0.5,"{'level': 0.5, 'physical': {'g': 9.961698529686055, 'c_theta': 0.05181392733385359, 'c_alpha': 0.0018590962647730047, 'k_t': 0.2260702308810147, 'k_b': 0.18988841601631273, 'k_u': 0.04983930332773612, 'R': 4.3478130361254985, 'm1': 0.2028942671530269, 'm2': 0.1508559801884159, 'l1cg': 0.08004769992701899, 'l1': 0.1521987255882449, 'l2cg': 0.07434020489574374, 'I1z': 0.0005880117366174899, 'I2x': 0.0003900714595711772, 'I2y': 2.0433903402063476e-05, 'I2z': 0.0004964268066678907}, 'init_theta_std_deg': 4.06335151576679, 'init_alpha_std_deg': 9.229882849690856, 'init_theta_dot_std': 0.33862195915013416, 'init_alpha_dot_std': 0.32370732063460306, 'pwm_limit': 136.2029470377853, 'pwm_gain': 1.0196352952614018, 'pwm_bias': 0.46913360597011167, 'pwm_deadzone': 0.4851483196072959, 'pwm_noise_sigma': 0.6740200286810711, 'actuator_tau': 0.007583001582324845, 'action_delay_steps': 0, 'theta_bias': 0.0034858457931246424, 'alpha_bias': 0.0017749063776143403, 'theta_sigma': 0.00265374780505039, 'alpha_sigma': 0.003832199178813859, 'theta_dot_sigma': 0.09784915087660279, 'alpha_dot_sigma': 0.11403551635920409, 'encoder_quantization_rad': 0.0006626378137440999, 'velocity_lpf': 0.25, 'process_theta_dot_sigma': 0.0, 'process_alpha_dot_sigma': 0.0}"
4693491,4,randomization_0.50,0.5,"{'level': 0.5, 'physical': {'g': 9.704627056008357, 'c_theta': 0.045459598710731526, 'c_alpha': 0.0024674890137642244, 'k_t': 0.20328319688147334, 'k_b': 0.2097579744598311, 'k_u': 0.04850165272912124, 'R': 4.6289411592151835, 'm1': 0.22820549743661783, 'm2': 0.1503869058621799, 'l1cg': 0.07553179844392173, 'l1': 0.15592262750743582, 'l2cg': 0.06754112254745744, 'I1z': 0.0006226595067474534, 'I2x': 0.00039820619355183717, 'I2y': 2.1989750647979487e-05, 'I2z': 0.0003748544863902078}, 'init_theta_std_deg': 3.5761695416811428, 'init_alpha_std_deg': 9.394205904866398, 'init_theta_dot_std': 0.4746469322679478, 'init_alpha_dot_std': 1.062572347943842, 'pwm_limit': 139.8214340786035, 'pwm_gain': 1.011543389034375, 'pwm_bias': -0.8243603453603763, 'pwm_deadzone': 0.31299326907907155, 'pwm_noise_sigma': 0.8272991084080831, 'actuator_tau': 0.0010046692252265526, 'action_delay_steps': 0, 'theta_bias': 0.004129481491968436, 'alpha_bias': 0.004160111828005668, 'theta_sigma': 0.0008095578858298353, 'alpha_sigma': 0.0022400324726203104, 'theta_dot_sigma': 0.10809172124646615, 'alpha_dot_sigma': 0.1703910905757011, 'encoder_quantization_rad': 0.00018248909959806114, 'velocity_lpf': 0.25, 'process_theta_dot_sigma': 0.0, 'process_alpha_dot_sigma': 0.0}"
4695491,4,randomization_0.50,0.5,"{'level': 0.5, 'physical': {'g': 9.574134470611693, 'c_theta': 0.03699256559597761, 'c_alpha': 0.0025086759523894023, 'k_t': 0.25685904875382737, 'k_b': 0.2001221280489528, 'k_u': 0.05357587515686601, 'R': 4.707992748496598, 'm1': 0.19214970752358032, 'm2': 0.1510891109752247, 'l1cg': 0.0828364084611475, 'l1': 0.1466081558163132, 'l2cg': 0.06386531764023262, 'I1z': 0.0005423621081885896, 'I2x': 0.00034704708793087375, 'I2y': 2.449840448911948e-05, 'I2z': 0.00038682004254867407}, 'init_theta_std_deg': 4.915256452234241, 'init_alpha_std_deg': 7.754290564696078, 'init_theta_dot_std': 0.4191501338700312, 'init_alpha_dot_std': 0.7899709054373322, 'pwm_limit': 143.5306564823271, 'pwm_gain': 1.0441466790644127, 'pwm_bias': -1.7573215149745391, 'pwm_deadzone': 3.8813205689657644, 'pwm_noise_sigma': 0.959169911510374, 'actuator_tau': 0.00266440865861555, 'action_delay_steps': 0, 'theta_bias': -0.0019010957587222, 'alpha_bias': -0.0034896403790590693, 'theta_sigma': 0.0026250171662171866, 'alpha_sigma': 0.004121403607313133, 'theta_dot_sigma': 0.09256491173378739, 'alpha_dot_sigma': 0.012231359810110665, 'encoder_quantization_rad': 0.00029874058632055946, 'velocity_lpf': 0.25, 'process_theta_dot_sigma': 0.0, 'process_alpha_dot_sigma': 0.0}"
4697491,4,randomization_0.50,0.5,"{'level': 0.5, 'physical': {'g': 9.805361835174795, 'c_theta': 0.030127094754063312, 'c_alpha': 0.0019444447287188325, 'k_t': 0.25043440171274595, 'k_b': 0.17533935383730273, 'k_u': 0.04085912482327171, 'R': 4.4592937598806035, 'm1': 0.21868374515886266, 'm2': 0.14926189788272332, 'l1cg': 0.07512148933172359, 'l1': 0.15082848686384498, 'l2cg': 0.06811850482956727, 'I1z': 0.0006156759628800645, 'I2x': 0.0003608903731510821, 'I2y': 2.6028925951812013e-05, 'I2z': 0.0002814650877287916}, 'init_theta_std_deg': 4.768538221978648, 'init_alpha_std_deg': 11.294260057567815, 'init_theta_dot_std': 0.42127015828039, 'init_alpha_dot_std': 0.20878554215443032, 'pwm_limit': 137.1209020597686, 'pwm_gain': 1.0170216563216015, 'pwm_bias': -1.8651589971881193, 'pwm_deadzone': 3.5405411112374123, 'pwm_noise_sigma': 0.7251922302351171, 'actuator_tau': 0.006655287731812527, 'action_delay_steps': 1, 'theta_bias': 0.0003796256949285559, 'alpha_bias': 0.0009887218380865322, 'theta_sigma': 0.0016179493758910449, 'alpha_sigma': 0.0015697365898562966, 'theta_dot_sigma': 0.1744457666741912, 'alpha_dot_sigma': 0.17272516083295558, 'encoder_quantization_rad': 2.9104551269156508e-05, 'velocity_lpf': 0.25, 'process_theta_dot_sigma': 0.0, 'process_alpha_dot_sigma': 0.0}"
4699491,4,randomization_0.50,0.5,"{'level': 0.5, 'physical': {'g': 9.694206399748092, 'c_theta': 0.05606823945464887, 'c_alpha': 0.0014896887226945664, 'k_t': 0.21269266893194905, 'k_b': 0.16496290738102853, 'k_u': 0.049772097609295386, 'R': 4.025711596753601, 'm1': 0.1988278148332976, 'm2': 0.15320689359188266, 'l1cg': 0.07621254215605326, 'l1': 0.15384613799229235, 'l2cg': 0.06814211364684039, 'I1z': 0.0005812623294887443, 'I2x': 0.0003964515720817377, 'I2y': 1.9084998032820893e-05, 'I2z': 0.0003159270552836553}, 'init_theta_std_deg': 3.948561096577649, 'init_alpha_std_deg': 9.86710757932574, 'init_theta_dot_std': 0.6523208349656725, 'init_alpha_dot_std': 0.31222786411368164, 'pwm_limit': 146.41741091717654, 'pwm_gain': 0.95636601997432, 'pwm_bias': 0.018936911472593465, 'pwm_deadzone': 1.5267287656495032, 'pwm_noise_sigma': 0.17249621306527518, 'actuator_tau': 0.0031782259377852455, 'action_delay_steps': 1, 'theta_bias': -0.0024669874529082703, 'alpha_bias': -0.0010997333707374116, 'theta_sigma': 0.0011841671626720766, 'alpha_sigma': 0.0030292169968428487, 'theta_dot_sigma': 0.054189922084179915, 'alpha_dot_sigma': 0.22394226883516072, 'encoder_quantization_rad': 1.980373369875141e-05, 'velocity_lpf': 0.25, 'process_theta_dot_sigma': 0.0, 'process_alpha_dot_sigma': 0.0}"
4701491,4,randomization_0.50,0.5,"{'level': 0.5, 'physical': {'g': 9.933789868748978, 'c_theta': 0.0387419717766557, 'c_alpha': 0.001084236208272278, 'k_t': 0.25710845209625405, 'k_b': 0.20416122714910628, 'k_u': 0.05307329066573007, 'R': 4.413542235063372, 'm1': 0.19597427315529087, 'm2': 0.1674520879778019, 'l1cg': 0.07628746319393526, 'l1': 0.155402264438672, 'l2cg': 0.07203965475955558, 'I1z': 0.0005061736773792966, 'I2x': 0.0003493522852700201, 'I2y': 2.99182063286362e-05, 'I2z': 0.0003054788301829629}, 'init_theta_std_deg': 5.68806697001452, 'init_alpha_std_deg': 6.01227536874106, 'init_theta_dot_std': 0.09290329927445914, 'init_alpha_dot_std': 1.161158594518131, 'pwm_limit': 151.4854308411943, 'pwm_gain': 1.0267689228525398, 'pwm_bias': -1.248544721047419, 'pwm_deadzone': 4.6020141824785235, 'pwm_noise_sigma': 0.9061289505610477, 'actuator_tau': 0.012708960974052214, 'action_delay_steps': 1, 'theta_bias': 0.0005199312488617103, 'alpha_bias': -0.0030041889193010347, 'theta_sigma': 0.00034872654860676624, 'alpha_sigma': 0.0023759846220645854, 'theta_dot_sigma': 0.14397570508429774, 'alpha_dot_sigma': 0.18332811200734853, 'encoder_quantization_rad': 0.00024954821916253327, 'velocity_lpf': 0.25, 'process_theta_dot_sigma': 0.0, 'process_alpha_dot_sigma': 0.0}"
4703491,4,randomization_0.50,0.5,"{'level': 0.5, 'physical': {'g': 9.691284396413897, 'c_theta': 0.01775139671498106, 'c_alpha': 0.002120327701687361, 'k_t': 0.21191310877194958, 'k_b': 0.1662110538166442, 'k_u': 0.05033045749358525, 'R': 4.065254520208694, 'm1': 0.21446583898847155, 'm2': 0.1624033912265917, 'l1cg': 0.08521978441745492, 'l1': 0.1466338210264715, 'l2cg': 0.07355294915221822, 'I1z': 0.0005002804246948618, 'I2x': 0.00038925726800443386, 'I2y': 1.9525948255022152e-05, 'I2z': 0.0004900180549726437}, 'init_theta_std_deg': 4.118182546537321, 'init_alpha_std_deg': 8.67732340451908, 'init_theta_dot_std': 0.44757816892602587, 'init_alpha_dot_std': 0.02345495151460056, 'pwm_limit': 145.07539354094246, 'pwm_gain': 0.984727809969374, 'pwm_bias': 1.7615096682994325, 'pwm_deadzone': 0.8215599914496252, 'pwm_noise_sigma': 0.07166316178990406, 'actuator_tau': 0.007437701117609946, 'action_delay_steps': 1, 'theta_bias': 0.0047030595227121885, 'alpha_bias': -0.002368155415433975, 'theta_sigma': 0.0029827241362761336, 'alpha_sigma': 0.0058438304955463075, 'theta_dot_sigma': 0.01509738006913713, 'alpha_dot_sigma': 0.18017230476577759, 'encoder_quantization_rad': 0.00018819020763201428, 'velocity_lpf': 0.25, 'process_theta_dot_sigma': 0.0, 'process_alpha_dot_sigma': 0.0}"
4705491,4,randomization_0.50,0.5,"{'level': 0.5, 'physical': {'g': 9.746049442866616, 'c_theta': 0.04045058729356607, 'c_alpha': 0.0012044592858648313, 'k_t': 0.2036474136225821, 'k_b': 0.18062636899414858, 'k_u': 0.04070402920155483, 'R': 4.707187389037067, 'm1': 0.2188773739447617, 'm2': 0.16951101259034979, 'l1cg': 0.07593248904564456, 'l1': 0.1469230730815684, 'l2cg': 0.06489106205072256, 'I1z': 0.0004902323307640322, 'I2x': 0.00034116879713321044, 'I2y': 1.9714193625321825e-05, 'I2z': 0.0003777703014608333}, 'init_theta_std_deg': 3.9994916978952655, 'init_alpha_std_deg': 8.88571828857551, 'init_theta_dot_std': 0.36664483611602783, 'init_alpha_dot_std': 0.2529498578445639, 'pwm_limit': 143.5274747147236, 'pwm_gain': 1.0244063982343428, 'pwm_bias': -0.06476989001035349, 'pwm_deadzone': 4.5100213114647785, 'pwm_noise_sigma': 0.6750709728464624, 'actuator_tau': 0.00028062100949644394, 'action_delay_steps': 1, 'theta_bias': -0.002942481698940701, 'alpha_bias': -0.00233130330487595, 'theta_sigma': 7.544492887751808e-05, 'alpha_sigma': 0.003120156424588112, 'theta_dot_sigma': 0.08855811619813488, 'alpha_dot_sigma': 0.2511570890893673, 'encoder_quantization_rad': 0.0002422069673697636, 'velocity_lpf': 0.25, 'process_theta_dot_sigma': 0.0, 'process_alpha_dot_sigma': 0.0}"
4707491,4,randomization_0.50,0.5,"{'level': 0.5, 'physical': {'g': 9.985180462704047, 'c_theta': 0.04560803221723621, 'c_alpha': 0.0011031319222221247, 'k_t': 0.21176587758254026, 'k_b': 0.17263366533855218, 'k_u': 0.05014039429050188, 'R': 3.9767254195455433, 'm1': 0.20417400711833136, 'm2': 0.15454275912767518, 'l1cg': 0.07446567740486472, 'l1': 0.15007962163413624, 'l2cg': 0.06204158228892418, 'I1z': 0.0006363129374921379, 'I2x': 0.00033993484610728386, 'I2y': 2.4966804194212268e-05, 'I2z': 0.00033219736134733796}, 'init_theta_std_deg': 6.991085914382589, 'init_alpha_std_deg': 9.798564048836017, 'init_theta_dot_std': 0.5777042104400992, 'init_alpha_dot_std': 0.5928615621377169, 'pwm_limit': 151.00836779372838, 'pwm_gain': 1.0237942964730897, 'pwm_bias': 1.923478551187749, 'pwm_deadzone': 1.4697510934991294, 'pwm_noise_sigma': 0.12463280097982077, 'actuator_tau': 0.0031228385441182515, 'action_delay_steps': 0, 'theta_bias': -0.003797664371529551, 'alpha_bias': 0.0008134648266781013, 'theta_sigma': 0.002468382467632804, 'alpha_sigma': 0.0040501214697168, 'theta_dot_sigma': 0.013844319419380587, 'alpha_dot_sigma': 0.29414934671701287, 'encoder_quantization_rad': 0.0005214980778250256, 'velocity_lpf': 0.25, 'process_theta_dot_sigma': 0.0, 'process_alpha_dot_sigma': 0.0}"
4709491,4,randomization_0.50,0.5,"{'level': 0.5, 'physical': {'g': 9.933527072630085, 'c_theta': 0.02978367173064484, 'c_alpha': 0.0013464556471798337, 'k_t': 0.2588655239775795, 'k_b': 0.18968663414979722, 'k_u': 0.047735700020199785, 'R': 4.096683365941316, 'm1': 0.23045218705786022, 'm2': 0.14980114717998533, 'l1cg': 0.07438577286056117, 'l1': 0.1464927721591113, 'l2cg': 0.06994790926400021, 'I1z': 0.0004455713538229267, 'I2x': 0.00035841635981411505, 'I2y': 2.436425936748057e-05, 'I2z': 0.00030966781845227293}, 'init_theta_std_deg': 3.8045740240740944, 'init_alpha_std_deg': 11.836906245330548, 'init_theta_dot_std': 0.4517585062749404, 'init_alpha_dot_std': 0.10912777070285665, 'pwm_limit': 150.0794187882998, 'pwm_gain': 0.9905072745758029, 'pwm_bias': -0.15389805748510987, 'pwm_deadzone': 2.008090907498494, 'pwm_noise_sigma': 0.5139353953089119, 'actuator_tau': 0.012793013602250493, 'action_delay_steps': 0, 'theta_bias': 0.004838866865287215, 'alpha_bias': -0.0007345169145936041, 'theta_sigma': 0.0011059463581421917, 'alpha_sigma': 0.00950509124395088, 'theta_dot_sigma': 0.017146801265624293, 'alpha_dot_sigma': 0.28773585314672623, 'encoder_quantization_rad': 0.0006748470835703317, 'velocity_lpf': 0.25, 'process_theta_dot_sigma': 0.0, 'process_alpha_dot_sigma': 0.0}"
4711491,4,randomization_0.50,0.5,"{'level': 0.5, 'physical': {'g': 9.836431378972181, 'c_theta': 0.037883804024641664, 'c_alpha': 0.002181977109949877, 'k_t': 0.20796361951464928, 'k_b': 0.16815281733894796, 'k_u': 0.048070021408346694, 'R': 4.040525916962182, 'm1': 0.19616153444144918, 'm2': 0.15938408445071242, 'l1cg': 0.0817286849208238, 'l1': 0.1500119522735864, 'l2cg': 0.07197271163472126, 'I1z': 0.00044951677142887874, 'I2x': 0.0003568416317463076, 'I2y': 2.0815679232351282e-05, 'I2z': 0.0003007632542689291}, 'init_theta_std_deg': 3.7683935040013483, 'init_alpha_std_deg': 9.813851480185305, 'init_theta_dot_std': 0.5884814519752155, 'init_alpha_dot_std': 0.5746312121085289, 'pwm_limit': 135.44130101369745, 'pwm_gain': 1.0221721793547593, 'pwm_bias': 0.6632084710397681, 'pwm_deadzone': 2.0129727118259333, 'pwm_noise_sigma': 0.7659108016922292, 'actuator_tau': 0.003961239897153311, 'action_delay_steps': 0, 'theta_bias': 0.0021817915850585756, 'alpha_bias': -0.003373214171636531, 'theta_sigma': 0.0006482158589701477, 'alpha_sigma': 0.006459171797884412, 'theta_dot_sigma': 0.14424962967130006, 'alpha_dot_sigma': 0.09206814810751689, 'encoder_quantization_rad': 0.0004122107950659239, 'velocity_lpf': 0.25, 'process_theta_dot_sigma': 0.0, 'process_alpha_dot_sigma': 0.0}"
4713491,4,randomization_0.50,0.5,"{'level': 0.5, 'physical': {'g': 9.740675770025879, 'c_theta': 0.03357473338709909, 'c_alpha': 0.0018135722584363553, 'k_t': 0.2526474100307688, 'k_b': 0.20752261410897688, 'k_u': 0.04052397197714456, 'R': 4.236789135580346, 'm1': 0.2261132849715242, 'm2': 0.1502696844324491, 'l1cg': 0.0749033648146479, 'l1': 0.15193944602238585, 'l2cg': 0.07288315105601888, 'I1z': 0.0004045059474285617, 'I2x': 0.0003969102171833565, 'I2y': 3.294944836768003e-05, 'I2z': 0.00031989731846545705}, 'init_theta_std_deg': 6.416309790435785, 'init_alpha_std_deg': 7.177414538140686, 'init_theta_dot_std': 0.02002685520859554, 'init_alpha_dot_std': 0.464403291133966, 'pwm_limit': 152.12534647775823, 'pwm_gain': 0.9814549767272513, 'pwm_bias': -1.4739422739443935, 'pwm_deadzone': 1.5181365363200872, 'pwm_noise_sigma': 0.05764182236668336, 'actuator_tau': 0.003937445542126464, 'action_delay_steps': 0, 'theta_bias': -0.0036505485055971267, 'alpha_bias': -0.0002971756129565666, 'theta_sigma': 0.0018982150559419347, 'alpha_sigma': 0.0013446008200476678, 'theta_dot_sigma': 0.14792836957404504, 'alpha_dot_sigma': 0.16787454834138174, 'encoder_quantization_rad': 0.000603585603775483, 'velocity_lpf': 0.25, 'process_theta_dot_sigma': 0.0, 'process_alpha_dot_sigma': 0.0}"
4715491,4,randomization_0.50,0.5,"{'level': 0.5, 'physical': {'g': 9.737657120324263, 'c_theta': 0.05565331604013074, 'c_alpha': 0.0010515866860059506, 'k_t': 0.25432563062459534, 'k_b': 0.1740422519997184, 'k_u': 0.04027911958762141, 'R': 4.605146393139476, 'm1': 0.1919660103003457, 'm2': 0.16791862064067134, 'l1cg': 0.07935458389887248, 'l1': 0.15681718102432965, 'l2cg': 0.06974527337176803, 'I1z': 0.0006415444193041703, 'I2x': 0.0003489839141943522, 'I2y': 2.061846049128662e-05, 'I2z': 0.0005000258653475635}, 'init_theta_std_deg': 7.10624204430756, 'init_alpha_std_deg': 8.809159884407862, 'init_theta_dot_std': 0.1010002542920497, 'init_alpha_dot_std': 0.5827074842727921, 'pwm_limit': 142.91416679659673, 'pwm_gain': 1.0115198169305515, 'pwm_bias': 1.7857229065897013, 'pwm_deadzone': 1.0736468325311392, 'pwm_noise_sigma': 0.2905373294912529, 'actuator_tau': 0.011836800379135861, 'action_delay_steps': 1, 'theta_bias': 0.004110430880498067, 'alpha_bias': -0.00458361327837312, 'theta_sigma': 0.0012138542111270675, 'alpha_sigma': 0.006593239677193499, 'theta_dot_sigma': 0.06466225634034242, 'alpha_dot_sigma': 0.04346337483035851, 'encoder_quantization_rad': 0.0005135080045532614, 'velocity_lpf': 0.25912894629205074, 'process_theta_dot_sigma': 0.0, 'process_alpha_dot_sigma': 0.0}"
4717491,4,randomization_0.50,0.5,"{'level': 0.5, 'physical': {'g': 9.65667885631112, 'c_theta': 0.03891496857055761, 'c_alpha': 0.002654576150480125, 'k_t': 0.2370429718605262, 'k_b': 0.19388915308169297, 'k_u': 0.04343809650081802, 'R': 4.491793197992121, 'm1': 0.1914901752571129, 'm2': 0.15902379891246315, 'l1cg': 0.07734043193633064, 'l1': 0.14906093927642491, 'l2cg': 0.06225938504771399, 'I1z': 0.000619463855802507, 'I2x': 0.0003549550189071546, 'I2y': 2.7578986940629634e-05, 'I2z': 0.00045356808496803066}, 'init_theta_std_deg': 7.087927602195211, 'init_alpha_std_deg': 7.409924408587625, 'init_theta_dot_std': 0.092843643181823, 'init_alpha_dot_std': 1.1019249572844707, 'pwm_limit': 145.42832999912275, 'pwm_gain': 1.0366754561633158, 'pwm_bias': 1.4937561937720165, 'pwm_deadzone': 2.160106807945102, 'pwm_noise_sigma': 0.5003636624945547, 'actuator_tau': 0.013781923067795363, 'action_delay_steps': 1, 'theta_bias': 0.0038292860248098195, 'alpha_bias': 0.0025611026832942398, 'theta_sigma': 0.00011023356534010986, 'alpha_sigma': 0.0055881333300954825, 'theta_dot_sigma': 0.12970747135893615, 'alpha_dot_sigma': 0.2790926544196194, 'encoder_quantization_rad': 0.0004929806930194311, 'velocity_lpf': 0.25, 'process_theta_dot_sigma': 0.0, 'process_alpha_dot_sigma': 0.0}"
4719491,4,randomization_0.50,0.5,"{'level': 0.5, 'physical': {'g': 9.816952017411936, 'c_theta': 0.053889798989771115, 'c_alpha': 0.0012873040520162131, 'k_t': 0.2158021347591283, 'k_b': 0.1964956084531677, 'k_u': 0.05079530173836055, 'R': 4.206627966571558, 'm1': 0.2082796367135606, 'm2': 0.15091706749684078, 'l1cg': 0.08084386076523435, 'l1': 0.15442808089395513, 'l2cg': 0.07483783396711868, 'I1z': 0.0005769519710498917, 'I2x': 0.0003915069576926825, 'I2y': 2.23137264180463e-05, 'I2z': 0.0003552640659505444}, 'init_theta_std_deg': 5.886596233882459, 'init_alpha_std_deg': 9.82679791392339, 'init_theta_dot_std': 0.404422823730181, 'init_alpha_dot_std': 0.5389692394211022, 'pwm_limit': 135.61779793853768, 'pwm_gain': 0.953141106466416, 'pwm_bias': 1.8333834955794908, 'pwm_deadzone': 4.713956303923725, 'pwm_noise_sigma': 0.15455381405163748, 'actuator_tau': 0.0033203607557316115, 'action_delay_steps': 0, 'theta_bias': 0.0018325218761872531, 'alpha_bias': 0.002525427807080573, 'theta_sigma': 0.002448045934492126, 'alpha_sigma': 0.0011186138470734542, 'theta_dot_sigma': 0.052301418852982035, 'alpha_dot_sigma': 0.08667562158806466, 'encoder_quantization_rad': 0.000175642925719074, 'velocity_lpf': 0.26379517560557514, 'process_theta_dot_sigma': 0.0, 'process_alpha_dot_sigma': 0.0}"
4721491,4,randomization_0.50,0.5,"{'level': 0.5, 'physical': {'g': 9.673806418225801, 'c_theta': 0.03418619225648836, 'c_alpha': 0.0022228390069903483, 'k_t': 0.20269557970138552, 'k_b': 0.16801534489141773, 'k_u': 0.046910476255916614, 'R': 4.774303454657339, 'm1': 0.21433686640146787, 'm2': 0.1568226721369741, 'l1cg': 0.08515544774127126, 'l1': 0.150939905630987, 'l2cg': 0.06030753979513329, 'I1z': 0.0003991829654091703, 'I2x': 0.00034870699348371994, 'I2y': 1.9290801764015476e-05, 'I2z': 0.00036146739112484993}, 'init_theta_std_deg': 4.9554204458441, 'init_alpha_std_deg': 10.32879742608274, 'init_theta_dot_std': 0.6759971469374073, 'init_alpha_dot_std': 1.012918351226377, 'pwm_limit': 143.39476579681246, 'pwm_gain': 1.0272057662248195, 'pwm_bias': -0.560669325438655, 'pwm_deadzone': 1.8473476678214578, 'pwm_noise_sigma': 0.20357334040343877, 'actuator_tau': 0.009407711454552818, 'action_delay_steps': 0, 'theta_bias': -0.003300359860798182, 'alpha_bias': 0.005784175915019604, 'theta_sigma': 0.0027637306067252302, 'alpha_sigma': 0.006709224677080915, 'theta_dot_sigma': 0.120977290457673, 'alpha_dot_sigma': 0.23394007387328636, 'encoder_quantization_rad': 0.00024810887167667906, 'velocity_lpf': 0.272116811022417, 'process_theta_dot_sigma': 0.0, 'process_alpha_dot_sigma': 0.0}"
4723491,4,randomization_0.50,0.5,"{'level': 0.5, 'physical': {'g': 10.030936228427624, 'c_theta': 0.037896353835208084, 'c_alpha': 0.0008425047262725989, 'k_t': 0.24721436923638015, 'k_b': 0.20520073877998482, 'k_u': 0.05175771559008403, 'R': 4.593273205529065, 'm1': 0.2246002378574552, 'm2': 0.16885669678650572, 'l1cg': 0.08530032339348691, 'l1': 0.14796045788081688, 'l2cg': 0.07085235619784708, 'I1z': 0.0006476529665381545, 'I2x': 0.00037935277799823843, 'I2y': 2.1342648269996132e-05, 'I2z': 0.000359023792291409}, 'init_theta_std_deg': 4.827056895472609, 'init_alpha_std_deg': 6.612668818603764, 'init_theta_dot_std': 0.5629461095671853, 'init_alpha_dot_std': 0.7894507060747125, 'pwm_limit': 146.57241230119445, 'pwm_gain': 1.025857561592766, 'pwm_bias': 1.3399263913768835, 'pwm_deadzone': 0.5283144598365774, 'pwm_noise_sigma': 0.5605190652678933, 'actuator_tau': 0.0018049761979143037, 'action_delay_steps': 0, 'theta_bias': -0.002981682050896992, 'alpha_bias': -0.004301402283401913, 'theta_sigma': 0.00019815197267932538, 'alpha_sigma': 0.0034123741686266575, 'theta_dot_sigma': 0.09275557195885807, 'alpha_dot_sigma': 0.06727642533684224, 'encoder_quantization_rad': 0.00016939237910992174, 'velocity_lpf': 0.27263297528707464, 'process_theta_dot_sigma': 0.0, 'process_alpha_dot_sigma': 0.0}"
4725491,4,randomization_0.50,0.5,"{'level': 0.5, 'physical': {'g': 9.913155977371838, 'c_theta': 0.038672146295841814, 'c_alpha': 0.0011368302944404444, 'k_t': 0.21684714905703867, 'k_b': 0.18995953353186285, 'k_u': 0.04454324333968092, 'R': 4.654053012368402, 'm1': 0.2207735449544573, 'm2': 0.15450332030664368, 'l1cg': 0.08532556527339326, 'l1': 0.15478538141543394, 'l2cg': 0.06469339001618828, 'I1z': 0.0005789723751313297, 'I2x': 0.000338953954067535, 'I2y': 3.1552285887293546e-05, 'I2z': 0.0002973513097929835}, 'init_theta_std_deg': 5.332026703245621, 'init_alpha_std_deg': 7.262114061160957, 'init_theta_dot_std': 0.4164262821555811, 'init_alpha_dot_std': 0.8552603655791962, 'pwm_limit': 145.16390365041264, 'pwm_gain': 1.0278664561358535, 'pwm_bias': 0.51269104249244, 'pwm_deadzone': 2.6317337287665987, 'pwm_noise_sigma': 0.5553653770337974, 'actuator_tau': 0.010674755845146305, 'action_delay_steps': 0, 'theta_bias': -0.002933810580180818, 'alpha_bias': 0.00337597951251355, 'theta_sigma': 0.002358842467015946, 'alpha_sigma': 0.0026185300377140576, 'theta_dot_sigma': 0.16160294207352377, 'alpha_dot_sigma': 0.25245268885741823, 'encoder_quantization_rad': 0.000546523007232692, 'velocity_lpf': 0.25, 'process_theta_dot_sigma': 0.0, 'process_alpha_dot_sigma': 0.0}"
4727491,4,randomization_0.50,0.5,"{'level': 0.5, 'physical': {'g': 9.70834786110989, 'c_theta': 0.0163296753466805, 'c_alpha': 0.0022873747615633033, 'k_t': 0.2503788919035642, 'k_b': 0.19497731823993025, 'k_u': 0.049740600557832346, 'R': 4.666893951639447, 'm1': 0.21964238746373288, 'm2': 0.16048602427243838, 'l1cg': 0.08102486819592025, 'l1': 0.15133126783707768, 'l2cg': 0.07332622468847323, 'I1z': 0.0004274116035630751, 'I2x': 0.0003760226022150589, 'I2y': 2.5736027535766933e-05, 'I2z': 0.000421185662605465}, 'init_theta_std_deg': 6.591802523338949, 'init_alpha_std_deg': 9.114404113763609, 'init_theta_dot_std': 0.3390173100749169, 'init_alpha_dot_std': 1.1019063756607863, 'pwm_limit': 143.13609343357058, 'pwm_gain': 1.0411027932206451, 'pwm_bias': -1.5955077729828884, 'pwm_deadzone': 4.068251347828275, 'pwm_noise_sigma': 0.9458477880633666, 'actuator_tau': 0.0026205360269684246, 'action_delay_steps': 1, 'theta_bias': 0.0015663874168566727, 'alpha_bias': -0.001808774995342925, 'theta_sigma': 0.0018190103565413661, 'alpha_sigma': 7.913916370700824e-05, 'theta_dot_sigma': 0.04246545595761017, 'alpha_dot_sigma': 0.27029891726534144, 'encoder_quantization_rad': 0.0004532942333469633, 'velocity_lpf': 0.25, 'process_theta_dot_sigma': 0.0, 'process_alpha_dot_sigma': 0.0}"
4729491,4,randomization_0.50,0.5,"{'level': 0.5, 'physical': {'g': 9.77995270516164, 'c_theta': 0.051394812494853996, 'c_alpha': 0.0022415618877248077, 'k_t': 0.2023793865285134, 'k_b': 0.19211462051341466, 'k_u': 0.05276693189635285, 'R': 3.9880364926702994, 'm1': 0.19603212588317076, 'm2': 0.16707136434772882, 'l1cg': 0.07593833919905944, 'l1': 0.15349111114808633, 'l2cg': 0.07409294123689404, 'I1z': 0.00045532713936767745, 'I2x': 0.00034631773153817364, 'I2y': 2.4716369844324503e-05, 'I2z': 0.0003158286814470424}, 'init_theta_std_deg': 4.963986997752016, 'init_alpha_std_deg': 11.51172256999082, 'init_theta_dot_std': 0.23612627081108342, 'init_alpha_dot_std': 1.1897422781923277, 'pwm_limit': 143.6349540799795, 'pwm_gain': 0.9859679933436281, 'pwm_bias': 0.4112107106709484, 'pwm_deadzone': 2.110066848324275, 'pwm_noise_sigma': 0.7190396840124033, 'actuator_tau': 0.011322273050654516, 'action_delay_steps': 0, 'theta_bias': 0.0025368943644866527, 'alpha_bias': 0.001156449974449274, 'theta_sigma': 0.0024244093588781735, 'alpha_sigma': 0.004075595133902865, 'theta_dot_sigma': 0.031960138385789594, 'alpha_dot_sigma': 0.204418827192327, 'encoder_quantization_rad': 0.0004460628904555639, 'velocity_lpf': 0.25, 'process_theta_dot_sigma': 0.0, 'process_alpha_dot_sigma': 0.0}"
4731491,4,randomization_0.50,0.5,"{'level': 0.5, 'physical': {'g': 9.78997781401959, 'c_theta': 0.04223732378491854, 'c_alpha': 0.0007539643819729797, 'k_t': 0.2346448014672654, 'k_b': 0.19543971041105868, 'k_u': 0.05296996098729798, 'R': 4.004853481446592, 'm1': 0.19990518440605315, 'm2': 0.16175872692389887, 'l1cg': 0.08120813603455455, 'l1': 0.1474558553645511, 'l2cg': 0.07223416665898094, 'I1z': 0.00044567408639870304, 'I2x': 0.0003884165118746236, 'I2y': 2.117673705534557e-05, 'I2z': 0.0004243574946738241}, 'init_theta_std_deg': 7.214018341380495, 'init_alpha_std_deg': 10.841156591385854, 'init_theta_dot_std': 0.12170293783309272, 'init_alpha_dot_std': 0.9213435078984539, 'pwm_limit': 151.60465320029044, 'pwm_gain': 0.9908834226270457, 'pwm_bias': 0.011665500634326254, 'pwm_deadzone': 1.7528092393697081, 'pwm_noise_sigma': 0.4038783493945881, 'actuator_tau': 0.002630205229111362, 'action_delay_steps': 1, 'theta_bias': 0.000572418892999973, 'alpha_bias': -0.0033976277140615524, 'theta_sigma': 0.002369384999550397, 'alpha_sigma': 0.004007221465547013, 'theta_dot_sigma': 0.0014108032399944236, 'alpha_dot_sigma': 0.10977849837370762, 'encoder_quantization_rad': 6.862455174203245e-05, 'velocity_lpf': 0.25, 'process_theta_dot_sigma': 0.0, 'process_alpha_dot_sigma': 0.0}"
4733491,4,randomization_0.50,0.5,"{'level': 0.5, 'physical': {'g': 9.927655391365395, 'c_theta': 0.034637296804250095, 'c_alpha': 0.0016352786750261595, 'k_t': 0.21996578343273254, 'k_b': 0.18959490250550842, 'k_u': 0.04479666349675246, 'R': 4.266958262850491, 'm1': 0.2249695502628691, 'm2': 0.14694615757171453, 'l1cg': 0.07445715950489276, 'l1': 0.1472476266840808, 'l2cg': 0.05959375945463551, 'I1z': 0.0005309006500797251, 'I2x': 0.00034758865301962564, 'I2y': 3.207453322977559e-05, 'I2z': 0.00048045722276551545}, 'init_theta_std_deg': 4.244142991966915, 'init_alpha_std_deg': 8.01011580902007, 'init_theta_dot_std': 0.7362807718618711, 'init_alpha_dot_std': 1.0626468116001182, 'pwm_limit': 140.2775789630453, 'pwm_gain': 0.9933527137372762, 'pwm_bias': -1.3861315020510898, 'pwm_deadzone': 1.439999765952984, 'pwm_noise_sigma': 0.23161477178989742, 'actuator_tau': 0.004887755074745998, 'action_delay_steps': 0, 'theta_bias': 0.004269629557993659, 'alpha_bias': 0.005105700669248965, 'theta_sigma': 0.002432200267047954, 'alpha_sigma': 0.0033218974731565767, 'theta_dot_sigma': 0.027469744411576586, 'alpha_dot_sigma': 0.09606832602822944, 'encoder_quantization_rad': 0.0005770394835030921, 'velocity_lpf': 0.25, 'process_theta_dot_sigma': 0.0, 'process_alpha_dot_sigma': 0.0}"
4735491,4,randomization_0.50,0.5,"{'level': 0.5, 'physical': {'g': 9.917601679936597, 'c_theta': 0.04609863764452485, 'c_alpha': 0.002117523578098487, 'k_t': 0.23016234056099213, 'k_b': 0.18585390867870732, 'k_u': 0.042691610338523124, 'R': 4.328167067890856, 'm1': 0.19585881591530027, 'm2': 0.15843079068872015, 'l1cg': 0.08518670911613294, 'l1': 0.15552961762304565, 'l2cg': 0.06693940566159488, 'I1z': 0.0004821278881985548, 'I2x': 0.00037117094858216696, 'I2y': 2.0232229182217765e-05, 'I2z': 0.00039170954361942564}, 'init_theta_std_deg': 3.67170659274121, 'init_alpha_std_deg': 11.52373871331302, 'init_theta_dot_std': 0.22241513389861287, 'init_alpha_dot_std': 0.3316748729526167, 'pwm_limit': 144.52491433465548, 'pwm_gain': 0.9914224152143044, 'pwm_bias': -1.0038704132574354, 'pwm_deadzone': 4.83873732501139, 'pwm_noise_sigma': 0.3765882125157304, 'actuator_tau': 0.007614165184658198, 'action_delay_steps': 0, 'theta_bias': -0.004832176915646809, 'alpha_bias': -0.004154927151176676, 'theta_sigma': 0.0004106254430948794, 'alpha_sigma': 0.006700309923133636, 'theta_dot_sigma': 0.15136471360323459, 'alpha_dot_sigma': 0.19533089086731384, 'encoder_quantization_rad': 0.00023751297885568553, 'velocity_lpf': 0.25, 'process_theta_dot_sigma': 0.0, 'process_alpha_dot_sigma': 0.0}"
4737491,4,randomization_0.50,0.5,"{'level': 0.5, 'physical': {'g': 9.739019425483955, 'c_theta': 0.042839997947190046, 'c_alpha': 0.0010411243199144825, 'k_t': 0.23250573046015088, 'k_b': 0.1949012784250853, 'k_u': 0.04960301131245974, 'R': 4.8101717129523704, 'm1': 0.2105947677781413, 'm2': 0.15246399520599593, 'l1cg': 0.07779232513729466, 'l1': 0.157467255155642, 'l2cg': 0.06911092263483132, 'I1z': 0.0005338632711033059, 'I2x': 0.0003332268707482816, 'I2y': 2.6148014707763952e-05, 'I2z': 0.0003848761027812008}, 'init_theta_std_deg': 4.49735485178392, 'init_alpha_std_deg': 11.315489975769095, 'init_theta_dot_std': 0.060145171217522914, 'init_alpha_dot_std': 1.0605673370022668, 'pwm_limit': 145.59774062574286, 'pwm_gain': 0.9837159408896848, 'pwm_bias': 0.4210877172773131, 'pwm_deadzone': 0.18154659339743084, 'pwm_noise_sigma': 0.3409699194533903, 'actuator_tau': 0.01299702510666037, 'action_delay_steps': 1, 'theta_bias': -0.0002952679542241465, 'alpha_bias': 0.0012852254286376673, 'theta_sigma': 0.0005601772269706407, 'alpha_sigma': 0.008393958283303282, 'theta_dot_sigma': 0.16765278060070177, 'alpha_dot_sigma': 0.1875244182352648, 'encoder_quantization_rad': 0.00040356607982563997, 'velocity_lpf': 0.25, 'process_theta_dot_sigma': 0.0, 'process_alpha_dot_sigma': 0.0}"
4739491,4,randomization_0.50,0.5,"{'level': 0.5, 'physical': {'g': 10.023762647723627, 'c_theta': 0.03581536962574246, 'c_alpha': 0.0018818423168330259, 'k_t': 0.2291541888103338, 'k_b': 0.17560006811365828, 'k_u': 0.05373161544714581, 'R': 4.612299253181382, 'm1': 0.18267089830015143, 'm2': 0.15940159858469236, 'l1cg': 0.07573077947914277, 'l1': 0.15604512257344536, 'l2cg': 0.06137671130032396, 'I1z': 0.0006366463169426936, 'I2x': 0.00033929711799401003, 'I2y': 2.2699004914848473e-05, 'I2z': 0.0003318632408326668}, 'init_theta_std_deg': 4.018912043060393, 'init_alpha_std_deg': 6.309723434011552, 'init_theta_dot_std': 0.5642218053151713, 'init_alpha_dot_std': 1.0380972705517424, 'pwm_limit': 150.4242370090486, 'pwm_gain': 1.0389492481175424, 'pwm_bias': -1.7963844489480598, 'pwm_deadzone': 3.050169826917968, 'pwm_noise_sigma': 0.8859619654903615, 'actuator_tau': 0.004447228833759017, 'action_delay_steps': 0, 'theta_bias': -0.002573342186932087, 'alpha_bias': 0.0017783449021896085, 'theta_sigma': 0.0010703907132305246, 'alpha_sigma': 0.005095528548606649, 'theta_dot_sigma': 0.10187509292164953, 'alpha_dot_sigma': 0.07894599610736246, 'encoder_quantization_rad': 0.000537083225273495, 'velocity_lpf': 0.2523560311798039, 'process_theta_dot_sigma': 0.0, 'process_alpha_dot_sigma': 0.0}"
4741491,4,randomization_0.50,0.5,"{'level': 0.5, 'physical': {'g': 9.760801027188261, 'c_theta': 0.050620978169444254, 'c_alpha': 0.0013278762986822985, 'k_t': 0.23847135975174424, 'k_b': 0.16867568081606582, 'k_u': 0.043522310292107194, 'R': 4.2377625758951085, 'm1': 0.20802979478425504, 'm2': 0.1558580504833558, 'l1cg': 0.07993909907814671, 'l1': 0.15741528722021975, 'l2cg': 0.07048470967406367, 'I1z': 0.0005344338377873614, 'I2x': 0.00037647965413569026, 'I2y': 2.2582839985397368e-05, 'I2z': 0.0004220614439814306}, 'init_theta_std_deg': 4.752850000586926, 'init_alpha_std_deg': 7.947193913467538, 'init_theta_dot_std': 0.4043171737849369, 'init_alpha_dot_std': 0.6134524972437654, 'pwm_limit': 136.15111457959296, 'pwm_gain': 0.9748319866245395, 'pwm_bias': -0.8306907155650811, 'pwm_deadzone': 4.775402711349626, 'pwm_noise_sigma': 0.7062868134015577, 'actuator_tau': 0.0050109556867233415, 'action_delay_steps': 1, 'theta_bias': -0.0012241829240674218, 'alpha_bias': -0.0025920417166831996, 'theta_sigma': 0.00010290486315735015, 'alpha_sigma': 0.008125409720856772, 'theta_dot_sigma': 0.026344211995557403, 'alpha_dot_sigma': 0.20002172895458925, 'encoder_quantization_rad': 0.000603920264844937, 'velocity_lpf': 0.25, 'process_theta_dot_sigma': 0.0, 'process_alpha_dot_sigma': 0.0}"
4743491,4,randomization_0.50,0.5,"{'level': 0.5, 'physical': {'g': 9.87431445558444, 'c_theta': 0.03618436179585395, 'c_alpha': 0.0009390806443988271, 'k_t': 0.24732878110524, 'k_b': 0.17689570840961466, 'k_u': 0.043706216679430865, 'R': 4.074823302238003, 'm1': 0.22782031039496295, 'm2': 0.1640776373645523, 'l1cg': 0.08521904342297149, 'l1': 0.15771516400673186, 'l2cg': 0.06947679641089156, 'I1z': 0.0006010055906544528, 'I2x': 0.0003325055335836705, 'I2y': 1.8543325742979152e-05, 'I2z': 0.00034601479340175116}, 'init_theta_std_deg': 7.4688125423605145, 'init_alpha_std_deg': 10.410047533930236, 'init_theta_dot_std': 0.3019257501942814, 'init_alpha_dot_std': 0.9173279310029564, 'pwm_limit': 144.05437860680786, 'pwm_gain': 0.9876420275230654, 'pwm_bias': 0.6798357767268595, 'pwm_deadzone': 2.4418458300505, 'pwm_noise_sigma': 0.5092024164336765, 'actuator_tau': 0.0034847271370261283, 'action_delay_steps': 0, 'theta_bias': -0.00023021750791039965, 'alpha_bias': 0.00014730311004731078, 'theta_sigma': 0.0013064678309009454, 'alpha_sigma': 0.002919838640905331, 'theta_dot_sigma': 0.16701548329499039, 'alpha_dot_sigma': 0.008791739715042624, 'encoder_quantization_rad': 0.0002927111578185625, 'velocity_lpf': 0.25, 'process_theta_dot_sigma': 0.0, 'process_alpha_dot_sigma': 0.0}"
4745491,4,randomization_0.50,0.5,"{'level': 0.5, 'physical': {'g': 9.677260932094116, 'c_theta': 0.021528681047029017, 'c_alpha': 0.002245930471055882, 'k_t': 0.20838067011216727, 'k_b': 0.1730234399913268, 'k_u': 0.0424990995381208, 'R': 4.066754428072665, 'm1': 0.19965640909732266, 'm2': 0.1616901898073893, 'l1cg': 0.08287016200774742, 'l1': 0.1472905539343635, 'l2cg': 0.07450915429200633, 'I1z': 0.00040119221420433643, 'I2x': 0.0003387040276651471, 'I2y': 2.2043098350303713e-05, 'I2z': 0.00045870258745133217}, 'init_theta_std_deg': 6.201993080918507, 'init_alpha_std_deg': 6.578219659075291, 'init_theta_dot_std': 0.10183627546860549, 'init_alpha_dot_std': 0.6702218549682333, 'pwm_limit': 138.45353039829152, 'pwm_gain': 0.999228166679971, 'pwm_bias': 1.9444361272195088, 'pwm_deadzone': 3.0743582976992183, 'pwm_noise_sigma': 0.84352327905862, 'actuator_tau': 0.009279542979206466, 'action_delay_steps': 0, 'theta_bias': 0.00027032408356502335, 'alpha_bias': 0.0048181932359591525, 'theta_sigma': 0.002075908571000348, 'alpha_sigma': 0.007066303356101315, 'theta_dot_sigma': 0.10512525284848297, 'alpha_dot_sigma': 0.2719094220902022, 'encoder_quantization_rad': 0.00033941638501982103, 'velocity_lpf': 0.25, 'process_theta_dot_sigma': 0.0, 'process_alpha_dot_sigma': 0.0}"
4747491,4,randomization_0.50,0.5,"{'level': 0.5, 'physical': {'g': 9.9007292968105, 'c_theta': 0.028369389535911196, 'c_alpha': 0.0022202569567699735, 'k_t': 0.2548759544473598, 'k_b': 0.20198661581526273, 'k_u': 0.04391753148680486, 'R': 4.77869484355927, 'm1': 0.20047411697274578, 'm2': 0.16481442873276517, 'l1cg': 0.08385951892939336, 'l1': 0.1530728540918091, 'l2cg': 0.06686521187824257, 'I1z': 0.0005227041233998828, 'I2x': 0.00034818809382669244, 'I2y': 2.5168283875423707e-05, 'I2z': 0.00038311287571922133}, 'init_theta_std_deg': 6.981254530321839, 'init_alpha_std_deg': 6.951393852775491, 'init_theta_dot_std': 0.3442430386056283, 'init_alpha_dot_std': 0.9445830591007005, 'pwm_limit': 152.47913891159186, 'pwm_gain': 0.9816426512683589, 'pwm_bias': -1.1151238081086223, 'pwm_deadzone': 2.425844467237361, 'pwm_noise_sigma': 0.50305559474688, 'actuator_tau': 0.0031776353300973165, 'action_delay_steps': 1, 'theta_bias': -0.0031441851374649434, 'alpha_bias': -0.00011311927987659542, 'theta_sigma': 0.0026213081298016028, 'alpha_sigma': 0.002653110983278798, 'theta_dot_sigma': 0.0004667559634671331, 'alpha_dot_sigma': 0.2705989299404418, 'encoder_quantization_rad': 0.00025103605198857447, 'velocity_lpf': 0.25, 'process_theta_dot_sigma': 0.0, 'process_alpha_dot_sigma': 0.0}"
4749491,4,randomization_0.50,0.5,"{'level': 0.5, 'physical': {'g': 9.988454841099058, 'c_theta': 0.032566879088985486, 'c_alpha': 0.0011272270368346353, 'k_t': 0.2146354881885979, 'k_b': 0.20553396041851327, 'k_u': 0.04620996081477881, 'R': 4.343308237914978, 'm1': 0.2000267450178121, 'm2': 0.15850695089868466, 'l1cg': 0.07559273075397675, 'l1': 0.14879731901238558, 'l2cg': 0.0635013576636982, 'I1z': 0.0006518152313055332, 'I2x': 0.00033567004415485305, 'I2y': 2.2207089838403348e-05, 'I2z': 0.00041736542935410386}, 'init_theta_std_deg': 7.0303240699685094, 'init_alpha_std_deg': 10.277043799156445, 'init_theta_dot_std': 0.42459192874702656, 'init_alpha_dot_std': 0.9733758185605719, 'pwm_limit': 145.20508729341952, 'pwm_gain': 1.043052225793636, 'pwm_bias': -1.0634616055754162, 'pwm_deadzone': 2.0578199145246288, 'pwm_noise_sigma': 0.9142510141165007, 'actuator_tau': 0.01132117642489005, 'action_delay_steps': 1, 'theta_bias': -0.003942903475336897, 'alpha_bias': -0.001800816852370201, 'theta_sigma': 0.0018925591521783023, 'alpha_sigma': 0.007316215230802439, 'theta_dot_sigma': 0.0944631920632608, 'alpha_dot_sigma': 0.13311001986740598, 'encoder_quantization_rad': 0.0003679365605049135, 'velocity_lpf': 0.25, 'process_theta_dot_sigma': 0.0, 'process_alpha_dot_sigma': 0.0}"
4751491,4,randomization_0.50,0.5,"{'level': 0.5, 'physical': {'g': 9.983381876366474, 'c_theta': 0.040688802100627974, 'c_alpha': 0.0017254539421886967, 'k_t': 0.24370379758888322, 'k_b': 0.18529022694467473, 'k_u': 0.0431432657416434, 'R': 3.8826334916736083, 'm1': 0.19303291956023633, 'm2': 0.1511929373911384, 'l1cg': 0.08465981170348268, 'l1': 0.14759211392068977, 'l2cg': 0.06758858195644218, 'I1z': 0.00038666097679220543, 'I2x': 0.0003346405278685913, 'I2y': 2.3834611366349177e-05, 'I2z': 0.0003058246274631487}, 'init_theta_std_deg': 5.453680714148042, 'init_alpha_std_deg': 8.490659706688135, 'init_theta_dot_std': 0.16134101576444412, 'init_alpha_dot_std': 0.3171016590169946, 'pwm_limit': 144.53404259091718, 'pwm_gain': 0.976578730633228, 'pwm_bias': 0.7239985379575717, 'pwm_deadzone': 3.6471078362826104, 'pwm_noise_sigma': 0.25116582035428114, 'actuator_tau': 0.00016623983340061433, 'action_delay_steps': 0, 'theta_bias': 0.0022941969062021082, 'alpha_bias': 0.002670852506519506, 'theta_sigma': 0.0016549363240956061, 'alpha_sigma': 0.005672162555589533, 'theta_dot_sigma': 0.08549729811278761, 'alpha_dot_sigma': 0.13854416284472165, 'encoder_quantization_rad': 8.119680283093456e-06, 'velocity_lpf': 0.22765263819471415, 'process_theta_dot_sigma': 0.0, 'process_alpha_dot_sigma': 0.0}"
4753491,4,randomization_0.50,0.5,"{'level': 0.5, 'physical': {'g': 9.987897513524208, 'c_theta': 0.03440009729114301, 'c_alpha': 0.0021602828008887224, 'k_t': 0.2119297852921845, 'k_b': 0.18356406939413175, 'k_u': 0.045453571790550165, 'R': 4.060795324596363, 'm1': 0.18649960823690423, 'm2': 0.16454415605099748, 'l1cg': 0.08130011782892757, 'l1': 0.1488227715646451, 'l2cg': 0.07249290506458089, 'I1z': 0.0004717993483924883, 'I2x': 0.0003723604018211166, 'I2y': 2.191040126082712e-05, 'I2z': 0.0003511182926396755}, 'init_theta_std_deg': 3.9057964188105116, 'init_alpha_std_deg': 7.608212890312915, 'init_theta_dot_std': 0.538282999184227, 'init_alpha_dot_std': 0.16607192891134492, 'pwm_limit': 144.99334757319485, 'pwm_gain': 0.9516339775261367, 'pwm_bias': -0.6198224878748246, 'pwm_deadzone': 0.17579712314896967, 'pwm_noise_sigma': 0.3999821698492223, 'actuator_tau': 0.002200053799033987, 'action_delay_steps': 1, 'theta_bias': -7.043539201887273e-05, 'alpha_bias': 0.003908350471561071, 'theta_sigma': 0.0018629503557462917, 'alpha_sigma': 1.2568946242880186e-05, 'theta_dot_sigma': 0.16274251865591002, 'alpha_dot_sigma': 0.1747804445715046, 'encoder_quantization_rad': 0.0005586767870793251, 'velocity_lpf': 0.25, 'process_theta_dot_sigma': 0.0, 'process_alpha_dot_sigma': 0.0}"
4755491,4,randomization_0.50,0.5,"{'level': 0.5, 'physical': {'g': 9.87364694522461, 'c_theta': 0.01883890914929003, 'c_alpha': 0.0011467545583757548, 'k_t': 0.22490901536811875, 'k_b': 0.16953188675225433, 'k_u': 0.050391430181231905, 'R': 4.738645673642447, 'm1': 0.19493722615904943, 'm2': 0.14845408427691248, 'l1cg': 0.0750264652232904, 'l1': 0.15832142042605524, 'l2cg': 0.0694104047971577, 'I1z': 0.0005539634946174956, 'I2x': 0.000385471230410843, 'I2y': 2.3798103329854416e-05, 'I2z': 0.00041862636022816063}, 'init_theta_std_deg': 6.815920719219111, 'init_alpha_std_deg': 8.721769959844567, 'init_theta_dot_std': 0.38756742182334525, 'init_alpha_dot_std': 1.2369669267077494, 'pwm_limit': 150.17216998728776, 'pwm_gain': 1.0200751457894701, 'pwm_bias': 1.3171521783300362, 'pwm_deadzone': 0.7932697838811281, 'pwm_noise_sigma': 0.9507292293852521, 'actuator_tau': 0.0024804357008002234, 'action_delay_steps': 1, 'theta_bias': 0.0014858289088949118, 'alpha_bias': -0.003776555402229206, 'theta_sigma': 0.0009118637320205159, 'alpha_sigma': 0.001780502210466668, 'theta_dot_sigma': 0.08343046256820971, 'alpha_dot_sigma': 0.1818479608847114, 'encoder_quantization_rad': 2.762943475811444e-05, 'velocity_lpf': 0.23824150544167816, 'process_theta_dot_sigma': 0.0, 'process_alpha_dot_sigma': 0.0}"
4757491,4,randomization_0.50,0.5,"{'level': 0.5, 'physical': {'g': 9.783217187959298, 'c_theta': 0.04908033693771871, 'c_alpha': 0.0019859884439635926, 'k_t': 0.2433202334965891, 'k_b': 0.185632390067351, 'k_u': 0.05373247758364998, 'R': 4.150081905039219, 'm1': 0.18060249254866592, 'm2': 0.15756449410566592, 'l1cg': 0.07773162340255031, 'l1': 0.1524615907332687, 'l2cg': 0.05984939300912575, 'I1z': 0.0006592013781246223, 'I2x': 0.00036806914053352666, 'I2y': 2.3809923527085062e-05, 'I2z': 0.0002837342427377574}, 'init_theta_std_deg': 5.7878368754653335, 'init_alpha_std_deg': 9.055599532172106, 'init_theta_dot_std': 0.6033432608962216, 'init_alpha_dot_std': 1.1592411612657068, 'pwm_limit': 138.9352305081954, 'pwm_gain': 1.0043508325216939, 'pwm_bias': -1.558407386765479, 'pwm_deadzone': 3.6887322073513773, 'pwm_noise_sigma': 0.7305693472603463, 'actuator_tau': 0.01109697665134086, 'action_delay_steps': 1, 'theta_bias': -0.0015556173998934819, 'alpha_bias': 0.004971002075456873, 'theta_sigma': 0.002587973293486115, 'alpha_sigma': 0.0031144340920702595, 'theta_dot_sigma': 0.05477699078753911, 'alpha_dot_sigma': 0.08369355153226035, 'encoder_quantization_rad': 0.00013692092958149783, 'velocity_lpf': 0.25, 'process_theta_dot_sigma': 0.0, 'process_alpha_dot_sigma': 0.0}"
4759491,4,randomization_0.50,0.5,"{'level': 0.5, 'physical': {'g': 9.800479368224048, 'c_theta': 0.025217308517182537, 'c_alpha': 0.0014842704137986674, 'k_t': 0.21980328650872957, 'k_b': 0.1670711870466043, 'k_u': 0.0435608192554983, 'R': 4.429018610950373, 'm1': 0.20913293537815755, 'm2': 0.16524970792285887, 'l1cg': 0.08038996297835328, 'l1': 0.15007956183639937, 'l2cg': 0.06946184804835123, 'I1z': 0.0006366173056641064, 'I2x': 0.0004055640310367394, 'I2y': 1.806255465745756e-05, 'I2z': 0.0003970160386823857}, 'init_theta_std_deg': 6.967931270555805, 'init_alpha_std_deg': 10.239169411234881, 'init_theta_dot_std': 0.4499284349109003, 'init_alpha_dot_std': 0.7664288257497288, 'pwm_limit': 145.24368892459134, 'pwm_gain': 1.0071814261674874, 'pwm_bias': 1.5317014329008845, 'pwm_deadzone': 3.490276764249955, 'pwm_noise_sigma': 0.8202238525960691, 'actuator_tau': 0.0019464434196073443, 'action_delay_steps': 1, 'theta_bias': -0.004213274990899506, 'alpha_bias': -0.0040733367155583525, 'theta_sigma': 0.001301654605626443, 'alpha_sigma': 0.009750114670890564, 'theta_dot_sigma': 0.07295738654679988, 'alpha_dot_sigma': 0.2810821690916966, 'encoder_quantization_rad': 0.000658474744549628, 'velocity_lpf': 0.25, 'process_theta_dot_sigma': 0.0, 'process_alpha_dot_sigma': 0.0}"
4761491,4,randomization_0.50,0.5,"{'level': 0.5, 'physical': {'g': 9.971579436549815, 'c_theta': 0.028135526879392254, 'c_alpha': 0.001888897216537426, 'k_t': 0.20460880736174109, 'k_b': 0.19795917507279578, 'k_u': 0.04981953890627066, 'R': 4.576104025734421, 'm1': 0.18943080934886494, 'm2': 0.16048369626573813, 'l1cg': 0.07767168821792378, 'l1': 0.15032687615164664, 'l2cg': 0.062335006012841775, 'I1z': 0.0006044804131916365, 'I2x': 0.0003767488235856554, 'I2y': 1.8007420949312844e-05, 'I2z': 0.0003019823356109765}, 'init_theta_std_deg': 6.691890895104125, 'init_alpha_std_deg': 6.092045139463338, 'init_theta_dot_std': 0.381800772918669, 'init_alpha_dot_std': 0.7303802578706943, 'pwm_limit': 150.66345953122774, 'pwm_gain': 0.975230243803287, 'pwm_bias': 0.4093559178200312, 'pwm_deadzone': 0.6722476114177883, 'pwm_noise_sigma': 0.8258447438094562, 'actuator_tau': 0.012936554111947106, 'action_delay_steps': 1, 'theta_bias': -0.002396386545027457, 'alpha_bias': 0.0011192775583405107, 'theta_sigma': 0.002080137297302616, 'alpha_sigma': 0.0003260238805453808, 'theta_dot_sigma': 0.12985175868928273, 'alpha_dot_sigma': 0.07954193464467339, 'encoder_quantization_rad': 0.00017706105599473164, 'velocity_lpf': 0.25, 'process_theta_dot_sigma': 0.0, 'process_alpha_dot_sigma': 0.0}"
4763491,4,randomization_0.50,0.5,"{'level': 0.5, 'physical': {'g': 9.715942440450993, 'c_theta': 0.033519066508609925, 'c_alpha': 0.0019735010981219983, 'k_t': 0.22458036183764454, 'k_b': 0.191489325441735, 'k_u': 0.04144085795380447, 'R': 4.44341547333342, 'm1': 0.21609215941396367, 'm2': 0.15493769756060735, 'l1cg': 0.08007888221137371, 'l1': 0.15718682135714854, 'l2cg': 0.07299219352031343, 'I1z': 0.0006591911879978974, 'I2x': 0.00034238856695467776, 'I2y': 1.822822413431445e-05, 'I2z': 0.00043445570658598654}, 'init_theta_std_deg': 5.307458795915217, 'init_alpha_std_deg': 11.347697267200793, 'init_theta_dot_std': 0.21219703955795094, 'init_alpha_dot_std': 0.620972446076088, 'pwm_limit': 144.24349415349857, 'pwm_gain': 0.9707955332620034, 'pwm_bias': 0.2576742563355472, 'pwm_deadzone': 3.7595270378564667, 'pwm_noise_sigma': 0.3773409264763511, 'actuator_tau': 0.010004233226846819, 'action_delay_steps': 0, 'theta_bias': -0.0018161901260405, 'alpha_bias': 0.002249568507602433, 'theta_sigma': 0.0006468449938541812, 'alpha_sigma': 0.00794107149656077, 'theta_dot_sigma': 0.08928590280921286, 'alpha_dot_sigma': 0.2677837364500961, 'encoder_quantization_rad': 0.0006245882004933713, 'velocity_lpf': 0.25, 'process_theta_dot_sigma': 0.0, 'process_alpha_dot_sigma': 0.0}"
4765491,4,randomization_0.50,0.5,"{'level': 0.5, 'physical': {'g': 10.022267667780804, 'c_theta': 0.028203912774462027, 'c_alpha': 0.0014440042252408147, 'k_t': 0.21675524942007302, 'k_b': 0.1868241613008217, 'k_u': 0.04663582739617346, 'R': 4.431590638120606, 'm1': 0.22674157699948386, 'm2': 0.16859384611802974, 'l1cg': 0.08245660475799305, 'l1': 0.15517313347316103, 'l2cg': 0.0730678461862453, 'I1z': 0.0005646472768473631, 'I2x': 0.0003790245485245355, 'I2y': 1.817133448220381e-05, 'I2z': 0.0004321733826536311}, 'init_theta_std_deg': 5.256655133925327, 'init_alpha_std_deg': 7.026668478974309, 'init_theta_dot_std': 0.5970822638126003, 'init_alpha_dot_std': 0.0037946725142018467, 'pwm_limit': 137.20602842825028, 'pwm_gain': 1.0037500061347158, 'pwm_bias': 0.0007805402372453862, 'pwm_deadzone': 0.9113613975383861, 'pwm_noise_sigma': 0.6421984177269091, 'actuator_tau': 0.010778905999543013, 'action_delay_steps': 1, 'theta_bias': 0.001896832955759914, 'alpha_bias': 0.005189377372597929, 'theta_sigma': 0.002680187824233571, 'alpha_sigma': 0.009412821334021264, 'theta_dot_sigma': 0.006044618277228761, 'alpha_dot_sigma': 0.2268088648896521, 'encoder_quantization_rad': 0.0005959203656798424, 'velocity_lpf': 0.25, 'process_theta_dot_sigma': 0.0, 'process_alpha_dot_sigma': 0.0}"
4767491,4,randomization_0.50,0.5,"{'level': 0.5, 'physical': {'g': 9.883409071825428, 'c_theta': 0.034031100734908885, 'c_alpha': 0.0008760796346916333, 'k_t': 0.2173034235683485, 'k_b': 0.2031630225211048, 'k_u': 0.05128228769682683, 'R': 4.790095327575333, 'm1': 0.19405698641322644, 'm2': 0.1595482591853808, 'l1cg': 0.07990587817403874, 'l1': 0.15644324804015072, 'l2cg': 0.06765861669098219, 'I1z': 0.0005878255263124502, 'I2x': 0.00034461394086320686, 'I2y': 3.1642224873895065e-05, 'I2z': 0.00048249037298189377}, 'init_theta_std_deg': 4.079204636210255, 'init_alpha_std_deg': 11.811060408098927, 'init_theta_dot_std': 0.5746088415383432, 'init_alpha_dot_std': 0.8779161354806885, 'pwm_limit': 153.4139182790863, 'pwm_gain': 0.9577658396686968, 'pwm_bias': -0.8065868181941616, 'pwm_deadzone': 3.2961733867031002, 'pwm_noise_sigma': 0.5206469139646795, 'actuator_tau': 0.0041374288594777375, 'action_delay_steps': 0, 'theta_bias': 0.0025805600012753617, 'alpha_bias': -0.002234380719335694, 'theta_sigma': 0.0027293467623378093, 'alpha_sigma': 0.006137156750871199, 'theta_dot_sigma': 0.09507460903283466, 'alpha_dot_sigma': 0.15396575724743414, 'encoder_quantization_rad': 8.848976081562271e-05, 'velocity_lpf': 0.25, 'process_theta_dot_sigma': 0.0, 'process_alpha_dot_sigma': 0.0}"
4769491,4,randomization_0.50,0.5,"{'level': 0.5, 'physical': {'g': 9.557125792881658, 'c_theta': 0.01571644828215699, 'c_alpha': 0.0014076767933276935, 'k_t': 0.22636961996503685, 'k_b': 0.21035911096290683, 'k_u': 0.044503021168847405, 'R': 4.104507741508575, 'm1': 0.22471665463059942, 'm2': 0.16350943962242337, 'l1cg': 0.07528897279591774, 'l1': 0.15281910199873724, 'l2cg': 0.06469239038267784, 'I1z': 0.0005812024395972559, 'I2x': 0.00035568048847384355, 'I2y': 2.9655352900638968e-05, 'I2z': 0.000323374710298159}, 'init_theta_std_deg': 3.692636637799341, 'init_alpha_std_deg': 10.545661872320498, 'init_theta_dot_std': 0.7193273851861214, 'init_alpha_dot_std': 0.0872036929350789, 'pwm_limit': 145.8147959087437, 'pwm_gain': 1.026461496125381, 'pwm_bias': -1.0802270819886397, 'pwm_deadzone': 4.0912854423794185, 'pwm_noise_sigma': 0.9142023806414923, 'actuator_tau': 0.013263615751013126, 'action_delay_steps': 0, 'theta_bias': 0.00037964083816414474, 'alpha_bias': -0.005788403245021882, 'theta_sigma': 0.002711255597581799, 'alpha_sigma': 0.004709826947204367, 'theta_dot_sigma': 0.06158702178089214, 'alpha_dot_sigma': 0.0991059461823265, 'encoder_quantization_rad': 0.0005384650713522741, 'velocity_lpf': 0.25, 'process_theta_dot_sigma': 0.0, 'process_alpha_dot_sigma': 0.0}"
4771491,4,randomization_0.50,0.5,"{'level': 0.5, 'physical': {'g': 9.754877772047179, 'c_theta': 0.04554340078898942, 'c_alpha': 0.002562961074559565, 'k_t': 0.24465530229359328, 'k_b': 0.17100789112896836, 'k_u': 0.0496778818827041, 'R': 3.949053949776114, 'm1': 0.2227888983755159, 'm2': 0.1553640242952647, 'l1cg': 0.07909845132619123, 'l1': 0.14880931208425638, 'l2cg': 0.0708596380815989, 'I1z': 0.00046543737520218033, 'I2x': 0.00039689023167016607, 'I2y': 1.9128525180345837e-05, 'I2z': 0.0004409118659034205}, 'init_theta_std_deg': 5.627013641468261, 'init_alpha_std_deg': 8.478376488525047, 'init_theta_dot_std': 0.06608156472737967, 'init_alpha_dot_std': 0.22318367078064935, 'pwm_limit': 146.73037956085273, 'pwm_gain': 1.0021909714094646, 'pwm_bias': -1.2173196035131828, 'pwm_deadzone': 0.3739046072967728, 'pwm_noise_sigma': 0.6210303169790191, 'actuator_tau': 0.007268148038332773, 'action_delay_steps': 0, 'theta_bias': 0.00453076860206126, 'alpha_bias': -0.0035981239152455295, 'theta_sigma': 0.0020266836145032057, 'alpha_sigma': 0.006013792737556636, 'theta_dot_sigma': 0.032031904816167474, 'alpha_dot_sigma': 0.05942938929045098, 'encoder_quantization_rad': 0.0006856701065999951, 'velocity_lpf': 0.25, 'process_theta_dot_sigma': 0.0, 'process_alpha_dot_sigma': 0.0}"
4773491,4,randomization_0.50,0.5,"{'level': 0.5, 'physical': {'g': 9.634290798323493, 'c_theta': 0.022268499493497896, 'c_alpha': 0.0009519111701068702, 'k_t': 0.25655070572948874, 'k_b': 0.20596052677331667, 'k_u': 0.05273655686389017, 'R': 4.670730413691252, 'm1': 0.19493547380912826, 'm2': 0.15052486859024755, 'l1cg': 0.08127831372805708, 'l1': 0.15766388832498435, 'l2cg': 0.06724292121997666, 'I1z': 0.0005881353753243029, 'I2x': 0.0003527969021956086, 'I2y': 2.0439845481623042e-05, 'I2z': 0.00038722386335465336}, 'init_theta_std_deg': 5.531308335886838, 'init_alpha_std_deg': 9.315063757247032, 'init_theta_dot_std': 0.6053877297618699, 'init_alpha_dot_std': 0.2120304904683898, 'pwm_limit': 142.85670618092846, 'pwm_gain': 1.019826382149151, 'pwm_bias': 0.8405281597678047, 'pwm_deadzone': 4.276220177924831, 'pwm_noise_sigma': 0.5217181236910884, 'actuator_tau': 0.004514007486147579, 'action_delay_steps': 0, 'theta_bias': 0.0035254481160715235, 'alpha_bias': -0.0015888370182786634, 'theta_sigma': 0.0011088243110113686, 'alpha_sigma': 0.009711678032921986, 'theta_dot_sigma': 0.09787010643390433, 'alpha_dot_sigma': 0.09715304836989033, 'encoder_quantization_rad': 0.00016124657255300076, 'velocity_lpf': 0.25, 'process_theta_dot_sigma': 0.0, 'process_alpha_dot_sigma': 0.0}"
4775491,4,randomization_0.50,0.5,"{'level': 0.5, 'physical': {'g': 9.647246524216866, 'c_theta': 0.017862369780963058, 'c_alpha': 0.0010709359137835333, 'k_t': 0.21291271082144314, 'k_b': 0.17854113206677258, 'k_u': 0.052906534222041106, 'R': 3.969275279009764, 'm1': 0.18283072303455877, 'm2': 0.1466633923851687, 'l1cg': 0.0848953725386792, 'l1': 0.15169794616386606, 'l2cg': 0.06855681419052116, 'I1z': 0.00038403916439168286, 'I2x': 0.00038170870957978694, 'I2y': 1.7861838681977525e-05, 'I2z': 0.000283797209567819}, 'init_theta_std_deg': 5.940605244394227, 'init_alpha_std_deg': 10.297819288530203, 'init_theta_dot_std': 0.18388156999140456, 'init_alpha_dot_std': 1.1389931427216908, 'pwm_limit': 150.01014043153626, 'pwm_gain': 0.98176471652968, 'pwm_bias': 1.8846813689133817, 'pwm_deadzone': 2.788284192753268, 'pwm_noise_sigma': 0.5001415081960396, 'actuator_tau': 0.014805451155769402, 'action_delay_steps': 0, 'theta_bias': -0.0002592800883953428, 'alpha_bias': 0.004335678518863725, 'theta_sigma': 0.0004884897992824772, 'alpha_sigma': 0.008601064202305508, 'theta_dot_sigma': 0.10146223996716673, 'alpha_dot_sigma': 0.22844712327402614, 'encoder_quantization_rad': 0.00023322625809179162, 'velocity_lpf': 0.25, 'process_theta_dot_sigma': 0.0, 'process_alpha_dot_sigma': 0.0}"
4777491,4,randomization_0.50,0.5,"{'level': 0.5, 'physical': {'g': 9.609427630908188, 'c_theta': 0.021714298454550092, 'c_alpha': 0.0012686199187308305, 'k_t': 0.22890927353590057, 'k_b': 0.1923802291925427, 'k_u': 0.05305494626743717, 'R': 4.40803965298253, 'm1': 0.2069426185119008, 'm2': 0.1680180283370745, 'l1cg': 0.08525234138374126, 'l1': 0.15780568914538884, 'l2cg': 0.06158973242469086, 'I1z': 0.000553677156463199, 'I2x': 0.0003573950784280279, 'I2y': 2.94956367627241e-05, 'I2z': 0.0003351478114381603}, 'init_theta_std_deg': 5.842384756722989, 'init_alpha_std_deg': 11.118512744065548, 'init_theta_dot_std': 0.6718177235297602, 'init_alpha_dot_std': 0.08391303712759257, 'pwm_limit': 136.53265116781952, 'pwm_gain': 1.0038944074125036, 'pwm_bias': 1.908626509466837, 'pwm_deadzone': 0.6835465326022, 'pwm_noise_sigma': 0.22874097553969164, 'actuator_tau': 0.012510534276216722, 'action_delay_steps': 0, 'theta_bias': -0.0001089669859738629, 'alpha_bias': 0.005038187032964632, 'theta_sigma': 0.0001533511404315996, 'alpha_sigma': 0.008458437010674792, 'theta_dot_sigma': 0.06525183863611156, 'alpha_dot_sigma': 0.09463273358283203, 'encoder_quantization_rad': 0.00028214894944536453, 'velocity_lpf': 0.2456129572040947, 'process_theta_dot_sigma': 0.0, 'process_alpha_dot_sigma': 0.0}"
4779491,4,randomization_0.50,0.5,"{'level': 0.5, 'physical': {'g': 9.7154450437635, 'c_theta': 0.03711475014544632, 'c_alpha': 0.0017623473767471461, 'k_t': 0.21936059149121268, 'k_b': 0.17765207166343033, 'k_u': 0.04802457509500042, 'R': 4.6680883257770605, 'm1': 0.22499703282254657, 'm2': 0.1514655415996563, 'l1cg': 0.0811059821611297, 'l1': 0.15107654022265324, 'l2cg': 0.06232835122574011, 'I1z': 0.0005523578892861519, 'I2x': 0.0003672309543139436, 'I2y': 2.3648591742122453e-05, 'I2z': 0.0005046902462657589}, 'init_theta_std_deg': 5.460249824734738, 'init_alpha_std_deg': 11.051618744468957, 'init_theta_dot_std': 0.22764613067706427, 'init_alpha_dot_std': 0.1280002675193241, 'pwm_limit': 141.791481409396, 'pwm_gain': 1.0074139691333772, 'pwm_bias': 1.2702529687291504, 'pwm_deadzone': 0.9705532335223493, 'pwm_noise_sigma': 0.8256324796977033, 'actuator_tau': 0.009358852929037107, 'action_delay_steps': 0, 'theta_bias': -0.0028520735317412883, 'alpha_bias': -0.005838248550618572, 'theta_sigma': 0.002011655026639976, 'alpha_sigma': 0.007562906259518588, 'theta_dot_sigma': 0.024387218033560525, 'alpha_dot_sigma': 0.20155482366414862, 'encoder_quantization_rad': 0.000586483027246053, 'velocity_lpf': 0.2650707557145333, 'process_theta_dot_sigma': 0.0, 'process_alpha_dot_sigma': 0.0}"
4781491,4,randomization_0.50,0.5,"{'level': 0.5, 'physical': {'g': 9.772574801821806, 'c_theta': 0.03571344101563917, 'c_alpha': 0.0010456088555981092, 'k_t': 0.2156946134246102, 'k_b': 0.18710684691337415, 'k_u': 0.0504710837468069, 'R': 4.661269204271578, 'm1': 0.220789927860185, 'm2': 0.1497314626862923, 'l1cg': 0.07429381632326396, 'l1': 0.15379660402170084, 'l2cg': 0.07256085703157325, 'I1z': 0.000396877817024166, 'I2x': 0.0004043310632974305, 'I2y': 3.122437833306711e-05, 'I2z': 0.0004088331516873735}, 'init_theta_std_deg': 7.140502290179848, 'init_alpha_std_deg': 9.21171484692712, 'init_theta_dot_std': 0.2714794971434469, 'init_alpha_dot_std': 0.4614972112703647, 'pwm_limit': 136.2542273397087, 'pwm_gain': 0.9583008002558242, 'pwm_bias': 0.3164088662336164, 'pwm_deadzone': 2.936520022894755, 'pwm_noise_sigma': 0.3822642763467132, 'actuator_tau': 0.006485319125320402, 'action_delay_steps': 0, 'theta_bias': -0.00029463468621235614, 'alpha_bias': -0.0029750442258878814, 'theta_sigma': 0.00042267422259856, 'alpha_sigma': 0.0011174361471679307, 'theta_dot_sigma': 0.13875584086337886, 'alpha_dot_sigma': 0.28194590240170286, 'encoder_quantization_rad': 0.0002312017724540145, 'velocity_lpf': 0.25, 'process_theta_dot_sigma': 0.0, 'process_alpha_dot_sigma': 0.0}"
4783491,4,randomization_0.50,0.5,"{'level': 0.5, 'physical': {'g': 9.789914063692226, 'c_theta': 0.03756560899345231, 'c_alpha': 0.0025654793879993166, 'k_t': 0.20783233976119975, 'k_b': 0.20032178461510725, 'k_u': 0.044644803796720256, 'R': 4.425125545195325, 'm1': 0.2012653605249243, 'm2': 0.15191978316771787, 'l1cg': 0.0750356519280418, 'l1': 0.15348436797834178, 'l2cg': 0.0686409221804422, 'I1z': 0.000459783818839084, 'I2x': 0.00033679317048331426, 'I2y': 2.014757204810744e-05, 'I2z': 0.0004966998838197409}, 'init_theta_std_deg': 4.9886406385865545, 'init_alpha_std_deg': 7.130080728538607, 'init_theta_dot_std': 0.34863169847892483, 'init_alpha_dot_std': 0.24221259142382975, 'pwm_limit': 143.04486816361765, 'pwm_gain': 0.975345413575, 'pwm_bias': -0.5035830388028546, 'pwm_deadzone': 3.5840481532218416, 'pwm_noise_sigma': 0.5040900022777776, 'actuator_tau': 0.014506597049484312, 'action_delay_steps': 1, 'theta_bias': -0.0021708496137472087, 'alpha_bias': 0.005850015460040063, 'theta_sigma': 0.0024702825254024857, 'alpha_sigma': 0.003553866951904734, 'theta_dot_sigma': 0.11191251157219789, 'alpha_dot_sigma': 0.1527673550870415, 'encoder_quantization_rad': 0.0007326899748121625, 'velocity_lpf': 0.25, 'process_theta_dot_sigma': 0.0, 'process_alpha_dot_sigma': 0.0}"
4785491,4,randomization_0.50,0.5,"{'level': 0.5, 'physical': {'g': 9.792463151992399, 'c_theta': 0.05091357832431494, 'c_alpha': 0.0015341022386283919, 'k_t': 0.2356035260923313, 'k_b': 0.2020715858179538, 'k_u': 0.047858601853274306, 'R': 4.254565700960996, 'm1': 0.18661565820512582, 'm2': 0.15599262841663275, 'l1cg': 0.07640991476928312, 'l1': 0.1485328386965151, 'l2cg': 0.07475532945159113, 'I1z': 0.00046564486722298226, 'I2x': 0.0003585183282224035, 'I2y': 2.7898021027873358e-05, 'I2z': 0.0004109371451354059}, 'init_theta_std_deg': 4.452918673746664, 'init_alpha_std_deg': 9.850898142514133, 'init_theta_dot_std': 0.2820251565302839, 'init_alpha_dot_std': 0.5403799466287306, 'pwm_limit': 147.97637391380403, 'pwm_gain': 0.9592844329305044, 'pwm_bias': 0.6202373436789932, 'pwm_deadzone': 0.6269616600737793, 'pwm_noise_sigma': 0.7723850486803198, 'actuator_tau': 0.005401141755814949, 'action_delay_steps': 0, 'theta_bias': -0.000776932000562719, 'alpha_bias': 0.0019573445306832033, 'theta_sigma': 0.0017055619995145906, 'alpha_sigma': 0.0039884916658354435, 'theta_dot_sigma': 0.16811806612403368, 'alpha_dot_sigma': 0.22014592140604713, 'encoder_quantization_rad': 0.0006048138989560278, 'velocity_lpf': 0.25, 'process_theta_dot_sigma': 0.0, 'process_alpha_dot_sigma': 0.0}"
4787491,4,randomization_0.50,0.5,"{'level': 0.5, 'physical': {'g': 9.689189032297003, 'c_theta': 0.015811539826334983, 'c_alpha': 0.0015764671715215175, 'k_t': 0.21015912168662532, 'k_b': 0.19322765872978478, 'k_u': 0.051674540061406496, 'R': 4.796027718030207, 'm1': 0.20776739754488432, 'm2': 0.15764693827809728, 'l1cg': 0.0778845068836573, 'l1': 0.14750536903940673, 'l2cg': 0.05867525761944754, 'I1z': 0.00044251283821272253, 'I2x': 0.000383942733569873, 'I2y': 2.5380759359256333e-05, 'I2z': 0.0003065351806705262}, 'init_theta_std_deg': 3.5879826039798095, 'init_alpha_std_deg': 7.6092557226264415, 'init_theta_dot_std': 0.40808221363142516, 'init_alpha_dot_std': 0.20672654688629374, 'pwm_limit': 144.47057100668155, 'pwm_gain': 0.9729455696454647, 'pwm_bias': 1.862824248546378, 'pwm_deadzone': 4.4012397895596544, 'pwm_noise_sigma': 0.2589509551484773, 'actuator_tau': 0.01164464663650456, 'action_delay_steps': 1, 'theta_bias': 7.00697043780607e-05, 'alpha_bias': -0.0027575496244646985, 'theta_sigma': 0.0014319487254635065, 'alpha_sigma': 0.009712503981696863, 'theta_dot_sigma': 0.05997445493962274, 'alpha_dot_sigma': 0.12306166341968605, 'encoder_quantization_rad': 0.0005703760558698934, 'velocity_lpf': 0.2656180137017582, 'process_theta_dot_sigma': 0.0, 'process_alpha_dot_sigma': 0.0}"
4789491,4,randomization_0.50,0.5,"{'level': 0.5, 'physical': {'g': 10.037920814865435, 'c_theta': 0.034274731195818406, 'c_alpha': 0.0018352556987458316, 'k_t': 0.2437615465490459, 'k_b': 0.2051206018985546, 'k_u': 0.05072671602479492, 'R': 4.718713231687951, 'm1': 0.18694323332359222, 'm2': 0.14856649209857548, 'l1cg': 0.07767844789901063, 'l1': 0.1457969100233863, 'l2cg': 0.06799237043528199, 'I1z': 0.0006266874255767695, 'I2x': 0.0003391650623749958, 'I2y': 1.790796270046813e-05, 'I2z': 0.0004483513568661764}, 'init_theta_std_deg': 4.831673293629562, 'init_alpha_std_deg': 8.74319804529891, 'init_theta_dot_std': 0.042990321657540215, 'init_alpha_dot_std': 0.2011382446901165, 'pwm_limit': 138.976799557884, 'pwm_gain': 0.9532596868795402, 'pwm_bias': -0.42196279466900455, 'pwm_deadzone': 0.20196592266046032, 'pwm_noise_sigma': 0.9757617685619344, 'actuator_tau': 0.005893625771506518, 'action_delay_steps': 1, 'theta_bias': 0.0007680553992104678, 'alpha_bias': -0.004196742845251831, 'theta_sigma': 0.0022424579611809315, 'alpha_sigma': 0.0032510761880965057, 'theta_dot_sigma': 0.024107368915511355, 'alpha_dot_sigma': 0.251934799330382, 'encoder_quantization_rad': 0.0001660059413706456, 'velocity_lpf': 0.25, 'process_theta_dot_sigma': 0.0, 'process_alpha_dot_sigma': 0.0}"
4791491,4,randomization_0.50,0.5,"{'level': 0.5, 'physical': {'g': 9.73961015176624, 'c_theta': 0.035806591114813845, 'c_alpha': 0.0008932596230666665, 'k_t': 0.226441443402771, 'k_b': 0.18472781066184757, 'k_u': 0.05329727110793575, 'R': 3.894332204271331, 'm1': 0.22005352461310174, 'm2': 0.1485996739856511, 'l1cg': 0.08560227409740431, 'l1': 0.1578288590136308, 'l2cg': 0.06905837478342775, 'I1z': 0.0005249682908848762, 'I2x': 0.00037349853837591627, 'I2y': 2.4394916553381356e-05, 'I2z': 0.0003778229108733111}, 'init_theta_std_deg': 6.647041294487282, 'init_alpha_std_deg': 10.027565228957346, 'init_theta_dot_std': 0.19812905612796342, 'init_alpha_dot_std': 0.6022450495714471, 'pwm_limit': 150.08865370192242, 'pwm_gain': 1.0400765643490302, 'pwm_bias': -1.8425742395914608, 'pwm_deadzone': 1.794234723205061, 'pwm_noise_sigma': 0.5497971526109856, 'actuator_tau': 0.001906594259188138, 'action_delay_steps': 1, 'theta_bias': -0.002891939276169998, 'alpha_bias': -0.0016961494795475222, 'theta_sigma': 0.0005962409566149089, 'alpha_sigma': 0.008507139174292508, 'theta_dot_sigma': 0.10564127267837024, 'alpha_dot_sigma': 0.053660850679919124, 'encoder_quantization_rad': 0.0003146005557012995, 'velocity_lpf': 0.26655851328503194, 'process_theta_dot_sigma': 0.0, 'process_alpha_dot_sigma': 0.0}"
4793491,4,randomization_0.50,0.5,"{'level': 0.5, 'physical': {'g': 9.77628028875241, 'c_theta': 0.02382975658658348, 'c_alpha': 0.0016306126490096716, 'k_t': 0.2461913638621904, 'k_b': 0.18961942411668842, 'k_u': 0.0478866026383313, 'R': 4.622633204959907, 'm1': 0.19825496166147702, 'm2': 0.16831658716701983, 'l1cg': 0.08576278734807298, 'l1': 0.15595489356725345, 'l2cg': 0.07347667275892794, 'I1z': 0.0005865122509909335, 'I2x': 0.00040301365675719417, 'I2y': 2.6114179041801422e-05, 'I2z': 0.00033001027361666523}, 'init_theta_std_deg': 7.320790963911589, 'init_alpha_std_deg': 11.898065519536816, 'init_theta_dot_std': 0.18229087854333834, 'init_alpha_dot_std': 0.8473059170617608, 'pwm_limit': 136.87728709032123, 'pwm_gain': 0.9626653940371991, 'pwm_bias': -1.7448175107502388, 'pwm_deadzone': 1.3363824135484097, 'pwm_noise_sigma': 0.38324243602276586, 'actuator_tau': 0.0033778781648151966, 'action_delay_steps': 0, 'theta_bias': -0.0032987876202425948, 'alpha_bias': -0.0002252949760056553, 'theta_sigma': 0.002322917554457815, 'alpha_sigma': 0.00038844609092542173, 'theta_dot_sigma': 0.16658502612459408, 'alpha_dot_sigma': 0.00866101501308779, 'encoder_quantization_rad': 0.0005600198851465451, 'velocity_lpf': 0.25, 'process_theta_dot_sigma': 0.0, 'process_alpha_dot_sigma': 0.0}"
4795491,4,randomization_0.50,0.5,"{'level': 0.5, 'physical': {'g': 9.67279129732347, 'c_theta': 0.04175923458275488, 'c_alpha': 0.0006723003551279071, 'k_t': 0.20562456763291945, 'k_b': 0.18372239973338617, 'k_u': 0.040263934978740236, 'R': 4.813695165294813, 'm1': 0.21309650490047294, 'm2': 0.15457686351087596, 'l1cg': 0.07622067716860807, 'l1': 0.14612787786648404, 'l2cg': 0.06810685619187515, 'I1z': 0.0004848371643240562, 'I2x': 0.00038780934926929396, 'I2y': 2.2252356077380766e-05, 'I2z': 0.00046110964547853474}, 'init_theta_std_deg': 4.13679321529932, 'init_alpha_std_deg': 11.086460150112035, 'init_theta_dot_std': 0.7137545933927636, 'init_alpha_dot_std': 0.30045033118981185, 'pwm_limit': 143.83004716756324, 'pwm_gain': 0.9732137116712883, 'pwm_bias': -1.4262973536681431, 'pwm_deadzone': 2.3069635450425086, 'pwm_noise_sigma': 0.07530203537285651, 'actuator_tau': 0.010186388721177326, 'action_delay_steps': 0, 'theta_bias': 0.003064381907036413, 'alpha_bias': 0.0011565681382696904, 'theta_sigma': 0.002895306562364848, 'alpha_sigma': 0.0019257969908570928, 'theta_dot_sigma': 0.16507790913443468, 'alpha_dot_sigma': 0.18034933566038727, 'encoder_quantization_rad': 0.00033319784495630027, 'velocity_lpf': 0.25, 'process_theta_dot_sigma': 0.0, 'process_alpha_dot_sigma': 0.0}"
4797491,4,randomization_0.50,0.5,"{'level': 0.5, 'physical': {'g': 9.916314730198405, 'c_theta': 0.038174936370565155, 'c_alpha': 0.0007359754676899722, 'k_t': 0.2479384850568079, 'k_b': 0.18748914193539298, 'k_u': 0.05018560930816348, 'R': 4.604273317913817, 'm1': 0.1951457386043107, 'm2': 0.1669706231137517, 'l1cg': 0.08340176847296646, 'l1': 0.1586735077871821, 'l2cg': 0.06115219693355677, 'I1z': 0.00042896392160100686, 'I2x': 0.0003569965053517406, 'I2y': 2.3268746159797125e-05, 'I2z': 0.00036606940558808786}, 'init_theta_std_deg': 4.013322103385058, 'init_alpha_std_deg': 11.512238519893977, 'init_theta_dot_std': 0.3044513707135346, 'init_alpha_dot_std': 0.9646942282171745, 'pwm_limit': 135.29741088958332, 'pwm_gain': 1.0480112980695988, 'pwm_bias': -0.061430540698582004, 'pwm_deadzone': 0.9906073746694793, 'pwm_noise_sigma': 0.6736266116327416, 'actuator_tau': 0.0059443920522962825, 'action_delay_steps': 0, 'theta_bias': 0.0042751166458300585, 'alpha_bias': -0.0018307252825913688, 'theta_sigma': 0.0005896441550776052, 'alpha_sigma': 0.0035518292494732054, 'theta_dot_sigma': 0.13303651278995907, 'alpha_dot_sigma': 0.02662269185089299, 'encoder_quantization_rad': 0.0002487952802411379, 'velocity_lpf': 0.2278580328892433, 'process_theta_dot_sigma': 0.0, 'process_alpha_dot_sigma': 0.0}"
4799491,4,randomization_0.50,0.5,"{'level': 0.5, 'physical': {'g': 9.980528731608585, 'c_theta': 0.033624776430023685, 'c_alpha': 0.00245024673832503, 'k_t': 0.2043850472507923, 'k_b': 0.2058515919647722, 'k_u': 0.05175899497467414, 'R': 4.671555436585632, 'm1': 0.18435198785030268, 'm2': 0.1507272282629798, 'l1cg': 0.08571570159661056, 'l1': 0.15215626151774936, 'l2cg': 0.06649385401466408, 'I1z': 0.0005713493952129872, 'I2x': 0.0004057027221051071, 'I2y': 3.0126593796603192e-05, 'I2z': 0.00047942529598339183}, 'init_theta_std_deg': 5.923294498992277, 'init_alpha_std_deg': 6.841338597238135, 'init_theta_dot_std': 0.5780149528482714, 'init_alpha_dot_std': 0.472034448948179, 'pwm_limit': 145.8587854224678, 'pwm_gain': 1.0443003384550222, 'pwm_bias': -1.8261252452795378, 'pwm_deadzone': 4.289377971551914, 'pwm_noise_sigma': 0.7105095544383003, 'actuator_tau': 0.0007276539427033596, 'action_delay_steps': 1, 'theta_bias': 0.0037362091951798748, 'alpha_bias': -0.002073537145412025, 'theta_sigma': 7.488987678809767e-05, 'alpha_sigma': 0.005810477836903693, 'theta_dot_sigma': 0.09540477216286838, 'alpha_dot_sigma': 0.09795009340956538, 'encoder_quantization_rad': 0.0005444282426916974, 'velocity_lpf': 0.25, 'process_theta_dot_sigma': 0.0, 'process_alpha_dot_sigma': 0.0}"
4801491,4,randomization_0.50,0.5,"{'level': 0.5, 'physical': {'g': 9.556143586344099, 'c_theta': 0.03874221388872436, 'c_alpha': 0.002004161546921205, 'k_t': 0.2542512887712453, 'k_b': 0.18450484700464437, 'k_u': 0.046439178042104984, 'R': 4.637492440696672, 'm1': 0.21474450753114716, 'm2': 0.16322709062653923, 'l1cg': 0.07720327627666951, 'l1': 0.15615103065543245, 'l2cg': 0.06197012089929853, 'I1z': 0.0004849426618053555, 'I2x': 0.0003417068681239238, 'I2y': 2.1712979719508172e-05, 'I2z': 0.0003402643410610439}, 'init_theta_std_deg': 4.811775981637687, 'init_alpha_std_deg': 11.33888367402093, 'init_theta_dot_std': 0.11423678825938438, 'init_alpha_dot_std': 1.0007668774532057, 'pwm_limit': 152.8175406531777, 'pwm_gain': 1.0073578515691373, 'pwm_bias': 0.10178414963902549, 'pwm_deadzone': 1.7294003885603793, 'pwm_noise_sigma': 0.38238077713722884, 'actuator_tau': 0.011470899009406454, 'action_delay_steps': 1, 'theta_bias': -0.002809342757411517, 'alpha_bias': -0.00434299598141815, 'theta_sigma': 0.0026894569038040674, 'alpha_sigma': 0.009271244504761033, 'theta_dot_sigma': 0.018296103329288705, 'alpha_dot_sigma': 0.15828740450313145, 'encoder_quantization_rad': 0.000397183941813699, 'velocity_lpf': 0.25, 'process_theta_dot_sigma': 0.0, 'process_alpha_dot_sigma': 0.0}"
4803491,4,randomization_0.50,0.5,"{'level': 0.5, 'physical': {'g': 9.765900671154641, 'c_theta': 0.04593795152002214, 'c_alpha': 0.0026448226210519284, 'k_t': 0.24865326063823012, 'k_b': 0.16641802821714735, 'k_u': 0.05090115929208528, 'R': 4.0724534238355625, 'm1': 0.18688142072343406, 'm2': 0.16708328008427398, 'l1cg': 0.08118990161161967, 'l1': 0.14787233010166512, 'l2cg': 0.06497607694828979, 'I1z': 0.0006572450669034086, 'I2x': 0.00039058959125785604, 'I2y': 2.5524948576135712e-05, 'I2z': 0.00043654558912946775}, 'init_theta_std_deg': 5.936513300892009, 'init_alpha_std_deg': 7.635751350987606, 'init_theta_dot_std': 0.39039640401490844, 'init_alpha_dot_std': 0.5700917263386043, 'pwm_limit': 136.60313843558205, 'pwm_gain': 1.02095896428204, 'pwm_bias': -0.3598937845255037, 'pwm_deadzone': 3.717594848019873, 'pwm_noise_sigma': 0.33893306895378017, 'actuator_tau': 0.014863105265514159, 'action_delay_steps': 1, 'theta_bias': 0.000653553758416382, 'alpha_bias': -0.003100230697197901, 'theta_sigma': 0.00046105448458225406, 'alpha_sigma': 0.0070905042352478066, 'theta_dot_sigma': 0.11013731225150256, 'alpha_dot_sigma': 0.03942083484917701, 'encoder_quantization_rad': 0.0006690828525403618, 'velocity_lpf': 0.25, 'process_theta_dot_sigma': 0.0, 'process_alpha_dot_sigma': 0.0}"
4805491,4,randomization_0.50,0.5,"{'level': 0.5, 'physical': {'g': 9.82780930251808, 'c_theta': 0.04764332133447825, 'c_alpha': 0.0018231039763206146, 'k_t': 0.211172549773025, 'k_b': 0.20797623872558235, 'k_u': 0.04442600216977156, 'R': 4.454386908717355, 'm1': 0.20238912954098723, 'm2': 0.16074816113944987, 'l1cg': 0.07536249164562368, 'l1': 0.14573439464172946, 'l2cg': 0.06923526609032865, 'I1z': 0.0005052405360021906, 'I2x': 0.0003613499082505844, 'I2y': 2.2301254465271044e-05, 'I2z': 0.000359690016913817}, 'init_theta_std_deg': 4.11365804258517, 'init_alpha_std_deg': 6.686122082828076, 'init_theta_dot_std': 0.3324294162532531, 'init_alpha_dot_std': 0.3126794082054951, 'pwm_limit': 150.87378470433907, 'pwm_gain': 0.9777269508179178, 'pwm_bias': 1.716143677024426, 'pwm_deadzone': 4.1018802718115674, 'pwm_noise_sigma': 0.10866957978748704, 'actuator_tau': 0.01440450022175225, 'action_delay_steps': 1, 'theta_bias': -0.003999946594640834, 'alpha_bias': -0.0051828399133189785, 'theta_sigma': 0.0012269435539479772, 'alpha_sigma': 0.0009646946616174246, 'theta_dot_sigma': 0.011553059851422041, 'alpha_dot_sigma': 0.19536888632441, 'encoder_quantization_rad': 0.0001231827930712504, 'velocity_lpf': 0.2678778208119321, 'process_theta_dot_sigma': 0.0, 'process_alpha_dot_sigma': 0.0}"
4807491,4,randomization_0.50,0.5,"{'level': 0.5, 'physical': {'g': 9.622184459847842, 'c_theta': 0.03741837466065747, 'c_alpha': 0.0026291721207803006, 'k_t': 0.23169140806070296, 'k_b': 0.19173555552658944, 'k_u': 0.04811971621623567, 'R': 4.784949965303628, 'm1': 0.19382374771724026, 'm2': 0.1645568479759616, 'l1cg': 0.07962329139897, 'l1': 0.156312302610145, 'l2cg': 0.07305703943370304, 'I1z': 0.0006591722614656195, 'I2x': 0.00035036164516478134, 'I2y': 3.309475038151712e-05, 'I2z': 0.0003169291645771739}, 'init_theta_std_deg': 6.100706347115234, 'init_alpha_std_deg': 8.95755511168096, 'init_theta_dot_std': 0.4579538735840253, 'init_alpha_dot_std': 0.8765718521735412, 'pwm_limit': 146.15786770536647, 'pwm_gain': 1.000221849755926, 'pwm_bias': -1.7739675309011522, 'pwm_deadzone': 3.7863776715108792, 'pwm_noise_sigma': 0.7028497363888839, 'actuator_tau': 0.010704893961763547, 'action_delay_steps': 1, 'theta_bias': 0.004342546399620542, 'alpha_bias': 0.0005713195341905948, 'theta_sigma': 7.889719776261517e-06, 'alpha_sigma': 0.0004604721814870128, 'theta_dot_sigma': 0.12379963286068063, 'alpha_dot_sigma': 0.11949096768305904, 'encoder_quantization_rad': 0.0006360180230282765, 'velocity_lpf': 0.25, 'process_theta_dot_sigma': 0.0, 'process_alpha_dot_sigma': 0.0}"
4809491,4,randomization_0.50,0.5,"{'level': 0.5, 'physical': {'g': 9.644623237892118, 'c_theta': 0.03519346292801382, 'c_alpha': 0.0016201209813221185, 'k_t': 0.21891308154022487, 'k_b': 0.1745427019083572, 'k_u': 0.05061020387556448, 'R': 4.2522738107486315, 'm1': 0.19634816209786152, 'm2': 0.16446341027461103, 'l1cg': 0.08353527546693588, 'l1': 0.15460872902537762, 'l2cg': 0.0694702584946189, 'I1z': 0.00038716121788917276, 'I2x': 0.0003462544655508024, 'I2y': 2.1898453782963326e-05, 'I2z': 0.00035606317976899987}, 'init_theta_std_deg': 7.001216907659544, 'init_alpha_std_deg': 9.019738885878537, 'init_theta_dot_std': 0.014649244530763217, 'init_alpha_dot_std': 0.18924697715538924, 'pwm_limit': 145.73739802957354, 'pwm_gain': 1.0182509401146005, 'pwm_bias': -1.9735371819669831, 'pwm_deadzone': 4.297873935433856, 'pwm_noise_sigma': 0.6086382246164327, 'actuator_tau': 0.01174387961988515, 'action_delay_steps': 0, 'theta_bias': 0.002936936925199073, 'alpha_bias': -0.002097445678252028, 'theta_sigma': 0.0020888555456117456, 'alpha_sigma': 0.008967950560831092, 'theta_dot_sigma': 0.12889864786673244, 'alpha_dot_sigma': 0.06159718222644952, 'encoder_quantization_rad': 0.00024201315153180367, 'velocity_lpf': 0.25, 'process_theta_dot_sigma': 0.0, 'process_alpha_dot_sigma': 0.0}"
4811491,4,randomization_0.50,0.5,"{'level': 0.5, 'physical': {'g': 9.672681275151486, 'c_theta': 0.020926827481254337, 'c_alpha': 0.00187245915708225, 'k_t': 0.24235210002893035, 'k_b': 0.21031717570613362, 'k_u': 0.051699566577605625, 'R': 4.00102113587712, 'm1': 0.22520308515762255, 'm2': 0.16896573286340072, 'l1cg': 0.07816158689677244, 'l1': 0.15941372139899573, 'l2cg': 0.06839048055503481, 'I1z': 0.0005183716359325577, 'I2x': 0.0003713798988448985, 'I2y': 2.7062862783284798e-05, 'I2z': 0.0004964044240608721}, 'init_theta_std_deg': 5.023777516585071, 'init_alpha_std_deg': 10.548952376665252, 'init_theta_dot_std': 0.24477235736505082, 'init_alpha_dot_std': 1.1047761894575079, 'pwm_limit': 145.48877820000678, 'pwm_gain': 0.9942176117639627, 'pwm_bias': 1.009725712241487, 'pwm_deadzone': 0.5458296356599684, 'pwm_noise_sigma': 0.11221451895014045, 'actuator_tau': 0.0012258129823440917, 'action_delay_steps': 0, 'theta_bias': -0.001637133894105739, 'alpha_bias': -0.0052458048806211435, 'theta_sigma': 0.0028167970747856865, 'alpha_sigma': 0.0030581830159755285, 'theta_dot_sigma': 0.1610080354372514, 'alpha_dot_sigma': 0.2223007542817558, 'encoder_quantization_rad': 0.0007309013119102699, 'velocity_lpf': 0.25, 'process_theta_dot_sigma': 0.0, 'process_alpha_dot_sigma': 0.0}"
4813491,4,randomization_0.50,0.5,"{'level': 0.5, 'physical': {'g': 9.806021347831745, 'c_theta': 0.02891125729715094, 'c_alpha': 0.0010693154286892071, 'k_t': 0.2572739576081816, 'k_b': 0.18059972558585818, 'k_u': 0.05077499155250026, 'R': 4.5148596080577805, 'm1': 0.1888640864955158, 'm2': 0.14888067744151956, 'l1cg': 0.08039969285293425, 'l1': 0.14740528721384777, 'l2cg': 0.06922779269187233, 'I1z': 0.0005424992883732361, 'I2x': 0.00039986748633394906, 'I2y': 2.04199780286207e-05, 'I2z': 0.00043828722889369874}, 'init_theta_std_deg': 3.723576037481259, 'init_alpha_std_deg': 6.6197849692270925, 'init_theta_dot_std': 0.24004131450784005, 'init_alpha_dot_std': 0.0898090443575647, 'pwm_limit': 149.1963392819531, 'pwm_gain': 1.02108588349222, 'pwm_bias': -1.002676255818324, 'pwm_deadzone': 2.1544673363189757, 'pwm_noise_sigma': 0.8598913797599183, 'actuator_tau': 0.007821112460959432, 'action_delay_steps': 0, 'theta_bias': -0.0024083722110825345, 'alpha_bias': 0.003558431122021432, 'theta_sigma': 0.002260510767122179, 'alpha_sigma': 0.00567650046073005, 'theta_dot_sigma': 0.07912993925393942, 'alpha_dot_sigma': 0.17816013457575636, 'encoder_quantization_rad': 0.00043750102851500646, 'velocity_lpf': 0.25, 'process_theta_dot_sigma': 0.0, 'process_alpha_dot_sigma': 0.0}"
4815491,4,randomization_0.50,0.5,"{'level': 0.5, 'physical': {'g': 9.61395987127981, 'c_theta': 0.035443637836644025, 'c_alpha': 0.0025143588129583096, 'k_t': 0.2331235628151554, 'k_b': 0.20625000233024568, 'k_u': 0.04169895249115317, 'R': 4.328215181573216, 'm1': 0.22583704411252672, 'm2': 0.15988784895545716, 'l1cg': 0.07788053115576456, 'l1': 0.15176715158812754, 'l2cg': 0.07284249803819187, 'I1z': 0.0004580342022542067, 'I2x': 0.0003513310738719325, 'I2y': 3.1053130560452744e-05, 'I2z': 0.00041305810281435225}, 'init_theta_std_deg': 6.7492986315181795, 'init_alpha_std_deg': 11.016674663645173, 'init_theta_dot_std': 0.012257908850815236, 'init_alpha_dot_std': 0.45485546315357755, 'pwm_limit': 149.7803741081697, 'pwm_gain': 0.9907981621100558, 'pwm_bias': 1.3779795496261946, 'pwm_deadzone': 1.306709146734838, 'pwm_noise_sigma': 0.5118156504895502, 'actuator_tau': 0.014565986331481736, 'action_delay_steps': 0, 'theta_bias': -7.065852202997603e-06, 'alpha_bias': 0.005778943796752476, 'theta_sigma': 0.0021220181964579396, 'alpha_sigma': 0.0025288080341211096, 'theta_dot_sigma': 0.024118028193538067, 'alpha_dot_sigma': 0.049667582805886824, 'encoder_quantization_rad': 0.0005605752714095165, 'velocity_lpf': 0.25, 'process_theta_dot_sigma': 0.0, 'process_alpha_dot_sigma': 0.0}"
4817491,4,randomization_0.50,0.5,"{'level': 0.5, 'physical': {'g': 9.838377730690047, 'c_theta': 0.03988441691164994, 'c_alpha': 0.0015226110545165075, 'k_t': 0.20788701331127582, 'k_b': 0.1882942662465074, 'k_u': 0.04344690725229442, 'R': 3.935743257914206, 'm1': 0.22734235236945322, 'm2': 0.15083495014925885, 'l1cg': 0.07447363980079214, 'l1': 0.1540871095823735, 'l2cg': 0.05885315309864523, 'I1z': 0.0003996300005862642, 'I2x': 0.0003366778874939337, 'I2y': 3.192447632949661e-05, 'I2z': 0.0004679665731066337}, 'init_theta_std_deg': 5.108575572742113, 'init_alpha_std_deg': 7.958303440353301, 'init_theta_dot_std': 0.4051254366188034, 'init_alpha_dot_std': 0.7590588209655247, 'pwm_limit': 135.71000023355853, 'pwm_gain': 1.019563924729447, 'pwm_bias': 1.487058943346863, 'pwm_deadzone': 2.924353058684919, 'pwm_noise_sigma': 0.3593215499029694, 'actuator_tau': 0.003766993951206104, 'action_delay_steps': 0, 'theta_bias': -0.004480479502557232, 'alpha_bias': 0.004694506480707688, 'theta_sigma': 0.0011933801086434466, 'alpha_sigma': 0.0011904944921834859, 'theta_dot_sigma': 0.15965360955445784, 'alpha_dot_sigma': 0.10360980810298294, 'encoder_quantization_rad': 0.0006223034455771344, 'velocity_lpf': 0.2628409641559579, 'process_theta_dot_sigma': 0.0, 'process_alpha_dot_sigma': 0.0}"
4819491,4,randomization_0.50,0.5,"{'level': 0.5, 'physical': {'g': 9.781770078155914, 'c_theta': 0.023985943720273278, 'c_alpha': 0.0022306169960113653, 'k_t': 0.20696911354812084, 'k_b': 0.1689728794725382, 'k_u': 0.05171331966290439, 'R': 4.0400695198071945, 'm1': 0.21122025156434632, 'm2': 0.15765333036748275, 'l1cg': 0.08013147493538168, 'l1': 0.1475922246892435, 'l2cg': 0.07285690153148469, 'I1z': 0.0005135722938500975, 'I2x': 0.0003689867839151403, 'I2y': 2.0777614907884937e-05, 'I2z': 0.0004925060968935193}, 'init_theta_std_deg': 5.352655532531981, 'init_alpha_std_deg': 6.894069842351407, 'init_theta_dot_std': 0.09863449503053653, 'init_alpha_dot_std': 1.0039460724181506, 'pwm_limit': 138.30055374251285, 'pwm_gain': 1.0263071281444973, 'pwm_bias': 0.07542418335562706, 'pwm_deadzone': 2.069474753475336, 'pwm_noise_sigma': 0.17527578923293208, 'actuator_tau': 0.003956208806109099, 'action_delay_steps': 0, 'theta_bias': 0.0008426026288241174, 'alpha_bias': 0.002288893370481814, 'theta_sigma': 0.0020765622822776267, 'alpha_sigma': 0.00685953219496322, 'theta_dot_sigma': 0.12325736163659308, 'alpha_dot_sigma': 0.2564871609293279, 'encoder_quantization_rad': 0.0003611722398632254, 'velocity_lpf': 0.23589139871379966, 'process_theta_dot_sigma': 0.0, 'process_alpha_dot_sigma': 0.0}"
4821491,4,randomization_0.50,0.5,"{'level': 0.5, 'physical': {'g': 9.975382696329548, 'c_theta': 0.05220218206671948, 'c_alpha': 0.0013864537067310974, 'k_t': 0.23810300053213895, 'k_b': 0.1821281862396113, 'k_u': 0.04910636447876588, 'R': 3.871967347132954, 'm1': 0.2302795457471265, 'm2': 0.1611587125285039, 'l1cg': 0.08386214587187152, 'l1': 0.15166848637017702, 'l2cg': 0.05923455446244989, 'I1z': 0.0006192652459272304, 'I2x': 0.00036382922324797444, 'I2y': 3.092068755122693e-05, 'I2z': 0.000277236138328861}, 'init_theta_std_deg': 5.790132812890672, 'init_alpha_std_deg': 9.242872059489827, 'init_theta_dot_std': 0.6892823609382197, 'init_alpha_dot_std': 0.1775812243154623, 'pwm_limit': 144.03648362086133, 'pwm_gain': 0.9512691124705711, 'pwm_bias': 1.169504555889064, 'pwm_deadzone': 1.8091340801240274, 'pwm_noise_sigma': 0.34679634444934904, 'actuator_tau': 0.014018235076602744, 'action_delay_steps': 0, 'theta_bias': -0.0018895457793312433, 'alpha_bias': -0.0031017276007438174, 'theta_sigma': 0.0021214145467180075, 'alpha_sigma': 0.0011333999663456595, 'theta_dot_sigma': 0.02568629427376536, 'alpha_dot_sigma': 0.09689525335727271, 'encoder_quantization_rad': 0.00013404307484674713, 'velocity_lpf': 0.25, 'process_theta_dot_sigma': 0.0, 'process_alpha_dot_sigma': 0.0}"
4823491,4,randomization_0.50,0.5,"{'level': 0.5, 'physical': {'g': 9.850326069988148, 'c_theta': 0.01801952490409814, 'c_alpha': 0.002674392132150546, 'k_t': 0.22755462826005282, 'k_b': 0.17776450367475494, 'k_u': 0.053159080634064874, 'R': 4.431167486324778, 'm1': 0.1855143930347336, 'm2': 0.1635367172565942, 'l1cg': 0.08223822646270672, 'l1': 0.14831892085345338, 'l2cg': 0.07148858925054205, 'I1z': 0.0005832671900399232, 'I2x': 0.00039888106087132097, 'I2y': 3.2763928503979254e-05, 'I2z': 0.0003854839452569802}, 'init_theta_std_deg': 6.236169438166998, 'init_alpha_std_deg': 11.558490736115173, 'init_theta_dot_std': 0.5615548789639107, 'init_alpha_dot_std': 0.9785985288280946, 'pwm_limit': 148.7845679840121, 'pwm_gain': 1.007171425294265, 'pwm_bias': -0.6419466726107084, 'pwm_deadzone': 0.12575265672222113, 'pwm_noise_sigma': 0.17261968823748974, 'actuator_tau': 0.0020940736567510144, 'action_delay_steps': 1, 'theta_bias': 0.0011256278978307543, 'alpha_bias': 0.00589863464133447, 'theta_sigma': 0.0012781329710511268, 'alpha_sigma': 0.0012259579496126472, 'theta_dot_sigma': 0.038277844497230526, 'alpha_dot_sigma': 0.2566923979682423, 'encoder_quantization_rad': 0.0007077707936628295, 'velocity_lpf': 0.25, 'process_theta_dot_sigma': 0.0, 'process_alpha_dot_sigma': 0.0}"
4825491,4,randomization_0.50,0.5,"{'level': 0.5, 'physical': {'g': 9.578549495497018, 'c_theta': 0.042173320394450486, 'c_alpha': 0.0012017584160232174, 'k_t': 0.25914010002126286, 'k_b': 0.19845025131831812, 'k_u': 0.04050272439238077, 'R': 3.9252578419042283, 'm1': 0.20707986335275977, 'm2': 0.16428433478325116, 'l1cg': 0.07472918223963436, 'l1': 0.14792976651917916, 'l2cg': 0.06258584406364306, 'I1z': 0.0006382059304657741, 'I2x': 0.00040127110022546007, 'I2y': 2.9064381393952978e-05, 'I2z': 0.0003165119424998414}, 'init_theta_std_deg': 4.282530829791719, 'init_alpha_std_deg': 11.714169557623089, 'init_theta_dot_std': 0.45559905389073935, 'init_alpha_dot_std': 0.3615201457792243, 'pwm_limit': 144.45021561746475, 'pwm_gain': 1.0001246267991724, 'pwm_bias': 0.5871865777772425, 'pwm_deadzone': 2.1811660968180218, 'pwm_noise_sigma': 0.29244307361186583, 'actuator_tau': 0.0007998220097893265, 'action_delay_steps': 0, 'theta_bias': 0.002876412721957596, 'alpha_bias': 0.0003551340938754857, 'theta_sigma': 0.0010309617513625156, 'alpha_sigma': 0.007817878981947827, 'theta_dot_sigma': 0.011365078930914653, 'alpha_dot_sigma': 0.1484107080688762, 'encoder_quantization_rad': 0.00013450925780223583, 'velocity_lpf': 0.25, 'process_theta_dot_sigma': 0.0, 'process_alpha_dot_sigma': 0.0}"
4827491,4,randomization_0.50,0.5,"{'level': 0.5, 'physical': {'g': 9.89646962402731, 'c_theta': 0.05544141491839188, 'c_alpha': 0.001580293246302295, 'k_t': 0.24919501336130945, 'k_b': 0.20345079724918116, 'k_u': 0.05258177222096233, 'R': 4.082043155961781, 'm1': 0.21680166377183027, 'm2': 0.15709354260433314, 'l1cg': 0.0743137597990476, 'l1': 0.14659758726812247, 'l2cg': 0.06607680628149257, 'I1z': 0.0006052798192144664, 'I2x': 0.0003798088037206952, 'I2y': 2.2207043400610755e-05, 'I2z': 0.00031615923443598814}, 'init_theta_std_deg': 7.1840400743023425, 'init_alpha_std_deg': 10.10727012072951, 'init_theta_dot_std': 0.25529066555749047, 'init_alpha_dot_std': 0.2349621142746057, 'pwm_limit': 150.13620214677087, 'pwm_gain': 0.9732390431224025, 'pwm_bias': -1.7286352633714852, 'pwm_deadzone': 2.8346073296371435, 'pwm_noise_sigma': 0.9977005230381129, 'actuator_tau': 0.009579670730037898, 'action_delay_steps': 1, 'theta_bias': 0.0004027434173854383, 'alpha_bias': 0.004769952882973211, 'theta_sigma': 0.002229583623804003, 'alpha_sigma': 0.004475726516036751, 'theta_dot_sigma': 0.05190812206536901, 'alpha_dot_sigma': 0.279739882076673, 'encoder_quantization_rad': 0.00037513425584131466, 'velocity_lpf': 0.25, 'process_theta_dot_sigma': 0.0, 'process_alpha_dot_sigma': 0.0}"
4829491,4,randomization_0.50,0.5,"{'level': 0.5, 'physical': {'g': 9.879670158902544, 'c_theta': 0.049964678136156196, 'c_alpha': 0.0016833100835961983, 'k_t': 0.23872748143327607, 'k_b': 0.1712209779247738, 'k_u': 0.04518450704327966, 'R': 4.267778258322179, 'm1': 0.1987832504380507, 'm2': 0.16963109868857962, 'l1cg': 0.0854811851547144, 'l1': 0.1503011025149776, 'l2cg': 0.0606339544601959, 'I1z': 0.0004620851305038715, 'I2x': 0.00037235947969661967, 'I2y': 3.268624223092061e-05, 'I2z': 0.00041273815156549687}, 'init_theta_std_deg': 6.732450393795334, 'init_alpha_std_deg': 8.118487537273992, 'init_theta_dot_std': 0.6059753434076839, 'init_alpha_dot_std': 0.23843036877571666, 'pwm_limit': 150.98719794176725, 'pwm_gain': 1.0074934036623409, 'pwm_bias': 0.4508386691674007, 'pwm_deadzone': 3.646041221780554, 'pwm_noise_sigma': 0.5545021561864212, 'actuator_tau': 0.01155255236109513, 'action_delay_steps': 1, 'theta_bias': -0.00201181333451508, 'alpha_bias': 0.0023431942530942984, 'theta_sigma': 0.0028479409588838844, 'alpha_sigma': 0.005153789610283516, 'theta_dot_sigma': 0.053565926713821405, 'alpha_dot_sigma': 0.23308411625307945, 'encoder_quantization_rad': 0.0005283635797512208, 'velocity_lpf': 0.25, 'process_theta_dot_sigma': 0.0, 'process_alpha_dot_sigma': 0.0}"
4831491,4,randomization_0.50,0.5,"{'level': 0.5, 'physical': {'g': 9.665568878840913, 'c_theta': 0.05322904677427607, 'c_alpha': 0.0015385168509237117, 'k_t': 0.2191072194325568, 'k_b': 0.1757018610543067, 'k_u': 0.04568496933189735, 'R': 4.2020415058841145, 'm1': 0.22648320020865711, 'm2': 0.16534731283718285, 'l1cg': 0.07429712738213856, 'l1': 0.15460918950900174, 'l2cg': 0.061771569674638656, 'I1z': 0.0005217357301155762, 'I2x': 0.00038314242122350676, 'I2y': 2.8504775092483906e-05, 'I2z': 0.00044532041648942023}, 'init_theta_std_deg': 5.976992283578376, 'init_alpha_std_deg': 8.794334260961275, 'init_theta_dot_std': 0.6290072568478008, 'init_alpha_dot_std': 0.2870640332123506, 'pwm_limit': 135.1798942161572, 'pwm_gain': 1.0342466810509525, 'pwm_bias': -1.7413955643370693, 'pwm_deadzone': 3.3203958769947715, 'pwm_noise_sigma': 0.2808319213817738, 'actuator_tau': 0.006548843148270513, 'action_delay_steps': 0, 'theta_bias': 0.0021757224370442295, 'alpha_bias': -0.004132267045648119, 'theta_sigma': 0.0010918791385421628, 'alpha_sigma': 0.004300017698102467, 'theta_dot_sigma': 0.09761255260121489, 'alpha_dot_sigma': 0.2890968134763301, 'encoder_quantization_rad': 0.0007372606251022086, 'velocity_lpf': 0.2540244610021042, 'process_theta_dot_sigma': 0.0, 'process_alpha_dot_sigma': 0.0}"
4833491,4,randomization_0.50,0.5,"{'level': 0.5, 'physical': {'g': 9.622080908092373, 'c_theta': 0.02557317340763873, 'c_alpha': 0.0017219149642390874, 'k_t': 0.21000040655719418, 'k_b': 0.18638019692212543, 'k_u': 0.04690419560897171, 'R': 3.8757246851681693, 'm1': 0.22088139651749542, 'm2': 0.16237795583080142, 'l1cg': 0.07897463859905936, 'l1': 0.14992932702280784, 'l2cg': 0.05916347672529003, 'I1z': 0.000557981442448303, 'I2x': 0.00037885597671113964, 'I2y': 2.5661680716635207e-05, 'I2z': 0.00035108384689481244}, 'init_theta_std_deg': 7.231928190557973, 'init_alpha_std_deg': 6.814428691540432, 'init_theta_dot_std': 0.6836048639997467, 'init_alpha_dot_std': 0.3469581584047021, 'pwm_limit': 153.25834460141633, 'pwm_gain': 0.9614835803278933, 'pwm_bias': -0.435810476918546, 'pwm_deadzone': 2.805632908643818, 'pwm_noise_sigma': 0.950261405097228, 'actuator_tau': 0.011592582864657705, 'action_delay_steps': 0, 'theta_bias': -0.003577481546877146, 'alpha_bias': 0.003549090934826499, 'theta_sigma': 0.0018333371792089914, 'alpha_sigma': 0.0070275396041413335, 'theta_dot_sigma': 0.022300824209494377, 'alpha_dot_sigma': 0.21827572830348968, 'encoder_quantization_rad': 0.0004229169029905201, 'velocity_lpf': 0.25, 'process_theta_dot_sigma': 0.0, 'process_alpha_dot_sigma': 0.0}"
4835491,4,randomization_0.50,0.5,"{'level': 0.5, 'physical': {'g': 9.875561266114847, 'c_theta': 0.054682440668579774, 'c_alpha': 0.002390032756496555, 'k_t': 0.21683948259922714, 'k_b': 0.17566638248264163, 'k_u': 0.049789693922171564, 'R': 4.279157063801204, 'm1': 0.18687458808826324, 'm2': 0.1634059205254976, 'l1cg': 0.07689008825152602, 'l1': 0.14571766262124222, 'l2cg': 0.06799354647093397, 'I1z': 0.0006164681019877854, 'I2x': 0.00035102969990118203, 'I2y': 3.2591672612896444e-05, 'I2z': 0.00029880629106480706}, 'init_theta_std_deg': 3.917253499394512, 'init_alpha_std_deg': 11.666407143480237, 'init_theta_dot_std': 0.263151700725641, 'init_alpha_dot_std': 0.22634002601279637, 'pwm_limit': 140.97729364402565, 'pwm_gain': 1.0288291244796237, 'pwm_bias': 1.3106998300994679, 'pwm_deadzone': 1.0998825234280956, 'pwm_noise_sigma': 0.9053933098389357, 'actuator_tau': 0.00396908843589279, 'action_delay_steps': 0, 'theta_bias': 0.0023230139397116957, 'alpha_bias': 0.0008632378697032076, 'theta_sigma': 0.001235838254635747, 'alpha_sigma': 0.001521469545590044, 'theta_dot_sigma': 0.006518993880555873, 'alpha_dot_sigma': 0.19613867091798057, 'encoder_quantization_rad': 0.00015378298945195425, 'velocity_lpf': 0.25, 'process_theta_dot_sigma': 0.0, 'process_alpha_dot_sigma': 0.0}"
4837491,4,randomization_0.50,0.5,"{'level': 0.5, 'physical': {'g': 9.889466104001992, 'c_theta': 0.02977065023754672, 'c_alpha': 0.0006987244649834927, 'k_t': 0.2504714300934689, 'k_b': 0.20446416162716785, 'k_u': 0.040954526997902904, 'R': 4.69290049929321, 'm1': 0.19827431861748482, 'm2': 0.16127743079986984, 'l1cg': 0.07806989513247052, 'l1': 0.1504243555984232, 'l2cg': 0.07011294732756614, 'I1z': 0.00040010606749106266, 'I2x': 0.00039019867525715295, 'I2y': 2.5454287906501666e-05, 'I2z': 0.0004848343959363434}, 'init_theta_std_deg': 7.43574303031914, 'init_alpha_std_deg': 8.746268031416129, 'init_theta_dot_std': 0.17628981794278054, 'init_alpha_dot_std': 0.8379083401755234, 'pwm_limit': 136.65264809930162, 'pwm_gain': 0.9875178771602969, 'pwm_bias': 0.5817864488961066, 'pwm_deadzone': 0.8252251282528422, 'pwm_noise_sigma': 0.9609378690545993, 'actuator_tau': 0.008541844272658274, 'action_delay_steps': 1, 'theta_bias': 0.003181203726939973, 'alpha_bias': -0.0005051857456449093, 'theta_sigma': 0.0011237328180894912, 'alpha_sigma': 0.007163551947504584, 'theta_dot_sigma': 0.062485628513865216, 'alpha_dot_sigma': 0.07910475039308863, 'encoder_quantization_rad': 1.2296451872391839e-05, 'velocity_lpf': 0.25, 'process_theta_dot_sigma': 0.0, 'process_alpha_dot_sigma': 0.0}"
4839491,4,randomization_0.50,0.5,"{'level': 0.5, 'physical': {'g': 10.041513791390495, 'c_theta': 0.03641108248573371, 'c_alpha': 0.0025402541678349265, 'k_t': 0.21254236436875465, 'k_b': 0.16670149055327177, 'k_u': 0.05165656086876659, 'R': 4.437919605633592, 'm1': 0.21351439347453544, 'm2': 0.15275745467994215, 'l1cg': 0.07754680283573982, 'l1': 0.15642508649210896, 'l2cg': 0.07246495162640723, 'I1z': 0.00045271832126190376, 'I2x': 0.0003514743078361886, 'I2y': 2.998317894596987e-05, 'I2z': 0.0002950809926921712}, 'init_theta_std_deg': 4.614433889109799, 'init_alpha_std_deg': 10.540120516369502, 'init_theta_dot_std': 0.21056187736788368, 'init_alpha_dot_std': 0.5130515737948071, 'pwm_limit': 150.46339032300403, 'pwm_gain': 0.954902359283669, 'pwm_bias': -1.3227377722310756, 'pwm_deadzone': 1.087276147606271, 'pwm_noise_sigma': 0.07183858387414932, 'actuator_tau': 0.0009237111916914431, 'action_delay_steps': 0, 'theta_bias': 0.001440728744226566, 'alpha_bias': 0.004715468444176005, 'theta_sigma': 0.00015385806810245452, 'alpha_sigma': 0.003158048224841217, 'theta_dot_sigma': 0.13512745846512542, 'alpha_dot_sigma': 0.24011248571011937, 'encoder_quantization_rad': 0.0005816417316777331, 'velocity_lpf': 0.25, 'process_theta_dot_sigma': 0.0, 'process_alpha_dot_sigma': 0.0}"
4841491,4,randomization_0.50,0.5,"{'level': 0.5, 'physical': {'g': 9.716158126409004, 'c_theta': 0.03618743951580655, 'c_alpha': 0.0006541578910153569, 'k_t': 0.24658498189810057, 'k_b': 0.18357616211325745, 'k_u': 0.042218984064369885, 'R': 4.316862205790243, 'm1': 0.2164660080751317, 'm2': 0.16723739877016908, 'l1cg': 0.07984727058740422, 'l1': 0.15251654952170768, 'l2cg': 0.07261614554110205, 'I1z': 0.000594824238049135, 'I2x': 0.00038990663418852703, 'I2y': 2.25486114324361e-05, 'I2z': 0.0003700502945070499}, 'init_theta_std_deg': 6.44637510912338, 'init_alpha_std_deg': 8.928391895712984, 'init_theta_dot_std': 0.24422730002884546, 'init_alpha_dot_std': 1.1095976784035615, 'pwm_limit': 137.76624845022604, 'pwm_gain': 0.9607937063820198, 'pwm_bias': -0.10676212118418338, 'pwm_deadzone': 4.638383829214711, 'pwm_noise_sigma': 0.5130956313755871, 'actuator_tau': 0.0027418970381084817, 'action_delay_steps': 0, 'theta_bias': -0.004757807103170764, 'alpha_bias': -0.00430545795505773, 'theta_sigma': 0.002285143282006693, 'alpha_sigma': 0.009477848701882077, 'theta_dot_sigma': 0.02262292579807313, 'alpha_dot_sigma': 0.20500947007408452, 'encoder_quantization_rad': 0.00028155728420527226, 'velocity_lpf': 0.25, 'process_theta_dot_sigma': 0.0, 'process_alpha_dot_sigma': 0.0}"
4843491,4,randomization_0.50,0.5,"{'level': 0.5, 'physical': {'g': 9.968036789826831, 'c_theta': 0.041943687733509843, 'c_alpha': 0.0007856688781231173, 'k_t': 0.22957191224589485, 'k_b': 0.18388959564117074, 'k_u': 0.041111315182036985, 'R': 4.319127135886871, 'm1': 0.20786053779082495, 'm2': 0.1624147323347025, 'l1cg': 0.08471711257267309, 'l1': 0.1546870866700403, 'l2cg': 0.0656879864650875, 'I1z': 0.0006174364068181588, 'I2x': 0.00036672949629259366, 'I2y': 1.950659970130423e-05, 'I2z': 0.00042544993105193607}, 'init_theta_std_deg': 5.642961213945901, 'init_alpha_std_deg': 7.932386051977108, 'init_theta_dot_std': 0.5856824350310545, 'init_alpha_dot_std': 1.1628769943283748, 'pwm_limit': 144.07035832342655, 'pwm_gain': 0.9503227649201038, 'pwm_bias': 1.4066206077862553, 'pwm_deadzone': 1.7722397495036275, 'pwm_noise_sigma': 0.41445290411131464, 'actuator_tau': 0.00045214537805673136, 'action_delay_steps': 0, 'theta_bias': 0.0025710788609974644, 'alpha_bias': 0.0006440123485041856, 'theta_sigma': 0.00011679119524145621, 'alpha_sigma': 0.002392135865868228, 'theta_dot_sigma': 0.10872252422591992, 'alpha_dot_sigma': 0.2612576329120368, 'encoder_quantization_rad': 0.000644063567216336, 'velocity_lpf': 0.25, 'process_theta_dot_sigma': 0.0, 'process_alpha_dot_sigma': 0.0}"
4845491,4,randomization_0.50,0.5,"{'level': 0.5, 'physical': {'g': 9.759112281944244, 'c_theta': 0.054250795183634064, 'c_alpha': 0.0009559324342565642, 'k_t': 0.20380156756160173, 'k_b': 0.16679206057070883, 'k_u': 0.043096770232154205, 'R': 3.894347552931519, 'm1': 0.19465548554269468, 'm2': 0.16850634391617872, 'l1cg': 0.07754434057726017, 'l1': 0.1478785228700189, 'l2cg': 0.07014334780041705, 'I1z': 0.000584524907883009, 'I2x': 0.0003471965392084328, 'I2y': 3.205758617514645e-05, 'I2z': 0.00031576866403878714}, 'init_theta_std_deg': 7.313095531202262, 'init_alpha_std_deg': 7.587716759155653, 'init_theta_dot_std': 0.2613781285887506, 'init_alpha_dot_std': 0.45228250646328305, 'pwm_limit': 139.61157388227153, 'pwm_gain': 0.9792665288087788, 'pwm_bias': 0.7020495663196744, 'pwm_deadzone': 4.216195016732771, 'pwm_noise_sigma': 0.8346699393321859, 'actuator_tau': 0.014987440466111791, 'action_delay_steps': 1, 'theta_bias': -0.0010142612586680922, 'alpha_bias': -0.0021631665347964, 'theta_sigma': 0.001957192375960643, 'alpha_sigma': 0.001027832321571187, 'theta_dot_sigma': 0.1642361874326706, 'alpha_dot_sigma': 0.2649008939955469, 'encoder_quantization_rad': 0.0003195611073447217, 'velocity_lpf': 0.2331951989217173, 'process_theta_dot_sigma': 0.0, 'process_alpha_dot_sigma': 0.0}"
4847491,4,randomization_0.50,0.5,"{'level': 0.5, 'physical': {'g': 9.939625858011846, 'c_theta': 0.04968292063825591, 'c_alpha': 0.0014459083925414465, 'k_t': 0.22189986173749726, 'k_b': 0.19884506667415225, 'k_u': 0.04848393268330707, 'R': 4.573036006206378, 'm1': 0.19093296040477753, 'm2': 0.1527482393095973, 'l1cg': 0.07922658269666075, 'l1': 0.1453654398590413, 'l2cg': 0.06193352250500314, 'I1z': 0.0005834189169986746, 'I2x': 0.00039291694005474785, 'I2y': 2.9428174110373136e-05, 'I2z': 0.00027121711595129064}, 'init_theta_std_deg': 6.290793667747481, 'init_alpha_std_deg': 9.79295108208841, 'init_theta_dot_std': 0.5283920624620784, 'init_alpha_dot_std': 0.011169852598556657, 'pwm_limit': 136.7221010225219, 'pwm_gain': 1.0159699382100682, 'pwm_bias': 0.017583233446066604, 'pwm_deadzone': 3.7283462442883613, 'pwm_noise_sigma': 0.8080588646972019, 'actuator_tau': 0.014275020758965919, 'action_delay_steps': 1, 'theta_bias': 0.004859978510987817, 'alpha_bias': 0.0019557659163707084, 'theta_sigma': 0.0008816663334723242, 'alpha_sigma': 0.00814627791972744, 'theta_dot_sigma': 0.09244436443537567, 'alpha_dot_sigma': 0.1887063690993813, 'encoder_quantization_rad': 0.0004964965197867779, 'velocity_lpf': 0.25, 'process_theta_dot_sigma': 0.0, 'process_alpha_dot_sigma': 0.0}"
4849491,4,randomization_0.50,0.5,"{'level': 0.5, 'physical': {'g': 9.684880471944057, 'c_theta': 0.038821546644846966, 'c_alpha': 0.001722933385941717, 'k_t': 0.2246293583276087, 'k_b': 0.17054128668735172, 'k_u': 0.046851199525367336, 'R': 3.864272989003118, 'm1': 0.22548473427232343, 'm2': 0.16166203961285877, 'l1cg': 0.07918018453957071, 'l1': 0.15234464832880293, 'l2cg': 0.07247301920623389, 'I1z': 0.0004961510541034338, 'I2x': 0.0003892236322178323, 'I2y': 2.797691085279328e-05, 'I2z': 0.000445813852908327}, 'init_theta_std_deg': 4.194150529614917, 'init_alpha_std_deg': 11.605323272535884, 'init_theta_dot_std': 0.559352472138017, 'init_alpha_dot_std': 0.7473528615158871, 'pwm_limit': 150.32282465290237, 'pwm_gain': 1.025340269984141, 'pwm_bias': 1.5156424665576385, 'pwm_deadzone': 0.019020045105975214, 'pwm_noise_sigma': 0.2913406553639871, 'actuator_tau': 0.008277077212096208, 'action_delay_steps': 0, 'theta_bias': 0.003964932035407993, 'alpha_bias': -0.0057012260765931955, 'theta_sigma': 0.0010096925796961058, 'alpha_sigma': 3.6801918961522074e-05, 'theta_dot_sigma': 0.1552479915345771, 'alpha_dot_sigma': 0.23475596751704123, 'encoder_quantization_rad': 0.0005939691286323589, 'velocity_lpf': 0.25, 'process_theta_dot_sigma': 0.0, 'process_alpha_dot_sigma': 0.0}"
4851491,4,randomization_0.50,0.5,"{'level': 0.5, 'physical': {'g': 10.042414090811198, 'c_theta': 0.05078749090929127, 'c_alpha': 0.002458040499332696, 'k_t': 0.24700365619852327, 'k_b': 0.19073149312518378, 'k_u': 0.052074103074354346, 'R': 4.028799456511496, 'm1': 0.21659037273069073, 'm2': 0.15613033057790218, 'l1cg': 0.08171277588940071, 'l1': 0.15277285240269783, 'l2cg': 0.0669584579772299, 'I1z': 0.00046490627366138106, 'I2x': 0.0003411965998033806, 'I2y': 2.5982775079757357e-05, 'I2z': 0.00034798023570840707}, 'init_theta_std_deg': 3.557370632126318, 'init_alpha_std_deg': 9.328238415909373, 'init_theta_dot_std': 0.39218929519392337, 'init_alpha_dot_std': 0.7978028004404816, 'pwm_limit': 140.02314827416038, 'pwm_gain': 1.0406487545772645, 'pwm_bias': -1.938037531087391, 'pwm_deadzone': 3.8243151428962774, 'pwm_noise_sigma': 0.6319874393164897, 'actuator_tau': 0.0011459757289277034, 'action_delay_steps': 1, 'theta_bias': 0.00046454562219053533, 'alpha_bias': -0.004814194189492701, 'theta_sigma': 0.00017369556705534018, 'alpha_sigma': 0.0017118449848728978, 'theta_dot_sigma': 0.14361891746387587, 'alpha_dot_sigma': 0.012890075945560353, 'encoder_quantization_rad': 0.0007167133819268968, 'velocity_lpf': 0.26520662194869205, 'process_theta_dot_sigma': 0.0, 'process_alpha_dot_sigma': 0.0}"
4853491,4,randomization_0.50,0.5,"{'level': 0.5, 'physical': {'g': 9.714021084376663, 'c_theta': 0.047316680884494235, 'c_alpha': 0.0014558255165979105, 'k_t': 0.22913188317988414, 'k_b': 0.190909324630388, 'k_u': 0.047184576685292426, 'R': 4.610574253306694, 'm1': 0.19016410245198292, 'm2': 0.15236008663039946, 'l1cg': 0.07572695439531127, 'l1': 0.14606531621201604, 'l2cg': 0.07190988914407656, 'I1z': 0.000634020218661647, 'I2x': 0.0003821393065180048, 'I2y': 1.882231323936017e-05, 'I2z': 0.00028348145088706475}, 'init_theta_std_deg': 5.504452614203666, 'init_alpha_std_deg': 6.871906951866766, 'init_theta_dot_std': 0.6641644558656709, 'init_alpha_dot_std': 0.49046522539614, 'pwm_limit': 147.91455245751436, 'pwm_gain': 0.9563482114659714, 'pwm_bias': 0.2810251433630455, 'pwm_deadzone': 3.8573459902664275, 'pwm_noise_sigma': 0.3578751389465641, 'actuator_tau': 0.005421643355984293, 'action_delay_steps': 1, 'theta_bias': 0.0013082070765969246, 'alpha_bias': 0.0019059397831223737, 'theta_sigma': 0.0023304803565466466, 'alpha_sigma': 0.009029159408640533, 'theta_dot_sigma': 0.15330905491730268, 'alpha_dot_sigma': 0.03571834845088403, 'encoder_quantization_rad': 0.0004655649759718814, 'velocity_lpf': 0.23398544210677955, 'process_theta_dot_sigma': 0.0, 'process_alpha_dot_sigma': 0.0}"
4855491,4,randomization_0.50,0.5,"{'level': 0.5, 'physical': {'g': 9.685273344760256, 'c_theta': 0.034872207134215405, 'c_alpha': 0.0017618178670234948, 'k_t': 0.2572053601722294, 'k_b': 0.16892646439260178, 'k_u': 0.048820633794388724, 'R': 4.790291895880884, 'm1': 0.21518311626483472, 'm2': 0.16897061705348024, 'l1cg': 0.08297132214974656, 'l1': 0.1565914877538289, 'l2cg': 0.062256010956029596, 'I1z': 0.0006193613709080115, 'I2x': 0.0003484510398918281, 'I2y': 2.5157425131253934e-05, 'I2z': 0.0004627448006812144}, 'init_theta_std_deg': 4.352662243860415, 'init_alpha_std_deg': 8.379065521711253, 'init_theta_dot_std': 0.23622062017693282, 'init_alpha_dot_std': 0.9070194949858544, 'pwm_limit': 140.13781882136735, 'pwm_gain': 1.0279354287269178, 'pwm_bias': -1.3188290593567524, 'pwm_deadzone': 4.128489057516692, 'pwm_noise_sigma': 0.21339065424062553, 'actuator_tau': 0.013268027030742813, 'action_delay_steps': 1, 'theta_bias': -0.003418991326436802, 'alpha_bias': 0.004528509995632708, 'theta_sigma': 0.002093246449950796, 'alpha_sigma': 0.004499076010242691, 'theta_dot_sigma': 0.08593658689607539, 'alpha_dot_sigma': 0.09127640522962167, 'encoder_quantization_rad': 0.0005110437907564749, 'velocity_lpf': 0.25, 'process_theta_dot_sigma': 0.0, 'process_alpha_dot_sigma': 0.0}"
4857491,4,randomization_0.50,0.5,"{'level': 0.5, 'physical': {'g': 9.587403486292901, 'c_theta': 0.04034407673777118, 'c_alpha': 0.0015545742885458077, 'k_t': 0.24874653240822797, 'k_b': 0.18550489893278993, 'k_u': 0.04433893461248436, 'R': 3.8653765230865624, 'm1': 0.2281877427167741, 'm2': 0.14768020595767523, 'l1cg': 0.07872888092747037, 'l1': 0.14554963979419913, 'l2cg': 0.07133435526453216, 'I1z': 0.0006054168306800664, 'I2x': 0.00037736290150256797, 'I2y': 2.326590039693989e-05, 'I2z': 0.0003697587939127987}, 'init_theta_std_deg': 6.3317630987395, 'init_alpha_std_deg': 8.5395297364879, 'init_theta_dot_std': 0.15343520407940853, 'init_alpha_dot_std': 0.7849583142800878, 'pwm_limit': 150.18462923537805, 'pwm_gain': 1.0037718285864605, 'pwm_bias': 0.6623033438677908, 'pwm_deadzone': 3.1728728916121343, 'pwm_noise_sigma': 0.8924295217858865, 'actuator_tau': 0.0027544582581693192, 'action_delay_steps': 0, 'theta_bias': -0.0032867964859974574, 'alpha_bias': 0.0017922330681699207, 'theta_sigma': 0.002755675679323232, 'alpha_sigma': 0.0011080056987187237, 'theta_dot_sigma': 0.04332186834760232, 'alpha_dot_sigma': 0.25626460198134676, 'encoder_quantization_rad': 0.0006495642242396411, 'velocity_lpf': 0.2597256226464936, 'process_theta_dot_sigma': 0.0, 'process_alpha_dot_sigma': 0.0}"
4859491,4,randomization_0.50,0.5,"{'level': 0.5, 'physical': {'g': 9.759004155115367, 'c_theta': 0.03518684459402019, 'c_alpha': 0.0013273671896705274, 'k_t': 0.24394199691522342, 'k_b': 0.18890775683899091, 'k_u': 0.04308665708361757, 'R': 3.8915845269835447, 'm1': 0.19970297737276996, 'm2': 0.15323048749784182, 'l1cg': 0.07449367072403495, 'l1': 0.15549912070416338, 'l2cg': 0.07424423953446864, 'I1z': 0.0005925420221982597, 'I2x': 0.00035094504487730974, 'I2y': 3.259795565304958e-05, 'I2z': 0.00047179078635887714}, 'init_theta_std_deg': 7.206416499192585, 'init_alpha_std_deg': 8.92079119061605, 'init_theta_dot_std': 0.451210955525836, 'init_alpha_dot_std': 0.038528054890978186, 'pwm_limit': 139.84233168575673, 'pwm_gain': 1.0095013708870506, 'pwm_bias': -0.7397838845523892, 'pwm_deadzone': 0.48640829375978745, 'pwm_noise_sigma': 0.05433466585903568, 'actuator_tau': 0.004582383950144924, 'action_delay_steps': 0, 'theta_bias': 0.0002202641335867628, 'alpha_bias': 0.005133637876820219, 'theta_sigma': 0.001996971753402815, 'alpha_sigma': 0.003987306124484667, 'theta_dot_sigma': 0.1509121289514763, 'alpha_dot_sigma': 0.2599754639449444, 'encoder_quantization_rad': 0.00012545970877590374, 'velocity_lpf': 0.25, 'process_theta_dot_sigma': 0.0, 'process_alpha_dot_sigma': 0.0}"
4861491,4,randomization_0.50,0.5,"{'level': 0.5, 'physical': {'g': 9.750385512339406, 'c_theta': 0.04750001492203802, 'c_alpha': 0.0018049424256458056, 'k_t': 0.22114658177855015, 'k_b': 0.19273598366697064, 'k_u': 0.05125689399549876, 'R': 4.043496385265858, 'm1': 0.2008757510937904, 'm2': 0.15161627329141655, 'l1cg': 0.0763064284462719, 'l1': 0.1465744371542215, 'l2cg': 0.07179146185082871, 'I1z': 0.00048270560629430154, 'I2x': 0.0003872943643907172, 'I2y': 2.2898627939846733e-05, 'I2z': 0.0003939307810767031}, 'init_theta_std_deg': 4.301073208021261, 'init_alpha_std_deg': 9.85730374323529, 'init_theta_dot_std': 0.5434515686587515, 'init_alpha_dot_std': 0.022128157283326788, 'pwm_limit': 135.02186861983864, 'pwm_gain': 1.0335370008734999, 'pwm_bias': 1.8543306779725568, 'pwm_deadzone': 3.821492068637821, 'pwm_noise_sigma': 0.03336330793936215, 'actuator_tau': 7.210678631534406e-05, 'action_delay_steps': 0, 'theta_bias': -0.0030870312925463097, 'alpha_bias': 0.0031044132509937773, 'theta_sigma': 0.001791185384616054, 'alpha_sigma': 0.0010530253223360398, 'theta_dot_sigma': 0.09830401773672288, 'alpha_dot_sigma': 0.01939937694694288, 'encoder_quantization_rad': 4.030305084826333e-05, 'velocity_lpf': 0.25, 'process_theta_dot_sigma': 0.0, 'process_alpha_dot_sigma': 0.0}"
4863491,4,randomization_0.50,0.5,"{'level': 0.5, 'physical': {'g': 10.03229229528811, 'c_theta': 0.04919010924327966, 'c_alpha': 0.0014349788106484118, 'k_t': 0.2516659722716787, 'k_b': 0.1682059223638785, 'k_u': 0.04518133085492358, 'R': 4.050725855162781, 'm1': 0.19626189121233936, 'm2': 0.16488958413865853, 'l1cg': 0.07907107243096229, 'l1': 0.15238031328375937, 'l2cg': 0.07394423163284279, 'I1z': 0.0006452003183439159, 'I2x': 0.0003435514067878641, 'I2y': 2.3940337819255714e-05, 'I2z': 0.00029563466247117554}, 'init_theta_std_deg': 3.549388611488382, 'init_alpha_std_deg': 7.007052200210865, 'init_theta_dot_std': 0.5285089131354385, 'init_alpha_dot_std': 0.650456941743831, 'pwm_limit': 150.82887586443513, 'pwm_gain': 0.9524170051020974, 'pwm_bias': -1.0994548088099156, 'pwm_deadzone': 1.2718199259561858, 'pwm_noise_sigma': 0.9384341090122928, 'actuator_tau': 0.00011024591840831154, 'action_delay_steps': 0, 'theta_bias': 0.0019299071959786862, 'alpha_bias': 0.002157679582410261, 'theta_sigma': 0.0018338465643793773, 'alpha_sigma': 0.00506574403631569, 'theta_dot_sigma': 0.12140450838063432, 'alpha_dot_sigma': 0.14701766568228203, 'encoder_quantization_rad': 0.0005950106776399171, 'velocity_lpf': 0.25, 'process_theta_dot_sigma': 0.0, 'process_alpha_dot_sigma': 0.0}"
4865491,4,randomization_0.50,0.5,"{'level': 0.5, 'physical': {'g': 9.847809487541609, 'c_theta': 0.026898317764178878, 'c_alpha': 0.0018743119403316698, 'k_t': 0.2156459806819838, 'k_b': 0.2047670927587648, 'k_u': 0.04164608536076898, 'R': 4.131243670350205, 'm1': 0.19396177118827582, 'm2': 0.15744978917685026, 'l1cg': 0.07553089697563221, 'l1': 0.14623286519826942, 'l2cg': 0.07175794451597903, 'I1z': 0.000512981648838846, 'I2x': 0.0003477780880761187, 'I2y': 2.4675724599824366e-05, 'I2z': 0.0003442546107837234}, 'init_theta_std_deg': 6.657324185333535, 'init_alpha_std_deg': 9.850873630905205, 'init_theta_dot_std': 0.7473815894113476, 'init_alpha_dot_std': 0.7819186434635772, 'pwm_limit': 151.74299413811335, 'pwm_gain': 1.0305884125207374, 'pwm_bias': -1.8056420702868174, 'pwm_deadzone': 0.32185569328843533, 'pwm_noise_sigma': 0.545621712519176, 'actuator_tau': 0.0136171467423504, 'action_delay_steps': 0, 'theta_bias': -0.0006621809060253281, 'alpha_bias': -0.00019224486591358714, 'theta_sigma': 0.0008122705992781468, 'alpha_sigma': 0.0003865373159448127, 'theta_dot_sigma': 0.014704660583603082, 'alpha_dot_sigma': 0.29915483634656675, 'encoder_quantization_rad': 0.00019114171987562477, 'velocity_lpf': 0.2573618596432691, 'process_theta_dot_sigma': 0.0, 'process_alpha_dot_sigma': 0.0}"
4867491,4,randomization_0.50,0.5,"{'level': 0.5, 'physical': {'g': 9.574719706506116, 'c_theta': 0.01587512667390053, 'c_alpha': 0.002732905049473121, 'k_t': 0.23898388397222048, 'k_b': 0.187063038007158, 'k_u': 0.04083758357701876, 'R': 4.375295067887707, 'm1': 0.22642977377226528, 'm2': 0.16188376367436227, 'l1cg': 0.08461820892100153, 'l1': 0.1486391902135176, 'l2cg': 0.05932906982497443, 'I1z': 0.00040096453036592833, 'I2x': 0.00039588733416062515, 'I2y': 1.8117859526974083e-05, 'I2z': 0.0003793933439032146}, 'init_theta_std_deg': 5.49343218692259, 'init_alpha_std_deg': 11.135713885180877, 'init_theta_dot_std': 0.03564385900774028, 'init_alpha_dot_std': 0.8118714853290342, 'pwm_limit': 144.47537434973137, 'pwm_gain': 1.0447914257161652, 'pwm_bias': -1.5058976980160126, 'pwm_deadzone': 2.5857268199325696, 'pwm_noise_sigma': 0.7128847906240311, 'actuator_tau': 0.006526006779457196, 'action_delay_steps': 0, 'theta_bias': 0.004383749931398421, 'alpha_bias': -0.004462502581613425, 'theta_sigma': 0.0018252639094073204, 'alpha_sigma': 0.007940418777429799, 'theta_dot_sigma': 0.013446150693086228, 'alpha_dot_sigma': 0.2623448510796975, 'encoder_quantization_rad': 0.0006800065492091168, 'velocity_lpf': 0.25, 'process_theta_dot_sigma': 0.0, 'process_alpha_dot_sigma': 0.0}"
4869491,4,randomization_0.50,0.5,"{'level': 0.5, 'physical': {'g': 9.61118271828477, 'c_theta': 0.04090433782709139, 'c_alpha': 0.0014445645034402406, 'k_t': 0.20898504825678726, 'k_b': 0.1673894410853227, 'k_u': 0.04298854714932693, 'R': 4.446431764402873, 'm1': 0.20931230057251524, 'm2': 0.16045406539625656, 'l1cg': 0.07632611035993338, 'l1': 0.14956357300248943, 'l2cg': 0.06820977733530323, 'I1z': 0.00040037868277575494, 'I2x': 0.0003817336853038319, 'I2y': 2.745116069132676e-05, 'I2z': 0.00030539458896305444}, 'init_theta_std_deg': 4.972858458906337, 'init_alpha_std_deg': 8.282371084958807, 'init_theta_dot_std': 0.3222810057045984, 'init_alpha_dot_std': 0.26027792489241186, 'pwm_limit': 146.06652085562234, 'pwm_gain': 0.9651187509886439, 'pwm_bias': -0.3889141859659686, 'pwm_deadzone': 4.587657387733072, 'pwm_noise_sigma': 0.5232947961540284, 'actuator_tau': 0.005942760599198935, 'action_delay_steps': 1, 'theta_bias': -0.0036075242961552145, 'alpha_bias': 0.004690611469185987, 'theta_sigma': 9.717994619510396e-05, 'alpha_sigma': 0.008632759488904013, 'theta_dot_sigma': 0.17455802641446133, 'alpha_dot_sigma': 0.1580679275880301, 'encoder_quantization_rad': 0.000649070205102499, 'velocity_lpf': 0.24945995204908633, 'process_theta_dot_sigma': 0.0, 'process_alpha_dot_sigma': 0.0}"
4871491,4,randomization_0.50,0.5,"{'level': 0.5, 'physical': {'g': 9.910023538688238, 'c_theta': 0.04554629225585184, 'c_alpha': 0.002561707229582814, 'k_t': 0.25111167810253177, 'k_b': 0.1874632633383006, 'k_u': 0.05372644034299129, 'R': 4.779809081783986, 'm1': 0.20298088654701046, 'm2': 0.15980534893291992, 'l1cg': 0.07494175644995457, 'l1': 0.144517820916299, 'l2cg': 0.06306007997262444, 'I1z': 0.0004242962631350216, 'I2x': 0.0003867734780707406, 'I2y': 2.8065394128457813e-05, 'I2z': 0.00037046916819529136}, 'init_theta_std_deg': 4.565238472529049, 'init_alpha_std_deg': 8.861907049964394, 'init_theta_dot_std': 0.14968529502982805, 'init_alpha_dot_std': 0.019622682536144936, 'pwm_limit': 150.32386304221836, 'pwm_gain': 0.995872339728255, 'pwm_bias': -0.7768775884796755, 'pwm_deadzone': 1.4495224574108723, 'pwm_noise_sigma': 0.7778579515798575, 'actuator_tau': 0.014329102068733446, 'action_delay_steps': 0, 'theta_bias': -0.004684940991992604, 'alpha_bias': -0.002457154672468437, 'theta_sigma': 0.001553966016964103, 'alpha_sigma': 0.0007020192735199593, 'theta_dot_sigma': 0.11053885039590665, 'alpha_dot_sigma': 0.18994894871771872, 'encoder_quantization_rad': 7.6690506629814e-05, 'velocity_lpf': 0.25, 'process_theta_dot_sigma': 0.0, 'process_alpha_dot_sigma': 0.0}"
4873491,4,randomization_0.50,0.5,"{'level': 0.5, 'physical': {'g': 9.755612204548441, 'c_theta': 0.03718468140342769, 'c_alpha': 0.001435319174109024, 'k_t': 0.20614381211298013, 'k_b': 0.17962116334716988, 'k_u': 0.047540142977415434, 'R': 4.203995809875237, 'm1': 0.22706907596165768, 'm2': 0.15567795143024063, 'l1cg': 0.07445558550767711, 'l1': 0.1470608011354586, 'l2cg': 0.07152158859791105, 'I1z': 0.00048374186712225897, 'I2x': 0.00035279561992248003, 'I2y': 2.4002867691643645e-05, 'I2z': 0.0005044908071466228}, 'init_theta_std_deg': 6.020610397600359, 'init_alpha_std_deg': 10.210459552982732, 'init_theta_dot_std': 0.3667327390855297, 'init_alpha_dot_std': 0.02806229081670733, 'pwm_limit': 144.29994926162053, 'pwm_gain': 1.0006919027283292, 'pwm_bias': 1.8496934655041963, 'pwm_deadzone': 1.1002294625783526, 'pwm_noise_sigma': 0.059379031396424975, 'actuator_tau': 0.010307855631178047, 'action_delay_steps': 1, 'theta_bias': 0.0035337286058661644, 'alpha_bias': -0.004754803598606133, 'theta_sigma': 0.002621081500071681, 'alpha_sigma': 0.005393874730934702, 'theta_dot_sigma': 0.1541851537118385, 'alpha_dot_sigma': 0.22945286414899974, 'encoder_quantization_rad': 0.00036332730825571255, 'velocity_lpf': 0.25, 'process_theta_dot_sigma': 0.0, 'process_alpha_dot_sigma': 0.0}"
4875491,4,randomization_0.50,0.5,"{'level': 0.5, 'physical': {'g': 9.861082119649165, 'c_theta': 0.04859834978249166, 'c_alpha': 0.0007993769277034051, 'k_t': 0.2098376219541755, 'k_b': 0.18078568829125924, 'k_u': 0.04787315543118812, 'R': 4.535527119939835, 'm1': 0.21562992220871682, 'm2': 0.16369173606608378, 'l1cg': 0.07895197405101395, 'l1': 0.14998044442052305, 'l2cg': 0.07006075582355144, 'I1z': 0.0006325067825996403, 'I2x': 0.000403320696925037, 'I2y': 3.2475339268571736e-05, 'I2z': 0.0003879901635591077}, 'init_theta_std_deg': 5.504736452965998, 'init_alpha_std_deg': 9.523253042611735, 'init_theta_dot_std': 0.27017167977787604, 'init_alpha_dot_std': 1.2298537641389031, 'pwm_limit': 142.8532486234936, 'pwm_gain': 0.9713600159155481, 'pwm_bias': -0.32385878114788547, 'pwm_deadzone': 0.45654603933096505, 'pwm_noise_sigma': 0.05629840032879163, 'actuator_tau': 0.004839166375590391, 'action_delay_steps': 0, 'theta_bias': -0.003850702175495664, 'alpha_bias': -0.0007351410654317054, 'theta_sigma': 0.0014336142497976979, 'alpha_sigma': 0.00021540079808514024, 'theta_dot_sigma': 0.17423075208162855, 'alpha_dot_sigma': 0.030354631819363275, 'encoder_quantization_rad': 0.0007348580318627983, 'velocity_lpf': 0.25, 'process_theta_dot_sigma': 0.0, 'process_alpha_dot_sigma': 0.0}"
4877491,4,randomization_0.50,0.5,"{'level': 0.5, 'physical': {'g': 9.592189026833095, 'c_theta': 0.04641478018061602, 'c_alpha': 0.0024120066863128277, 'k_t': 0.2085424026308675, 'k_b': 0.18722218440252997, 'k_u': 0.045761774613952234, 'R': 4.554638246039498, 'm1': 0.20943465551305854, 'm2': 0.14677071862706553, 'l1cg': 0.07804011695906647, 'l1': 0.14559361137144866, 'l2cg': 0.06644097704527434, 'I1z': 0.00043013582271558923, 'I2x': 0.00040208397295010944, 'I2y': 3.3004211096905314e-05, 'I2z': 0.00045353278786158227}, 'init_theta_std_deg': 5.9363228633908545, 'init_alpha_std_deg': 9.82500768572806, 'init_theta_dot_std': 0.5091970243482395, 'init_alpha_dot_std': 1.094600762564828, 'pwm_limit': 138.4284956791159, 'pwm_gain': 1.0396897733997243, 'pwm_bias': 0.8853871075863213, 'pwm_deadzone': 2.4281274367281918, 'pwm_noise_sigma': 0.10801569545907663, 'actuator_tau': 0.01028172955846163, 'action_delay_steps': 0, 'theta_bias': 0.0028491473083004392, 'alpha_bias': -0.0018548425493072505, 'theta_sigma': 0.0018053514560722338, 'alpha_sigma': 0.0061228970846271095, 'theta_dot_sigma': 0.02274043091905084, 'alpha_dot_sigma': 0.057478236247798804, 'encoder_quantization_rad': 0.0003040382456197431, 'velocity_lpf': 0.25, 'process_theta_dot_sigma': 0.0, 'process_alpha_dot_sigma': 0.0}"
4879491,4,randomization_0.50,0.5,"{'level': 0.5, 'physical': {'g': 9.644177943552767, 'c_theta': 0.023585841455473423, 'c_alpha': 0.002080527348982048, 'k_t': 0.2502447228220325, 'k_b': 0.17785714154501847, 'k_u': 0.043592582303546665, 'R': 4.502777037081497, 'm1': 0.2055347287152636, 'm2': 0.16515646137547804, 'l1cg': 0.07633834836150924, 'l1': 0.1488996528000095, 'l2cg': 0.059256752067818816, 'I1z': 0.0004871537201577699, 'I2x': 0.0003862470031823221, 'I2y': 2.6120610201703186e-05, 'I2z': 0.0004645530544927608}, 'init_theta_std_deg': 5.839480912620193, 'init_alpha_std_deg': 11.312347518746055, 'init_theta_dot_std': 0.18300810285960112, 'init_alpha_dot_std': 0.6088699119950556, 'pwm_limit': 142.82642983323836, 'pwm_gain': 0.955352912212786, 'pwm_bias': 1.4023375117090366, 'pwm_deadzone': 0.7876133749347164, 'pwm_noise_sigma': 0.25145747226752546, 'actuator_tau': 0.010899388476297588, 'action_delay_steps': 0, 'theta_bias': 0.0010856091828688307, 'alpha_bias': -0.0020671298915917536, 'theta_sigma': 0.0005909677416418658, 'alpha_sigma': 0.009808764876750626, 'theta_dot_sigma': 0.0752811840882228, 'alpha_dot_sigma': 0.03016080377067013, 'encoder_quantization_rad': 0.0007492782877619994, 'velocity_lpf': 0.25, 'process_theta_dot_sigma': 0.0, 'process_alpha_dot_sigma': 0.0}"
4881491,4,randomization_0.50,0.5,"{'level': 0.5, 'physical': {'g': 9.865642134638323, 'c_theta': 0.018472790376183133, 'c_alpha': 0.0011290400312927574, 'k_t': 0.2189282202188292, 'k_b': 0.18286770675816102, 'k_u': 0.04449793053542557, 'R': 4.523827754690447, 'm1': 0.19324172345629265, 'm2': 0.1680272083846505, 'l1cg': 0.07735075426899678, 'l1': 0.15435593665786582, 'l2cg': 0.06253656768633548, 'I1z': 0.0005348310575930837, 'I2x': 0.000382919198033478, 'I2y': 2.6865006221364086e-05, 'I2z': 0.000364565573843667}, 'init_theta_std_deg': 4.776183527025355, 'init_alpha_std_deg': 10.489549422088007, 'init_theta_dot_std': 0.020483058151335193, 'init_alpha_dot_std': 0.3608769873455713, 'pwm_limit': 143.48282212934544, 'pwm_gain': 0.9974889519347481, 'pwm_bias': -1.4924804316322193, 'pwm_deadzone': 0.350270071243442, 'pwm_noise_sigma': 0.9711643825571834, 'actuator_tau': 0.0033799609026723717, 'action_delay_steps': 0, 'theta_bias': 0.004727665216828121, 'alpha_bias': 0.0017597827230605163, 'theta_sigma': 0.0025793833082945095, 'alpha_sigma': 0.002574393475207606, 'theta_dot_sigma': 0.03253773079316873, 'alpha_dot_sigma': 0.2293340081893905, 'encoder_quantization_rad': 0.0005535528576633314, 'velocity_lpf': 0.25, 'process_theta_dot_sigma': 0.0, 'process_alpha_dot_sigma': 0.0}"
4883491,4,randomization_0.50,0.5,"{'level': 0.5, 'physical': {'g': 9.97850563544668, 'c_theta': 0.035672855828178016, 'c_alpha': 0.0017494419320819806, 'k_t': 0.2540072628281681, 'k_b': 0.20604295439835224, 'k_u': 0.04793839344076809, 'R': 4.764890792272606, 'm1': 0.2018764564117344, 'm2': 0.15325090357751456, 'l1cg': 0.08123948941533413, 'l1': 0.15744349488793877, 'l2cg': 0.061578834426362944, 'I1z': 0.0005030127799741053, 'I2x': 0.00039356434574377665, 'I2y': 2.2990368377021048e-05, 'I2z': 0.0003872326911959655}, 'init_theta_std_deg': 6.578265058847633, 'init_alpha_std_deg': 11.956687446123148, 'init_theta_dot_std': 0.4402876123912142, 'init_alpha_dot_std': 0.2576746485410067, 'pwm_limit': 151.1547367925958, 'pwm_gain': 0.9865612779767469, 'pwm_bias': -1.3683452391164126, 'pwm_deadzone': 1.7117235008880705, 'pwm_noise_sigma': 0.7905030494778353, 'actuator_tau': 0.0110679479627483, 'action_delay_steps': 0, 'theta_bias': -0.003267974105353675, 'alpha_bias': -0.005798021300152014, 'theta_sigma': 0.0010888933707652875, 'alpha_sigma': 4.2892762845938574e-05, 'theta_dot_sigma': 0.11703330519082558, 'alpha_dot_sigma': 0.19601818873077415, 'encoder_quantization_rad': 0.00037840788225730414, 'velocity_lpf': 0.2726068543521786, 'process_theta_dot_sigma': 0.0, 'process_alpha_dot_sigma': 0.0}"
4885491,4,randomization_0.50,0.5,"{'level': 0.5, 'physical': {'g': 9.779871832578241, 'c_theta': 0.03312338003517706, 'c_alpha': 0.0025760839876069748, 'k_t': 0.21555355938612075, 'k_b': 0.19018459877812946, 'k_u': 0.04186801065729844, 'R': 4.355109917360644, 'm1': 0.19011464704997996, 'm2': 0.15725661826407025, 'l1cg': 0.07884012106076453, 'l1': 0.1469291323949511, 'l2cg': 0.06095841162965532, 'I1z': 0.00043764522652004736, 'I2x': 0.0003376168011320738, 'I2y': 1.8354829228278908e-05, 'I2z': 0.0004031180140110402}, 'init_theta_std_deg': 6.815015366998891, 'init_alpha_std_deg': 9.900903651465867, 'init_theta_dot_std': 0.10458934698256003, 'init_alpha_dot_std': 0.6117466057343378, 'pwm_limit': 151.23887040600812, 'pwm_gain': 0.9650194809767434, 'pwm_bias': -1.8591843846566216, 'pwm_deadzone': 1.19488727763157, 'pwm_noise_sigma': 0.17657282915327366, 'actuator_tau': 0.011265416423728688, 'action_delay_steps': 1, 'theta_bias': 0.000583921322441392, 'alpha_bias': 0.002711616711942455, 'theta_sigma': 0.002184501028648917, 'alpha_sigma': 0.0031235331724739314, 'theta_dot_sigma': 0.08440643565155101, 'alpha_dot_sigma': 0.11931011206311076, 'encoder_quantization_rad': 0.0003984531651808893, 'velocity_lpf': 0.25, 'process_theta_dot_sigma': 0.0, 'process_alpha_dot_sigma': 0.0}"
4887491,4,randomization_0.50,0.5,"{'level': 0.5, 'physical': {'g': 9.795494733123807, 'c_theta': 0.04166905109145829, 'c_alpha': 0.0026098564090649666, 'k_t': 0.2569798947384098, 'k_b': 0.1961728025861834, 'k_u': 0.040919754316392165, 'R': 3.920652340599483, 'm1': 0.21643918528722184, 'm2': 0.16751005998818244, 'l1cg': 0.08457373423016361, 'l1': 0.15428828453197788, 'l2cg': 0.0690795093451229, 'I1z': 0.000567813467924582, 'I2x': 0.00036142875307851986, 'I2y': 3.235834108523165e-05, 'I2z': 0.0003551692748969723}, 'init_theta_std_deg': 3.7371770378486784, 'init_alpha_std_deg': 8.17482469963804, 'init_theta_dot_std': 0.13132307814722577, 'init_alpha_dot_std': 0.9021053089673006, 'pwm_limit': 145.49035829541285, 'pwm_gain': 0.9771108377609078, 'pwm_bias': 1.3434534925610868, 'pwm_deadzone': 3.3919344138213336, 'pwm_noise_sigma': 0.5988667276706483, 'actuator_tau': 0.007141343591723387, 'action_delay_steps': 1, 'theta_bias': 0.0033679041070894854, 'alpha_bias': 0.00580737786653994, 'theta_sigma': 0.0007604332752007473, 'alpha_sigma': 0.003104603442249847, 'theta_dot_sigma': 0.01981009126399704, 'alpha_dot_sigma': 0.24047692930304526, 'encoder_quantization_rad': 0.00019046777073657438, 'velocity_lpf': 0.24323315923369243, 'process_theta_dot_sigma': 0.0, 'process_alpha_dot_sigma': 0.0}"
4889491,4,randomization_0.50,0.5,"{'level': 0.5, 'physical': {'g': 9.96910861620659, 'c_theta': 0.03027232123422073, 'c_alpha': 0.002232600974775492, 'k_t': 0.24379105266076567, 'k_b': 0.18351397269266584, 'k_u': 0.045390862186353235, 'R': 4.115871327627979, 'm1': 0.21721603249444205, 'm2': 0.16615654699809326, 'l1cg': 0.07554913310933718, 'l1': 0.15575964980494678, 'l2cg': 0.0643245117398134, 'I1z': 0.00041296091650289303, 'I2x': 0.00036032200652436324, 'I2y': 2.2724539608054618e-05, 'I2z': 0.00035076969007031476}, 'init_theta_std_deg': 6.5825682915320005, 'init_alpha_std_deg': 9.42751284713465, 'init_theta_dot_std': 0.12532631926783092, 'init_alpha_dot_std': 0.17931215344449372, 'pwm_limit': 143.87301162973648, 'pwm_gain': 0.9878764455223984, 'pwm_bias': 0.357018452663155, 'pwm_deadzone': 0.8820703936225072, 'pwm_noise_sigma': 0.6717815375496524, 'actuator_tau': 0.005842689938473616, 'action_delay_steps': 1, 'theta_bias': -0.003036028218847047, 'alpha_bias': 0.0052127382450408355, 'theta_sigma': 0.0025124030517762234, 'alpha_sigma': 0.002249966882231135, 'theta_dot_sigma': 0.14236054826716688, 'alpha_dot_sigma': 0.04039612806918188, 'encoder_quantization_rad': 9.026623135634504e-05, 'velocity_lpf': 0.22537113134469489, 'process_theta_dot_sigma': 0.0, 'process_alpha_dot_sigma': 0.0}"
4891491,4,randomization_0.50,0.5,"{'level': 0.5, 'physical': {'g': 9.713144198720263, 'c_theta': 0.03112185049399277, 'c_alpha': 0.000887242261536338, 'k_t': 0.2141316894339294, 'k_b': 0.19981260717685484, 'k_u': 0.04235099803864714, 'R': 4.67460711745944, 'm1': 0.1902587445168198, 'm2': 0.1571996002554928, 'l1cg': 0.08458759140856267, 'l1': 0.1543876116735588, 'l2cg': 0.06323001326757095, 'I1z': 0.0006415463947497126, 'I2x': 0.0003733542989610635, 'I2y': 1.995921698125614e-05, 'I2z': 0.00041319559179074964}, 'init_theta_std_deg': 5.301836614971274, 'init_alpha_std_deg': 6.61644802112249, 'init_theta_dot_std': 0.01580471210122239, 'init_alpha_dot_std': 0.6048799961713538, 'pwm_limit': 151.63858905270706, 'pwm_gain': 0.9671041445079618, 'pwm_bias': 1.3726333588444373, 'pwm_deadzone': 3.608280539617608, 'pwm_noise_sigma': 0.3898256600237259, 'actuator_tau': 0.010217379497083668, 'action_delay_steps': 1, 'theta_bias': -0.0015568080659782324, 'alpha_bias': 0.001487910697150678, 'theta_sigma': 0.0028458702631316436, 'alpha_sigma': 0.004237924162206962, 'theta_dot_sigma': 0.1570992368867629, 'alpha_dot_sigma': 0.025813794539566812, 'encoder_quantization_rad': 0.0006085921497920167, 'velocity_lpf': 0.25, 'process_theta_dot_sigma': 0.0, 'process_alpha_dot_sigma': 0.0}"
4893491,4,randomization_0.50,0.5,"{'level': 0.5, 'physical': {'g': 9.960269570828114, 'c_theta': 0.041600380067100935, 'c_alpha': 0.0027056636901123515, 'k_t': 0.23584867744261567, 'k_b': 0.1905934043720683, 'k_u': 0.04022241273818132, 'R': 3.937154747274779, 'm1': 0.2142996662567557, 'm2': 0.15562544363160336, 'l1cg': 0.07776515651436577, 'l1': 0.1455585793666487, 'l2cg': 0.06866380845168313, 'I1z': 0.0004575064109195954, 'I2x': 0.0003926400246757459, 'I2y': 2.861792390184063e-05, 'I2z': 0.0004952790532887782}, 'init_theta_std_deg': 4.861379289561946, 'init_alpha_std_deg': 7.455755514979224, 'init_theta_dot_std': 0.4883165661191704, 'init_alpha_dot_std': 1.1980426081436082, 'pwm_limit': 143.99964812372735, 'pwm_gain': 1.0109927788328987, 'pwm_bias': 0.6752127807256008, 'pwm_deadzone': 2.529066198762089, 'pwm_noise_sigma': 0.7154024366627542, 'actuator_tau': 0.011047226824820683, 'action_delay_steps': 0, 'theta_bias': 0.0006022299372289508, 'alpha_bias': 0.0048324876689885944, 'theta_sigma': 0.0027364569898175677, 'alpha_sigma': 0.006784243589845587, 'theta_dot_sigma': 0.08959322643853276, 'alpha_dot_sigma': 0.18578329228423995, 'encoder_quantization_rad': 0.000574794869838414, 'velocity_lpf': 0.25, 'process_theta_dot_sigma': 0.0, 'process_alpha_dot_sigma': 0.0}"
4895491,4,randomization_0.50,0.5,"{'level': 0.5, 'physical': {'g': 9.781452928915124, 'c_theta': 0.030694467372450764, 'c_alpha': 0.002310597023246503, 'k_t': 0.2595005945588557, 'k_b': 0.1986618374534378, 'k_u': 0.04778291637803586, 'R': 4.299260551323648, 'm1': 0.2157662754225071, 'm2': 0.15508311625021412, 'l1cg': 0.07995128579256822, 'l1': 0.15495607066988304, 'l2cg': 0.06294293035983153, 'I1z': 0.0004452013610883695, 'I2x': 0.00033839567372734964, 'I2y': 2.4028420535758073e-05, 'I2z': 0.00043134293228925375}, 'init_theta_std_deg': 4.481642763705697, 'init_alpha_std_deg': 7.035525238984222, 'init_theta_dot_std': 0.7173717300251949, 'init_alpha_dot_std': 0.9814048711808486, 'pwm_limit': 153.2877270550166, 'pwm_gain': 1.0045834679132684, 'pwm_bias': -0.5648863848389376, 'pwm_deadzone': 1.7504091214938744, 'pwm_noise_sigma': 0.922501202057833, 'actuator_tau': 0.006431162478153939, 'action_delay_steps': 0, 'theta_bias': 0.001408543544944847, 'alpha_bias': -0.0004740256892664565, 'theta_sigma': 0.002796277384129214, 'alpha_sigma': 0.007395555579062265, 'theta_dot_sigma': 0.1293126127806452, 'alpha_dot_sigma': 0.13701497406489832, 'encoder_quantization_rad': 0.00044537964294799273, 'velocity_lpf': 0.254899505098119, 'process_theta_dot_sigma': 0.0, 'process_alpha_dot_sigma': 0.0}"
4897491,4,randomization_0.50,0.5,"{'level': 0.5, 'physical': {'g': 9.833707360495868, 'c_theta': 0.02061238886963543, 'c_alpha': 0.0021150670172997714, 'k_t': 0.24097346141586717, 'k_b': 0.2105310197501101, 'k_u': 0.045411735212791016, 'R': 4.6283097807078795, 'm1': 0.21695640691770757, 'm2': 0.15211747329195288, 'l1cg': 0.08096019220607364, 'l1': 0.14976201494359678, 'l2cg': 0.07029613191993862, 'I1z': 0.0005006616573100068, 'I2x': 0.00034677320659558134, 'I2y': 3.093805334612633e-05, 'I2z': 0.00048284853113268067}, 'init_theta_std_deg': 6.947784107332016, 'init_alpha_std_deg': 10.694612354385878, 'init_theta_dot_std': 0.35491980920007105, 'init_alpha_dot_std': 0.6392711469522043, 'pwm_limit': 140.5360499895633, 'pwm_gain': 0.9937777523087812, 'pwm_bias': -1.73242158872382, 'pwm_deadzone': 4.248017882015867, 'pwm_noise_sigma': 0.9250813810297557, 'actuator_tau': 0.0032930417491045636, 'action_delay_steps': 1, 'theta_bias': -0.0004029482244467475, 'alpha_bias': -0.0012283541226679434, 'theta_sigma': 0.002431481131193889, 'alpha_sigma': 0.004322678026181284, 'theta_dot_sigma': 0.14805128314832194, 'alpha_dot_sigma': 0.2570048886795634, 'encoder_quantization_rad': 0.00040129927888715353, 'velocity_lpf': 0.24152681212899513, 'process_theta_dot_sigma': 0.0, 'process_alpha_dot_sigma': 0.0}"
4899491,4,randomization_0.50,0.5,"{'level': 0.5, 'physical': {'g': 9.571753076219403, 'c_theta': 0.03553092960952031, 'c_alpha': 0.0007085463412153135, 'k_t': 0.2336500957566152, 'k_b': 0.179469761771051, 'k_u': 0.046640756944470105, 'R': 4.289402365832706, 'm1': 0.20038328692883411, 'm2': 0.16659368241772884, 'l1cg': 0.08176234116307646, 'l1': 0.15382799776005554, 'l2cg': 0.060244063744349804, 'I1z': 0.00056142898814066, 'I2x': 0.0003884323466836983, 'I2y': 2.272675153850624e-05, 'I2z': 0.00031346949928440064}, 'init_theta_std_deg': 5.388023404119682, 'init_alpha_std_deg': 8.548992590561918, 'init_theta_dot_std': 0.474928116096218, 'init_alpha_dot_std': 0.006870431907294999, 'pwm_limit': 135.32389990110252, 'pwm_gain': 0.9567585423049674, 'pwm_bias': -1.460834251030433, 'pwm_deadzone': 0.033616280416366995, 'pwm_noise_sigma': 0.20651927699076844, 'actuator_tau': 0.0055462166984046254, 'action_delay_steps': 1, 'theta_bias': 0.0027741358154266295, 'alpha_bias': -0.0017737682498336071, 'theta_sigma': 0.0015177281804981998, 'alpha_sigma': 0.00011524450963257938, 'theta_dot_sigma': 0.1380275099406131, 'alpha_dot_sigma': 0.011762952703590368, 'encoder_quantization_rad': 0.00031726844379889363, 'velocity_lpf': 0.2682392690469084, 'process_theta_dot_sigma': 0.0, 'process_alpha_dot_sigma': 0.0}"
4901491,4,randomization_0.50,0.5,"{'level': 0.5, 'physical': {'g': 9.588289195056683, 'c_theta': 0.03241922739816249, 'c_alpha': 0.0017873309434822248, 'k_t': 0.24061004044489298, 'k_b': 0.190840878515095, 'k_u': 0.04233983178754783, 'R': 4.196686886321293, 'm1': 0.20867196177665176, 'm2': 0.1466190559207089, 'l1cg': 0.07578658306345144, 'l1': 0.14648992681177253, 'l2cg': 0.06556521893391691, 'I1z': 0.0004330155711415489, 'I2x': 0.00036639325503367697, 'I2y': 2.4802234158176177e-05, 'I2z': 0.00047013501398874923}, 'init_theta_std_deg': 5.9778231092513385, 'init_alpha_std_deg': 9.56806642840148, 'init_theta_dot_std': 0.05246091267626893, 'init_alpha_dot_std': 0.48708920934839334, 'pwm_limit': 148.48603786118164, 'pwm_gain': 0.9896013339465607, 'pwm_bias': 0.9942233083397336, 'pwm_deadzone': 3.093970212676213, 'pwm_noise_sigma': 0.6357720765493887, 'actuator_tau': 0.003960476972225891, 'action_delay_steps': 0, 'theta_bias': -0.0022448074392115726, 'alpha_bias': -0.001703041498642023, 'theta_sigma': 0.0013856674526806576, 'alpha_sigma': 0.006730444006907646, 'theta_dot_sigma': 0.039973943262720454, 'alpha_dot_sigma': 0.13636224519650947, 'encoder_quantization_rad': 0.0007146632777018672, 'velocity_lpf': 0.25, 'process_theta_dot_sigma': 0.0, 'process_alpha_dot_sigma': 0.0}"
4903491,4,randomization_0.50,0.5,"{'level': 0.5, 'physical': {'g': 9.664464611996424, 'c_theta': 0.02224015630065175, 'c_alpha': 0.0013311309300550645, 'k_t': 0.21934666760292013, 'k_b': 0.20741419353575696, 'k_u': 0.042699052473265525, 'R': 4.102832348050786, 'm1': 0.18292201151688856, 'm2': 0.16433546811088334, 'l1cg': 0.08602009461664017, 'l1': 0.1577173188587514, 'l2cg': 0.05951733062467073, 'I1z': 0.000596801140556921, 'I2x': 0.00037179087525719885, 'I2y': 2.7376090938565397e-05, 'I2z': 0.0003900432931993453}, 'init_theta_std_deg': 5.303674112087064, 'init_alpha_std_deg': 6.696845515524303, 'init_theta_dot_std': 0.02874448384057693, 'init_alpha_dot_std': 0.08444347426342647, 'pwm_limit': 139.53970315293537, 'pwm_gain': 1.0111984381054733, 'pwm_bias': -0.27043040898916715, 'pwm_deadzone': 1.7836994279946006, 'pwm_noise_sigma': 0.7855526699424682, 'actuator_tau': 0.014756573892412764, 'action_delay_steps': 0, 'theta_bias': -0.00450822836259201, 'alpha_bias': -0.005911964133338619, 'theta_sigma': 0.0021836800966991313, 'alpha_sigma': 0.0028788444484443075, 'theta_dot_sigma': 0.0419787926905896, 'alpha_dot_sigma': 0.00038059207683864836, 'encoder_quantization_rad': 0.0001143794947363819, 'velocity_lpf': 0.25, 'process_theta_dot_sigma': 0.0, 'process_alpha_dot_sigma': 0.0}"
4905491,4,randomization_0.50,0.5,"{'level': 0.5, 'physical': {'g': 9.974635881909775, 'c_theta': 0.03601381367697426, 'c_alpha': 0.0007905791608499193, 'k_t': 0.2400922279614264, 'k_b': 0.18344228079518132, 'k_u': 0.041960769749145914, 'R': 3.978661919942671, 'm1': 0.22475970188583422, 'm2': 0.16592969808662264, 'l1cg': 0.07832470615463893, 'l1': 0.1574332155603801, 'l2cg': 0.07474377221792136, 'I1z': 0.0006052831555688529, 'I2x': 0.00035284831989084836, 'I2y': 3.282842902500774e-05, 'I2z': 0.00033531761998559836}, 'init_theta_std_deg': 4.3491944697978315, 'init_alpha_std_deg': 9.978665303713315, 'init_theta_dot_std': 0.5810410064496847, 'init_alpha_dot_std': 0.6518020101128642, 'pwm_limit': 139.54344213544556, 'pwm_gain': 0.9746811784532269, 'pwm_bias': 1.060218082072733, 'pwm_deadzone': 0.81922712346293, 'pwm_noise_sigma': 0.02733377593237918, 'actuator_tau': 0.0071548752587043485, 'action_delay_steps': 1, 'theta_bias': -0.0014734040768464274, 'alpha_bias': 0.001594389190885217, 'theta_sigma': 0.001808545031951931, 'alpha_sigma': 0.00207478608106649, 'theta_dot_sigma': 0.06234279140300665, 'alpha_dot_sigma': 0.19383340645057717, 'encoder_quantization_rad': 0.000642977908352466, 'velocity_lpf': 0.25, 'process_theta_dot_sigma': 0.0, 'process_alpha_dot_sigma': 0.0}"
4907491,4,randomization_0.50,0.5,"{'level': 0.5, 'physical': {'g': 9.994086696162507, 'c_theta': 0.021405372276739734, 'c_alpha': 0.002656298310458988, 'k_t': 0.23433405547303643, 'k_b': 0.1809483810451814, 'k_u': 0.040146916151772745, 'R': 4.411133470380967, 'm1': 0.19359325010036652, 'm2': 0.1479730461434216, 'l1cg': 0.07546548056840287, 'l1': 0.1493884353429563, 'l2cg': 0.07034671711787889, 'I1z': 0.0006289958200764695, 'I2x': 0.0003981844137447442, 'I2y': 3.121558028529163e-05, 'I2z': 0.0003696978022749801}, 'init_theta_std_deg': 5.316356218004966, 'init_alpha_std_deg': 9.444483335251599, 'init_theta_dot_std': 0.6075452317230061, 'init_alpha_dot_std': 0.30484971991725385, 'pwm_limit': 138.62401058040257, 'pwm_gain': 1.0312883223226164, 'pwm_bias': 1.3684496469970084, 'pwm_deadzone': 0.1818782269653063, 'pwm_noise_sigma': 0.5529068630230711, 'actuator_tau': 0.0066755246871898115, 'action_delay_steps': 1, 'theta_bias': -0.0017975067545329515, 'alpha_bias': -0.00246971606556983, 'theta_sigma': 0.0006426160422472302, 'alpha_sigma': 0.0036542971627524646, 'theta_dot_sigma': 0.09105912996268084, 'alpha_dot_sigma': 0.16110490912717826, 'encoder_quantization_rad': 0.0006242282292607928, 'velocity_lpf': 0.25, 'process_theta_dot_sigma': 0.0, 'process_alpha_dot_sigma': 0.0}"
4909491,4,randomization_0.50,0.5,"{'level': 0.5, 'physical': {'g': 9.914261611898343, 'c_theta': 0.04279795699932749, 'c_alpha': 0.002090698363529024, 'k_t': 0.24881550620883996, 'k_b': 0.2091548673500756, 'k_u': 0.04797432153773583, 'R': 4.209220926778143, 'm1': 0.20739555324117928, 'm2': 0.16659100261720572, 'l1cg': 0.0837358894887911, 'l1': 0.15577833458447393, 'l2cg': 0.07486830404100733, 'I1z': 0.0006124894659739107, 'I2x': 0.00035929315738623, 'I2y': 2.1169393808231678e-05, 'I2z': 0.00037738492688889244}, 'init_theta_std_deg': 4.157520003110406, 'init_alpha_std_deg': 7.619020466235213, 'init_theta_dot_std': 0.012329943922079367, 'init_alpha_dot_std': 1.2072695140466763, 'pwm_limit': 144.604944557795, 'pwm_gain': 0.9840834877736323, 'pwm_bias': -0.9417385508063876, 'pwm_deadzone': 4.952270160197092, 'pwm_noise_sigma': 0.02432374118319336, 'actuator_tau': 0.004543965998799637, 'action_delay_steps': 0, 'theta_bias': -0.0014184004176529597, 'alpha_bias': -0.005663279500748048, 'theta_sigma': 0.0008187111412679633, 'alpha_sigma': 0.0021708514190218776, 'theta_dot_sigma': 0.14052049180061127, 'alpha_dot_sigma': 0.2435945898499209, 'encoder_quantization_rad': 0.000393101087781738, 'velocity_lpf': 0.25, 'process_theta_dot_sigma': 0.0, 'process_alpha_dot_sigma': 0.0}"
4911491,4,randomization_0.50,0.5,"{'level': 0.5, 'physical': {'g': 9.817311094556356, 'c_theta': 0.05560805424971713, 'c_alpha': 0.0022620389468829922, 'k_t': 0.24892824931283772, 'k_b': 0.21076430216517394, 'k_u': 0.044924822463962906, 'R': 4.630107184896547, 'm1': 0.19929801168728833, 'm2': 0.15061927105901768, 'l1cg': 0.08316074729151224, 'l1': 0.15364834900777433, 'l2cg': 0.07234913171780398, 'I1z': 0.0005264106167758062, 'I2x': 0.00034594432640591927, 'I2y': 1.8914896017594267e-05, 'I2z': 0.0002961855068154435}, 'init_theta_std_deg': 6.270949846107541, 'init_alpha_std_deg': 9.569216855519628, 'init_theta_dot_std': 0.19352957100859605, 'init_alpha_dot_std': 0.008022725904986011, 'pwm_limit': 146.24850682849438, 'pwm_gain': 0.9810871596321172, 'pwm_bias': -0.4925378181681568, 'pwm_deadzone': 4.68441742501511, 'pwm_noise_sigma': 0.9366724496677518, 'actuator_tau': 0.00882150405620689, 'action_delay_steps': 1, 'theta_bias': -0.0023095141057850456, 'alpha_bias': 0.002663979615709038, 'theta_sigma': 0.002625367310211484, 'alpha_sigma': 0.008075251172222271, 'theta_dot_sigma': 0.16405548887821692, 'alpha_dot_sigma': 0.02759937734196266, 'encoder_quantization_rad': 0.0003910607603118988, 'velocity_lpf': 0.2540292093276933, 'process_theta_dot_sigma': 0.0, 'process_alpha_dot_sigma': 0.0}"
4913491,4,randomization_0.50,0.5,"{'level': 0.5, 'physical': {'g': 9.685608102370347, 'c_theta': 0.03510607528741092, 'c_alpha': 0.0024665022448944166, 'k_t': 0.20820971154170084, 'k_b': 0.18532295781974245, 'k_u': 0.0539943464919952, 'R': 4.19813703274229, 'm1': 0.2222356054322573, 'm2': 0.15015208287131412, 'l1cg': 0.08464381465545893, 'l1': 0.15825403546197434, 'l2cg': 0.0644097082462194, 'I1z': 0.00043469838893832595, 'I2x': 0.0004042710250454965, 'I2y': 3.201421297531624e-05, 'I2z': 0.0003879670018408269}, 'init_theta_std_deg': 5.571768561681947, 'init_alpha_std_deg': 8.146779366853421, 'init_theta_dot_std': 0.050903361651409296, 'init_alpha_dot_std': 0.7913557576765695, 'pwm_limit': 142.31020273219113, 'pwm_gain': 0.9971684741944488, 'pwm_bias': 0.7963741831660354, 'pwm_deadzone': 4.305504761744451, 'pwm_noise_sigma': 0.9599478445216485, 'actuator_tau': 0.0024378571453318415, 'action_delay_steps': 1, 'theta_bias': 0.002137230702231192, 'alpha_bias': 9.208303181970035e-05, 'theta_sigma': 0.0026238460026979113, 'alpha_sigma': 0.004633152805124342, 'theta_dot_sigma': 0.04798983078346752, 'alpha_dot_sigma': 0.015646308138473418, 'encoder_quantization_rad': 0.0002251564972107984, 'velocity_lpf': 0.239869186509798, 'process_theta_dot_sigma': 0.0, 'process_alpha_dot_sigma': 0.0}"
4915491,4,randomization_0.50,0.5,"{'level': 0.5, 'physical': {'g': 9.603254862935646, 'c_theta': 0.01656458439181227, 'c_alpha': 0.0014196575269548705, 'k_t': 0.21767592030673513, 'k_b': 0.17852459063081322, 'k_u': 0.04394502718219775, 'R': 3.984729156700596, 'm1': 0.2010109066533773, 'm2': 0.165770928280797, 'l1cg': 0.08363048688152326, 'l1': 0.14522294334191274, 'l2cg': 0.058975015475018974, 'I1z': 0.0004218417950153799, 'I2x': 0.00035213453270035566, 'I2y': 3.186111776414319e-05, 'I2z': 0.0004698443604532543}, 'init_theta_std_deg': 3.6449035986527196, 'init_alpha_std_deg': 9.23465149212053, 'init_theta_dot_std': 0.6556850318578042, 'init_alpha_dot_std': 0.34978227853019794, 'pwm_limit': 140.91976129030783, 'pwm_gain': 0.950966141398106, 'pwm_bias': 1.2348612590507955, 'pwm_deadzone': 4.022243014309047, 'pwm_noise_sigma': 0.05853254628203208, 'actuator_tau': 0.008468899970885416, 'action_delay_steps': 0, 'theta_bias': -0.0033811230966848704, 'alpha_bias': 0.0030059403180140234, 'theta_sigma': 1.9683698279170605e-05, 'alpha_sigma': 0.008890206367982042, 'theta_dot_sigma': 0.057634642712655705, 'alpha_dot_sigma': 0.26233784516415876, 'encoder_quantization_rad': 0.0006610391337962323, 'velocity_lpf': 0.25, 'process_theta_dot_sigma': 0.0, 'process_alpha_dot_sigma': 0.0}"
4917491,4,randomization_0.50,0.5,"{'level': 0.5, 'physical': {'g': 9.98013039245742, 'c_theta': 0.05298060066025262, 'c_alpha': 0.0026792446652052384, 'k_t': 0.22613830016450387, 'k_b': 0.1789667092951703, 'k_u': 0.04175754086539736, 'R': 4.232077220747826, 'm1': 0.21735210106700237, 'm2': 0.15865156310401676, 'l1cg': 0.08383214783190364, 'l1': 0.14606967207537666, 'l2cg': 0.06958450868925213, 'I1z': 0.00046198891835545796, 'I2x': 0.00036706619999846574, 'I2y': 2.214611342875991e-05, 'I2z': 0.0003191033097643139}, 'init_theta_std_deg': 6.687983349147501, 'init_alpha_std_deg': 10.878350248557018, 'init_theta_dot_std': 0.09963042096032024, 'init_alpha_dot_std': 0.824426341709388, 'pwm_limit': 137.45117597180604, 'pwm_gain': 1.0432940637836954, 'pwm_bias': -0.9771601086918462, 'pwm_deadzone': 2.9268997797018974, 'pwm_noise_sigma': 0.6853858619181293, 'actuator_tau': 0.0022560455347296463, 'action_delay_steps': 0, 'theta_bias': 0.002686569588420135, 'alpha_bias': -0.003491176724354103, 'theta_sigma': 0.00014835707533410959, 'alpha_sigma': 0.007272196745650631, 'theta_dot_sigma': 0.09564438332482499, 'alpha_dot_sigma': 0.26879499832475934, 'encoder_quantization_rad': 0.0006101817321014551, 'velocity_lpf': 0.22723318415969193, 'process_theta_dot_sigma': 0.0, 'process_alpha_dot_sigma': 0.0}"
4919491,4,randomization_0.50,0.5,"{'level': 0.5, 'physical': {'g': 9.96760334594584, 'c_theta': 0.047634642484814506, 'c_alpha': 0.0027214674661160516, 'k_t': 0.23053956603671089, 'k_b': 0.21004343793127367, 'k_u': 0.042376300411230264, 'R': 4.621951047929492, 'm1': 0.19576620433787417, 'm2': 0.1549760173208898, 'l1cg': 0.08170136119744657, 'l1': 0.1593421647994721, 'l2cg': 0.07351300350740453, 'I1z': 0.0005200714403433862, 'I2x': 0.00036651730713686305, 'I2y': 2.5640402857098106e-05, 'I2z': 0.00037469411674173565}, 'init_theta_std_deg': 4.331784917688159, 'init_alpha_std_deg': 9.464814819205198, 'init_theta_dot_std': 0.18607819213175208, 'init_alpha_dot_std': 0.7358986511938439, 'pwm_limit': 149.23065714345472, 'pwm_gain': 0.9710633775099088, 'pwm_bias': -0.7242787220717006, 'pwm_deadzone': 1.7308752534141325, 'pwm_noise_sigma': 0.24458573732699485, 'actuator_tau': 0.0018138796289489283, 'action_delay_steps': 1, 'theta_bias': 0.0036609872473378534, 'alpha_bias': 0.0016074683206765536, 'theta_sigma': 0.0015957837840181815, 'alpha_sigma': 0.009654095643391758, 'theta_dot_sigma': 0.07110146027180582, 'alpha_dot_sigma': 0.0411500368787315, 'encoder_quantization_rad': 0.00017020264929759854, 'velocity_lpf': 0.23857741120242837, 'process_theta_dot_sigma': 0.0, 'process_alpha_dot_sigma': 0.0}"
4921491,4,randomization_0.50,0.5,"{'level': 0.5, 'physical': {'g': 9.689540773025298, 'c_theta': 0.04048112874034132, 'c_alpha': 0.0019492041117730459, 'k_t': 0.23242541312690607, 'k_b': 0.18627383030174416, 'k_u': 0.04826856661481768, 'R': 4.258292749429153, 'm1': 0.22707158786685172, 'm2': 0.15599836904146602, 'l1cg': 0.07594876821256492, 'l1': 0.15925608598889504, 'l2cg': 0.06903182514776501, 'I1z': 0.0004942190431959895, 'I2x': 0.00040473255063132454, 'I2y': 2.2560573917201954e-05, 'I2z': 0.0003356332527758218}, 'init_theta_std_deg': 6.8902533263438315, 'init_alpha_std_deg': 10.773162165116343, 'init_theta_dot_std': 0.5601536259104423, 'init_alpha_dot_std': 0.7913999607313403, 'pwm_limit': 147.35789935842374, 'pwm_gain': 0.9747693210747834, 'pwm_bias': -1.1084656274168232, 'pwm_deadzone': 2.186071893941673, 'pwm_noise_sigma': 0.6001771271816924, 'actuator_tau': 0.01158011144093075, 'action_delay_steps': 0, 'theta_bias': 0.003672948733134264, 'alpha_bias': 0.003019225906340784, 'theta_sigma': 0.0013851493853847677, 'alpha_sigma': 0.009981977901802738, 'theta_dot_sigma': 0.13821246783661648, 'alpha_dot_sigma': 0.2904463145313579, 'encoder_quantization_rad': 5.371250815735096e-05, 'velocity_lpf': 0.27002063118592534, 'process_theta_dot_sigma': 0.0, 'process_alpha_dot_sigma': 0.0}"
4923491,4,randomization_0.50,0.5,"{'level': 0.5, 'physical': {'g': 9.560403557077809, 'c_theta': 0.02914486265206516, 'c_alpha': 0.002213324612999872, 'k_t': 0.21661748514302911, 'k_b': 0.1785266090748251, 'k_u': 0.045982903604106, 'R': 3.994677976558568, 'm1': 0.20253588501857958, 'm2': 0.1561056612956652, 'l1cg': 0.0765510283249622, 'l1': 0.14714476905059426, 'l2cg': 0.07115881489065556, 'I1z': 0.0006258745684069626, 'I2x': 0.000344432543037052, 'I2y': 2.0827267361090758e-05, 'I2z': 0.0002887695917783339}, 'init_theta_std_deg': 6.191522943303974, 'init_alpha_std_deg': 6.455686647461196, 'init_theta_dot_std': 0.36980805040792997, 'init_alpha_dot_std': 0.6531927883495049, 'pwm_limit': 146.13413676585733, 'pwm_gain': 1.0092623725087373, 'pwm_bias': -1.5263171587224726, 'pwm_deadzone': 4.445826763111503, 'pwm_noise_sigma': 0.3577057415194729, 'actuator_tau': 0.013196801112729157, 'action_delay_steps': 1, 'theta_bias': -0.0017736348593456797, 'alpha_bias': -0.0031396761677834305, 'theta_sigma': 0.0013768013947094123, 'alpha_sigma': 0.00791072271239436, 'theta_dot_sigma': 0.07226270797600413, 'alpha_dot_sigma': 0.14737027724114024, 'encoder_quantization_rad': 0.0005620817934747362, 'velocity_lpf': 0.25, 'process_theta_dot_sigma': 0.0, 'process_alpha_dot_sigma': 0.0}"
4925491,4,randomization_0.50,0.5,"{'level': 0.5, 'physical': {'g': 9.577273040897055, 'c_theta': 0.04768744801420025, 'c_alpha': 0.0012477330367355241, 'k_t': 0.22751633928424356, 'k_b': 0.18012692765311406, 'k_u': 0.04068927448323932, 'R': 4.335300187895526, 'm1': 0.18668787567261527, 'm2': 0.16082531119947457, 'l1cg': 0.08020388509054041, 'l1': 0.14434029562366243, 'l2cg': 0.05882117965647041, 'I1z': 0.000635881025821391, 'I2x': 0.00035437072168223145, 'I2y': 3.069787571585603e-05, 'I2z': 0.0003395787223474462}, 'init_theta_std_deg': 5.2247809477521105, 'init_alpha_std_deg': 6.216319074393286, 'init_theta_dot_std': 0.6547947913225607, 'init_alpha_dot_std': 0.38144191456912213, 'pwm_limit': 149.94669853538477, 'pwm_gain': 1.0224641097436944, 'pwm_bias': -0.5488047146365931, 'pwm_deadzone': 1.5525541337139137, 'pwm_noise_sigma': 0.13777185223550859, 'actuator_tau': 0.0011910137419313782, 'action_delay_steps': 0, 'theta_bias': -0.003770845558104793, 'alpha_bias': -0.005195037600705848, 'theta_sigma': 0.00024366499290946842, 'alpha_sigma': 0.00016215527222787185, 'theta_dot_sigma': 0.0788985255217075, 'alpha_dot_sigma': 0.1072509840584141, 'encoder_quantization_rad': 0.00032451454437528436, 'velocity_lpf': 0.25, 'process_theta_dot_sigma': 0.0, 'process_alpha_dot_sigma': 0.0}"
4927491,4,randomization_0.50,0.5,"{'level': 0.5, 'physical': {'g': 9.856971551642907, 'c_theta': 0.039304475857071856, 'c_alpha': 0.002591455305706525, 'k_t': 0.23393660540257066, 'k_b': 0.18354321619024586, 'k_u': 0.04135504763532446, 'R': 4.509686631007817, 'm1': 0.19304956317005495, 'm2': 0.1559401128356569, 'l1cg': 0.07903072788690939, 'l1': 0.15279538947352614, 'l2cg': 0.06472355934193641, 'I1z': 0.000560030160558001, 'I2x': 0.00039134941415701834, 'I2y': 2.2130627556879824e-05, 'I2z': 0.00028343131869505386}, 'init_theta_std_deg': 3.8887954401644897, 'init_alpha_std_deg': 6.299488046506666, 'init_theta_dot_std': 0.6188967726847066, 'init_alpha_dot_std': 1.0649426379048428, 'pwm_limit': 140.9769783126847, 'pwm_gain': 1.0167950208756513, 'pwm_bias': -0.9837014286627412, 'pwm_deadzone': 2.960447279700971, 'pwm_noise_sigma': 0.5933238788818392, 'actuator_tau': 0.012893344412028006, 'action_delay_steps': 1, 'theta_bias': -0.00476887035466069, 'alpha_bias': -0.005128885072404091, 'theta_sigma': 0.0005829305058007955, 'alpha_sigma': 0.00407701412634962, 'theta_dot_sigma': 0.09894995049116054, 'alpha_dot_sigma': 0.19642789924051335, 'encoder_quantization_rad': 0.0003319388739660398, 'velocity_lpf': 0.25, 'process_theta_dot_sigma': 0.0, 'process_alpha_dot_sigma': 0.0}"
4929491,4,randomization_0.50,0.5,"{'level': 0.5, 'physical': {'g': 9.8831163374453, 'c_theta': 0.04991817509782893, 'c_alpha': 0.002516211403234214, 'k_t': 0.22896584515969465, 'k_b': 0.1801378979860148, 'k_u': 0.04624093336958076, 'R': 4.3590639477577104, 'm1': 0.20805616702313393, 'm2': 0.15065830357128843, 'l1cg': 0.07760401289397427, 'l1': 0.15470325408517566, 'l2cg': 0.07215862681258724, 'I1z': 0.0005026250052043021, 'I2x': 0.000335700787591114, 'I2y': 2.4916714884521426e-05, 'I2z': 0.00044951581370743856}, 'init_theta_std_deg': 5.517267501585801, 'init_alpha_std_deg': 6.430670085465612, 'init_theta_dot_std': 0.03938736575261878, 'init_alpha_dot_std': 0.4840582587139419, 'pwm_limit': 152.5466178718028, 'pwm_gain': 1.0350001739810308, 'pwm_bias': -1.8649982371684213, 'pwm_deadzone': 2.5487852748538002, 'pwm_noise_sigma': 0.46127363725106274, 'actuator_tau': 0.003053118575856219, 'action_delay_steps': 0, 'theta_bias': -0.003374651116400199, 'alpha_bias': 0.0053906568483829, 'theta_sigma': 0.0025608740125047037, 'alpha_sigma': 0.004685417774340746, 'theta_dot_sigma': 0.07350226732435508, 'alpha_dot_sigma': 0.05526888451166221, 'encoder_quantization_rad': 0.00041750381146932663, 'velocity_lpf': 0.2434270891849739, 'process_theta_dot_sigma': 0.0, 'process_alpha_dot_sigma': 0.0}"
4931491,4,randomization_0.50,0.5,"{'level': 0.5, 'physical': {'g': 9.913245366836975, 'c_theta': 0.03251266529059222, 'c_alpha': 0.0021974865030681386, 'k_t': 0.23282782968381308, 'k_b': 0.18089831287661434, 'k_u': 0.04126444209003163, 'R': 4.324208156504301, 'm1': 0.2109486216271821, 'm2': 0.162118367878812, 'l1cg': 0.0802933011166772, 'l1': 0.14857068488497888, 'l2cg': 0.06868290200452305, 'I1z': 0.0005875744186537573, 'I2x': 0.00034355034869663323, 'I2y': 2.7280487178144458e-05, 'I2z': 0.00029710759554491434}, 'init_theta_std_deg': 6.648283960871941, 'init_alpha_std_deg': 11.834753038226296, 'init_theta_dot_std': 0.30256441091276864, 'init_alpha_dot_std': 0.05859180041918516, 'pwm_limit': 140.8444573259689, 'pwm_gain': 0.9676762694785259, 'pwm_bias': 1.571686590250327, 'pwm_deadzone': 2.3985624798835348, 'pwm_noise_sigma': 0.5541583514551761, 'actuator_tau': 0.013755634208052547, 'action_delay_steps': 1, 'theta_bias': -0.0036836886827567162, 'alpha_bias': 0.0051116614425922744, 'theta_sigma': 0.0010982952088089098, 'alpha_sigma': 0.004140923360457606, 'theta_dot_sigma': 0.07282569519847788, 'alpha_dot_sigma': 0.052446047164698806, 'encoder_quantization_rad': 2.2507893182716787e-05, 'velocity_lpf': 0.25, 'process_theta_dot_sigma': 0.0, 'process_alpha_dot_sigma': 0.0}"
4933491,4,randomization_0.50,0.5,"{'level': 0.5, 'physical': {'g': 9.642304592745088, 'c_theta': 0.04055279385646448, 'c_alpha': 0.0010537207432225922, 'k_t': 0.21933543999296928, 'k_b': 0.18024210212149466, 'k_u': 0.04275743516373183, 'R': 4.768859355138727, 'm1': 0.22327912743320663, 'm2': 0.15729194300713703, 'l1cg': 0.08352812084083712, 'l1': 0.15855066960018996, 'l2cg': 0.06743135895472621, 'I1z': 0.0005804293432023726, 'I2x': 0.00037559194854804994, 'I2y': 2.2814268084421794e-05, 'I2z': 0.0003036801598206322}, 'init_theta_std_deg': 6.605183513083848, 'init_alpha_std_deg': 9.339895864134853, 'init_theta_dot_std': 0.5421470099331352, 'init_alpha_dot_std': 0.04752169736716688, 'pwm_limit': 146.81218323647124, 'pwm_gain': 1.023398244005273, 'pwm_bias': 0.45437858850585844, 'pwm_deadzone': 1.941129241289465, 'pwm_noise_sigma': 0.43814959804759135, 'actuator_tau': 0.000932991022961846, 'action_delay_steps': 0, 'theta_bias': -0.004521870200331276, 'alpha_bias': -0.0026789343050635473, 'theta_sigma': 0.002472121555294541, 'alpha_sigma': 0.0077409599806469625, 'theta_dot_sigma': 0.07916616059705242, 'alpha_dot_sigma': 0.24899942425172433, 'encoder_quantization_rad': 0.0005674352314350038, 'velocity_lpf': 0.25, 'process_theta_dot_sigma': 0.0, 'process_alpha_dot_sigma': 0.0}"
4935491,4,randomization_0.50,0.5,"{'level': 0.5, 'physical': {'g': 9.588905221651618, 'c_theta': 0.028283949987948965, 'c_alpha': 0.0010155930847938206, 'k_t': 0.21804033263104233, 'k_b': 0.18756511074156101, 'k_u': 0.04072234380053873, 'R': 4.7981586053623255, 'm1': 0.20970517139662767, 'm2': 0.17029045860340644, 'l1cg': 0.07795971730332288, 'l1': 0.1495094800335724, 'l2cg': 0.06704647459656726, 'I1z': 0.0005711177333461367, 'I2x': 0.0003504416189879655, 'I2y': 2.1368716994743097e-05, 'I2z': 0.0003940932073268017}, 'init_theta_std_deg': 4.095961869596723, 'init_alpha_std_deg': 7.642871861475267, 'init_theta_dot_std': 0.5592757262763303, 'init_alpha_dot_std': 0.05326283470424728, 'pwm_limit': 148.25401975591527, 'pwm_gain': 0.9660191068434698, 'pwm_bias': 0.7698730586744946, 'pwm_deadzone': 2.03663306713627, 'pwm_noise_sigma': 0.605908103337208, 'actuator_tau': 0.005555694339482759, 'action_delay_steps': 1, 'theta_bias': -0.0015633342481366109, 'alpha_bias': -0.0016729153608574224, 'theta_sigma': 0.0027950996868998552, 'alpha_sigma': 0.009125226437065422, 'theta_dot_sigma': 0.16194297807201416, 'alpha_dot_sigma': 0.021116282096824247, 'encoder_quantization_rad': 0.00048363215661107053, 'velocity_lpf': 0.25, 'process_theta_dot_sigma': 0.0, 'process_alpha_dot_sigma': 0.0}"
4937491,4,randomization_0.50,0.5,"{'level': 0.5, 'physical': {'g': 9.565103139654902, 'c_theta': 0.021539822467063416, 'c_alpha': 0.0022375125379467784, 'k_t': 0.25635315505376294, 'k_b': 0.20102979571335544, 'k_u': 0.05066427146805242, 'R': 4.513729079382928, 'm1': 0.22137286152062116, 'm2': 0.15658590233847236, 'l1cg': 0.07806282025407701, 'l1': 0.15411179973393338, 'l2cg': 0.061599848614255284, 'I1z': 0.0004178295870007756, 'I2x': 0.0003960045334334443, 'I2y': 2.2009637876867214e-05, 'I2z': 0.0003713355952372852}, 'init_theta_std_deg': 3.6622200963355716, 'init_alpha_std_deg': 10.290351205116746, 'init_theta_dot_std': 0.49431353200472206, 'init_alpha_dot_std': 0.6981097033895287, 'pwm_limit': 135.15279517600933, 'pwm_gain': 1.0247504982505884, 'pwm_bias': -1.6109298600193358, 'pwm_deadzone': 4.916774001512365, 'pwm_noise_sigma': 0.5276607349638285, 'actuator_tau': 0.005512476832774439, 'action_delay_steps': 1, 'theta_bias': 0.003687358624227135, 'alpha_bias': 0.0036427593668401283, 'theta_sigma': 0.0019098030269366695, 'alpha_sigma': 0.009192454676109844, 'theta_dot_sigma': 0.13587738785180986, 'alpha_dot_sigma': 0.13167376966213945, 'encoder_quantization_rad': 5.239837065228123e-05, 'velocity_lpf': 0.25, 'process_theta_dot_sigma': 0.0, 'process_alpha_dot_sigma': 0.0}"
4939491,4,randomization_0.50,0.5,"{'level': 0.5, 'physical': {'g': 9.914094885906959, 'c_theta': 0.029104162496661153, 'c_alpha': 0.0010267043724990542, 'k_t': 0.23247697199733908, 'k_b': 0.19894330316116937, 'k_u': 0.053658053376620655, 'R': 4.275903701569142, 'm1': 0.18151528177809287, 'm2': 0.16800714874798864, 'l1cg': 0.08210272715568728, 'l1': 0.15582519475219128, 'l2cg': 0.06552318522353073, 'I1z': 0.0004183149537974629, 'I2x': 0.00039813963741384224, 'I2y': 1.871514946501048e-05, 'I2z': 0.00039016192399472186}, 'init_theta_std_deg': 7.4525788230498415, 'init_alpha_std_deg': 11.873577039656338, 'init_theta_dot_std': 0.5267254445864519, 'init_alpha_dot_std': 1.0319526376853, 'pwm_limit': 143.90552993848647, 'pwm_gain': 1.028666231881644, 'pwm_bias': -0.4345208654527575, 'pwm_deadzone': 2.562188977907996, 'pwm_noise_sigma': 0.6375040721069272, 'actuator_tau': 0.006520651507128551, 'action_delay_steps': 1, 'theta_bias': 0.0004917549777196085, 'alpha_bias': 0.004927274106354962, 'theta_sigma': 0.0023752555698301012, 'alpha_sigma': 0.003761615134005413, 'theta_dot_sigma': 0.15579079122602338, 'alpha_dot_sigma': 0.034721117733431985, 'encoder_quantization_rad': 0.00023734536694323402, 'velocity_lpf': 0.25, 'process_theta_dot_sigma': 0.0, 'process_alpha_dot_sigma': 0.0}"
4941491,4,randomization_0.50,0.5,"{'level': 0.5, 'physical': {'g': 9.8609649660352, 'c_theta': 0.041131500906149976, 'c_alpha': 0.0011238644096580616, 'k_t': 0.20542183907878722, 'k_b': 0.18169056259841915, 'k_u': 0.04488904023868093, 'R': 4.673410429035555, 'm1': 0.22636524977428366, 'm2': 0.16397662183837997, 'l1cg': 0.08052395196699073, 'l1': 0.14550468366328279, 'l2cg': 0.06907493874623155, 'I1z': 0.0005612658873986088, 'I2x': 0.0003489762824401269, 'I2y': 1.98262793297746e-05, 'I2z': 0.00048032210814356516}, 'init_theta_std_deg': 5.634851837842905, 'init_alpha_std_deg': 8.638354975028939, 'init_theta_dot_std': 0.699556457214339, 'init_alpha_dot_std': 1.097221996067699, 'pwm_limit': 152.99350193417575, 'pwm_gain': 1.0255240047730003, 'pwm_bias': -1.7335998589164556, 'pwm_deadzone': 4.402648284912452, 'pwm_noise_sigma': 0.16763959494909253, 'actuator_tau': 0.0054495219196676855, 'action_delay_steps': 1, 'theta_bias': -0.004093602775829782, 'alpha_bias': -0.0014685378684314388, 'theta_sigma': 0.0021869381282689586, 'alpha_sigma': 0.002355860454932004, 'theta_dot_sigma': 0.02143956770439405, 'alpha_dot_sigma': 0.27999184832121415, 'encoder_quantization_rad': 0.00013405265950606934, 'velocity_lpf': 0.24265663109640553, 'process_theta_dot_sigma': 0.0, 'process_alpha_dot_sigma': 0.0}"
4943491,4,randomization_0.50,0.5,"{'level': 0.5, 'physical': {'g': 9.974880980511307, 'c_theta': 0.05509189889874849, 'c_alpha': 0.0022740069167130643, 'k_t': 0.24541152818065468, 'k_b': 0.17201239574930452, 'k_u': 0.05379912233790266, 'R': 3.9389265620056366, 'm1': 0.19045371338777073, 'm2': 0.16649158476041276, 'l1cg': 0.08202399293218327, 'l1': 0.15061030356431754, 'l2cg': 0.060226651374963226, 'I1z': 0.00038738975009422916, 'I2x': 0.0003349212007053248, 'I2y': 2.1489933967703967e-05, 'I2z': 0.00040409703861467056}, 'init_theta_std_deg': 6.155176900580955, 'init_alpha_std_deg': 9.536639609882666, 'init_theta_dot_std': 0.6423255908698315, 'init_alpha_dot_std': 0.9173118135851979, 'pwm_limit': 152.41462846786996, 'pwm_gain': 0.9970023602594781, 'pwm_bias': -0.3314096141600653, 'pwm_deadzone': 1.6228273453351112, 'pwm_noise_sigma': 0.6274061421839671, 'actuator_tau': 0.003337403594996625, 'action_delay_steps': 0, 'theta_bias': -0.001360877669751036, 'alpha_bias': 0.0029605901361182876, 'theta_sigma': 0.0021147552709976604, 'alpha_sigma': 0.0009836802139298428, 'theta_dot_sigma': 0.04511366748538092, 'alpha_dot_sigma': 0.2651301787668939, 'encoder_quantization_rad': 0.0006555122418127629, 'velocity_lpf': 0.25, 'process_theta_dot_sigma': 0.0, 'process_alpha_dot_sigma': 0.0}"
4945491,4,randomization_0.50,0.5,"{'level': 0.5, 'physical': {'g': 9.78561053947849, 'c_theta': 0.03640541231819408, 'c_alpha': 0.0024111292512070275, 'k_t': 0.2325008901870248, 'k_b': 0.18816359916703884, 'k_u': 0.04500721885252961, 'R': 3.9149487107829355, 'm1': 0.2115137586656453, 'm2': 0.1534247443074634, 'l1cg': 0.07733715655794762, 'l1': 0.15018818933667213, 'l2cg': 0.06194732723109448, 'I1z': 0.0004228025383453367, 'I2x': 0.0003780214277871682, 'I2y': 2.2844030979987198e-05, 'I2z': 0.0003262192341288695}, 'init_theta_std_deg': 4.979126422132595, 'init_alpha_std_deg': 10.558320124178223, 'init_theta_dot_std': 0.5009215564723329, 'init_alpha_dot_std': 0.2307762743140486, 'pwm_limit': 150.62151326587005, 'pwm_gain': 0.973331476537265, 'pwm_bias': -1.807869478161222, 'pwm_deadzone': 4.934798563076296, 'pwm_noise_sigma': 0.9495095681197591, 'actuator_tau': 0.001207773303355344, 'action_delay_steps': 0, 'theta_bias': -0.0024274918714740847, 'alpha_bias': -0.0030154026019376065, 'theta_sigma': 0.00027092698592225893, 'alpha_sigma': 0.005296544673671711, 'theta_dot_sigma': 0.014174371653729865, 'alpha_dot_sigma': 0.1880370325201917, 'encoder_quantization_rad': 0.00013400871808879637, 'velocity_lpf': 0.25, 'process_theta_dot_sigma': 0.0, 'process_alpha_dot_sigma': 0.0}"
4947491,4,randomization_0.50,0.5,"{'level': 0.5, 'physical': {'g': 9.997501394708157, 'c_theta': 0.03383138471173378, 'c_alpha': 0.0013493707383005773, 'k_t': 0.2303804740096387, 'k_b': 0.17973056025215464, 'k_u': 0.040284251300446876, 'R': 4.37219420307121, 'm1': 0.2300417144228698, 'm2': 0.16029416334966703, 'l1cg': 0.08387668787416214, 'l1': 0.15856959391431466, 'l2cg': 0.06364479809930752, 'I1z': 0.0005187432192287516, 'I2x': 0.0003780267268684037, 'I2y': 2.6135647333679847e-05, 'I2z': 0.0004010561444267363}, 'init_theta_std_deg': 4.839124678817125, 'init_alpha_std_deg': 10.41754444292572, 'init_theta_dot_std': 0.08095774919641296, 'init_alpha_dot_std': 1.0154235775960248, 'pwm_limit': 138.9458737497853, 'pwm_gain': 1.0243981941960527, 'pwm_bias': -1.844715674518052, 'pwm_deadzone': 3.9844135034471204, 'pwm_noise_sigma': 0.7351646182481126, 'actuator_tau': 0.004918279496373775, 'action_delay_steps': 0, 'theta_bias': 0.0036120769972210775, 'alpha_bias': 0.0038085608838581346, 'theta_sigma': 0.0003117175792609056, 'alpha_sigma': 0.005838656305085642, 'theta_dot_sigma': 0.068443130710897, 'alpha_dot_sigma': 0.180937876151209, 'encoder_quantization_rad': 9.754241929601312e-05, 'velocity_lpf': 0.24382910401942587, 'process_theta_dot_sigma': 0.0, 'process_alpha_dot_sigma': 0.0}"
4949491,4,randomization_0.50,0.5,"{'level': 0.5, 'physical': {'g': 9.656435037355983, 'c_theta': 0.021756634485183883, 'c_alpha': 0.002358559221422827, 'k_t': 0.24009619802816648, 'k_b': 0.16593594799672223, 'k_u': 0.04525806165151608, 'R': 4.310370762415135, 'm1': 0.18386212427753587, 'm2': 0.16382033750917657, 'l1cg': 0.07746035759370733, 'l1': 0.14664464978920227, 'l2cg': 0.062255823420230956, 'I1z': 0.000412253386255881, 'I2x': 0.0003460290891658343, 'I2y': 2.4321739479410112e-05, 'I2z': 0.0003812891595983587}, 'init_theta_std_deg': 5.6697854043299305, 'init_alpha_std_deg': 10.081893106227689, 'init_theta_dot_std': 0.5033451338185343, 'init_alpha_dot_std': 0.8435171070560372, 'pwm_limit': 152.89266886368816, 'pwm_gain': 1.0359675387974718, 'pwm_bias': -1.3891105058376851, 'pwm_deadzone': 0.5725564305005054, 'pwm_noise_sigma': 0.16874959351920715, 'actuator_tau': 0.012990116432225467, 'action_delay_steps': 0, 'theta_bias': 0.002879543961206149, 'alpha_bias': -0.0023455994979194655, 'theta_sigma': 0.002310904015241445, 'alpha_sigma': 0.006015330470339047, 'theta_dot_sigma': 0.021390622211343826, 'alpha_dot_sigma': 0.031862481670411454, 'encoder_quantization_rad': 0.0005091245508317378, 'velocity_lpf': 0.25, 'process_theta_dot_sigma': 0.0, 'process_alpha_dot_sigma': 0.0}"
4951491,4,randomization_0.50,0.5,"{'level': 0.5, 'physical': {'g': 9.958414389361772, 'c_theta': 0.04651138565941202, 'c_alpha': 0.001115635304347731, 'k_t': 0.2196446601525578, 'k_b': 0.1949575920955285, 'k_u': 0.0437069926542101, 'R': 4.1005225766402855, 'm1': 0.19586856074469894, 'm2': 0.15256962214113068, 'l1cg': 0.0754805950466858, 'l1': 0.15002897875214843, 'l2cg': 0.05912145236953679, 'I1z': 0.0006091837718273304, 'I2x': 0.0003810728287206285, 'I2y': 3.000648384604375e-05, 'I2z': 0.0004246568470660632}, 'init_theta_std_deg': 5.629572387886964, 'init_alpha_std_deg': 10.811893058768977, 'init_theta_dot_std': 0.5696649018048514, 'init_alpha_dot_std': 0.14302857205312436, 'pwm_limit': 137.01702819060364, 'pwm_gain': 1.0084256434325516, 'pwm_bias': 0.2673787354825432, 'pwm_deadzone': 2.1526812081505557, 'pwm_noise_sigma': 0.18378126776545956, 'actuator_tau': 0.014183439883655544, 'action_delay_steps': 0, 'theta_bias': -0.0018816241644345245, 'alpha_bias': 0.005033513372027198, 'theta_sigma': 0.002128307558430684, 'alpha_sigma': 0.0048888647791173415, 'theta_dot_sigma': 0.15038537611608896, 'alpha_dot_sigma': 0.13434097463763606, 'encoder_quantization_rad': 0.0006423701561502461, 'velocity_lpf': 0.25, 'process_theta_dot_sigma': 0.0, 'process_alpha_dot_sigma': 0.0}"
4953491,4,randomization_0.50,0.5,"{'level': 0.5, 'physical': {'g': 9.913939111955507, 'c_theta': 0.04319949756900293, 'c_alpha': 0.0006401573384490736, 'k_t': 0.23389629453007552, 'k_b': 0.19353622695272482, 'k_u': 0.04598945382127085, 'R': 4.792793210968259, 'm1': 0.22639020050545663, 'm2': 0.15124917397285906, 'l1cg': 0.07456010010878779, 'l1': 0.14489564775518463, 'l2cg': 0.07242515962590095, 'I1z': 0.0005193583867179776, 'I2x': 0.00034088276913482043, 'I2y': 3.037201863157507e-05, 'I2z': 0.00048710610509863385}, 'init_theta_std_deg': 3.8788764512027636, 'init_alpha_std_deg': 6.888777807034234, 'init_theta_dot_std': 0.5761830088132165, 'init_alpha_dot_std': 0.4550101910869421, 'pwm_limit': 145.645594744672, 'pwm_gain': 1.0389057664794208, 'pwm_bias': 0.26692709981118856, 'pwm_deadzone': 0.7389389769496235, 'pwm_noise_sigma': 0.3550166148303133, 'actuator_tau': 0.0007475867170968974, 'action_delay_steps': 1, 'theta_bias': -0.003455223838479967, 'alpha_bias': 0.0017751551353037036, 'theta_sigma': 0.00022935486419150864, 'alpha_sigma': 0.008180416191549817, 'theta_dot_sigma': 0.07458006659400596, 'alpha_dot_sigma': 0.26999527006841384, 'encoder_quantization_rad': 0.0005901653345149434, 'velocity_lpf': 0.25, 'process_theta_dot_sigma': 0.0, 'process_alpha_dot_sigma': 0.0}"
4955491,4,randomization_0.50,0.5,"{'level': 0.5, 'physical': {'g': 9.931930663810581, 'c_theta': 0.055731748476201194, 'c_alpha': 0.001913248054982847, 'k_t': 0.2061612125704841, 'k_b': 0.18875064277558118, 'k_u': 0.053654744375765014, 'R': 4.414623755409608, 'm1': 0.21641125154314664, 'm2': 0.16320463051993853, 'l1cg': 0.08355951367751224, 'l1': 0.1560215091652123, 'l2cg': 0.06853092854699595, 'I1z': 0.0006304376664370107, 'I2x': 0.00038667985071874373, 'I2y': 2.9490341241312938e-05, 'I2z': 0.0004700140325639184}, 'init_theta_std_deg': 5.785811435669975, 'init_alpha_std_deg': 11.58046205089511, 'init_theta_dot_std': 0.7396734230202553, 'init_alpha_dot_std': 0.9513159595326945, 'pwm_limit': 151.82098803497118, 'pwm_gain': 0.9679113240010375, 'pwm_bias': 0.13521492376758948, 'pwm_deadzone': 4.2613609476903695, 'pwm_noise_sigma': 0.9618023425688158, 'actuator_tau': 0.012021917197649362, 'action_delay_steps': 1, 'theta_bias': 0.002884796325132174, 'alpha_bias': -0.0006463514770519665, 'theta_sigma': 0.0024818936187483973, 'alpha_sigma': 0.009500319232920136, 'theta_dot_sigma': 0.14319361427591343, 'alpha_dot_sigma': 0.294867495015909, 'encoder_quantization_rad': 0.0006400407820414377, 'velocity_lpf': 0.23009070390246716, 'process_theta_dot_sigma': 0.0, 'process_alpha_dot_sigma': 0.0}"
4957491,4,randomization_0.50,0.5,"{'level': 0.5, 'physical': {'g': 9.723486186579782, 'c_theta': 0.031035922111723097, 'c_alpha': 0.0007011113538465295, 'k_t': 0.2328819372343088, 'k_b': 0.1724180802467375, 'k_u': 0.041184142721324986, 'R': 4.131616259365268, 'm1': 0.18115000956826863, 'm2': 0.15702723441383268, 'l1cg': 0.08210333958300574, 'l1': 0.15761779781029944, 'l2cg': 0.06298690412077108, 'I1z': 0.00043415171576725745, 'I2x': 0.0003850624807651052, 'I2y': 2.3082502760634865e-05, 'I2z': 0.0003718917696138283}, 'init_theta_std_deg': 5.9787460766503475, 'init_alpha_std_deg': 6.150865543865115, 'init_theta_dot_std': 0.48923847946098675, 'init_alpha_dot_std': 0.8420112352357363, 'pwm_limit': 149.39928400672292, 'pwm_gain': 1.0444545193329275, 'pwm_bias': 1.6959264912668393, 'pwm_deadzone': 4.3280674423924275, 'pwm_noise_sigma': 0.8435718913157715, 'actuator_tau': 0.004551969507623323, 'action_delay_steps': 0, 'theta_bias': 0.0016695613958671318, 'alpha_bias': -0.00589919704616838, 'theta_sigma': 0.001583863329293122, 'alpha_sigma': 0.008172595712175861, 'theta_dot_sigma': 0.11901694279099324, 'alpha_dot_sigma': 0.12590676156572883, 'encoder_quantization_rad': 0.00014486072968925029, 'velocity_lpf': 0.25, 'process_theta_dot_sigma': 0.0, 'process_alpha_dot_sigma': 0.0}"
4959491,4,randomization_0.50,0.5,"{'level': 0.5, 'physical': {'g': 9.88565519234608, 'c_theta': 0.048725002134076725, 'c_alpha': 0.0023110711049650593, 'k_t': 0.2583219369526247, 'k_b': 0.1966691983749741, 'k_u': 0.04671615094200198, 'R': 4.6973268918257824, 'm1': 0.2246376292662065, 'm2': 0.14666123924413046, 'l1cg': 0.08030682304100453, 'l1': 0.15272135760563918, 'l2cg': 0.07073780159106935, 'I1z': 0.0005688016410077125, 'I2x': 0.00033764015891173327, 'I2y': 1.89514893369017e-05, 'I2z': 0.0002944839294512744}, 'init_theta_std_deg': 4.366004510833605, 'init_alpha_std_deg': 6.347573808063835, 'init_theta_dot_std': 0.13686501868959863, 'init_alpha_dot_std': 0.8387978973692849, 'pwm_limit': 139.1489371209828, 'pwm_gain': 1.0486875602625143, 'pwm_bias': -1.1295624970707294, 'pwm_deadzone': 0.6945448563240986, 'pwm_noise_sigma': 0.7074280391260055, 'actuator_tau': 0.006361158782806503, 'action_delay_steps': 0, 'theta_bias': 0.004721623101775567, 'alpha_bias': -0.0035622771292751583, 'theta_sigma': 0.0009840621452811484, 'alpha_sigma': 0.00288375202844816, 'theta_dot_sigma': 0.13240866205861967, 'alpha_dot_sigma': 0.2797387186553692, 'encoder_quantization_rad': 0.000606511461335987, 'velocity_lpf': 0.25, 'process_theta_dot_sigma': 0.0, 'process_alpha_dot_sigma': 0.0}"
4961491,4,randomization_0.50,0.5,"{'level': 0.5, 'physical': {'g': 9.752065657842389, 'c_theta': 0.031567789204208545, 'c_alpha': 0.0019082345626531283, 'k_t': 0.2218091163699386, 'k_b': 0.1693696406546482, 'k_u': 0.05071395374993131, 'R': 4.026543952050774, 'm1': 0.19066004436426176, 'm2': 0.1511756092302519, 'l1cg': 0.08135715496522339, 'l1': 0.15765580816714123, 'l2cg': 0.05878457028280906, 'I1z': 0.00040606658509864224, 'I2x': 0.0003916129607711169, 'I2y': 2.6134977269613975e-05, 'I2z': 0.0002923041605902533}, 'init_theta_std_deg': 6.393347232389385, 'init_alpha_std_deg': 6.255570534677231, 'init_theta_dot_std': 0.12396638602431584, 'init_alpha_dot_std': 0.8644259063488048, 'pwm_limit': 145.9681263876546, 'pwm_gain': 1.0239218250549589, 'pwm_bias': -1.4746348607077477, 'pwm_deadzone': 1.140967295500634, 'pwm_noise_sigma': 0.8031382391986294, 'actuator_tau': 0.011141129172480634, 'action_delay_steps': 1, 'theta_bias': 0.0034329038976711203, 'alpha_bias': 0.005178912362907518, 'theta_sigma': 0.0025562547721132227, 'alpha_sigma': 0.008538981009712239, 'theta_dot_sigma': 0.144882050894798, 'alpha_dot_sigma': 0.15203530745911414, 'encoder_quantization_rad': 0.0005584975290002513, 'velocity_lpf': 0.2415677367147629, 'process_theta_dot_sigma': 0.0, 'process_alpha_dot_sigma': 0.0}"
4963491,4,randomization_0.50,0.5,"{'level': 0.5, 'physical': {'g': 9.896740054888653, 'c_theta': 0.017479200355618958, 'c_alpha': 0.0020120647387013397, 'k_t': 0.20970126705904268, 'k_b': 0.20866445700134828, 'k_u': 0.048274949538905924, 'R': 4.198742200310724, 'm1': 0.1887551735600477, 'm2': 0.15371842672815408, 'l1cg': 0.08455760634540707, 'l1': 0.15933265584581158, 'l2cg': 0.06962790096078594, 'I1z': 0.000610470173843447, 'I2x': 0.0003718810080851506, 'I2y': 1.8930082063155123e-05, 'I2z': 0.0003189319893896895}, 'init_theta_std_deg': 6.398486779736093, 'init_alpha_std_deg': 9.268056169690636, 'init_theta_dot_std': 0.21228514254736908, 'init_alpha_dot_std': 0.014891020147311529, 'pwm_limit': 151.05136508856728, 'pwm_gain': 0.9840589118048831, 'pwm_bias': 0.5576453244209403, 'pwm_deadzone': 2.340697042762473, 'pwm_noise_sigma': 0.9454884500815012, 'actuator_tau': 0.011152187916530444, 'action_delay_steps': 1, 'theta_bias': 0.0010643427126581484, 'alpha_bias': -0.005805434858384192, 'theta_sigma': 0.0023271670848645835, 'alpha_sigma': 0.009578394298854525, 'theta_dot_sigma': 0.09544635507796484, 'alpha_dot_sigma': 0.1391010168205337, 'encoder_quantization_rad': 0.00024980676370795667, 'velocity_lpf': 0.25, 'process_theta_dot_sigma': 0.0, 'process_alpha_dot_sigma': 0.0}"
4965491,4,randomization_0.50,0.5,"{'level': 0.5, 'physical': {'g': 10.036534348875854, 'c_theta': 0.027698413216404805, 'c_alpha': 0.0017314915951262219, 'k_t': 0.2520204742716029, 'k_b': 0.18627711428133825, 'k_u': 0.05302665800424123, 'R': 4.005678053619222, 'm1': 0.21609929140531803, 'm2': 0.16369668710386587, 'l1cg': 0.08098509108260422, 'l1': 0.15854769109576003, 'l2cg': 0.07442825427798512, 'I1z': 0.0005321871042955884, 'I2x': 0.0003846848660889268, 'I2y': 3.067246599980892e-05, 'I2z': 0.0004909919837975875}, 'init_theta_std_deg': 6.912431566455693, 'init_alpha_std_deg': 9.781298889467042, 'init_theta_dot_std': 0.7061137743134778, 'init_alpha_dot_std': 0.6551574456456098, 'pwm_limit': 147.4926439864175, 'pwm_gain': 0.963289288179686, 'pwm_bias': 0.45414153875963503, 'pwm_deadzone': 1.7706963590441283, 'pwm_noise_sigma': 0.3694604469930942, 'actuator_tau': 0.014603163795779304, 'action_delay_steps': 1, 'theta_bias': -0.004898704352557894, 'alpha_bias': 0.002246692661040641, 'theta_sigma': 0.0010213179805235932, 'alpha_sigma': 0.002625613272033256, 'theta_dot_sigma': 0.10126519353908255, 'alpha_dot_sigma': 0.16774196611539582, 'encoder_quantization_rad': 0.0006385247843782163, 'velocity_lpf': 0.25, 'process_theta_dot_sigma': 0.0, 'process_alpha_dot_sigma': 0.0}"
4967491,4,randomization_0.50,0.5,"{'level': 0.5, 'physical': {'g': 9.69379484853031, 'c_theta': 0.01614707641279261, 'c_alpha': 0.0016741815662585412, 'k_t': 0.20792741866723516, 'k_b': 0.1788671879293699, 'k_u': 0.04045331665022492, 'R': 4.565088494252195, 'm1': 0.194491790730253, 'm2': 0.15770805099989846, 'l1cg': 0.08448555224721094, 'l1': 0.15861359220849597, 'l2cg': 0.06760009024315373, 'I1z': 0.0004653486218665357, 'I2x': 0.00034505963786074436, 'I2y': 3.0322086557077005e-05, 'I2z': 0.0004267306013066546}, 'init_theta_std_deg': 5.959643697454359, 'init_alpha_std_deg': 7.717627240326095, 'init_theta_dot_std': 0.6820748974147967, 'init_alpha_dot_std': 0.8330502555272455, 'pwm_limit': 150.76515894549888, 'pwm_gain': 0.9951716647855879, 'pwm_bias': 0.6636289981219092, 'pwm_deadzone': 1.6788739583816255, 'pwm_noise_sigma': 0.0318412851679567, 'actuator_tau': 0.004621476888961031, 'action_delay_steps': 1, 'theta_bias': -0.00421939579959036, 'alpha_bias': -0.0036780598220918655, 'theta_sigma': 0.0022345561020406107, 'alpha_sigma': 0.007521349924488965, 'theta_dot_sigma': 0.17115548652551188, 'alpha_dot_sigma': 0.15693223130538508, 'encoder_quantization_rad': 0.0002385332950510774, 'velocity_lpf': 0.25, 'process_theta_dot_sigma': 0.0, 'process_alpha_dot_sigma': 0.0}"
4969491,4,randomization_0.50,0.5,"{'level': 0.5, 'physical': {'g': 9.78701519769728, 'c_theta': 0.052309404152632605, 'c_alpha': 0.0015460488311036579, 'k_t': 0.2119997918555204, 'k_b': 0.16598493692509414, 'k_u': 0.04664481949524436, 'R': 4.69335906498337, 'm1': 0.185053100598094, 'm2': 0.1549861537335883, 'l1cg': 0.08172503668842693, 'l1': 0.14509200025377558, 'l2cg': 0.06332038872552863, 'I1z': 0.0005108392362655111, 'I2x': 0.00034930919761351747, 'I2y': 2.652479052629572e-05, 'I2z': 0.0003493394418601037}, 'init_theta_std_deg': 4.270507904868978, 'init_alpha_std_deg': 8.876617891673519, 'init_theta_dot_std': 0.5178767145110986, 'init_alpha_dot_std': 0.4838565900043684, 'pwm_limit': 142.49161426390216, 'pwm_gain': 0.9644763634220208, 'pwm_bias': -1.7494075586805504, 'pwm_deadzone': 4.5980051656451595, 'pwm_noise_sigma': 0.2617207722805909, 'actuator_tau': 0.0002529464891382721, 'action_delay_steps': 1, 'theta_bias': -0.004679029874140034, 'alpha_bias': 0.005447848031821879, 'theta_sigma': 0.0020814955574985257, 'alpha_sigma': 4.832723319162846e-05, 'theta_dot_sigma': 0.025862915259637208, 'alpha_dot_sigma': 0.032590758170524405, 'encoder_quantization_rad': 0.00043808313919563844, 'velocity_lpf': 0.25, 'process_theta_dot_sigma': 0.0, 'process_alpha_dot_sigma': 0.0}"
4971491,4,randomization_0.50,0.5,"{'level': 0.5, 'physical': {'g': 10.023154379820035, 'c_theta': 0.018780429809403237, 'c_alpha': 0.0007072781828293387, 'k_t': 0.24277316525402412, 'k_b': 0.18666687936377413, 'k_u': 0.051541076689861985, 'R': 4.456442872536546, 'm1': 0.2268259337625083, 'm2': 0.16210210774591932, 'l1cg': 0.07511166012701125, 'l1': 0.14482537564052755, 'l2cg': 0.058422595590689096, 'I1z': 0.0006589904396993823, 'I2x': 0.00038641710138104186, 'I2y': 2.7924719936305777e-05, 'I2z': 0.0004679657819299543}, 'init_theta_std_deg': 7.316695080015492, 'init_alpha_std_deg': 7.566007617194099, 'init_theta_dot_std': 0.7007886864643309, 'init_alpha_dot_std': 0.6655277884737815, 'pwm_limit': 150.81611887186776, 'pwm_gain': 0.9588491549632548, 'pwm_bias': 0.101070718492279, 'pwm_deadzone': 0.6405015209710413, 'pwm_noise_sigma': 0.14548639601606783, 'actuator_tau': 0.0031217146564859652, 'action_delay_steps': 1, 'theta_bias': 0.0003611207595630539, 'alpha_bias': -0.0045456918270529514, 'theta_sigma': 0.0023894416228349164, 'alpha_sigma': 0.0002022380522911138, 'theta_dot_sigma': 0.01812908512141545, 'alpha_dot_sigma': 0.003926635185654481, 'encoder_quantization_rad': 2.1761841697914008e-06, 'velocity_lpf': 0.25, 'process_theta_dot_sigma': 0.0, 'process_alpha_dot_sigma': 0.0}"
4973491,4,randomization_0.50,0.5,"{'level': 0.5, 'physical': {'g': 9.7904315272215, 'c_theta': 0.035043393167588054, 'c_alpha': 0.002708201909826578, 'k_t': 0.23764130781738596, 'k_b': 0.1976606844907472, 'k_u': 0.049122209658512696, 'R': 4.273025901201851, 'm1': 0.18152590631715457, 'm2': 0.16141634971688001, 'l1cg': 0.08254009246575357, 'l1': 0.14990412801703495, 'l2cg': 0.06252839804620264, 'I1z': 0.0004088039392353476, 'I2x': 0.0003732525527089574, 'I2y': 2.5411394204540417e-05, 'I2z': 0.0004498028260127198}, 'init_theta_std_deg': 6.523186638596927, 'init_alpha_std_deg': 8.807767626962923, 'init_theta_dot_std': 0.05271058089128483, 'init_alpha_dot_std': 1.1189486113119618, 'pwm_limit': 151.09035257270915, 'pwm_gain': 0.9636188522503212, 'pwm_bias': 1.2027144499877607, 'pwm_deadzone': 3.090767385629924, 'pwm_noise_sigma': 0.275872288208557, 'actuator_tau': 0.0041392856026050895, 'action_delay_steps': 1, 'theta_bias': 0.0034064755372721868, 'alpha_bias': -0.004913344545728134, 'theta_sigma': 0.0013900611659060202, 'alpha_sigma': 0.006075570162565383, 'theta_dot_sigma': 0.12374021277896578, 'alpha_dot_sigma': 0.2268443559550441, 'encoder_quantization_rad': 0.0002419185806345154, 'velocity_lpf': 0.25, 'process_theta_dot_sigma': 0.0, 'process_alpha_dot_sigma': 0.0}"
4975491,4,randomization_0.50,0.5,"{'level': 0.5, 'physical': {'g': 9.757598102860907, 'c_theta': 0.02639633352550811, 'c_alpha': 0.002195283893247079, 'k_t': 0.21633207008497163, 'k_b': 0.20236455976436724, 'k_u': 0.04571700111111693, 'R': 4.538505753485605, 'm1': 0.18836243342458256, 'm2': 0.15093155400353045, 'l1cg': 0.08618877837802431, 'l1': 0.1503540885905945, 'l2cg': 0.06869750266815133, 'I1z': 0.0005352058828201252, 'I2x': 0.00037564799183562486, 'I2y': 2.0908976138496585e-05, 'I2z': 0.0004686517574498648}, 'init_theta_std_deg': 6.592214967021427, 'init_alpha_std_deg': 10.212257199269912, 'init_theta_dot_std': 0.04825989638945327, 'init_alpha_dot_std': 0.7383254080640311, 'pwm_limit': 136.84239331486532, 'pwm_gain': 0.9543079190750254, 'pwm_bias': -0.061387942544744334, 'pwm_deadzone': 4.751398998591957, 'pwm_noise_sigma': 0.3167539699047499, 'actuator_tau': 0.010493176519549634, 'action_delay_steps': 0, 'theta_bias': -0.0025164448055081134, 'alpha_bias': 0.0025558338867363393, 'theta_sigma': 0.00021171976360525902, 'alpha_sigma': 0.006809680773594491, 'theta_dot_sigma': 0.08987563397227172, 'alpha_dot_sigma': 0.17475651011883578, 'encoder_quantization_rad': 0.0002776151164639757, 'velocity_lpf': 0.25, 'process_theta_dot_sigma': 0.0, 'process_alpha_dot_sigma': 0.0}"
4977491,4,randomization_0.50,0.5,"{'level': 0.5, 'physical': {'g': 9.834176153360671, 'c_theta': 0.05282175236166029, 'c_alpha': 0.0017169662659285764, 'k_t': 0.2162643662105692, 'k_b': 0.16698240372177997, 'k_u': 0.047478619250514185, 'R': 4.572815641787691, 'm1': 0.20776933123468577, 'm2': 0.1608581112292123, 'l1cg': 0.08499758251434673, 'l1': 0.14770148451741233, 'l2cg': 0.06653851095873405, 'I1z': 0.0004043894759420936, 'I2x': 0.0003980152372484485, 'I2y': 3.0849299974574554e-05, 'I2z': 0.0003739120969374493}, 'init_theta_std_deg': 4.687371264274775, 'init_alpha_std_deg': 11.784755247589013, 'init_theta_dot_std': 0.6215677581011785, 'init_alpha_dot_std': 0.8075645218999294, 'pwm_limit': 136.44749701044108, 'pwm_gain': 0.9960861285394871, 'pwm_bias': -0.14196921586900135, 'pwm_deadzone': 3.521121571053047, 'pwm_noise_sigma': 0.17099899340296676, 'actuator_tau': 0.006447058064070068, 'action_delay_steps': 1, 'theta_bias': -0.0015428760680130371, 'alpha_bias': 0.0032741458550091256, 'theta_sigma': 0.0023697065922160345, 'alpha_sigma': 0.005850625620618278, 'theta_dot_sigma': 0.11677322178836756, 'alpha_dot_sigma': 0.10016000991510529, 'encoder_quantization_rad': 0.0002554273333116955, 'velocity_lpf': 0.23821839977682374, 'process_theta_dot_sigma': 0.0, 'process_alpha_dot_sigma': 0.0}"
4979491,4,randomization_0.50,0.5,"{'level': 0.5, 'physical': {'g': 9.86998279411572, 'c_theta': 0.04049360260094235, 'c_alpha': 0.0016617354066932627, 'k_t': 0.2531056350396877, 'k_b': 0.17519446501823485, 'k_u': 0.04896147128763178, 'R': 4.575679734939537, 'm1': 0.21256546663420614, 'm2': 0.14945337537006406, 'l1cg': 0.07671009717276707, 'l1': 0.1457777506077447, 'l2cg': 0.07204233497726704, 'I1z': 0.0006338843287643371, 'I2x': 0.0003676887297075838, 'I2y': 2.8509331298277363e-05, 'I2z': 0.00032750245258241395}, 'init_theta_std_deg': 4.807664033266784, 'init_alpha_std_deg': 10.337808017161064, 'init_theta_dot_std': 0.746678799081913, 'init_alpha_dot_std': 0.9506998715423985, 'pwm_limit': 146.4779963879515, 'pwm_gain': 0.9539540873488158, 'pwm_bias': 0.6533127100681835, 'pwm_deadzone': 2.8710243854209043, 'pwm_noise_sigma': 0.3491947929542074, 'actuator_tau': 0.005415251069083447, 'action_delay_steps': 0, 'theta_bias': -0.0018904776980905246, 'alpha_bias': 0.005496313444087313, 'theta_sigma': 0.0004608817818327321, 'alpha_sigma': 0.0069663381411010986, 'theta_dot_sigma': 0.037069335852836366, 'alpha_dot_sigma': 0.20152969401134557, 'encoder_quantization_rad': 0.0005873176173568865, 'velocity_lpf': 0.25, 'process_theta_dot_sigma': 0.0, 'process_alpha_dot_sigma': 0.0}"
4981491,4,randomization_0.50,0.5,"{'level': 0.5, 'physical': {'g': 9.813625422156134, 'c_theta': 0.02980686431099592, 'c_alpha': 0.0022897979018600533, 'k_t': 0.221245078227647, 'k_b': 0.19184345536529818, 'k_u': 0.05085884759712793, 'R': 4.062695996196684, 'm1': 0.21284292276856873, 'm2': 0.14954349601204595, 'l1cg': 0.08302962747754532, 'l1': 0.15736142277856827, 'l2cg': 0.07365724834706834, 'I1z': 0.0006154500094007899, 'I2x': 0.0003729418125082297, 'I2y': 2.4366784056856065e-05, 'I2z': 0.00037763157138782563}, 'init_theta_std_deg': 5.724517160391957, 'init_alpha_std_deg': 10.946044462419502, 'init_theta_dot_std': 0.2752707970907622, 'init_alpha_dot_std': 1.2258242260892929, 'pwm_limit': 138.70614091119572, 'pwm_gain': 1.0460208858492939, 'pwm_bias': -1.0186693453635987, 'pwm_deadzone': 3.3037383691584483, 'pwm_noise_sigma': 0.10536285857773775, 'actuator_tau': 0.005641911001964205, 'action_delay_steps': 1, 'theta_bias': -2.3474428047557393e-05, 'alpha_bias': -0.00151954418461002, 'theta_sigma': 0.0024535419665581157, 'alpha_sigma': 0.0006374347437818051, 'theta_dot_sigma': 0.014355075362028524, 'alpha_dot_sigma': 0.002589699175581239, 'encoder_quantization_rad': 0.00014443102230322368, 'velocity_lpf': 0.25, 'process_theta_dot_sigma': 0.0, 'process_alpha_dot_sigma': 0.0}"
4983491,4,randomization_0.50,0.5,"{'level': 0.5, 'physical': {'g': 9.995201838695666, 'c_theta': 0.04950691234868526, 'c_alpha': 0.001385453230692264, 'k_t': 0.247946347073961, 'k_b': 0.18996215107329853, 'k_u': 0.040754228609717134, 'R': 4.555713156820641, 'm1': 0.23052919911941094, 'm2': 0.16859705264572625, 'l1cg': 0.07829740425734284, 'l1': 0.15735251824364713, 'l2cg': 0.06596708991215082, 'I1z': 0.0005828547318275594, 'I2x': 0.0003501126331023882, 'I2y': 2.022686823528716e-05, 'I2z': 0.00039459447689892856}, 'init_theta_std_deg': 5.0336714243383085, 'init_alpha_std_deg': 9.89806446283903, 'init_theta_dot_std': 0.3866499107326517, 'init_alpha_dot_std': 0.9029456193101282, 'pwm_limit': 151.41120279542105, 'pwm_gain': 0.9943392350000437, 'pwm_bias': 1.1469978483150358, 'pwm_deadzone': 3.7408830214560735, 'pwm_noise_sigma': 0.11862039574603267, 'actuator_tau': 0.007582676017591909, 'action_delay_steps': 1, 'theta_bias': 0.00371113444540503, 'alpha_bias': 0.005544901468382808, 'theta_sigma': 0.0018045818975837066, 'alpha_sigma': 0.003954822757539821, 'theta_dot_sigma': 0.04127423290390602, 'alpha_dot_sigma': 0.27866093781140966, 'encoder_quantization_rad': 0.00063463658236944, 'velocity_lpf': 0.25, 'process_theta_dot_sigma': 0.0, 'process_alpha_dot_sigma': 0.0}"
4985491,4,randomization_0.50,0.5,"{'level': 0.5, 'physical': {'g': 9.784171538443966, 'c_theta': 0.04832942874833917, 'c_alpha': 0.0010644903141114937, 'k_t': 0.22328043430588618, 'k_b': 0.2078617672010002, 'k_u': 0.04674891596648678, 'R': 4.071748275266637, 'm1': 0.2129931767751834, 'm2': 0.15677286723096248, 'l1cg': 0.07865253665659558, 'l1': 0.14653914779307303, 'l2cg': 0.07473258690442501, 'I1z': 0.0005219901142930938, 'I2x': 0.00037348934038390435, 'I2y': 2.2606042100742387e-05, 'I2z': 0.0003914026444303757}, 'init_theta_std_deg': 7.217387236179419, 'init_alpha_std_deg': 6.765308506473955, 'init_theta_dot_std': 0.30661764138056913, 'init_alpha_dot_std': 1.0656108175635275, 'pwm_limit': 135.49476064403706, 'pwm_gain': 0.9789719165212466, 'pwm_bias': -0.00822308790917381, 'pwm_deadzone': 1.251305173251576, 'pwm_noise_sigma': 0.6873251683492801, 'actuator_tau': 8.341157201797066e-05, 'action_delay_steps': 0, 'theta_bias': -0.004713994525771429, 'alpha_bias': -0.004172675538700865, 'theta_sigma': 0.0024274305920552156, 'alpha_sigma': 0.009222356315947542, 'theta_dot_sigma': 0.08915297244150062, 'alpha_dot_sigma': 0.18469569641107822, 'encoder_quantization_rad': 0.0006952451430284447, 'velocity_lpf': 0.25, 'process_theta_dot_sigma': 0.0, 'process_alpha_dot_sigma': 0.0}"
4987491,4,randomization_0.50,0.5,"{'level': 0.5, 'physical': {'g': 9.890275942580086, 'c_theta': 0.022977181408015915, 'c_alpha': 0.0010853183737275663, 'k_t': 0.2589165300764031, 'k_b': 0.17967357059906297, 'k_u': 0.053938756982608325, 'R': 3.89008550036446, 'm1': 0.19740937027035624, 'm2': 0.16925970841101742, 'l1cg': 0.07860216763485968, 'l1': 0.15457940874765463, 'l2cg': 0.07419122073987819, 'I1z': 0.0005310497475632493, 'I2x': 0.0003895866937694964, 'I2y': 2.1033234936726523e-05, 'I2z': 0.0004994722488326756}, 'init_theta_std_deg': 7.372268260846013, 'init_alpha_std_deg': 8.192000575373164, 'init_theta_dot_std': 0.4517377032940767, 'init_alpha_dot_std': 1.0487900450370888, 'pwm_limit': 144.4813821843057, 'pwm_gain': 1.0438259420922469, 'pwm_bias': 1.5470022077980392, 'pwm_deadzone': 2.953606908036047, 'pwm_noise_sigma': 0.40505132694087786, 'actuator_tau': 0.0017468046553925426, 'action_delay_steps': 1, 'theta_bias': 0.0018283874899884267, 'alpha_bias': -0.0032860373520233934, 'theta_sigma': 0.00026611379358974975, 'alpha_sigma': 0.0028429889229268646, 'theta_dot_sigma': 0.06165464060911043, 'alpha_dot_sigma': 0.1984479048674009, 'encoder_quantization_rad': 0.0005687054916717034, 'velocity_lpf': 0.25, 'process_theta_dot_sigma': 0.0, 'process_alpha_dot_sigma': 0.0}"
4989491,4,randomization_0.50,0.5,"{'level': 0.5, 'physical': {'g': 9.58080145673551, 'c_theta': 0.05169649173478307, 'c_alpha': 0.0019572985280172446, 'k_t': 0.2230501157227881, 'k_b': 0.1837710097247134, 'k_u': 0.053442948829358794, 'R': 4.794196466891316, 'm1': 0.19536902765400332, 'm2': 0.16863414888648193, 'l1cg': 0.07765121873082269, 'l1': 0.1571587157781341, 'l2cg': 0.06120629274175269, 'I1z': 0.0005636454017399655, 'I2x': 0.0003512430423927975, 'I2y': 2.6897961635270284e-05, 'I2z': 0.0004911233426507269}, 'init_theta_std_deg': 3.5052783841422057, 'init_alpha_std_deg': 8.722769475584927, 'init_theta_dot_std': 0.133893580526858, 'init_alpha_dot_std': 0.7202439351162793, 'pwm_limit': 149.01813571062033, 'pwm_gain': 0.9722513370697509, 'pwm_bias': -0.970095490620269, 'pwm_deadzone': 3.2712992184756584, 'pwm_noise_sigma': 0.10690689942727782, 'actuator_tau': 0.0054215436043764855, 'action_delay_steps': 0, 'theta_bias': 0.0013100745430976958, 'alpha_bias': -0.00041334858107051886, 'theta_sigma': 0.0017234806621228079, 'alpha_sigma': 0.0034654757758802003, 'theta_dot_sigma': 0.1075550980610086, 'alpha_dot_sigma': 0.14361755504094098, 'encoder_quantization_rad': 0.0006566668970949288, 'velocity_lpf': 0.25, 'process_theta_dot_sigma': 0.0, 'process_alpha_dot_sigma': 0.0}"
4991491,4,randomization_0.50,0.5,"{'level': 0.5, 'physical': {'g': 10.042954655529153, 'c_theta': 0.032889645248788894, 'c_alpha': 0.0014015842508876485, 'k_t': 0.202917711565584, 'k_b': 0.17945522240872552, 'k_u': 0.053754635706870155, 'R': 4.073128176029641, 'm1': 0.217673078916969, 'm2': 0.1693586560845825, 'l1cg': 0.07865362965565396, 'l1': 0.14976508899411742, 'l2cg': 0.059024640172242564, 'I1z': 0.0004642616200874068, 'I2x': 0.0003923100051117033, 'I2y': 2.6351575007240358e-05, 'I2z': 0.00042456177852726235}, 'init_theta_std_deg': 5.618086723274555, 'init_alpha_std_deg': 8.519865374783887, 'init_theta_dot_std': 0.08527306934148396, 'init_alpha_dot_std': 1.06502387765555, 'pwm_limit': 136.8776183009235, 'pwm_gain': 0.9688828517692715, 'pwm_bias': 1.5038312146151336, 'pwm_deadzone': 2.0037876734628544, 'pwm_noise_sigma': 0.06286013342868757, 'actuator_tau': 0.0038589859967572723, 'action_delay_steps': 0, 'theta_bias': 0.0018750994595034232, 'alpha_bias': 0.005259023786072712, 'theta_sigma': 0.0011960752683732852, 'alpha_sigma': 0.0008075244712605534, 'theta_dot_sigma': 0.016761648521159876, 'alpha_dot_sigma': 0.2400898939060331, 'encoder_quantization_rad': 0.00043620630884276773, 'velocity_lpf': 0.25, 'process_theta_dot_sigma': 0.0, 'process_alpha_dot_sigma': 0.0}"
4993491,4,randomization_0.50,0.5,"{'level': 0.5, 'physical': {'g': 9.599682440024432, 'c_theta': 0.02777353309807964, 'c_alpha': 0.0024506998681629645, 'k_t': 0.2559694050854416, 'k_b': 0.18391969418148885, 'k_u': 0.04499115219075297, 'R': 4.013470136712167, 'm1': 0.21647979663371228, 'm2': 0.1547245325896404, 'l1cg': 0.0803134829331057, 'l1': 0.15719948694998123, 'l2cg': 0.0669397619442839, 'I1z': 0.0005647490411069593, 'I2x': 0.00035531217074443003, 'I2y': 2.9869884023886488e-05, 'I2z': 0.0004148848610746199}, 'init_theta_std_deg': 4.2812772781397985, 'init_alpha_std_deg': 8.364442829862146, 'init_theta_dot_std': 0.07992756009299404, 'init_alpha_dot_std': 0.47678637873168217, 'pwm_limit': 143.8841635155627, 'pwm_gain': 0.9559776770667663, 'pwm_bias': 0.5463039270965586, 'pwm_deadzone': 4.035963031677534, 'pwm_noise_sigma': 0.7444302381617236, 'actuator_tau': 0.01159220354030927, 'action_delay_steps': 0, 'theta_bias': -0.0030223382928625552, 'alpha_bias': 0.004561683012246743, 'theta_sigma': 0.001572202108326599, 'alpha_sigma': 0.004240709950864728, 'theta_dot_sigma': 0.07158960586251271, 'alpha_dot_sigma': 0.255001383874114, 'encoder_quantization_rad': 0.0004672874224740415, 'velocity_lpf': 0.25, 'process_theta_dot_sigma': 0.0, 'process_alpha_dot_sigma': 0.0}"
4995491,4,randomization_0.50,0.5,"{'level': 0.5, 'physical': {'g': 9.813429701142343, 'c_theta': 0.04411407023696238, 'c_alpha': 0.0015825632189733455, 'k_t': 0.24518228898607722, 'k_b': 0.1645975219840693, 'k_u': 0.05125660368470891, 'R': 3.9154767790771254, 'm1': 0.22064067493322603, 'm2': 0.1487891247671405, 'l1cg': 0.0782426370044282, 'l1': 0.14541670740882875, 'l2cg': 0.06583604637893947, 'I1z': 0.0005496828887828173, 'I2x': 0.000368884845148297, 'I2y': 2.57237742695686e-05, 'I2z': 0.0005046618418866593}, 'init_theta_std_deg': 6.830295639819174, 'init_alpha_std_deg': 10.241093028107683, 'init_theta_dot_std': 0.07410592796229679, 'init_alpha_dot_std': 1.0159817285490127, 'pwm_limit': 142.08359147943005, 'pwm_gain': 0.9514377713582747, 'pwm_bias': 0.6349576327282098, 'pwm_deadzone': 0.8370428764712445, 'pwm_noise_sigma': 0.2960910899685171, 'actuator_tau': 0.004115596321369102, 'action_delay_steps': 1, 'theta_bias': -0.003213838063131821, 'alpha_bias': -0.0006757590826150945, 'theta_sigma': 0.0020010385934593586, 'alpha_sigma': 0.0013715035243470565, 'theta_dot_sigma': 0.06211932855566265, 'alpha_dot_sigma': 0.271055601629327, 'encoder_quantization_rad': 0.00032310492040973123, 'velocity_lpf': 0.25, 'process_theta_dot_sigma': 0.0, 'process_alpha_dot_sigma': 0.0}"
4997491,4,randomization_0.50,0.5,"{'level': 0.5, 'physical': {'g': 10.033193632307016, 'c_theta': 0.043947986520359195, 'c_alpha': 0.0012801019332103686, 'k_t': 0.2252442655194624, 'k_b': 0.19199659275470676, 'k_u': 0.04503085568611695, 'R': 4.752381697298509, 'm1': 0.1842726930476515, 'm2': 0.15585479826341675, 'l1cg': 0.07768059787093295, 'l1': 0.14507990551045105, 'l2cg': 0.07505759326498963, 'I1z': 0.0003917286209720608, 'I2x': 0.00034211523930502256, 'I2y': 2.179845262351961e-05, 'I2z': 0.000480974789371196}, 'init_theta_std_deg': 6.103198612003878, 'init_alpha_std_deg': 11.749523709383269, 'init_theta_dot_std': 0.22541565223811885, 'init_alpha_dot_std': 0.8098307849442372, 'pwm_limit': 150.89460160362415, 'pwm_gain': 1.0475008667374937, 'pwm_bias': -0.5865250993045534, 'pwm_deadzone': 4.171833088970285, 'pwm_noise_sigma': 0.32219523533512406, 'actuator_tau': 0.00836461333192321, 'action_delay_steps': 1, 'theta_bias': -0.0014075121046214457, 'alpha_bias': -0.002245987733730475, 'theta_sigma': 0.0007889765474366274, 'alpha_sigma': 0.003921045467730181, 'theta_dot_sigma': 0.07983801696188576, 'alpha_dot_sigma': 0.1039922774663272, 'encoder_quantization_rad': 0.00024546015200473597, 'velocity_lpf': 0.25, 'process_theta_dot_sigma': 0.0, 'process_alpha_dot_sigma': 0.0}"
4999491,4,randomization_0.50,0.5,"{'level': 0.5, 'physical': {'g': 9.757309773617674, 'c_theta': 0.019784325937391118, 'c_alpha': 0.0008471335819329335, 'k_t': 0.23580303996730223, 'k_b': 0.2074132981070605, 'k_u': 0.047965881457560575, 'R': 4.426208195876628, 'm1': 0.23029223579248898, 'm2': 0.16367533408921936, 'l1cg': 0.08284110551278, 'l1': 0.15583663274005663, 'l2cg': 0.0638711441221545, 'I1z': 0.0005480307974024668, 'I2x': 0.0004032579762052966, 'I2y': 1.8613790032862927e-05, 'I2z': 0.00042071437173680316}, 'init_theta_std_deg': 6.272331316211361, 'init_alpha_std_deg': 7.609280792988233, 'init_theta_dot_std': 0.5867651968336682, 'init_alpha_dot_std': 1.0898492972201406, 'pwm_limit': 135.2295495370336, 'pwm_gain': 0.9841446181253758, 'pwm_bias': -1.3567590182315734, 'pwm_deadzone': 4.123773885829757, 'pwm_noise_sigma': 0.45798973733615456, 'actuator_tau': 0.010642965901466826, 'action_delay_steps': 1, 'theta_bias': 0.0023651588094376233, 'alpha_bias': 0.0025801702271692987, 'theta_sigma': 0.0016502248654700275, 'alpha_sigma': 0.0009833197402552406, 'theta_dot_sigma': 0.13469655453971424, 'alpha_dot_sigma': 0.2704446185364041, 'encoder_quantization_rad': 0.0003550909587288146, 'velocity_lpf': 0.25, 'process_theta_dot_sigma': 0.0, 'process_alpha_dot_sigma': 0.0}"
